==== BENCHMARK START ===
==== PARAMS kernel=4.9.5-64-net1 malloc=libc hostname=rack-castor threads=22 delta=4 prog=sssp-klsm2048  ===
ERROR: ld.so: object '/specific/disk1/home/adamx/malloc/lib64/libjemalloc.so' from LD_PRELOAD cannot be preloaded (cannot open shared object file): ignored.
Galois Benchmark Suite v2.2.1 (r0)
Copyright (C) 2014 The University of Texas at Austin
http://iss.ices.utexas.edu/galois/

application: Single Source Shortest Path
Computes the shortest path from a source node to all nodes in a directed graph using a modified chaotic iteration algorithm
http://iss.ices.utexas.edu/?p=projects/galois/benchmarks/single_source_shortest_path

INFO: CommandLine ./build/debug/apps/sssp/sssp -noverify -t 22 -delta 4 -wl klsm2048 -startNode 0 /specific/disk1/home/mad/Galois-PQ/inputs/random/r4-2e26.gr
INFO: Hostname rack-castor
Read 67108864 nodes
Running Asynchronous with CAS version
INFO: Using delta-step of 1
WARNING: Performance varies considerably due to delta parameter.
WARNING: Do not expect the default to be good for your graph.
Node 1 has distance 8445
STATTYPE,LOOP,CATEGORY,n,sum,T0,T1,T2,T3,T4,T5,T6,T7,T8,T9,T10,T11,T12,T13,T14,T15,T16,T17,T18,T19,T20,T21
STAT,(NULL),BadWork,22,36634115,1648417,1973298,1420692,1982526,2040951,2329423,1408957,1636856,1644440,1610207,1390428,1820196,1745992,1542579,1359326,1649338,1553001,1606036,1650966,1625123,1585067,1410296
STAT,(NULL),BarrierTime,22,4967702,490744,363202,361527,288534,335122,265794,287425,248894,251860,249148,262880,220184,218396,161083,217728,81387,99623,160645,140642,169591,31255,62038
STAT,(NULL),ConflictTime,22,0,0,0,0,0,0,0,0,0,0,0,0,0,0,0,0,0,0,0,0,0,0,0
STAT,(NULL),Conflicts,22,0,0,0,0,0,0,0,0,0,0,0,0,0,0,0,0,0,0,0,0,0,0,0
STAT,(NULL),EmptyPopTime,22,52958364232,6286091971,1871344054,2142201744,1869675898,1868719403,1878071776,2153198718,2141339972,5335561530,2189637194,2043010053,1983860689,2350716220,2067517146,2115856686,2031430946,2128930930,2068484495,2258654736,1987142400,2097470450,2089447221
STAT,(NULL),EmptyWork,22,15487358818,665446090,783899479,677118720,768519254,793516002,792246118,658418216,667507850,655330902,690193140,704465692,714641683,690509906,708600818,692637422,684796087,663220178,672416437,681715982,730197877,704011239,687949726
STAT,(NULL),GaloisTime,22,85843172718,3747426353,4142829756,3767889936,4192967197,4173156675,4232196076,3719659059,3819889577,3764071775,3946027664,3957375801,4038026965,3876993437,3977363709,3666330734,3733154487,3744244177,3871844441,3963608688,4013593964,3752111784,3742410463
STAT,(NULL),InitPushTime,22,1047725,31850,137614,109078,36128,36168,35728,40380,40240,38788,39180,34769,38296,38456,64181,39508,39508,38676,38204,37036,32997,63060,37880
STAT,(NULL),Iterations,22,89819069,4025027,4841338,3832262,4933338,4922202,4976483,3621465,3863345,3700137,3902907,3949960,4218098,3850566,4034550,3771567,3834426,3812739,3846978,3914646,4213496,3919190,3834349
STAT,(NULL),LoopTime,22,210219543565,210219543565,0,0,0,0,0,0,0,0,0,0,0,0,0,0,0,0,0,0,0,0,0
STAT,(NULL),MeminfoPost,22,6182,281,281,281,281,281,281,281,281,281,281,281,281,281,281,281,281,281,281,281,281,281,281
STAT,(NULL),MeminfoPre,22,6182,281,281,281,281,281,281,281,281,281,281,281,281,281,281,281,281,281,281,281,281,281,281
STAT,(NULL),NumaPost,22,393128,390058,1260,1234,576,0,0,0,0,0,0,0,0,0,0,0,0,0,0,0,0,0,0
STAT,(NULL),PopTime,22,1245162364299,54003701903,56923625191,56053880743,57059329425,57156172379,57191075825,56361653280,56590126452,55192576690,57666339918,57012952160,57132099512,57160769939,55942940317,56443891050,56852224085,56834048225,55845363579,57377197096,57309713927,56526815475,56525867128
STAT,(NULL),PushTime,22,2822157088463,127379176734,126011908201,130165532254,125540768077,125528369848,125187752282,130389465332,129369683101,127940227424,127756124266,128391706017,127465752282,128440070930,129208503400,130138643816,129419813194,129358175275,130013986239,127887101694,127394357558,129483739241,129686231298
STAT,(NULL),RusageSys,22,25648000,25648000,0,0,0,0,0,0,0,0,0,0,0,0,0,0,0,0,0,0,0,0,0
STAT,(NULL),RusageUser,22,2064752000,2064752000,0,0,0,0,0,0,0,0,0,0,0,0,0,0,0,0,0,0,0,0,0
STAT,(NULL),Threads,22,22,22,0,0,0,0,0,0,0,0,0,0,0,0,0,0,0,0,0,0,0,0,0
STAT,(NULL),Time,22,214821263969,214821263969,0,0,0,0,0,0,0,0,0,0,0,0,0,0,0,0,0,0,0,0,0
STAT,(NULL),TotalTime,22,246497982252,246497982252,0,0,0,0,0,0,0,0,0,0,0,0,0,0,0,0,0,0,0,0,0
STAT,(NULL),UserTime,22,372494227687,16741000508,19089238440,16016221047,19391584288,19302910429,19541502459,15540451251,16234296735,15935076083,16574521828,16713334873,17488462733,16303784298,16917917086,15765484137,16101426160,16094227241,16350748987,16654566444,17387839218,16258694626,16090938816
STAT,(NULL),Work,22,4594105166467,208822969125,208822939126,208822938488,208822994637,208822939109,208823000035,208822961086,208822938386,208822939088,208822938614,208822938647,208822938972,208822938986,208822936740,208822938647,208823019864,208823003196,208822938623,208822962576,208822939448,208823012589,208823040485
STAT,(NULL),nBad,22,27176,1231,1492,1062,1438,1569,1747,1054,1208,1251,1214,1003,1344,1276,1158,1014,1208,1114,1177,1216,1162,1161,1077
STAT,(NULL),nEmpty,22,22703427,995552,1174506,992884,1208820,1212689,1215238,923033,977765,909180,998704,1001963,1066716,1010414,1048783,985718,985837,977722,952329,982650,1071872,1014060,996992
STAT,(NULL),nEmptyPop,22,21612874,1896,1193741,895917,1190339,1185839,1184198,1168265,1017142,181786,902315,1037778,994293,958177,931479,1090821,1149581,1131448,1071421,977387,1004519,1163686,1180846
STAT,(NULL),nOverall,22,268462630,12116746,14668467,11356061,14897913,14833060,15037305,10794882,11542799,11165568,11612734,11792546,12604302,11362884,11950056,11147349,11393258,11344589,11579857,11730415,12566809,11614404,11350626
STAT,(NULL),nPop,22,89819069,4025027,4841338,3832262,4933338,4922202,4976483,3621465,3863345,3700137,3902907,3949960,4218098,3850566,4034550,3771567,3834426,3812739,3846978,3914646,4213496,3919190,3834349
STAT,(NULL),nPush,22,89819067,4136405,5093416,3720273,5152776,5121088,5188678,3550257,3881848,3812365,3841864,3899390,4170527,3691543,3939670,3558013,3756944,3766695,3934734,3999093,4184092,3745278,3674118
STAT,(NULL),nPushInit,22,2,1,1,0,0,0,0,0,0,0,0,0,0,0,0,0,0,0,0,0,0,0,0
==== BENCHMARK TOOK 113.034
==== BENCHMARK START ===
==== PARAMS kernel=4.9.5-64-net1 malloc=libc hostname=rack-castor threads=22 delta=4 prog=sssp-klsm2048  ===
ERROR: ld.so: object '/specific/disk1/home/adamx/malloc/lib64/libjemalloc.so' from LD_PRELOAD cannot be preloaded (cannot open shared object file): ignored.
Galois Benchmark Suite v2.2.1 (r0)
Copyright (C) 2014 The University of Texas at Austin
http://iss.ices.utexas.edu/galois/

application: Single Source Shortest Path
Computes the shortest path from a source node to all nodes in a directed graph using a modified chaotic iteration algorithm
http://iss.ices.utexas.edu/?p=projects/galois/benchmarks/single_source_shortest_path

INFO: CommandLine ./build/debug/apps/sssp/sssp -noverify -t 22 -delta 4 -wl klsm2048 -startNode 0 /specific/disk1/home/mad/Galois-PQ/inputs/random/r4-2e26.gr
INFO: Hostname rack-castor
Read 67108864 nodes
Running Asynchronous with CAS version
INFO: Using delta-step of 1
WARNING: Performance varies considerably due to delta parameter.
WARNING: Do not expect the default to be good for your graph.
Node 1 has distance 8445
STATTYPE,LOOP,CATEGORY,n,sum,T0,T1,T2,T3,T4,T5,T6,T7,T8,T9,T10,T11,T12,T13,T14,T15,T16,T17,T18,T19,T20,T21
STAT,(NULL),BadWork,22,37183494,1679578,2011532,1715796,2127369,2238830,2010075,1515607,1556153,1563853,1600528,1564037,1660161,1694623,1572780,1663990,1566620,1584620,1367825,1642794,1807395,1528607,1510721
STAT,(NULL),BarrierTime,22,4565383,529180,304917,289504,352534,351948,336303,173163,153480,270056,169428,169907,122019,118792,223676,125704,76936,163636,110666,105596,92052,165712,160174
STAT,(NULL),ConflictTime,22,0,0,0,0,0,0,0,0,0,0,0,0,0,0,0,0,0,0,0,0,0,0,0
STAT,(NULL),Conflicts,22,0,0,0,0,0,0,0,0,0,0,0,0,0,0,0,0,0,0,0,0,0,0,0
STAT,(NULL),EmptyPopTime,22,25803504300,1085885911,917315599,1278992978,1008382621,957365614,1000490237,1299532530,1232312647,1129514708,1166651185,1272871924,1040902489,1221887445,1176341302,1157426281,1683804352,1157980903,1137617148,1411941444,1112130619,1139860749,1214295614
STAT,(NULL),EmptyWork,22,15624019372,705220534,775443510,665340796,792017516,785113653,787834345,722017151,688344851,690775379,698850526,687774526,728738381,702499681,708155850,665688243,669762828,681837188,678795547,700190461,712750478,677533712,699334216
STAT,(NULL),GaloisTime,22,84888917496,3843800002,4021398887,3745736562,4252857199,4149519370,4162085680,3770306563,3707224939,3912559931,3868531314,3783239150,3910191478,3823294777,3929111080,3652059240,3574085892,3715030028,3783695695,3904377848,3973168275,3695510730,3711132856
STAT,(NULL),InitPushTime,22,997503,29602,136216,41220,36366,36520,35855,67730,55392,39280,39332,38864,38808,38748,38380,35904,39824,39136,62773,33753,36856,38508,38436
STAT,(NULL),Iterations,22,89819420,4137091,4835729,3719322,5060050,4997559,4967975,3878067,3722890,3867135,3878695,3874910,4149008,3920478,4021639,3761251,3694552,3815197,3801557,3969065,4085422,3813256,3848572
STAT,(NULL),LoopTime,22,208170458039,208170458039,0,0,0,0,0,0,0,0,0,0,0,0,0,0,0,0,0,0,0,0,0
STAT,(NULL),MeminfoPost,22,6182,281,281,281,281,281,281,281,281,281,281,281,281,281,281,281,281,281,281,281,281,281,281
STAT,(NULL),MeminfoPre,22,6182,281,281,281,281,281,281,281,281,281,281,281,281,281,281,281,281,281,281,281,281,281,281
STAT,(NULL),NumaPost,22,388833,385757,1264,1236,576,0,0,0,0,0,0,0,0,0,0,0,0,0,0,0,0,0,0
STAT,(NULL),PopTime,22,1231277845941,56048324263,55590772059,55669294448,56495573035,56303737264,55981254427,56560713574,55464711167,56827781570,56894675073,54750093231,55561509503,56365027571,56823770147,55418193177,55034790254,55901817015,54723470446,56402864811,56753084231,55621099544,56085289131
STAT,(NULL),PushTime,22,2820130386347,128137334647,126579827862,129594079603,124389872569,125110780289,125412032374,128243199612,129955796969,127779545811,127716035340,130064703560,128441236308,128245568201,127267183099,130078523179,130128580327,129208423563,130404872484,127662231153,127132960744,129610089743,128967508910
STAT,(NULL),RusageSys,22,24780000,24780000,0,0,0,0,0,0,0,0,0,0,0,0,0,0,0,0,0,0,0,0,0
STAT,(NULL),RusageUser,22,2046256000,2046256000,0,0,0,0,0,0,0,0,0,0,0,0,0,0,0,0,0,0,0,0,0
STAT,(NULL),Threads,22,22,22,0,0,0,0,0,0,0,0,0,0,0,0,0,0,0,0,0,0,0,0,0
STAT,(NULL),Time,22,213537354486,213537354486,0,0,0,0,0,0,0,0,0,0,0,0,0,0,0,0,0,0,0,0,0
STAT,(NULL),TotalTime,22,244742341640,244742341640,0,0,0,0,0,0,0,0,0,0,0,0,0,0,0,0,0,0,0,0,0
STAT,(NULL),UserTime,22,373800968186,17066963362,19002771517,15934084705,19948826949,19581012831,19543833123,16291757286,15839136547,16547351727,16542784910,16328846936,17204952542,16529251503,16982968364,15915640076,15796505005,16222440683,16159075631,16805924250,17203435085,16143436226,16209968928
STAT,(NULL),Work,22,4551528796645,206887629639,206887704090,206887735228,206887620945,206887620240,206887621066,206887713533,206887704468,206887621822,206887727424,206887730226,206887726230,206887733614,206887624986,206887732503,206887715650,206887623896,206887619752,206887624956,206887705928,206887624628,206887635821
STAT,(NULL),nBad,22,27461,1234,1483,1261,1585,1675,1460,1136,1137,1167,1208,1161,1205,1230,1150,1229,1145,1159,1017,1228,1340,1131,1120
STAT,(NULL),nEmpty,22,22703699,1040766,1196154,931317,1233950,1240847,1223279,1022407,957848,977338,995086,993552,1063430,1004573,1034086,956639,918877,951917,965707,997891,1030233,966197,1001605
STAT,(NULL),nEmptyPop,22,11014478,544837,616900,506185,615686,615340,613159,464606,530373,463972,491731,562714,506930,505628,485615,464203,2111,501215,465714,444225,485417,520629,607288
STAT,(NULL),nOverall,22,268462915,12382270,14558609,11148805,15300165,15025182,14977302,11425065,11056244,11564457,11536240,11530173,12343030,11665551,11950793,11215488,11102829,11454182,11346042,11883475,12219789,11391554,11385670
STAT,(NULL),nPop,22,89819420,4137091,4835729,3719322,5060050,4997559,4967975,3878067,3722890,3867135,3878695,3874910,4149008,3920478,4021639,3761251,3694552,3815197,3801557,3969065,4085422,3813256,3848572
STAT,(NULL),nPush,22,89819418,4193108,4966174,3703840,5319223,5119712,5190177,3677522,3601470,3941829,3729856,3774991,4075988,3830124,3938802,3734860,3765391,3834116,3824074,4018627,4086999,3744213,3748322
STAT,(NULL),nPushInit,22,2,1,1,0,0,0,0,0,0,0,0,0,0,0,0,0,0,0,0,0,0,0,0
==== BENCHMARK TOOK 112.201
==== BENCHMARK START ===
==== PARAMS kernel=4.9.5-64-net1 malloc=libc hostname=rack-castor threads=22 delta=4 prog=sssp-klsm2048  ===
ERROR: ld.so: object '/specific/disk1/home/adamx/malloc/lib64/libjemalloc.so' from LD_PRELOAD cannot be preloaded (cannot open shared object file): ignored.
Galois Benchmark Suite v2.2.1 (r0)
Copyright (C) 2014 The University of Texas at Austin
http://iss.ices.utexas.edu/galois/

application: Single Source Shortest Path
Computes the shortest path from a source node to all nodes in a directed graph using a modified chaotic iteration algorithm
http://iss.ices.utexas.edu/?p=projects/galois/benchmarks/single_source_shortest_path

INFO: CommandLine ./build/debug/apps/sssp/sssp -noverify -t 22 -delta 4 -wl klsm2048 -startNode 0 /specific/disk1/home/mad/Galois-PQ/inputs/random/r4-2e26.gr
INFO: Hostname rack-castor
Read 67108864 nodes
Running Asynchronous with CAS version
INFO: Using delta-step of 1
WARNING: Performance varies considerably due to delta parameter.
WARNING: Do not expect the default to be good for your graph.
Node 1 has distance 8445
STATTYPE,LOOP,CATEGORY,n,sum,T0,T1,T2,T3,T4,T5,T6,T7,T8,T9,T10,T11,T12,T13,T14,T15,T16,T17,T18,T19,T20,T21
STAT,(NULL),BadWork,22,36777228,1919502,2114388,1589145,2089855,2024493,1980052,1488918,1536743,1357194,1652851,1383889,1723562,1647365,1612563,1486887,1493400,1575132,1564272,1548536,1585560,1636905,1766016
STAT,(NULL),BarrierTime,22,4158955,521324,290112,235021,305773,305339,225947,240988,162106,202932,172285,206648,160592,157332,158140,157412,69900,58160,117834,107309,122410,118444,62947
STAT,(NULL),ConflictTime,22,0,0,0,0,0,0,0,0,0,0,0,0,0,0,0,0,0,0,0,0,0,0,0
STAT,(NULL),Conflicts,22,0,0,0,0,0,0,0,0,0,0,0,0,0,0,0,0,0,0,0,0,0,0,0
STAT,(NULL),EmptyPopTime,22,54592929534,2732937223,2741203526,2155356715,2788216645,1737758194,1758921007,3349078777,2766126680,2670078272,2241218518,1999582896,2067258942,2264402690,2102859452,3005438000,2885478169,2203455297,2056826942,2067596817,1833330477,1901668956,5264135339
STAT,(NULL),EmptyWork,22,15638163441,712508541,779795255,692767482,794605855,813899890,786527443,662452392,688462395,694624045,710659856,662899535,736994225,696021030,708916916,657063362,667238482,691299441,716226600,699202642,730150885,687080343,648766826
STAT,(NULL),GaloisTime,22,86244547077,3918729278,4060417422,3831289274,4314885904,4198150950,4170304604,3762012133,3805952989,3926113321,3943437339,3908147531,4086577591,3942012313,3968506140,3691394093,3693424790,3780157264,3942011815,3960452947,4052075570,3738698487,3549795322
STAT,(NULL),InitPushTime,22,1169075,32204,134319,79384,73656,73594,35819,45732,40168,39016,71127,38960,52928,55640,53532,54252,39848,39128,33874,37300,36764,38624,63206
STAT,(NULL),Iterations,22,89818322,4153419,4788869,3828455,5064490,4958281,4921439,3762208,3846699,3820475,3917900,3817643,4275625,3953591,3937850,3678105,3721953,3799738,3937718,3941666,4077019,3867776,3747403
STAT,(NULL),LoopTime,22,208789633746,208789633746,0,0,0,0,0,0,0,0,0,0,0,0,0,0,0,0,0,0,0,0,0
STAT,(NULL),MeminfoPost,22,6182,281,281,281,281,281,281,281,281,281,281,281,281,281,281,281,281,281,281,281,281,281,281
STAT,(NULL),MeminfoPre,22,6182,281,281,281,281,281,281,281,281,281,281,281,281,281,281,281,281,281,281,281,281,281,281
STAT,(NULL),NumaPost,22,393588,390699,1261,1052,576,0,0,0,0,0,0,0,0,0,0,0,0,0,0,0,0,0,0
STAT,(NULL),PopTime,22,1218686953498,54659731934,54928382762,55709736533,55865696853,55383297943,55039443766,54518651522,54945522960,56220731694,56426652171,55537400738,56652273627,55667014752,56079710911,54782479856,54178661259,55936192973,55694064470,56040328958,56467815786,54606745637,53346416393
STAT,(NULL),PushTime,22,2813611100316,128220611501,126083928339,128818664463,123648291941,125816029785,126309036257,129124060397,128983263696,127483721546,127423996875,128923567525,126140963825,128107041940,127811219358,129592780841,130167964680,128649954790,128358657361,127888205997,127103933753,130231490988,128723714458
STAT,(NULL),RusageSys,22,25256000,25256000,0,0,0,0,0,0,0,0,0,0,0,0,0,0,0,0,0,0,0,0,0
STAT,(NULL),RusageUser,22,2050700000,2050700000,0,0,0,0,0,0,0,0,0,0,0,0,0,0,0,0,0,0,0,0,0
STAT,(NULL),Threads,22,22,22,0,0,0,0,0,0,0,0,0,0,0,0,0,0,0,0,0,0,0,0,0
STAT,(NULL),Time,22,213467439086,213467439086,0,0,0,0,0,0,0,0,0,0,0,0,0,0,0,0,0,0,0,0,0
STAT,(NULL),TotalTime,22,243643599452,243643599452,0,0,0,0,0,0,0,0,0,0,0,0,0,0,0,0,0,0,0,0,0
STAT,(NULL),UserTime,22,373562104641,17134380595,18785173189,16171081942,19967203122,19429763949,19314667446,15962644525,16189573358,16383631030,16632934130,16347301543,17694831748,16702406525,16707686927,15649744250,15786132894,16117840817,16611113248,16723114627,17191593323,16213215849,15846069604
STAT,(NULL),Work,22,4562338203869,207378995260,207378995220,207379053941,207378994377,207378995460,207379049805,207378994170,207379043075,207378995060,207378993407,207378994316,207378995070,207378994506,207378994936,207378994798,207379049630,207379060750,207379015397,207379013522,207378994839,207378994276,207378992054
STAT,(NULL),nBad,22,26193,1375,1493,1122,1485,1434,1429,1051,1084,993,1191,1005,1242,1162,1125,1060,1039,1148,1110,1056,1138,1151,1300
STAT,(NULL),nEmpty,22,22702927,1028754,1181794,993706,1233048,1223569,1214985,959686,985232,964525,997985,956267,1106236,1011928,1014624,939436,953280,982031,1028438,997886,1029061,977417,923039
STAT,(NULL),nEmptyPop,22,22366628,1048676,1281124,904387,1279416,1276778,1274397,953021,1081915,906289,863785,1070390,1102181,871109,1064880,1069900,1082245,1024273,1033782,1063092,1169031,943830,2127
STAT,(NULL),nOverall,22,268461647,12493811,14424741,11337166,15324487,14936938,14835363,11213507,11445066,11424761,11684068,11448486,12676121,11768498,11694140,10954894,11077943,11269319,11633516,11774697,12193540,11559746,11290839
STAT,(NULL),nPop,22,89818322,4153419,4788869,3828455,5064490,4958281,4921439,3762208,3846699,3820475,3917900,3817643,4275625,3953591,3937850,3678105,3721953,3799738,3937718,3941666,4077019,3867776,3747403
STAT,(NULL),nPush,22,89818320,4206908,4946402,3680769,5323263,5139083,5120846,3746800,3713999,3842688,3826558,3904305,4227350,3890151,3903753,3568039,3590425,3702292,3816883,3974686,4080551,3828879,3783690
STAT,(NULL),nPushInit,22,2,1,1,0,0,0,0,0,0,0,0,0,0,0,0,0,0,0,0,0,0,0,0
==== BENCHMARK TOOK 111.655
==== BENCHMARK START ===
==== PARAMS kernel=4.9.5-64-net1 malloc=libc hostname=rack-castor threads=22 delta=4 prog=sssp-klsm2048  ===
ERROR: ld.so: object '/specific/disk1/home/adamx/malloc/lib64/libjemalloc.so' from LD_PRELOAD cannot be preloaded (cannot open shared object file): ignored.
Galois Benchmark Suite v2.2.1 (r0)
Copyright (C) 2014 The University of Texas at Austin
http://iss.ices.utexas.edu/galois/

application: Single Source Shortest Path
Computes the shortest path from a source node to all nodes in a directed graph using a modified chaotic iteration algorithm
http://iss.ices.utexas.edu/?p=projects/galois/benchmarks/single_source_shortest_path

INFO: CommandLine ./build/debug/apps/sssp/sssp -noverify -t 22 -delta 4 -wl klsm2048 -startNode 0 /specific/disk1/home/mad/Galois-PQ/inputs/random/r4-2e26.gr
INFO: Hostname rack-castor
Read 67108864 nodes
Running Asynchronous with CAS version
INFO: Using delta-step of 1
WARNING: Performance varies considerably due to delta parameter.
WARNING: Do not expect the default to be good for your graph.
Node 1 has distance 8445
STATTYPE,LOOP,CATEGORY,n,sum,T0,T1,T2,T3,T4,T5,T6,T7,T8,T9,T10,T11,T12,T13,T14,T15,T16,T17,T18,T19,T20,T21
STAT,(NULL),BadWork,22,36338084,1634939,2113009,1527684,2098835,2292813,1970154,1639331,1429683,1346259,1482465,1516138,1804033,1598600,1518872,1480920,1711669,1418359,1424633,1455612,1694809,1552366,1626901
STAT,(NULL),BarrierTime,22,3942510,485580,302832,304692,281758,261548,263793,260067,140054,152420,102764,167388,171760,162476,172270,128908,113920,123259,52405,127052,49671,86051,31842
STAT,(NULL),ConflictTime,22,0,0,0,0,0,0,0,0,0,0,0,0,0,0,0,0,0,0,0,0,0,0,0
STAT,(NULL),Conflicts,22,0,0,0,0,0,0,0,0,0,0,0,0,0,0,0,0,0,0,0,0,0,0,0
STAT,(NULL),EmptyPopTime,22,37483774470,1717656556,1505055259,2223275808,1027819258,1497792369,955757944,1075047243,3946730550,1290846854,1299796858,3521037206,1019891487,1412046893,1223958910,1334186171,1204518895,3135914128,1114491562,2273923937,2024315762,1379815970,1299894850
STAT,(NULL),EmptyWork,22,15539784344,682118792,833935327,630260404,758942113,855345977,774795183,631282349,584350343,709667312,646341375,626331471,784697914,783397217,672603076,667808226,773495732,627186922,671070844,745066776,651896994,670145787,759044210
STAT,(NULL),GaloisTime,22,84086387932,3804177041,4181721045,3632215039,4089983946,4204619214,4097578329,3665234251,3568266991,3860275318,3708466206,3740309152,3988618686,3900211753,3833409906,3584835198,3732423531,3612134193,3796230941,3874111735,3860803563,3637815919,3712945975
STAT,(NULL),InitPushTime,22,989494,39180,135279,70840,36368,36353,36098,36735,40260,39196,40744,38908,38556,38916,38656,39708,39892,35239,58602,33546,43440,34942,38036
STAT,(NULL),Iterations,22,89819211,4054075,5099001,3666361,4838173,5174447,4899043,3650106,3534848,3892922,3677316,3611055,4317548,4152482,3884797,3758486,4177922,3680329,3856956,4073949,4023740,3825583,3970072
STAT,(NULL),LoopTime,22,210391162885,210391162885,0,0,0,0,0,0,0,0,0,0,0,0,0,0,0,0,0,0,0,0,0
STAT,(NULL),MeminfoPost,22,6182,281,281,281,281,281,281,281,281,281,281,281,281,281,281,281,281,281,281,281,281,281,281
STAT,(NULL),MeminfoPre,22,6182,281,281,281,281,281,281,281,281,281,281,281,281,281,281,281,281,281,281,281,281,281,281
STAT,(NULL),NumaPost,22,389088,386009,1256,1064,759,0,0,0,0,0,0,0,0,0,0,0,0,0,0,0,0,0,0
STAT,(NULL),PopTime,22,1223141157559,54481437123,56547464868,54209975791,54841574809,56891860062,55495722434,56353956034,52604166864,59713918794,55344703568,53888265632,57408060235,57485776250,55854350401,54485436869,56018771869,53477909336,55435225724,56544850095,55000231174,54913464167,56144035460
STAT,(NULL),PushTime,22,2868116773790,131618557892,126214399852,132777959527,129271140449,125635520820,128542164625,131706326487,133171933238,126988233132,132355086954,131628225696,128196593859,128416129625,131066994125,133308031732,130402909120,132475092268,131752107349,128633775934,130620902773,132512917132,130821771201
STAT,(NULL),RusageSys,22,24544000,24544000,0,0,0,0,0,0,0,0,0,0,0,0,0,0,0,0,0,0,0,0,0
STAT,(NULL),RusageUser,22,2069084000,2069084000,0,0,0,0,0,0,0,0,0,0,0,0,0,0,0,0,0,0,0,0,0
STAT,(NULL),Threads,22,22,22,0,0,0,0,0,0,0,0,0,0,0,0,0,0,0,0,0,0,0,0,0
STAT,(NULL),Time,22,215438507500,215438507500,0,0,0,0,0,0,0,0,0,0,0,0,0,0,0,0,0,0,0,0,0
STAT,(NULL),TotalTime,22,247859124764,247859124764,0,0,0,0,0,0,0,0,0,0,0,0,0,0,0,0,0,0,0,0,0
STAT,(NULL),UserTime,22,372825480698,16841204888,19862576011,15671465923,19155691993,20060014420,19279133683,15713306495,15269704904,16582211320,15790758331,15740983353,17747290023,17147591094,16493835992,15764854082,17013033323,15816916039,16376026137,17073424578,16987002730,16030993114,16407462265
STAT,(NULL),Work,22,4601196129894,209145270359,209145262407,209145262052,209145262128,209145262653,209145262146,209145264116,209145329390,209145322078,209145325922,209145262874,209145262372,209145277773,209145262402,209145309130,209145262316,209145265729,209145281492,209145262856,209145281770,209145262423,209145315506
STAT,(NULL),nBad,22,27194,1250,1568,1126,1595,1733,1464,1212,1068,1007,1108,1153,1372,1221,1133,1090,1269,1064,1064,1074,1266,1162,1195
STAT,(NULL),nEmpty,22,22703583,1016810,1291232,911382,1160045,1320384,1201387,873651,843508,974148,913135,866880,1144945,1128482,987864,978037,1109184,907001,975548,1057144,980747,983255,1078814
STAT,(NULL),nEmptyPop,22,9100792,491254,545358,216619,543223,543706,542029,465938,367945,405442,441836,379321,473914,489594,466759,477874,540917,98924,383963,2118,185284,545754,493020
STAT,(NULL),nOverall,22,268462648,12153608,15232088,11018707,14708279,15408947,14792759,11107900,10765904,11681833,11056605,10978011,12683787,12094767,11595880,11126935,12276535,11092408,11526280,12059520,12171155,11364411,11566329
STAT,(NULL),nPop,22,89819211,4054075,5099001,3666361,4838173,5174447,4899043,3650106,3534848,3892922,3677316,3611055,4317548,4152482,3884797,3758486,4177922,3680329,3856956,4073949,4023740,3825583,3970072
STAT,(NULL),nPush,22,89819209,4088415,5152837,3719179,5186385,5169129,5153341,3786295,3685981,3824257,3724256,3779704,4097324,3776054,3865846,3610976,3895202,3805528,3831213,3967002,4212747,3799398,3688140
STAT,(NULL),nPushInit,22,2,1,1,0,0,0,0,0,0,0,0,0,0,0,0,0,0,0,0,0,0,0,0
==== BENCHMARK TOOK 113.696
==== BENCHMARK START ===
==== PARAMS kernel=4.9.5-64-net1 malloc=libc hostname=rack-castor threads=22 delta=4 prog=sssp-klsm2048  ===
ERROR: ld.so: object '/specific/disk1/home/adamx/malloc/lib64/libjemalloc.so' from LD_PRELOAD cannot be preloaded (cannot open shared object file): ignored.
Galois Benchmark Suite v2.2.1 (r0)
Copyright (C) 2014 The University of Texas at Austin
http://iss.ices.utexas.edu/galois/

application: Single Source Shortest Path
Computes the shortest path from a source node to all nodes in a directed graph using a modified chaotic iteration algorithm
http://iss.ices.utexas.edu/?p=projects/galois/benchmarks/single_source_shortest_path

INFO: CommandLine ./build/debug/apps/sssp/sssp -noverify -t 22 -delta 4 -wl klsm2048 -startNode 0 /specific/disk1/home/mad/Galois-PQ/inputs/random/r4-2e26.gr
INFO: Hostname rack-castor
Read 67108864 nodes
Running Asynchronous with CAS version
INFO: Using delta-step of 1
WARNING: Performance varies considerably due to delta parameter.
WARNING: Do not expect the default to be good for your graph.
Node 1 has distance 8445
STATTYPE,LOOP,CATEGORY,n,sum,T0,T1,T2,T3,T4,T5,T6,T7,T8,T9,T10,T11,T12,T13,T14,T15,T16,T17,T18,T19,T20,T21
STAT,(NULL),BadWork,22,40051287,1497357,1906616,1526689,2108957,3415604,2238982,1357482,1269777,1468477,1365717,1487936,1635493,1635247,1659253,2886336,1469341,1552721,1562327,3100225,1881051,1422071,1603628
STAT,(NULL),BarrierTime,22,4275731,454071,362269,285606,338379,319907,320223,147653,217476,150615,163384,79525,231152,238906,180620,175684,117212,106160,121589,44930,40183,121643,58544
STAT,(NULL),ConflictTime,22,0,0,0,0,0,0,0,0,0,0,0,0,0,0,0,0,0,0,0,0,0,0,0
STAT,(NULL),Conflicts,22,0,0,0,0,0,0,0,0,0,0,0,0,0,0,0,0,0,0,0,0,0,0,0
STAT,(NULL),EmptyPopTime,22,18024156537,733946684,689884985,1720515107,565814654,573566905,614804753,885999143,835014088,764326376,822142312,771683424,682897938,869286102,807892454,892747150,890430329,1112202073,737487715,706913304,771560059,820639331,754401651
STAT,(NULL),EmptyWork,22,15605635184,719049819,761719467,666110875,790819229,791165922,802185000,680769714,690146172,690844849,679446564,682420050,720560667,683153695,687844766,654306537,702192951,685886500,703716595,694836567,733223648,713660589,671575008
STAT,(NULL),GaloisTime,22,84052738727,3812315735,3951518095,3659266095,4129992155,4094142846,4234374848,3668948690,3700784295,3827168065,3812525881,3827432116,3941436446,3843448432,3808300544,3610553274,3639888001,3659606508,3816913881,3821399533,3945523674,3623849962,3623349651
STAT,(NULL),InitPushTime,22,1009131,33872,136839,73575,36508,36359,36001,59690,40400,39784,39728,65663,38504,34690,38280,39416,39264,43712,37372,33838,33170,34562,37904
STAT,(NULL),Iterations,22,89818987,4079507,4767693,3757459,4962151,4934400,5066115,3742384,3802721,3872602,3844080,3844480,4197942,3924574,3887003,3675314,3951165,3712743,3897190,3976414,4169418,3874060,3879572
STAT,(NULL),LoopTime,22,207423257982,207423257982,0,0,0,0,0,0,0,0,0,0,0,0,0,0,0,0,0,0,0,0,0
STAT,(NULL),MeminfoPost,22,6182,281,281,281,281,281,281,281,281,281,281,281,281,281,281,281,281,281,281,281,281,281,281
STAT,(NULL),MeminfoPre,22,6182,281,281,281,281,281,281,281,281,281,281,281,281,281,281,281,281,281,281,281,281,281,281
STAT,(NULL),NumaPost,22,393438,390368,1260,1051,759,0,0,0,0,0,0,0,0,0,0,0,0,0,0,0,0,0,0
STAT,(NULL),PopTime,22,1235055007576,55751085817,55208239227,57739835023,56238041627,55798014400,56237567910,55974052405,56058804271,56558076700,57017917261,56914795846,56354079345,56819781201,55991052957,54859886348,55723114530,56102098572,56693544432,56170847903,56621720173,55370421255,54852030373
STAT,(NULL),PushTime,22,2806493447134,128130129271,126662306042,126280640309,124805197607,125390028555,124135776122,128940137872,128670643915,127696095727,127272513579,127357568551,126877672894,127158804463,128205276104,130294104434,128692319802,128562121419,127558969584,127947411864,126554766692,129352758147,129948204181
STAT,(NULL),RusageSys,22,24140000,24140000,0,0,0,0,0,0,0,0,0,0,0,0,0,0,0,0,0,0,0,0,0
STAT,(NULL),RusageUser,22,2038772000,2038772000,0,0,0,0,0,0,0,0,0,0,0,0,0,0,0,0,0,0,0,0,0
STAT,(NULL),Threads,22,22,22,0,0,0,0,0,0,0,0,0,0,0,0,0,0,0,0,0,0,0,0,0
STAT,(NULL),Time,22,212208026644,212208026644,0,0,0,0,0,0,0,0,0,0,0,0,0,0,0,0,0,0,0,0,0
STAT,(NULL),TotalTime,22,243526295568,243526295568,0,0,0,0,0,0,0,0,0,0,0,0,0,0,0,0,0,0,0,0,0
STAT,(NULL),UserTime,22,374468920160,16930739555,18803601026,16010901650,19547403045,19430349768,20052560522,15927358986,16121874880,16540756219,16472722695,16523366537,17500621866,16702794800,16576901407,15765670805,16429322933,15955353660,16566636123,16735860340,17450476520,16195939607,16227707216
STAT,(NULL),Work,22,4533702728627,206077467109,206077364556,206077444421,206077364780,206077364686,206077364974,206077446934,206077372967,206077441094,206077370752,206077452327,206077364970,206077365032,206077364676,206077364576,206077364314,206077364336,206077364312,206077455721,206077457820,206077376618,206077431652
STAT,(NULL),nBad,22,27058,1140,1444,1131,1622,1433,1724,1030,984,1136,1041,1146,1250,1207,1260,1094,1105,1178,1177,1247,1412,1088,1209
STAT,(NULL),nEmpty,22,22703368,1036891,1167212,953601,1211349,1208459,1228675,961289,983125,978566,973331,957478,1063963,999745,972520,935498,1017909,953125,993959,1029213,1048601,1019756,1009103
STAT,(NULL),nEmptyPop,22,4625752,233372,263222,2077,262782,262194,262589,234867,205004,187229,204925,260518,207748,230485,193562,195003,176968,195901,262552,141844,209736,200256,232918
STAT,(NULL),nOverall,22,268462512,12174226,14399422,11215024,15003651,14907113,15348730,11121989,11276099,11574658,11485064,11550650,12534968,11699621,11660102,10956838,11732091,11032638,11614587,11785071,12484863,11421029,11484078
STAT,(NULL),nPop,22,89818987,4079507,4767693,3757459,4962151,4934400,5066115,3742384,3802721,3872602,3844080,3844480,4197942,3924574,3887003,3675314,3951165,3712743,3897190,3976414,4169418,3874060,3879572
STAT,(NULL),nPush,22,89818985,4050646,4955449,3676917,5179945,5124454,5352885,3700877,3703326,3873808,3725673,3887690,4184406,3941672,3885193,3625909,3811658,3683646,3882462,3919908,4162003,3703308,3787150
STAT,(NULL),nPushInit,22,2,1,1,0,0,0,0,0,0,0,0,0,0,0,0,0,0,0,0,0,0,0,0
==== BENCHMARK TOOK 111.653
==== BENCHMARK START ===
==== PARAMS kernel=4.9.5-64-net1 malloc=libc hostname=rack-castor threads=22 delta=4 prog=sssp-klsm2048  ===
ERROR: ld.so: object '/specific/disk1/home/adamx/malloc/lib64/libjemalloc.so' from LD_PRELOAD cannot be preloaded (cannot open shared object file): ignored.
Galois Benchmark Suite v2.2.1 (r0)
Copyright (C) 2014 The University of Texas at Austin
http://iss.ices.utexas.edu/galois/

application: Single Source Shortest Path
Computes the shortest path from a source node to all nodes in a directed graph using a modified chaotic iteration algorithm
http://iss.ices.utexas.edu/?p=projects/galois/benchmarks/single_source_shortest_path

INFO: CommandLine ./build/debug/apps/sssp/sssp -noverify -t 22 -delta 4 -wl klsm2048 -startNode 0 /specific/disk1/home/mad/Galois-PQ/inputs/random/r4-2e26.gr
INFO: Hostname rack-castor
Read 67108864 nodes
Running Asynchronous with CAS version
INFO: Using delta-step of 1
WARNING: Performance varies considerably due to delta parameter.
WARNING: Do not expect the default to be good for your graph.
Node 1 has distance 8445
STATTYPE,LOOP,CATEGORY,n,sum,T0,T1,T2,T3,T4,T5,T6,T7,T8,T9,T10,T11,T12,T13,T14,T15,T16,T17,T18,T19,T20,T21
STAT,(NULL),BadWork,22,39322418,1819520,2137440,1833360,2312100,2033791,2333906,1365140,1849666,1650665,1531387,1507555,1970307,1756313,1896042,1676672,1665008,1649499,1610106,1697419,1703472,1595551,1727499
STAT,(NULL),BarrierTime,22,5945040,597418,425064,437702,391303,390003,372837,301108,163182,310648,159996,311384,277748,273725,278748,255856,58763,44357,226712,225788,190236,41578,210884
STAT,(NULL),ConflictTime,22,0,0,0,0,0,0,0,0,0,0,0,0,0,0,0,0,0,0,0,0,0,0,0
STAT,(NULL),Conflicts,22,0,0,0,0,0,0,0,0,0,0,0,0,0,0,0,0,0,0,0,0,0,0,0
STAT,(NULL),EmptyPopTime,22,60866129619,2270421979,2309445305,2576671619,2192685781,2340600055,2187201836,2388594246,2444258022,2396603163,2527465332,2416477521,2341581475,2727054438,2462069467,336566191,2400818399,2415714915,5930367919,2525691372,2402582009,8705993262,2567265313
STAT,(NULL),EmptyWork,22,15635385325,706028322,806777743,678744949,824032707,798752236,804524504,688272909,702584081,716988288,655711756,691790339,750046081,723493973,714030861,649639656,723240803,653653094,641673477,690213411,702637547,602910654,709637934
STAT,(NULL),GaloisTime,22,86247932601,3942587830,4153394702,3825580821,4270657464,4325900692,4304356724,3801665774,3790403240,3951859052,3800541102,3932863237,4036403256,3937042559,4019471773,3584887830,3767720077,3720471473,3755537735,3940004282,4011065321,3609487317,3766030340
STAT,(NULL),InitPushTime,22,1059722,41037,135472,48928,36908,36799,36344,37182,67965,39620,66425,39212,39004,40328,38376,39672,39728,39060,37600,37408,37088,82838,42728
STAT,(NULL),Iterations,22,89819399,4155111,4973786,3803478,5072418,5095203,5102938,3772705,3925587,4030454,3752367,3899191,4229043,4018065,3985420,3662658,3836139,3662617,3685864,3881804,3988445,3466832,3819274
STAT,(NULL),LoopTime,22,210587808675,210587808675,0,0,0,0,0,0,0,0,0,0,0,0,0,0,0,0,0,0,0,0,0
STAT,(NULL),MeminfoPost,22,6182,281,281,281,281,281,281,281,281,281,281,281,281,281,281,281,281,281,281,281,281,281,281
STAT,(NULL),MeminfoPre,22,6182,281,281,281,281,281,281,281,281,281,281,281,281,281,281,281,281,281,281,281,281,281,281
STAT,(NULL),NumaPost,22,380805,377716,1252,1078,759,0,0,0,0,0,0,0,0,0,0,0,0,0,0,0,0,0,0
STAT,(NULL),PopTime,22,1246304829120,55708270870,56861574442,55728897880,56969157141,56964895055,57203590598,56366295439,56203784484,57004694985,56342886568,56742429488,56643566172,56420370974,57426937420,59723964689,57273880663,57643821430,56175379614,56262342089,57070425514,52790058184,56777605421
STAT,(NULL),PushTime,22,2816773751559,129252146798,125532271465,130110488964,124996201430,124589621359,124563718497,129776053065,129668678675,128136341133,129764432303,128736625902,127817696896,128415925567,127490246925,129124001986,128766983166,128942060627,126578267691,129099158073,128036977326,128241128293,129134725418
STAT,(NULL),RusageSys,22,24840000,24840000,0,0,0,0,0,0,0,0,0,0,0,0,0,0,0,0,0,0,0,0,0
STAT,(NULL),RusageUser,22,2068896000,2068896000,0,0,0,0,0,0,0,0,0,0,0,0,0,0,0,0,0,0,0,0,0
STAT,(NULL),Threads,22,22,22,0,0,0,0,0,0,0,0,0,0,0,0,0,0,0,0,0,0,0,0,0
STAT,(NULL),Time,22,215894907334,215894907334,0,0,0,0,0,0,0,0,0,0,0,0,0,0,0,0,0,0,0,0,0
STAT,(NULL),TotalTime,22,246474595454,246474595454,0,0,0,0,0,0,0,0,0,0,0,0,0,0,0,0,0,0,0,0,0
STAT,(NULL),UserTime,22,375585492765,17275701524,19491697561,16234775340,19902425517,20135391903,20091768904,16134279622,16345449683,16948674860,16064121221,16634974921,17565866346,16931272818,17042404008,15736100234,16222514953,15779438673,16073934914,16637751669,16931473505,15205579824,16199894765
STAT,(NULL),Work,22,4601416396381,209155264010,209155262994,209155279800,209155262624,209155263304,209155263113,209155343455,209155350121,209155267308,209155354687,209155262908,209155262522,209155262740,209155262809,209155289534,209155347292,209155383650,209155263794,209155263212,209155264258,209155350936,209155271310
STAT,(NULL),nBad,22,27431,1272,1513,1272,1648,1425,1585,963,1274,1118,1069,1078,1332,1209,1312,1176,1194,1133,1131,1183,1197,1130,1217
STAT,(NULL),nEmpty,22,22703702,1034447,1244892,971786,1255048,1244567,1256167,962679,1036877,1045633,957560,988312,1088898,1039653,1019578,906062,1022260,910285,866528,991204,1031875,818969,1010422
STAT,(NULL),nEmptyPop,22,16950341,801057,959557,852520,958358,956582,957369,867371,870128,722491,793559,770258,774052,870959,868278,1950,782617,700417,181271,858386,862757,805452,734952
STAT,(NULL),nOverall,22,268462885,12481565,14918529,11327241,15271324,15400513,15387524,11237512,11553849,11939299,11179798,11645906,12561349,11913383,11864078,11029794,11254356,11007661,11277946,11560922,11820970,10592525,11236841
STAT,(NULL),nPop,22,89819399,4155111,4973786,3803478,5072418,5095203,5102938,3772705,3925587,4030454,3752367,3899191,4229043,4018065,3985420,3662658,3836139,3662617,3685864,3881804,3988445,3466832,3819274
STAT,(NULL),nPush,22,89819397,4255653,5086290,3759041,5265594,5381916,5301538,3698995,3727432,3893177,3702090,3878602,4150176,3892185,3905547,3722291,3588006,3697448,3915942,3892190,3887108,3634445,3583731
STAT,(NULL),nPushInit,22,2,1,1,0,0,0,0,0,0,0,0,0,0,0,0,0,0,0,0,0,0,0,0
==== BENCHMARK TOOK 112.988
==== BENCHMARK START ===
==== PARAMS kernel=4.9.5-64-net1 malloc=libc hostname=rack-castor threads=22 delta=4 prog=sssp-klsm2048  ===
ERROR: ld.so: object '/specific/disk1/home/adamx/malloc/lib64/libjemalloc.so' from LD_PRELOAD cannot be preloaded (cannot open shared object file): ignored.
Galois Benchmark Suite v2.2.1 (r0)
Copyright (C) 2014 The University of Texas at Austin
http://iss.ices.utexas.edu/galois/

application: Single Source Shortest Path
Computes the shortest path from a source node to all nodes in a directed graph using a modified chaotic iteration algorithm
http://iss.ices.utexas.edu/?p=projects/galois/benchmarks/single_source_shortest_path

INFO: CommandLine ./build/debug/apps/sssp/sssp -noverify -t 22 -delta 4 -wl klsm2048 -startNode 0 /specific/disk1/home/mad/Galois-PQ/inputs/random/r4-2e26.gr
INFO: Hostname rack-castor
Read 67108864 nodes
Running Asynchronous with CAS version
INFO: Using delta-step of 1
WARNING: Performance varies considerably due to delta parameter.
WARNING: Do not expect the default to be good for your graph.
Node 1 has distance 8445
STATTYPE,LOOP,CATEGORY,n,sum,T0,T1,T2,T3,T4,T5,T6,T7,T8,T9,T10,T11,T12,T13,T14,T15,T16,T17,T18,T19,T20,T21
STAT,(NULL),BadWork,22,36843758,1610375,1884461,1484609,2083037,2041132,2319764,1468801,1557340,1625140,1577832,1713580,1812817,1485734,1579960,1567013,1495565,1514367,1438688,1643543,1698468,1632637,1608895
STAT,(NULL),BarrierTime,22,3670352,453761,265747,261712,298582,256868,257358,118985,209668,221374,97912,129826,167724,167496,122164,127143,118724,68396,117394,126261,15146,58983,9128
STAT,(NULL),ConflictTime,22,0,0,0,0,0,0,0,0,0,0,0,0,0,0,0,0,0,0,0,0,0,0,0
STAT,(NULL),Conflicts,22,0,0,0,0,0,0,0,0,0,0,0,0,0,0,0,0,0,0,0,0,0,0,0
STAT,(NULL),EmptyPopTime,22,61569934530,2528095004,3273374961,3245942611,2700196616,2447423325,2917293814,3993298565,3332851651,2809577328,2606718649,3122372814,2623822653,2655785765,2611360694,2878496885,4113102688,670874835,2666026872,2597178269,2561421568,2569596614,2645122349
STAT,(NULL),EmptyWork,22,15643068744,704751149,798339236,695583283,783874627,803479627,803437677,685348306,696349813,730399435,673310941,679704055,739720429,700363419,692425905,696111298,687894624,616930742,679409813,698958266,707656790,681262392,687756917
STAT,(NULL),GaloisTime,22,85390713521,3901359658,4052642291,3810704235,4194541642,4193403304,4294215767,3670213026,3817330434,3958502436,3828967733,3874350877,4038377889,3836939260,3908622480,3698419156,3574452331,3530662959,3880191470,3959764496,4006149311,3687353731,3673549035
STAT,(NULL),InitPushTime,22,1083020,69316,134126,96059,72773,36174,35995,67628,40512,35130,39044,53635,38684,38176,38076,35300,38932,38628,37028,33136,36368,34363,33937
STAT,(NULL),Iterations,22,89819101,4174919,4841747,3831571,5024219,5036222,5084593,3839691,3795300,4009389,3756417,3889602,4260508,3858124,3842112,3745494,3898156,3448832,3864322,3976547,4038575,3822559,3780202
STAT,(NULL),LoopTime,22,210384438982,210384438982,0,0,0,0,0,0,0,0,0,0,0,0,0,0,0,0,0,0,0,0,0
STAT,(NULL),MeminfoPost,22,6182,281,281,281,281,281,281,281,281,281,281,281,281,281,281,281,281,281,281,281,281,281,281
STAT,(NULL),MeminfoPre,22,6182,281,281,281,281,281,281,281,281,281,281,281,281,281,281,281,281,281,281,281,281,281,281
STAT,(NULL),NumaPost,22,395829,392750,1256,1064,759,0,0,0,0,0,0,0,0,0,0,0,0,0,0,0,0,0,0
STAT,(NULL),PopTime,22,1255369262974,56294598322,55566468510,56112908904,56743805196,56912440629,56740560128,56296098070,56129570382,56584975782,58352984372,56203465615,57189141683,57860472752,58467901766,56165363681,56013584299,62059628464,57280058230,57903374566,57178786605,56027311116,57285763902
STAT,(NULL),PushTime,22,2807389956460,128413559509,126407068298,128934197594,124982415342,125020373401,124255513890,128328509466,128905155417,128104726833,127442224158,128712065837,126790406646,127651558683,126891767246,129721155435,128460642030,127032982828,128055596035,126972744893,127459119952,130004595122,128843577845
STAT,(NULL),RusageSys,22,24592000,24592000,0,0,0,0,0,0,0,0,0,0,0,0,0,0,0,0,0,0,0,0,0
STAT,(NULL),RusageUser,22,2068368000,2068368000,0,0,0,0,0,0,0,0,0,0,0,0,0,0,0,0,0,0,0,0,0
STAT,(NULL),Threads,22,22,22,0,0,0,0,0,0,0,0,0,0,0,0,0,0,0,0,0,0,0,0,0
STAT,(NULL),Time,22,215733082812,215733082812,0,0,0,0,0,0,0,0,0,0,0,0,0,0,0,0,0,0,0,0,0
STAT,(NULL),TotalTime,22,247467276447,247467276447,0,0,0,0,0,0,0,0,0,0,0,0,0,0,0,0,0,0,0,0,0
STAT,(NULL),UserTime,22,374348620158,17235433492,18979904494,16278459333,19672964877,19700678602,20066777002,16104328471,16196540177,16889616918,16173592391,16485836414,17696329142,16372678543,16505720765,15918252528,16228121836,15166718126,16516516248,16945777131,17164664064,16107680769,15942028835
STAT,(NULL),Work,22,4599714148288,209077899475,209077956481,209077909568,209077894733,209077894808,209077895048,209077964206,209077894010,209077894417,209077965388,209077892701,209077894550,209077900394,209077894764,209077894879,209077894404,209077953926,209077906146,209077905082,209077960420,209077915367,209077967521
STAT,(NULL),nBad,22,27058,1164,1367,1110,1535,1509,1668,1099,1138,1210,1161,1282,1348,1078,1158,1102,1096,1113,1062,1209,1246,1199,1204
STAT,(NULL),nEmpty,22,22703497,1038996,1202520,982295,1249982,1262818,1247711,1018355,981453,1041976,957016,991335,1077409,998052,964349,978549,987560,820983,976309,985935,997194,958733,983967
STAT,(NULL),nEmptyPop,22,14305283,731187,847451,698717,846887,845705,844318,95204,700236,713219,683165,681728,729192,690279,652423,687936,1873,157748,754379,749481,739907,792306,661942
STAT,(NULL),nOverall,22,268462512,12545394,14559416,11394548,15088712,15099792,15348779,11288821,11253066,11869245,11200582,11590186,12735596,11438403,11508920,11071855,11640379,10511355,11548280,11966109,12166559,11455772,11180743
STAT,(NULL),nPop,22,89819101,4174919,4841747,3831571,5024219,5036222,5084593,3839691,3795300,4009389,3756417,3889602,4260508,3858124,3842112,3745494,3898156,3448832,3864322,3976547,4038575,3822559,3780202
STAT,(NULL),nPush,22,89819099,4267032,4972350,3765094,5152643,5151786,5316535,3687276,3714882,3910517,3719108,3883866,4286457,3724501,3892096,3614080,3837311,3561021,3805725,4032439,4131663,3740589,3652128
STAT,(NULL),nPushInit,22,2,1,1,0,0,0,0,0,0,0,0,0,0,0,0,0,0,0,0,0,0,0,0
==== BENCHMARK TOOK 113.444
==== BENCHMARK START ===
==== PARAMS kernel=4.9.5-64-net1 malloc=libc hostname=rack-castor threads=22 delta=4 prog=sssp-klsm2048  ===
ERROR: ld.so: object '/specific/disk1/home/adamx/malloc/lib64/libjemalloc.so' from LD_PRELOAD cannot be preloaded (cannot open shared object file): ignored.
Galois Benchmark Suite v2.2.1 (r0)
Copyright (C) 2014 The University of Texas at Austin
http://iss.ices.utexas.edu/galois/

application: Single Source Shortest Path
Computes the shortest path from a source node to all nodes in a directed graph using a modified chaotic iteration algorithm
http://iss.ices.utexas.edu/?p=projects/galois/benchmarks/single_source_shortest_path

INFO: CommandLine ./build/debug/apps/sssp/sssp -noverify -t 22 -delta 4 -wl klsm2048 -startNode 0 /specific/disk1/home/mad/Galois-PQ/inputs/random/r4-2e26.gr
INFO: Hostname rack-castor
Read 67108864 nodes
Running Asynchronous with CAS version
INFO: Using delta-step of 1
WARNING: Performance varies considerably due to delta parameter.
WARNING: Do not expect the default to be good for your graph.
Node 1 has distance 8445
STATTYPE,LOOP,CATEGORY,n,sum,T0,T1,T2,T3,T4,T5,T6,T7,T8,T9,T10,T11,T12,T13,T14,T15,T16,T17,T18,T19,T20,T21
STAT,(NULL),BadWork,22,35713283,1479175,2011681,1475634,2030438,2038545,2112775,1510441,1234196,1497957,1423691,1673748,1722997,1375414,1663951,1257798,1447247,1730191,1571171,1554351,1771747,1637561,1492574
STAT,(NULL),BarrierTime,22,4679520,551944,371317,347596,349860,331617,351488,296588,168138,274464,76313,165004,208932,148234,164878,228314,96918,129827,112703,113179,66000,28374,97832
STAT,(NULL),ConflictTime,22,0,0,0,0,0,0,0,0,0,0,0,0,0,0,0,0,0,0,0,0,0,0,0
STAT,(NULL),Conflicts,22,0,0,0,0,0,0,0,0,0,0,0,0,0,0,0,0,0,0,0,0,0,0,0
STAT,(NULL),EmptyPopTime,22,29143134616,794120457,793398608,2473282536,1752901887,716610676,1782880281,921499038,995677415,947696044,1058531818,928560985,2322017533,917273762,941649395,2490661420,2363937193,984562457,913609438,897798506,897577866,2361287298,887600003
STAT,(NULL),EmptyWork,22,15564416879,759714570,787090397,674267428,780010335,783510782,750943535,674668408,679347333,687846240,692881106,693363913,699232925,711986832,711508806,659571346,664748041,694177631,724157260,702956904,716538592,668317646,647576849
STAT,(NULL),GaloisTime,22,83840558923,3881684366,4125123711,3716118267,4143546186,4060038490,4065211743,3709125374,3658150762,3807095752,3792662147,3804857217,3897959063,3769154136,3838781381,3560158458,3586181066,3656723550,3831444875,3894388517,3902782930,3543934589,3595436343
STAT,(NULL),InitPushTime,22,1315648,30664,147857,130034,41588,41466,41075,56964,56247,40346,73275,67976,43796,67138,71177,40386,44464,39724,69769,69344,41484,58442,42432
STAT,(NULL),Iterations,22,89815100,4383807,5039366,3728036,5034212,4938145,4872369,3809606,3728139,3857317,3805261,3877675,4045697,3953372,3926705,3735365,3740825,3878051,3998375,4001577,4103707,3650403,3707090
STAT,(NULL),LoopTime,22,208262104144,208262104144,0,0,0,0,0,0,0,0,0,0,0,0,0,0,0,0,0,0,0,0,0
STAT,(NULL),MeminfoPost,22,6182,281,281,281,281,281,281,281,281,281,281,281,281,281,281,281,281,281,281,281,281,281,281
STAT,(NULL),MeminfoPre,22,6182,281,281,281,281,281,281,281,281,281,281,281,281,281,281,281,281,281,281,281,281,281,281
STAT,(NULL),NumaPost,22,382624,379552,1263,1051,758,0,0,0,0,0,0,0,0,0,0,0,0,0,0,0,0,0,0
STAT,(NULL),PopTime,22,1232177565243,55888341275,55947352707,55933826781,56155712166,54798312167,54740719350,56004165582,56694791145,57113648943,57432634669,56985304858,55985875181,55762863940,56597868531,54774164900,54767127062,56248468349,56126089554,57346766672,56705969972,54553949253,55613612186
STAT,(NULL),PushTime,22,2817523927264,127844168864,125500219704,128124310563,124263996563,127215633395,126309749000,129387231855,129011364515,127900675967,127635135293,127982135912,126924014260,129206207268,128168842092,129611708681,129696046093,129054062427,128522252674,127120427043,127473569056,130212220396,130359955643
STAT,(NULL),RusageSys,22,25100000,25100000,0,0,0,0,0,0,0,0,0,0,0,0,0,0,0,0,0,0,0,0,0
STAT,(NULL),RusageUser,22,2046144000,2046144000,0,0,0,0,0,0,0,0,0,0,0,0,0,0,0,0,0,0,0,0,0
STAT,(NULL),Threads,22,22,22,0,0,0,0,0,0,0,0,0,0,0,0,0,0,0,0,0,0,0,0,0
STAT,(NULL),Time,22,213497050176,213497050176,0,0,0,0,0,0,0,0,0,0,0,0,0,0,0,0,0,0,0,0,0
STAT,(NULL),TotalTime,22,242605777775,242605777775,0,0,0,0,0,0,0,0,0,0,0,0,0,0,0,0,0,0,0,0,0
STAT,(NULL),UserTime,22,373756243732,17741326364,19756173222,15987553435,19813190466,19335252005,19259853570,16212665562,15870025192,16452394961,16297509700,16515132874,17080258548,16541868462,16650705050,15813093740,15831317989,16271363583,16791800604,16947016451,17212919040,15569646141,15805176773
STAT,(NULL),Work,22,4552008573384,206909456164,206909452176,206909483786,206909451812,206909451939,206909452106,206909456418,206909531593,206909451255,206909530000,206909449379,206909525850,206909533340,206909451180,206909461043,206909531238,206909510368,206909449229,206909448890,206909511960,206909510682,206909472976
STAT,(NULL),nBad,22,23155,970,1321,954,1290,1286,1409,984,809,979,923,1078,1128,896,1086,779,935,1173,996,1026,1152,1033,948
STAT,(NULL),nEmpty,22,22700448,1140491,1259778,935941,1239685,1227938,1180188,964512,961130,966696,970093,974161,1017533,1043217,1017387,951831,955256,1020861,1027639,1001391,1017290,919140,908290
STAT,(NULL),nEmptyPop,22,2528012,136049,156021,26114,152759,153700,154335,126384,114655,135409,120925,154382,33082,142845,142931,9866,131641,153683,140651,136001,113973,2146,90460
STAT,(NULL),nOverall,22,268458609,12973297,15123096,11169410,15181132,14838924,14766758,11382676,11063686,11563178,11340340,11618483,12110879,11638668,11637764,11131582,11136771,11432508,11882168,11996410,12347723,10924226,11198930
STAT,(NULL),nPop,22,89815100,4383807,5039366,3728036,5034212,4938145,4872369,3809606,3728139,3857317,3805261,3877675,4045697,3953372,3926705,3735365,3740825,3878051,3998375,4001577,4103707,3650403,3707090
STAT,(NULL),nPush,22,89815098,4267114,5183688,3794726,5242288,5141986,5188077,3801759,3603905,3843733,3719745,3853519,4128923,3747401,3794631,3650485,3664924,3684585,3896679,4000496,4137554,3667878,3801002
STAT,(NULL),nPushInit,22,2,1,1,0,0,0,0,0,0,0,0,0,0,0,0,0,0,0,0,0,0,0,0
==== BENCHMARK TOOK 111.239
==== BENCHMARK START ===
==== PARAMS kernel=4.9.5-64-net1 malloc=libc hostname=rack-castor threads=22 delta=4 prog=sssp-klsm2048  ===
ERROR: ld.so: object '/specific/disk1/home/adamx/malloc/lib64/libjemalloc.so' from LD_PRELOAD cannot be preloaded (cannot open shared object file): ignored.
Galois Benchmark Suite v2.2.1 (r0)
Copyright (C) 2014 The University of Texas at Austin
http://iss.ices.utexas.edu/galois/

application: Single Source Shortest Path
Computes the shortest path from a source node to all nodes in a directed graph using a modified chaotic iteration algorithm
http://iss.ices.utexas.edu/?p=projects/galois/benchmarks/single_source_shortest_path

INFO: CommandLine ./build/debug/apps/sssp/sssp -noverify -t 22 -delta 4 -wl klsm2048 -startNode 0 /specific/disk1/home/mad/Galois-PQ/inputs/random/r4-2e26.gr
INFO: Hostname rack-castor
Read 67108864 nodes
Running Asynchronous with CAS version
INFO: Using delta-step of 1
WARNING: Performance varies considerably due to delta parameter.
WARNING: Do not expect the default to be good for your graph.
Node 1 has distance 8445
STATTYPE,LOOP,CATEGORY,n,sum,T0,T1,T2,T3,T4,T5,T6,T7,T8,T9,T10,T11,T12,T13,T14,T15,T16,T17,T18,T19,T20,T21
STAT,(NULL),BadWork,22,36047328,1594011,1959339,1319875,2219843,2094938,2184569,1601512,1433577,1620037,1561155,1558356,1614840,1537052,1540642,1364532,1568975,1576570,1564467,1523646,1657675,1502224,1449493
STAT,(NULL),BarrierTime,22,5038596,515604,385343,327240,302307,354573,337174,274408,178980,175692,253303,239588,186629,243043,235099,242708,33751,132580,135872,78469,138253,192896,75084
STAT,(NULL),ConflictTime,22,0,0,0,0,0,0,0,0,0,0,0,0,0,0,0,0,0,0,0,0,0,0,0
STAT,(NULL),Conflicts,22,0,0,0,0,0,0,0,0,0,0,0,0,0,0,0,0,0,0,0,0,0,0,0
STAT,(NULL),EmptyPopTime,22,36606563006,1146862417,1524920905,2845549541,1065149897,1077603742,1053479899,2822485136,1333825959,1287706126,1324609220,1909747026,358593771,1924216438,1221023827,1283290771,1336714075,1266122278,1252100038,5057246439,1387603858,2057929631,2069782012
STAT,(NULL),EmptyWork,22,15703867737,694747228,849827994,641187707,774701312,909219680,790659318,632177818,744575923,731099243,774289522,687190428,777853072,674206952,666079902,647429968,660296973,667381998,718900565,630383604,695785291,678101556,657771683
STAT,(NULL),GaloisTime,22,84325809599,3827344881,4112114222,3638430025,4215934679,4261828032,4133040441,3599242973,3773368890,3875428741,3983130157,3828530542,4009874061,3757478990,3810062916,3553755807,3591742894,3609149668,3870781526,3730743221,3881889558,3654509480,3607427895
STAT,(NULL),InitPushTime,22,1177255,69948,131485,75060,63244,36347,37017,43890,40528,66059,51299,38840,64775,38972,38128,39028,50566,38612,37304,62275,61732,37756,54390
STAT,(NULL),Iterations,22,89816817,4144164,5092098,3629290,4999454,5322096,4979237,3586510,3855637,4037465,4170152,3922430,4268308,3832686,3800736,3628088,3654682,3694169,4032950,3670321,3988920,3784025,3723399
STAT,(NULL),LoopTime,22,211069215850,211069215850,0,0,0,0,0,0,0,0,0,0,0,0,0,0,0,0,0,0,0,0,0
STAT,(NULL),MeminfoPost,22,6182,281,281,281,281,281,281,281,281,281,281,281,281,281,281,281,281,281,281,281,281,281,281
STAT,(NULL),MeminfoPre,22,6182,281,281,281,281,281,281,281,281,281,281,281,281,281,281,281,281,281,281,281,281,281,281
STAT,(NULL),NumaPost,22,381132,378051,1265,1058,758,0,0,0,0,0,0,0,0,0,0,0,0,0,0,0,0,0,0
STAT,(NULL),PopTime,22,1231296797674,55772407142,56766080114,55006238299,56133018820,57971961841,56307364510,53941459967,57593046854,55807584622,57566687052,55803072842,59359658818,55138546244,55404215570,55060550233,55702522989,55599961024,55886380597,54313230100,55883276518,55242848262,55036685256
STAT,(NULL),PushTime,22,2871611427682,131128081412,126724389801,131989714808,127693807598,124965629654,127845266523,133248990847,129965471189,131125387694,128627770524,130889916517,127473787833,131894554936,132255387779,133653663363,132767279484,132784942595,131034630402,129971683227,130980089999,132066731856,132524249641
STAT,(NULL),RusageSys,22,24700000,24700000,0,0,0,0,0,0,0,0,0,0,0,0,0,0,0,0,0,0,0,0,0
STAT,(NULL),RusageUser,22,2074768000,2074768000,0,0,0,0,0,0,0,0,0,0,0,0,0,0,0,0,0,0,0,0,0
STAT,(NULL),Threads,22,22,22,0,0,0,0,0,0,0,0,0,0,0,0,0,0,0,0,0,0,0,0,0
STAT,(NULL),Time,22,216001829029,216001829029,0,0,0,0,0,0,0,0,0,0,0,0,0,0,0,0,0,0,0,0,0
STAT,(NULL),TotalTime,22,248360572098,248360572098,0,0,0,0,0,0,0,0,0,0,0,0,0,0,0,0,0,0,0,0,0
STAT,(NULL),UserTime,22,374453260607,17157726154,19749837713,15606050244,19844554596,20540927624,19597360267,15482813301,16316882297,16899961012,17450681844,16608712369,17747399701,16338166128,16370400134,15528480080,15668612892,15799611931,16964377244,16023881395,16898522575,16027049113,15831251993
STAT,(NULL),Work,22,4614000083431,209727271485,209727265516,209727343212,209727262075,209727266183,209727265358,209727317360,209727265292,209727263271,209727263587,209727264980,209727262871,209727264359,209727283100,209727266654,209727345237,209727264758,209727265604,209727263275,209727262576,209727264554,209727292124
STAT,(NULL),nBad,22,24791,1094,1356,880,1527,1452,1511,1109,955,1121,1066,1082,1125,1052,1019,941,1067,1094,1071,1062,1146,1032,1029
STAT,(NULL),nEmpty,22,22701764,1032567,1301921,917139,1194089,1375393,1216688,884266,1021026,1055892,1112637,993597,1106736,973211,943230,909372,917821,918028,1036257,868628,1001908,975531,945827
STAT,(NULL),nEmptyPop,22,4813580,234797,232941,75811,286839,287679,286040,148887,247748,249157,267924,223534,98107,279873,256415,250526,225543,235729,202653,1978,240663,287723,193013
STAT,(NULL),nOverall,22,268460245,12445913,15161621,10850102,15220510,15793347,15049359,10808654,11335183,11925159,12232630,11711991,12645338,11440601,11428050,10879132,10944385,11103909,11984531,11208751,11949767,11230948,11110364
STAT,(NULL),nPop,22,89816817,4144164,5092098,3629290,4999454,5322096,4979237,3586510,3855637,4037465,4170152,3922430,4268308,3832686,3800736,3628088,3654682,3694169,4032950,3670321,3988920,3784025,3723399
STAT,(NULL),nPush,22,89816815,4216230,5083166,3626582,5372255,5234598,5200974,3629542,3650777,3879412,3925964,3876994,4148331,3820093,3898773,3636554,3661104,3760381,3939212,3860665,3965902,3732222,3697084
STAT,(NULL),nPushInit,22,2,1,1,0,0,0,0,0,0,0,0,0,0,0,0,0,0,0,0,0,0,0,0
==== BENCHMARK TOOK 113.786
==== BENCHMARK START ===
==== PARAMS kernel=4.9.5-64-net1 malloc=libc hostname=rack-castor threads=22 delta=4 prog=sssp-klsm2048  ===
ERROR: ld.so: object '/specific/disk1/home/adamx/malloc/lib64/libjemalloc.so' from LD_PRELOAD cannot be preloaded (cannot open shared object file): ignored.
Galois Benchmark Suite v2.2.1 (r0)
Copyright (C) 2014 The University of Texas at Austin
http://iss.ices.utexas.edu/galois/

application: Single Source Shortest Path
Computes the shortest path from a source node to all nodes in a directed graph using a modified chaotic iteration algorithm
http://iss.ices.utexas.edu/?p=projects/galois/benchmarks/single_source_shortest_path

INFO: CommandLine ./build/debug/apps/sssp/sssp -noverify -t 22 -delta 4 -wl klsm2048 -startNode 0 /specific/disk1/home/mad/Galois-PQ/inputs/random/r4-2e26.gr
INFO: Hostname rack-castor
Read 67108864 nodes
Running Asynchronous with CAS version
INFO: Using delta-step of 1
WARNING: Performance varies considerably due to delta parameter.
WARNING: Do not expect the default to be good for your graph.
Node 1 has distance 8445
STATTYPE,LOOP,CATEGORY,n,sum,T0,T1,T2,T3,T4,T5,T6,T7,T8,T9,T10,T11,T12,T13,T14,T15,T16,T17,T18,T19,T20,T21
STAT,(NULL),BadWork,22,37290368,1752656,2018187,1592034,1994718,2084691,2009639,1581478,1654818,1574776,1740805,1535020,1675497,1673070,1663483,1612941,1568058,1577608,1524805,1678780,1644646,1539257,1593401
STAT,(NULL),BarrierTime,22,4637708,553009,291380,313620,334842,336549,309969,178897,173112,186065,195709,209446,215112,222258,71497,92055,157196,150924,153640,152972,161868,70936,106652
STAT,(NULL),ConflictTime,22,0,0,0,0,0,0,0,0,0,0,0,0,0,0,0,0,0,0,0,0,0,0,0
STAT,(NULL),Conflicts,22,0,0,0,0,0,0,0,0,0,0,0,0,0,0,0,0,0,0,0,0,0,0,0
STAT,(NULL),EmptyPopTime,22,27168857121,1013839117,936712329,2210262158,900193129,950113937,899836737,1168457878,1385565686,1064507201,1133716107,2097165942,1078074746,1181506943,1093785871,1206666897,1169474210,1167477434,1208660670,1063649319,1133723887,1976126324,1129340599
STAT,(NULL),EmptyWork,22,15633764990,726793568,771668698,707507081,802009844,797162487,796522329,681771159,686855546,680594696,691594997,653701435,741980654,681179109,719377313,694137428,710657419,683791143,620749181,687391005,712769445,691780580,693769873
STAT,(NULL),GaloisTime,22,84195773541,3874980660,3990131345,3739518466,4172736688,4145549972,4265854280,3730952211,3679420371,3846134109,3822535045,3756879392,3933920194,3794277721,3827325816,3683919026,3637620320,3596779695,3709353695,3811379780,3927127427,3603025040,3646352288
STAT,(NULL),InitPushTime,22,1137816,32704,133995,94184,36611,72838,36071,36933,40752,66176,65956,61036,38396,35191,64299,65333,35434,38632,37292,37188,33319,37940,37536
STAT,(NULL),Iterations,22,89818516,4233127,4830047,3893274,5030891,5009087,5097335,3753908,3770256,3895708,3860987,3745412,4191111,3887295,3953296,3759408,3873791,3778698,3669289,3842092,4063320,3833908,3846276
STAT,(NULL),LoopTime,22,207846250519,207846250519,0,0,0,0,0,0,0,0,0,0,0,0,0,0,0,0,0,0,0,0,0
STAT,(NULL),MeminfoPost,22,6182,281,281,281,281,281,281,281,281,281,281,281,281,281,281,281,281,281,281,281,281,281,281
STAT,(NULL),MeminfoPre,22,6182,281,281,281,281,281,281,281,281,281,281,281,281,281,281,281,281,281,281,281,281,281,281
STAT,(NULL),NumaPost,22,393364,390279,1261,1066,758,0,0,0,0,0,0,0,0,0,0,0,0,0,0,0,0,0,0
STAT,(NULL),PopTime,22,1223684897887,56241305177,55293385735,55389690332,56137354196,56075992079,56177509002,55889033107,55543718472,55722484765,56167866472,55657081737,56172888084,55050140622,55972813326,55486619343,55771760017,55904546906,52637597409,55669554894,56573520400,55150822716,54999213096
STAT,(NULL),PushTime,22,2817278476152,127212548061,126477877090,127988560406,124686593327,124820190627,124142038894,128895786139,129205349932,128541657520,128158118415,128116560290,127115086420,129242257827,128160726920,129332156965,129023125359,129238156132,132471846936,128747780298,126966434661,128935870757,129799753176
STAT,(NULL),RusageSys,22,25012000,25012000,0,0,0,0,0,0,0,0,0,0,0,0,0,0,0,0,0,0,0,0,0
STAT,(NULL),RusageUser,22,2041764000,2041764000,0,0,0,0,0,0,0,0,0,0,0,0,0,0,0,0,0,0,0,0,0
STAT,(NULL),Threads,22,22,22,0,0,0,0,0,0,0,0,0,0,0,0,0,0,0,0,0,0,0,0,0
STAT,(NULL),Time,22,212554513266,212554513266,0,0,0,0,0,0,0,0,0,0,0,0,0,0,0,0,0,0,0,0,0
STAT,(NULL),TotalTime,22,245018140774,245018140774,0,0,0,0,0,0,0,0,0,0,0,0,0,0,0,0,0,0,0,0,0
STAT,(NULL),UserTime,22,374232412342,17393904661,18993597268,16427831527,19764485445,19674363776,20181612085,16097373084,15962462431,16607991511,16489538670,16181981086,17421423058,16514009649,16689340921,16059870632,16150736061,15872621514,15815163975,16483617186,17149796945,16105746737,16194944120
STAT,(NULL),Work,22,4542196662360,206463471347,206463543477,206463464284,206463463679,206463463885,206463463327,206463558573,206463555646,206463464055,206463463655,206463467196,206463467400,206463462948,206463491820,206463460614,206463468462,206463466580,206463465030,206463467234,206463464874,206463551590,206463516684
STAT,(NULL),nBad,22,26428,1231,1440,1120,1406,1477,1441,1137,1162,1124,1230,1073,1152,1191,1172,1132,1120,1098,1095,1224,1162,1103,1138
STAT,(NULL),nEmpty,22,22703041,1092646,1189000,993783,1237109,1228774,1232570,958036,971574,981354,968985,929385,1083226,987671,1020078,959324,1030500,1007741,902998,950062,1016727,995912,965586
STAT,(NULL),nEmptyPop,22,4496681,263843,276718,13034,275927,276355,275708,225976,195113,209052,223391,7444,242923,275091,234458,230857,216138,219181,217015,208319,182754,2032,225352
STAT,(NULL),nOverall,22,268461882,12560619,14566088,11592728,15174092,15119116,15462195,11182979,11197548,11663084,11566309,11260757,12436328,11602414,11731909,11200207,11371772,11079229,11063002,11571423,12186555,11353612,11519916
STAT,(NULL),nPop,22,89818516,4233127,4830047,3893274,5030891,5009087,5097335,3753908,3770256,3895708,3860987,3745412,4191111,3887295,3953296,3759408,3873791,3778698,3669289,3842092,4063320,3833908,3846276
STAT,(NULL),nPush,22,89818514,4161404,4998057,3825988,5247912,5205013,5427255,3713459,3652171,3885274,3877429,3797068,4109864,3856625,3804794,3720237,3626280,3551765,3914410,3882046,4076108,3682710,3802645
STAT,(NULL),nPushInit,22,2,1,1,0,0,0,0,0,0,0,0,0,0,0,0,0,0,0,0,0,0,0,0
==== BENCHMARK TOOK 112.280
