==== BENCHMARK START ===
==== PARAMS kernel=4.9.5-64-net1 malloc=libc hostname=rack-castor threads=44 delta=4 prog=sssp-klsm256  ===
ERROR: ld.so: object '/specific/disk1/home/adamx/malloc/lib64/libjemalloc.so' from LD_PRELOAD cannot be preloaded (cannot open shared object file): ignored.
Galois Benchmark Suite v2.2.1 (r0)
Copyright (C) 2014 The University of Texas at Austin
http://iss.ices.utexas.edu/galois/

application: Single Source Shortest Path
Computes the shortest path from a source node to all nodes in a directed graph using a modified chaotic iteration algorithm
http://iss.ices.utexas.edu/?p=projects/galois/benchmarks/single_source_shortest_path

INFO: CommandLine ./build/debug/apps/sssp/sssp -noverify -t 44 -delta 4 -wl klsm256 -startNode 0 /specific/disk1/home/mad/Galois-PQ/inputs/planar10M.gr
INFO: Hostname rack-castor
Read 10000000 nodes
Running Asynchronous with CAS version
INFO: Using delta-step of 1
WARNING: Performance varies considerably due to delta parameter.
WARNING: Do not expect the default to be good for your graph.
Node 1 has distance 7300
STATTYPE,LOOP,CATEGORY,n,sum,T0,T1,T2,T3,T4,T5,T6,T7,T8,T9,T10,T11,T12,T13,T14,T15,T16,T17,T18,T19,T20,T21,T22,T23,T24,T25,T26,T27,T28,T29,T30,T31,T32,T33,T34,T35,T36,T37,T38,T39,T40,T41,T42,T43
STAT,(NULL),BadWork,44,880489679,39495087,19642941,15443995,15894246,17554783,19829944,15235670,15213319,17174881,13645765,29606325,17386387,16245013,16871830,14646795,18306341,15991639,19981169,17128779,17461466,17069762,28108521,49391226,18186112,15324939,19923897,27666293,17627375,16636383,21324485,16414921,15878332,17023408,19182408,18545876,34496228,24777314,14562334,16703029,16496992,14835570,21354565,26136185,20067149
STAT,(NULL),BarrierTime,44,13914279,744735,635666,696304,595831,573582,473317,582354,456293,464764,372355,313596,295551,498118,453436,410152,337502,373336,344250,371552,274885,175235,366617,286784,251284,206420,252016,251895,252309,252589,86490,87287,213236,202964,210240,178918,228381,228854,76728,188695,196218,183680,192512,23003,54345
STAT,(NULL),ConflictTime,44,0,0,0,0,0,0,0,0,0,0,0,0,0,0,0,0,0,0,0,0,0,0,0,0,0,0,0,0,0,0,0,0,0,0,0,0,0,0,0,0,0,0,0,0,0
STAT,(NULL),Conflicts,44,0,0,0,0,0,0,0,0,0,0,0,0,0,0,0,0,0,0,0,0,0,0,0,0,0,0,0,0,0,0,0,0,0,0,0,0,0,0,0,0,0,0,0,0,0
STAT,(NULL),EmptyPopTime,44,17196157936,1776962585,140270681,442817338,109575352,144730590,118417908,550824928,480574071,331325131,319914283,406606344,400967977,347103218,446316649,385545245,391836397,434161749,383896688,425289609,376294384,744371581,473551982,407487634,538634906,538470441,135934770,336352281,337191775,342914280,139472688,120092068,291278899,375313312,284287454,448223186,552615015,352200074,320300969,175220021,274490570,386917118,684356288,386355244,136694253
STAT,(NULL),EmptyWork,44,4489835318,114164034,118235008,95211892,123189855,122704055,122949761,87968070,86463677,99728716,104486509,96959263,98817103,104428616,92373600,93050167,93654908,91035363,98293334,103201083,96013685,84392138,93726627,95184217,90924296,87825136,127088072,105018178,98260014,101111697,118589897,121467089,113691368,100440430,109514841,90998458,90319061,99626162,96980311,114671166,107556801,101009770,85756666,92176844,120577380
STAT,(NULL),GaloisTime,44,16346400444,254372463,418730491,349499724,434016085,430708257,431734994,333827243,325651399,368388622,383791104,364342282,354479494,371834346,347410705,339507738,345992893,339597876,354969666,371907182,362107720,321757322,341404819,359367583,350460365,338676270,447849120,390452359,369001752,388923520,438449627,440631708,399637711,380305444,390127518,356078802,347926116,356192744,351426412,424851703,394566244,372473266,341225033,342833186,418911536
STAT,(NULL),InitPushTime,44,2486325,63586,57259,52180,20792,2796,21328,32025,56557,35455,84186,38860,67203,43708,38012,57538,45074,42680,55340,43580,45433,36854,46470,62964,98259,60595,97614,97739,59033,59363,59100,58029,89120,91961,88660,87015,57640,57809,59077,88328,29972,38236,31920,40523,86452
STAT,(NULL),Iterations,44,22405203,222025,639852,460552,651578,642798,647089,434385,416394,507215,523233,487938,476029,510288,454749,445012,470583,451903,463249,508271,470742,411896,462736,477034,468504,434725,684581,535526,499007,540309,668672,663216,555093,513367,539472,472842,438601,478088,478140,638488,553319,501253,431386,451707,623356
STAT,(NULL),LoopTime,44,33212776667,33212776667,0,0,0,0,0,0,0,0,0,0,0,0,0,0,0,0,0,0,0,0,0,0,0,0,0,0,0,0,0,0,0,0,0,0,0,0,0,0,0,0,0,0,0
STAT,(NULL),MeminfoPost,44,968,22,22,22,22,22,22,22,22,22,22,22,22,22,22,22,22,22,22,22,22,22,22,22,22,22,22,22,22,22,22,22,22,22,22,22,22,22,22,22,22,22,22,22,22
STAT,(NULL),MeminfoPre,44,968,22,22,22,22,22,22,22,22,22,22,22,22,22,22,22,22,22,22,22,22,22,22,22,22,22,22,22,22,22,22,22,22,22,22,22,22,22,22,22,22,22,22,22,22
STAT,(NULL),NumaPost,44,14694,8550,5348,635,161,0,0,0,0,0,0,0,0,0,0,0,0,0,0,0,0,0,0,0,0,0,0,0,0,0,0,0,0,0,0,0,0,0,0,0,0,0,0,0,0
STAT,(NULL),PopTime,44,730680799456,12888324246,16592969552,16453929426,16903078635,16716895141,16866978935,16471337768,16449367390,16703775125,17072922809,17130568821,16942474783,16492948983,16653572549,16345918152,16199765098,16617876373,16902070922,16668078741,16908729031,15831961077,16227834670,16575722861,16424046041,17028712153,16949090210,16695106030,16852795883,16749815561,16817401825,16981441521,17005525451,16871201998,16921085629,16530641151,17189694175,16443097276,16280017859,16735783847,17294246260,16692671298,16628509288,16323528734,16649286178
STAT,(NULL),PushTime,44,602636260265,16182430841,13551257174,13978870350,13205178655,13385830453,13245601948,13955194369,14113373739,13696475857,13242148696,13226771073,13480146541,13864514023,13799536432,14205303963,14282720739,13867746905,13560226802,13613589686,13529275050,14498206902,14202922318,13836143346,13911058003,13408969383,13041577482,13571955963,13561873840,13517558022,13228143564,13081177915,13228249206,13441791786,13394401870,13878278451,13184727355,14017033156,14239290874,13362234936,12978189749,13645497814,13674540336,14210307182,13535937516
STAT,(NULL),RusageSys,44,436000,436000,0,0,0,0,0,0,0,0,0,0,0,0,0,0,0,0,0,0,0,0,0,0,0,0,0,0,0,0,0,0,0,0,0,0,0,0,0,0,0,0,0,0,0
STAT,(NULL),RusageUser,44,651884000,651884000,0,0,0,0,0,0,0,0,0,0,0,0,0,0,0,0,0,0,0,0,0,0,0,0,0,0,0,0,0,0,0,0,0,0,0,0,0,0,0,0,0,0,0
STAT,(NULL),Threads,44,44,44,0,0,0,0,0,0,0,0,0,0,0,0,0,0,0,0,0,0,0,0,0,0,0,0,0,0,0,0,0,0,0,0,0,0,0,0,0,0,0,0,0,0,0
STAT,(NULL),Time,44,33439601303,33439601303,0,0,0,0,0,0,0,0,0,0,0,0,0,0,0,0,0,0,0,0,0,0,0,0,0,0,0,0,0,0,0,0,0,0,0,0,0,0,0,0,0,0,0
STAT,(NULL),TotalTime,44,48837523000,48837523000,0,0,0,0,0,0,0,0,0,0,0,0,0,0,0,0,0,0,0,0,0,0,0,0,0,0,0,0,0,0,0,0,0,0,0,0,0,0,0,0,0,0,0
STAT,(NULL),UserTime,44,81951317741,1813306403,2208094793,1709233600,2254523758,2228693407,2243877438,1630408191,1574133085,1829868871,1906297008,1804314169,1752674710,1848733247,1690352019,1660235759,1715592534,1679142736,1730103752,1847496533,1757141684,1548874623,1690121924,1755656098,1714441756,1626911037,2328025154,1930679074,1810442444,1929242388,2287507477,2284754831,1991181817,1860512334,1930148054,1725344993,1664281158,1761412044,1741544967,2216803303,1980515845,1830994734,1615177741,1674362710,2168157538
STAT,(NULL),Work,44,1453306448802,33029669340,33029647794,33029651946,33029659189,33029685767,33029807826,33029650391,33029653600,33029652340,33029656512,33029801340,33029815309,33029666218,33029659114,33029650792,33029694461,33029654350,33029651077,33029652366,33029697289,33029822254,33029663818,33029648101,33029653463,33029702060,33029651187,33029650027,33029654197,33029651645,33029825054,33029820159,33029653524,33029652416,33029659170,33029695549,33029649472,33029647589,33029805238,33029680279,33029651852,33029652480,33029654188,33029811706,33029816353
STAT,(NULL),nBad,44,1598634,71638,36030,27466,28919,31302,37059,27245,27579,30964,24124,59457,31493,29179,30299,25709,33218,29001,36517,30435,31034,30939,51688,88982,32859,27475,36597,51360,31949,29635,38248,29182,28289,30675,35046,33852,63115,44161,25791,29658,29958,26485,39054,48127,36841
STAT,(NULL),nEmpty,44,12272606,118688,348850,253257,357251,351676,353042,238857,228439,278172,287246,266509,260528,279648,250065,244347,258243,248178,254041,278039,258175,226625,253740,259341,256284,240102,373901,293448,273238,296925,365236,363426,304685,281585,295765,259271,240416,261743,262454,349578,302991,274563,236384,246936,340718
STAT,(NULL),nEmptyPop,44,98903,983,2425,2187,2380,2447,2380,2130,2189,2266,2132,1992,2164,2159,2212,1956,2313,2081,1967,2153,2034,2045,2246,2197,2276,2316,2530,2291,2362,2549,2551,2532,2471,2439,2435,2393,2085,2234,2320,2532,2292,2459,2307,2108,2383
STAT,(NULL),nOverall,44,121598422,1239956,3491640,2488458,3530549,3495630,3527597,2348681,2256527,2751838,2831676,2657449,2587525,2766451,2454537,2406485,2548970,2444625,2510351,2764793,2548774,2221549,2506850,2611552,2548407,2334935,3728649,2905422,2710363,2918965,3641466,3596240,3004787,2782165,2922352,2563766,2380093,2596881,2588247,3466802,3004974,2722315,2340340,2458125,3390665
STAT,(NULL),nPop,44,22405203,222025,639852,460552,651578,642798,647089,434385,416394,507215,523233,487938,476029,510288,454749,445012,470583,451903,463249,508271,470742,411896,462736,477034,468504,434725,684581,535526,499007,540309,668672,663216,555093,513367,539472,472842,438601,478088,478140,638488,553319,501253,431386,451707,623356
STAT,(NULL),nPush,44,22405196,223161,644767,458913,650242,644271,650747,432732,415994,508589,523193,489072,476893,510447,453352,441872,471027,451228,460365,510822,470329,407087,458464,473887,471237,428165,690694,534724,501118,537107,673959,666003,553652,512565,536926,474272,434890,477580,477980,639752,555186,504310,431086,451924,624612
STAT,(NULL),nPushInit,44,7,1,1,1,1,0,1,1,1,0,0,0,0,0,0,0,0,0,0,0,0,0,0,0,0,0,0,0,0,0,0,0,0,0,0,0,0,0,0,0,0,0,0,0,0
==== BENCHMARK TOOK 23.234
==== BENCHMARK START ===
==== PARAMS kernel=4.9.5-64-net1 malloc=libc hostname=rack-castor threads=44 delta=4 prog=sssp-klsm256  ===
ERROR: ld.so: object '/specific/disk1/home/adamx/malloc/lib64/libjemalloc.so' from LD_PRELOAD cannot be preloaded (cannot open shared object file): ignored.
Galois Benchmark Suite v2.2.1 (r0)
Copyright (C) 2014 The University of Texas at Austin
http://iss.ices.utexas.edu/galois/

application: Single Source Shortest Path
Computes the shortest path from a source node to all nodes in a directed graph using a modified chaotic iteration algorithm
http://iss.ices.utexas.edu/?p=projects/galois/benchmarks/single_source_shortest_path

INFO: CommandLine ./build/debug/apps/sssp/sssp -noverify -t 44 -delta 4 -wl klsm256 -startNode 0 /specific/disk1/home/mad/Galois-PQ/inputs/planar10M.gr
INFO: Hostname rack-castor
Read 10000000 nodes
Running Asynchronous with CAS version
INFO: Using delta-step of 1
WARNING: Performance varies considerably due to delta parameter.
WARNING: Do not expect the default to be good for your graph.
Node 1 has distance 7300
STATTYPE,LOOP,CATEGORY,n,sum,T0,T1,T2,T3,T4,T5,T6,T7,T8,T9,T10,T11,T12,T13,T14,T15,T16,T17,T18,T19,T20,T21,T22,T23,T24,T25,T26,T27,T28,T29,T30,T31,T32,T33,T34,T35,T36,T37,T38,T39,T40,T41,T42,T43
STAT,(NULL),BadWork,44,820816469,23960304,17505116,16592311,17954612,16109404,18204891,14816641,18054113,20383909,15129116,16420835,18125656,18518471,17607523,14766657,16053593,37031589,20368885,17214941,19342412,18453532,13397191,19751824,20227789,15123143,19777146,19491898,21405136,17405416,19639056,17704551,17959027,21345474,14737085,24693081,17319355,23049207,16889071,19566703,22102645,17822353,16302998,16416972,16074837
STAT,(NULL),BarrierTime,44,17200287,857741,544465,509802,725682,654618,750590,722949,591942,319251,301776,311760,633900,356464,597691,634381,471014,156513,460811,473238,191972,476037,476329,388283,391982,401908,391566,391696,390507,390860,115010,110071,334216,311178,323270,290992,113837,393910,343816,340773,59353,43816,340534,56360,57423
STAT,(NULL),ConflictTime,44,0,0,0,0,0,0,0,0,0,0,0,0,0,0,0,0,0,0,0,0,0,0,0,0,0,0,0,0,0,0,0,0,0,0,0,0,0,0,0,0,0,0,0,0,0
STAT,(NULL),Conflicts,44,0,0,0,0,0,0,0,0,0,0,0,0,0,0,0,0,0,0,0,0,0,0,0,0,0,0,0,0,0,0,0,0,0,0,0,0,0,0,0,0,0,0,0,0,0
STAT,(NULL),EmptyPopTime,44,17233454662,1603346337,155259520,333227799,133800591,132348536,142916287,476334345,436241816,674501706,448362994,395768531,391593165,540056109,419333992,467865666,441586462,529858121,454331855,412251211,371730296,352526370,391692932,426107561,397491250,732730042,152318411,297462718,292256542,425866527,147177481,125635653,316082019,326487122,277626441,296435647,676488110,460328444,494713167,134198866,399954567,268484049,474864795,259739712,146070897
STAT,(NULL),EmptyWork,44,4400362433,77540575,121326221,97600406,122434614,117759570,123991859,92761737,90791005,90392593,95494813,92758488,91590347,87749071,95636638,90856439,86020768,90231879,87095411,90305410,95177457,98941585,90348770,101839650,94762973,88436536,123937539,107260021,105712346,94954185,121055300,124279103,99309996,99995845,105980922,99959169,85427448,98396333,91183365,120121319,93626424,99691932,93808615,104803429,119014327
STAT,(NULL),GaloisTime,44,16498150412,369721858,418283741,361816438,431712972,434525672,434990505,338258036,343239160,336436244,349335099,355352641,344044474,331537480,364286790,330903693,320486631,350548369,341758369,354470828,352102215,359287706,342060847,374552891,356556367,335235686,452798928,392803583,400720085,369906719,442749170,453938609,392773716,381228194,401589317,374297116,342999496,366175467,342695620,432552157,367717932,383359393,360808938,385983014,421548246
STAT,(NULL),InitPushTime,44,2755745,31116,51532,57814,21048,2808,22260,22976,61732,36429,45548,39840,46648,47751,46748,45808,54026,65685,70977,55330,57376,58420,58988,75357,103173,102909,102601,102498,102593,102337,101948,102153,81370,93286,31198,34324,57655,57911,74997,74798,73010,73520,61857,71806,73584
STAT,(NULL),Iterations,44,22394050,209616,620948,506135,652247,654736,655686,454803,458883,430823,454583,467407,443605,417555,493637,434241,412480,465175,446736,463741,462593,498335,459446,514848,479413,415438,685446,552306,556298,511023,677415,677233,549116,521257,557596,503115,426099,488838,439928,643937,480636,522243,468253,535076,625125
STAT,(NULL),LoopTime,44,33042390084,33042390084,0,0,0,0,0,0,0,0,0,0,0,0,0,0,0,0,0,0,0,0,0,0,0,0,0,0,0,0,0,0,0,0,0,0,0,0,0,0,0,0,0,0,0
STAT,(NULL),MeminfoPost,44,968,22,22,22,22,22,22,22,22,22,22,22,22,22,22,22,22,22,22,22,22,22,22,22,22,22,22,22,22,22,22,22,22,22,22,22,22,22,22,22,22,22,22,22,22
STAT,(NULL),MeminfoPre,44,968,22,22,22,22,22,22,22,22,22,22,22,22,22,22,22,22,22,22,22,22,22,22,22,22,22,22,22,22,22,22,22,22,22,22,22,22,22,22,22,22,22,22,22,22
STAT,(NULL),NumaPost,44,14532,8353,5368,650,161,0,0,0,0,0,0,0,0,0,0,0,0,0,0,0,0,0,0,0,0,0,0,0,0,0,0,0,0,0,0,0,0,0,0,0,0,0,0,0,0
STAT,(NULL),PopTime,44,729067070642,13906114243,16611101577,16476944512,16787549589,16799370933,16875321963,16289184518,16104794499,16487375044,16710893665,16900530411,16621710494,16558555946,16561182663,16085479785,16046052594,16269801215,16408781446,16931452975,16669654526,16517695778,16383814642,16792034264,16795548289,16954911304,16869452436,16866059181,16695663545,16204508282,16755059336,16873334987,16545090549,16872663671,17146338172,16559542957,16963856492,16378580049,16305059891,16871033908,16604241811,16747860470,16895782547,16571096616,16795988867
STAT,(NULL),PushTime,44,598520525649,15403018624,13417537568,13812091302,13164934308,13137543434,13041148096,14028008393,14239250659,13687318222,13600101146,13407249056,13780394580,13788767403,13656809547,14302068847,14442304473,13915639089,13938608352,13382424261,13693325040,13751786990,13983132381,13356196345,13506011445,13210451280,12963025336,13275469737,13409044861,13971759188,13128185886,13000897043,13589173253,13338441544,12961894676,13736823149,13205788934,13800389518,14008450120,13106407426,13656386650,13505407943,13340741914,13648288862,13227828768
STAT,(NULL),RusageSys,44,476000,476000,0,0,0,0,0,0,0,0,0,0,0,0,0,0,0,0,0,0,0,0,0,0,0,0,0,0,0,0,0,0,0,0,0,0,0,0,0,0,0,0,0,0,0
STAT,(NULL),RusageUser,44,649504000,649504000,0,0,0,0,0,0,0,0,0,0,0,0,0,0,0,0,0,0,0,0,0,0,0,0,0,0,0,0,0,0,0,0,0,0,0,0,0,0,0,0,0,0,0
STAT,(NULL),Threads,44,44,44,0,0,0,0,0,0,0,0,0,0,0,0,0,0,0,0,0,0,0,0,0,0,0,0,0,0,0,0,0,0,0,0,0,0,0,0,0,0,0,0,0,0,0
STAT,(NULL),Time,44,33310879492,33310879492,0,0,0,0,0,0,0,0,0,0,0,0,0,0,0,0,0,0,0,0,0,0,0,0,0,0,0,0,0,0,0,0,0,0,0,0,0,0,0,0,0,0,0
STAT,(NULL),TotalTime,44,49401233514,49401233514,0,0,0,0,0,0,0,0,0,0,0,0,0,0,0,0,0,0,0,0,0,0,0,0,0,0,0,0,0,0,0,0,0,0,0,0,0,0,0,0,0,0,0
STAT,(NULL),UserTime,44,81663957449,1535335068,2171572081,1813399831,2254648450,2273532254,2276709950,1670533957,1680763187,1619056519,1690892281,1743421249,1665747728,1588413184,1797830775,1617904675,1558627646,1738998386,1664504641,1724175879,1713088860,1814839666,1704028810,1844349748,1744710517,1573314010,2333548060,1956025866,1991681262,1828086310,2300853625,2316996083,1952651647,1876263660,2001651494,1828023812,1620519050,1791209679,1652978865,2230767132,1773153618,1890277375,1729072291,1925168763,2184629505
STAT,(NULL),Work,44,1447391690009,32895212630,32895452203,32895451254,32895170977,32895249677,32895167902,32895195107,32895167617,32895460214,32895456602,32895457496,32895172046,32895453351,32895203952,32895166099,32895170506,32895168657,32895192463,32895172174,32895455542,32895172046,32895166875,32895173299,32895164997,32895162533,32895166556,32895165266,32895179138,32895168005,32895450535,32895452844,32895169740,32895169298,32895164937,32895193437,32895453754,32895173049,32895164660,32895164544,32895454734,32895473934,32895174692,32895458056,32895456611
STAT,(NULL),nBad,44,1463740,43377,31226,29567,32428,28523,32328,26619,31990,36628,26858,28493,32206,33565,30922,26465,28279,64994,35402,30626,34760,32728,24152,35145,36481,26370,35723,34636,38846,31244,35402,31635,31658,38141,25829,43920,30945,40446,30260,35423,40820,32547,28255,29360,28518
STAT,(NULL),nEmpty,44,12272622,113242,339144,277624,356301,357823,358746,250201,252244,236979,249019,255855,242846,228804,270178,238361,226115,254002,244787,254734,254518,272944,252202,282905,262111,229529,374561,303573,304411,280950,370967,370003,300957,285870,305963,274945,234128,268860,241343,351734,263147,286828,256662,294610,341896
STAT,(NULL),nEmptyPop,44,210605,1101,5351,5133,5253,5310,5349,3640,5378,4653,4691,3557,4530,4649,3660,4964,4734,4752,3625,4548,4773,4817,5127,5351,4910,4846,5405,5099,4447,5423,5433,5477,5523,4901,4849,3729,4952,5031,5043,5321,5297,4755,4805,5032,5381
STAT,(NULL),nOverall,44,121463528,1157327,3382832,2742563,3551386,3563753,3561674,2456435,2479472,2326102,2467720,2539065,2407358,2265963,2680478,2350601,2235681,2534464,2424962,2508480,2496476,2704308,2486542,2783727,2608193,2227926,3730403,2985034,3023098,2762776,3677210,3686279,2978948,2823431,3019799,2736716,2302885,2641312,2385328,3506485,2609352,2826043,2540347,2884436,3400158
STAT,(NULL),nPop,44,22394050,209616,620948,506135,652247,654736,655686,454803,458883,430823,454583,467407,443605,417555,493637,434241,412480,465175,446736,463741,462593,498335,459446,514848,479413,415438,685446,552306,556298,511023,677415,677233,549116,521257,557596,503115,426099,488838,439928,643937,480636,522243,468253,535076,625125
STAT,(NULL),nPush,44,22394043,211604,625838,507301,655563,659662,655409,454170,455499,428122,455607,466170,444537,416300,493933,433968,410805,463611,446356,462221,460199,497690,457146,513856,481004,408822,688198,548346,557576,511540,678494,681879,551001,521511,558543,504039,423471,487308,438925,647778,480064,521351,468807,531472,628347
STAT,(NULL),nPushInit,44,7,1,1,1,1,0,1,1,1,0,0,0,0,0,0,0,0,0,0,0,0,0,0,0,0,0,0,0,0,0,0,0,0,0,0,0,0,0,0,0,0,0,0,0,0
==== BENCHMARK TOOK 23.485
==== BENCHMARK START ===
==== PARAMS kernel=4.9.5-64-net1 malloc=libc hostname=rack-castor threads=44 delta=4 prog=sssp-klsm256  ===
ERROR: ld.so: object '/specific/disk1/home/adamx/malloc/lib64/libjemalloc.so' from LD_PRELOAD cannot be preloaded (cannot open shared object file): ignored.
Galois Benchmark Suite v2.2.1 (r0)
Copyright (C) 2014 The University of Texas at Austin
http://iss.ices.utexas.edu/galois/

application: Single Source Shortest Path
Computes the shortest path from a source node to all nodes in a directed graph using a modified chaotic iteration algorithm
http://iss.ices.utexas.edu/?p=projects/galois/benchmarks/single_source_shortest_path

INFO: CommandLine ./build/debug/apps/sssp/sssp -noverify -t 44 -delta 4 -wl klsm256 -startNode 0 /specific/disk1/home/mad/Galois-PQ/inputs/planar10M.gr
INFO: Hostname rack-castor
Read 10000000 nodes
Running Asynchronous with CAS version
INFO: Using delta-step of 1
WARNING: Performance varies considerably due to delta parameter.
WARNING: Do not expect the default to be good for your graph.
Node 1 has distance 7300
STATTYPE,LOOP,CATEGORY,n,sum,T0,T1,T2,T3,T4,T5,T6,T7,T8,T9,T10,T11,T12,T13,T14,T15,T16,T17,T18,T19,T20,T21,T22,T23,T24,T25,T26,T27,T28,T29,T30,T31,T32,T33,T34,T35,T36,T37,T38,T39,T40,T41,T42,T43
STAT,(NULL),BadWork,44,775077069,32296784,19270426,16966902,16808681,15802870,17536045,15861622,15551073,16347053,16155709,20636466,13247707,17060077,14271273,17310950,16395213,15592615,14689594,16758158,23725760,17253125,17369048,15717852,16048340,15419848,20849121,30331644,16801950,16214930,17629477,18971965,17021962,15157765,14964269,18972714,16148779,15538232,15935251,17340946,17949151,15477643,20696064,15902658,19079357
STAT,(NULL),BarrierTime,44,13158434,780085,507966,654818,638301,617207,619757,415240,372357,523084,296738,420334,338520,476546,319365,340029,432234,296241,430432,221907,352748,214668,348849,215735,75122,75849,215594,215470,215001,69855,215515,215173,214947,73141,215268,215694,64010,126583,207534,205969,210798,191243,71233,22155,209119
STAT,(NULL),ConflictTime,44,0,0,0,0,0,0,0,0,0,0,0,0,0,0,0,0,0,0,0,0,0,0,0,0,0,0,0,0,0,0,0,0,0,0,0,0,0,0,0,0,0,0,0,0,0
STAT,(NULL),Conflicts,44,0,0,0,0,0,0,0,0,0,0,0,0,0,0,0,0,0,0,0,0,0,0,0,0,0,0,0,0,0,0,0,0,0,0,0,0,0,0,0,0,0,0,0,0,0
STAT,(NULL),EmptyPopTime,44,18140757384,2105416950,139506867,461779513,144751323,123893155,110594585,553679680,551308996,540394633,474608151,478057805,331174134,544337908,460971862,484294072,529329756,478339318,461199998,380937134,402111807,427092532,344811407,457121828,475199509,521909773,110314905,356859869,241880406,390246763,136372513,118900211,346628421,282216858,316765001,316538744,699894912,289117982,536154102,144946076,357834826,332696299,706893715,345507616,128165469
STAT,(NULL),EmptyWork,44,4418413786,82918690,119333551,94085851,124942028,124415491,129073766,88263741,94173489,92060593,93590711,95755570,95629312,98364877,89126301,91347855,86784291,86804308,94496217,96015674,94325753,92275361,94525041,87105553,92581781,89774652,126621635,100533073,110569622,95381408,123975863,126395469,99928109,104674221,99105131,102105807,87662528,98979374,91284529,120535200,94476424,95203688,90523009,100792925,121895314
STAT,(NULL),GaloisTime,44,16382128234,331286696,431716480,349088254,440999845,438022067,446936907,336714308,334230446,340821181,338257461,362820873,355679187,358294418,348791132,337788660,329465494,331150545,347432443,353249256,362984793,342450524,356881638,341673076,341059016,338131572,453894467,383588486,400271160,349206522,435610967,453138022,376709115,398877284,371289635,390692680,334642338,371979545,349453222,436619795,364403041,367463868,352010260,367213936,429137619
STAT,(NULL),InitPushTime,44,2602848,5196,115144,105240,18844,19253,19633,23728,64786,44288,61576,65479,38612,41504,44952,39196,35831,35100,37228,63858,50428,50504,37564,63133,99367,99169,98633,98699,98348,98897,98406,97519,58527,57566,57912,56342,56078,57141,57222,56812,55536,55154,54450,55015,54978
STAT,(NULL),Iterations,44,22385623,241758,656015,469471,677914,673968,680773,430364,439429,434929,429419,486673,473606,486097,456571,458223,432128,435797,453860,468379,481095,456472,487369,442459,448751,444714,693606,521274,565730,456941,665271,692770,502342,562918,499126,536237,416853,526784,477833,662275,475393,494476,443819,492557,653184
STAT,(NULL),LoopTime,44,33232964523,33232964523,0,0,0,0,0,0,0,0,0,0,0,0,0,0,0,0,0,0,0,0,0,0,0,0,0,0,0,0,0,0,0,0,0,0,0,0,0,0,0,0,0,0,0
STAT,(NULL),MeminfoPost,44,968,22,22,22,22,22,22,22,22,22,22,22,22,22,22,22,22,22,22,22,22,22,22,22,22,22,22,22,22,22,22,22,22,22,22,22,22,22,22,22,22,22,22,22,22
STAT,(NULL),MeminfoPre,44,968,22,22,22,22,22,22,22,22,22,22,22,22,22,22,22,22,22,22,22,22,22,22,22,22,22,22,22,22,22,22,22,22,22,22,22,22,22,22,22,22,22,22,22,22
STAT,(NULL),NumaPost,44,14797,8504,5468,664,161,0,0,0,0,0,0,0,0,0,0,0,0,0,0,0,0,0,0,0,0,0,0,0,0,0,0,0,0,0,0,0,0,0,0,0,0,0,0,0,0
STAT,(NULL),PopTime,44,732188642591,14109304088,16739951089,16241099113,16864495193,16750904213,16846596270,16540013045,16512800835,16755657882,16860438676,16830708241,16759473995,16847336957,16884883984,16305002641,16137577069,16426651509,16817790997,16748850822,16736610366,16351823994,16545149113,16480213672,16664950357,17034117013,16921465828,16679381454,16861287325,16341595117,16880237931,16914003544,16630175436,16921914657,16927422551,16632537992,17032477093,16543512631,16115452876,16874055171,16800360286,16886712375,17086145409,16469729128,16877774653
STAT,(NULL),PushTime,44,603152352467,14846529431,13394940275,14233163243,13194525377,13332234522,13218363059,13943729757,13957438668,13730171696,13689589165,13523820092,13791952343,13461390232,13598193457,14185286892,14398859493,14131520336,13674288230,13771953594,13710614483,14181943776,13961992795,14077770134,13864869182,13445003071,13118803450,13673755952,13466668793,14219275851,13237739139,13126165071,13799153672,13382805124,13548779155,13714364083,13365366821,13897271036,14266082116,13247475484,13702627056,13597188859,13189737129,14001547991,13277402382
STAT,(NULL),RusageSys,44,508000,508000,0,0,0,0,0,0,0,0,0,0,0,0,0,0,0,0,0,0,0,0,0,0,0,0,0,0,0,0,0,0,0,0,0,0,0,0,0,0,0,0,0,0,0
STAT,(NULL),RusageUser,44,653208000,653208000,0,0,0,0,0,0,0,0,0,0,0,0,0,0,0,0,0,0,0,0,0,0,0,0,0,0,0,0,0,0,0,0,0,0,0,0,0,0,0,0,0,0,0
STAT,(NULL),Threads,44,44,44,0,0,0,0,0,0,0,0,0,0,0,0,0,0,0,0,0,0,0,0,0,0,0,0,0,0,0,0,0,0,0,0,0,0,0,0,0,0,0,0,0,0,0
STAT,(NULL),Time,44,33463961800,33463961800,0,0,0,0,0,0,0,0,0,0,0,0,0,0,0,0,0,0,0,0,0,0,0,0,0,0,0,0,0,0,0,0,0,0,0,0,0,0,0,0,0,0,0
STAT,(NULL),TotalTime,44,48748479918,48748479918,0,0,0,0,0,0,0,0,0,0,0,0,0,0,0,0,0,0,0,0,0,0,0,0,0,0,0,0,0,0,0,0,0,0,0,0,0,0,0,0,0,0,0
STAT,(NULL),UserTime,44,81736895506,1615888489,2265896835,1712128747,2321631484,2321876948,2339783331,1628944583,1641391376,1632236717,1634859644,1800180957,1757436003,1781620940,1709377631,1687626849,1609328474,1636879016,1696138185,1740337000,1784700904,1695760241,1787987672,1647460361,1652684420,1662409586,2360245107,1897226122,2010668052,1695640097,2277409292,2352742965,1838750666,2000856791,1827983918,1935106048,1571301640,1890483908,1732917642,2267714105,1771643687,1812079773,1666036202,1806554006,2256969092
STAT,(NULL),Work,44,1456025579707,33091457964,33091590010,33091446568,33091438057,33091442218,33091440964,33091634034,33091585506,33091439690,33091438760,33091437194,33091585538,33091438900,33091590633,33091586216,33091440058,33091505364,33091438790,33091584311,33091441454,33091440080,33091469733,33091437534,33091580008,33091579895,33091435770,33091434484,33091435814,33091586670,33091435876,33091435972,33091436026,33091581680,33091438739,33091436054,33091590170,33091527796,33091434414,33091435756,33091438701,33091455455,33091508144,33091628293,33091434414
STAT,(NULL),nBad,44,1392068,60018,34269,30377,30265,28602,31333,28300,27625,29335,28648,36109,23788,31245,25688,30975,29822,27883,26011,30197,42793,31038,31647,28764,28960,28025,37535,55574,30204,29396,31571,34407,30370,27499,26771,31936,28705,27616,28769,31786,32621,27993,34824,28227,34547
STAT,(NULL),nEmpty,44,12270286,130107,358921,258599,371972,368639,372232,236681,241427,240205,235373,266449,260038,266599,250238,251565,237300,238781,249327,256649,263307,250298,267220,243694,246600,243127,379347,284519,309495,250984,364229,378956,275852,308291,273422,293608,229526,288151,262616,362780,260373,271317,244316,270654,356502
STAT,(NULL),nEmptyPop,44,113336,1410,2727,2632,2764,2742,2778,2232,2393,2388,2280,2515,2486,2542,2280,2562,2558,2515,2473,2361,2309,2467,2342,2595,2644,2171,2933,2652,2754,2569,2904,2937,2755,2685,2644,2682,2521,2765,2779,2944,2709,2611,2655,2776,2895
STAT,(NULL),nOverall,44,121391856,1339876,3565701,2530169,3671501,3663526,3703449,2322934,2376863,2337271,2328894,2644105,2563558,2636357,2475246,2481507,2337254,2363781,2455159,2541973,2614151,2474600,2643723,2385616,2424430,2420965,3772101,2840070,3075772,2473524,3612079,3765293,2717394,3054165,2709259,2911370,2247791,2862396,2580695,3595084,2580165,2677827,2392500,2663079,3558683
STAT,(NULL),nPop,44,22385623,241758,656015,469471,677914,673968,680773,430364,439429,434929,429419,486673,473606,486097,456571,458223,432128,435797,453860,468379,481095,456472,487369,442459,448751,444714,693606,521274,565730,456941,665271,692770,502342,562918,499126,536237,416853,526784,477833,662275,475393,494476,443819,492557,653184
STAT,(NULL),nPush,44,22385616,243056,658714,466604,679586,676364,683860,427507,437979,429193,426174,488344,473826,487359,457522,459444,429745,436441,453744,467390,480716,455755,485821,441977,443557,446904,696832,521583,567100,457259,667782,696517,500107,562608,501348,537742,413240,527888,475276,665155,475719,493966,439503,490247,658162
STAT,(NULL),nPushInit,44,7,0,1,1,1,1,1,1,1,0,0,0,0,0,0,0,0,0,0,0,0,0,0,0,0,0,0,0,0,0,0,0,0,0,0,0,0,0,0,0,0,0,0,0,0
==== BENCHMARK TOOK 23.059
==== BENCHMARK START ===
==== PARAMS kernel=4.9.5-64-net1 malloc=libc hostname=rack-castor threads=44 delta=4 prog=sssp-klsm256  ===
ERROR: ld.so: object '/specific/disk1/home/adamx/malloc/lib64/libjemalloc.so' from LD_PRELOAD cannot be preloaded (cannot open shared object file): ignored.
Galois Benchmark Suite v2.2.1 (r0)
Copyright (C) 2014 The University of Texas at Austin
http://iss.ices.utexas.edu/galois/

application: Single Source Shortest Path
Computes the shortest path from a source node to all nodes in a directed graph using a modified chaotic iteration algorithm
http://iss.ices.utexas.edu/?p=projects/galois/benchmarks/single_source_shortest_path

INFO: CommandLine ./build/debug/apps/sssp/sssp -noverify -t 44 -delta 4 -wl klsm256 -startNode 0 /specific/disk1/home/mad/Galois-PQ/inputs/planar10M.gr
INFO: Hostname rack-castor
Read 10000000 nodes
Running Asynchronous with CAS version
INFO: Using delta-step of 1
WARNING: Performance varies considerably due to delta parameter.
WARNING: Do not expect the default to be good for your graph.
Node 1 has distance 7300
STATTYPE,LOOP,CATEGORY,n,sum,T0,T1,T2,T3,T4,T5,T6,T7,T8,T9,T10,T11,T12,T13,T14,T15,T16,T17,T18,T19,T20,T21,T22,T23,T24,T25,T26,T27,T28,T29,T30,T31,T32,T33,T34,T35,T36,T37,T38,T39,T40,T41,T42,T43
STAT,(NULL),BadWork,44,893569260,24476837,18427006,14613590,16531967,19539657,20123092,26956792,17696148,27932668,15548345,15758539,14978636,16349147,30144164,16955740,28419176,45311987,19889115,19124378,14010577,16097606,13973567,20933654,18945663,18334867,18976393,18349535,16612865,17234316,20460252,21871180,17293367,17775708,15563137,17261480,41582578,15936720,24142461,15940311,22704143,15524685,20693706,16962657,27610848
STAT,(NULL),BarrierTime,44,11799794,699326,695943,466203,452278,591408,420073,559405,476187,477735,461597,479340,197564,414729,428837,287260,318291,181357,178488,140604,339113,166909,209783,175025,199698,64842,28748,172979,61928,198432,197775,65826,198325,197249,197970,193247,199733,64192,199673,182745,67006,199301,32881,197801,61988
STAT,(NULL),ConflictTime,44,0,0,0,0,0,0,0,0,0,0,0,0,0,0,0,0,0,0,0,0,0,0,0,0,0,0,0,0,0,0,0,0,0,0,0,0,0,0,0,0,0,0,0,0,0
STAT,(NULL),Conflicts,44,0,0,0,0,0,0,0,0,0,0,0,0,0,0,0,0,0,0,0,0,0,0,0,0,0,0,0,0,0,0,0,0,0,0,0,0,0,0,0,0,0,0,0,0,0
STAT,(NULL),EmptyPopTime,44,17289084646,2060448901,148095609,442288404,127407930,135076255,170448576,474893992,494768931,411142841,479867736,386775994,346498457,421289202,413439143,547595035,483373590,442476107,573815920,387458516,347898038,348332083,457036740,534809846,518851729,576566882,151764045,427257105,229851368,341437224,139094524,122526636,249595734,343645694,266867992,318617726,454896960,396332202,368245476,144344465,345453081,277594110,539464858,311097111,130341878
STAT,(NULL),EmptyWork,44,4524831852,220815853,116549953,92267563,120304032,117655288,123256963,91282439,96777257,99778468,90294477,92861378,91563046,97601523,93365207,84116713,95594305,83470628,93936792,93699742,93469610,93893833,87176605,96206508,90128667,86557844,119297618,97272234,103777323,100629932,117579499,123561436,108625032,99553624,103180149,102391392,87414829,98770461,90984468,114200832,102361671,102999860,88979961,107614654,113012183
STAT,(NULL),GaloisTime,44,16290567513,339760532,413119426,336738599,424800795,427103113,429353485,357825397,352874947,374043234,352102206,353434623,346280163,347618590,355974435,319011162,349394822,321806199,345301432,347637411,342761271,342276220,319870615,361911488,340372199,330915749,435557194,369968400,397435960,378415856,430613576,443127403,389679126,379020776,382903377,380433353,341524820,360718087,343245934,422544503,371054186,386819624,342468864,383701197,419047164
STAT,(NULL),InitPushTime,44,2586145,29428,22604,53762,21740,2848,22064,3592,64768,43584,44974,42380,94703,34945,38164,39748,66508,85911,77538,104317,78247,102248,74060,133261,62025,61483,70458,75137,70319,76428,74968,76435,58520,58307,58168,57075,56907,57428,57610,56936,56400,55316,54538,55213,55080
STAT,(NULL),Iterations,44,22404972,221556,631316,454176,641828,644523,646861,494695,493502,518746,469385,482743,451718,461063,476714,415264,483499,408468,458194,454977,451286,471090,420586,484133,444774,425138,654589,510253,571863,516047,654153,664792,544812,519656,531419,528127,436071,490938,465937,638237,512665,541013,436983,554028,627154
STAT,(NULL),LoopTime,44,32946305708,32946305708,0,0,0,0,0,0,0,0,0,0,0,0,0,0,0,0,0,0,0,0,0,0,0,0,0,0,0,0,0,0,0,0,0,0,0,0,0,0,0,0,0,0,0
STAT,(NULL),MeminfoPost,44,968,22,22,22,22,22,22,22,22,22,22,22,22,22,22,22,22,22,22,22,22,22,22,22,22,22,22,22,22,22,22,22,22,22,22,22,22,22,22,22,22,22,22,22,22
STAT,(NULL),MeminfoPre,44,968,22,22,22,22,22,22,22,22,22,22,22,22,22,22,22,22,22,22,22,22,22,22,22,22,22,22,22,22,22,22,22,22,22,22,22,22,22,22,22,22,22,22,22,22
STAT,(NULL),NumaPost,44,14773,8540,5435,637,161,0,0,0,0,0,0,0,0,0,0,0,0,0,0,0,0,0,0,0,0,0,0,0,0,0,0,0,0,0,0,0,0,0,0,0,0,0,0,0,0
STAT,(NULL),PopTime,44,724388596994,14473061527,16488737744,16167617316,16757642298,16625814408,16720918910,16121378775,16360909006,16773719552,16491646929,16327708222,16556681471,16792203715,16605732581,16024969039,16264196131,16332648553,16380046855,16484021880,16587984834,16375488780,16108943707,16360345760,16318709016,16577508942,16802840605,16696550247,16459515771,16629216200,16589850751,16801786612,16644798756,16601941025,16530609243,16543681649,17056887020,16265151243,15976134303,16712704856,16651980964,16684242732,17033417508,16021282534,16607369024
STAT,(NULL),PushTime,44,599372314723,14041543368,13463368773,14101784120,13148415853,13273892908,13118817992,13969771322,13729039224,13282585687,13668299441,13876420140,13762010734,13428414712,13566905869,14268577312,13844212691,14052010440,13714997756,13792649730,13753721165,13915515994,14252250302,13696439491,13894675924,13633582185,13044320858,13382753429,13607168395,13500167440,13296360102,13021534981,13455566708,13513088572,13613669328,13569452647,13217026593,13894411252,14334052091,13204285242,13500937539,13412038019,13167324522,14035245179,13353008693
STAT,(NULL),RusageSys,44,616000,616000,0,0,0,0,0,0,0,0,0,0,0,0,0,0,0,0,0,0,0,0,0,0,0,0,0,0,0,0,0,0,0,0,0,0,0,0,0,0,0,0,0,0,0
STAT,(NULL),RusageUser,44,647336000,647336000,0,0,0,0,0,0,0,0,0,0,0,0,0,0,0,0,0,0,0,0,0,0,0,0,0,0,0,0,0,0,0,0,0,0,0,0,0,0,0,0,0,0,0
STAT,(NULL),Threads,44,44,44,0,0,0,0,0,0,0,0,0,0,0,0,0,0,0,0,0,0,0,0,0,0,0,0,0,0,0,0,0,0,0,0,0,0,0,0,0,0,0,0,0,0,0
STAT,(NULL),Time,44,33224908458,33224908458,0,0,0,0,0,0,0,0,0,0,0,0,0,0,0,0,0,0,0,0,0,0,0,0,0,0,0,0,0,0,0,0,0,0,0,0,0,0,0,0,0,0,0
STAT,(NULL),TotalTime,44,48520678736,48520678736,0,0,0,0,0,0,0,0,0,0,0,0,0,0,0,0,0,0,0,0,0,0,0,0,0,0,0,0,0,0,0,0,0,0,0,0,0,0,0,0,0,0,0
STAT,(NULL),UserTime,44,81252169053,1662495303,2168256960,1657432194,2219557781,2218586387,2235332518,1782970934,1763759272,1856858417,1715917752,1760925015,1695090303,1711001628,1762708232,1553857563,1761357718,1565712805,1690027116,1692657165,1672291185,1722620856,1572849893,1748413081,1635388153,1592994448,2244345126,1824325060,2000376836,1848259304,2224627611,2285588777,1949860792,1860876185,1900895397,1883549400,1640375989,1782742947,1685463642,2200045881,1826338796,1934431302,1626470999,1939185274,2175347056
STAT,(NULL),Work,44,1443124219687,32798267876,32798227290,32798366738,32798362910,32798224928,32798362312,32798215188,32798225157,32798230090,32798245285,32798218434,32798361798,32798243137,32798218087,32798363580,32798257474,32798361358,32798384901,32798363940,32798218228,32798367977,32798356977,32798242598,32798216522,32798224618,32798393390,32798243500,32798361722,32798219926,32798217971,32798356242,32798219513,32798223650,32798217798,32798228422,32798218044,32798357734,32798219908,32798215555,32798215358,32798215261,32798389524,32798218197,32798360569
STAT,(NULL),nBad,44,1633224,44297,33455,26285,29473,35326,37023,50772,32276,50964,28203,28203,26954,29434,55315,30750,53158,82320,36442,34460,24985,28708,24998,38467,35344,33649,34371,33424,30217,31179,37405,39575,31679,31946,27869,31297,76949,29033,45114,29085,41450,27608,37646,30946,55170
STAT,(NULL),nEmpty,44,12269476,119677,345236,249850,350813,353156,353133,269322,270460,283615,258223,264644,247630,253009,260815,228101,264425,222234,251635,249219,247515,257125,231153,265510,245103,233435,358496,279891,314186,283546,357496,361990,298078,284971,291021,290030,237517,269688,255520,349949,281197,296274,239184,303127,342277
STAT,(NULL),nEmptyPop,44,101865,983,2534,2207,2428,2424,2484,2297,2309,2228,2184,2265,2160,1862,2105,2312,2088,1940,2180,2117,2099,2188,2134,2328,2551,2331,2685,2309,2546,2515,2588,2587,2396,2414,2508,2543,2232,2344,2589,2778,2413,2370,2164,2577,2569
STAT,(NULL),nOverall,44,121633012,1223061,3432075,2449729,3490887,3494966,3524165,2705046,2677592,2820100,2536537,2617849,2448320,2498120,2592229,2244598,2628368,2236362,2479386,2468598,2444491,2566832,2274220,2626119,2395920,2301605,3554651,2765236,3091809,2790435,3559775,3635479,2961865,2815284,2886205,2855599,2383337,2652593,2526800,3460629,2776482,2936682,2373148,3011506,3418322
STAT,(NULL),nPop,44,22404972,221556,631316,454176,641828,644523,646861,494695,493502,518746,469385,482743,451718,461063,476714,415264,483499,408468,458194,454977,451286,471090,420586,484133,444774,425138,654589,510253,571863,516047,654153,664792,544812,519656,531419,528127,436071,490938,465937,638237,512665,541013,436983,554028,627154
STAT,(NULL),nPush,44,22404966,223280,633622,451867,644878,644301,651260,496309,495366,518290,469864,483152,450608,459931,475175,413197,481999,406262,457770,452058,450733,472239,418251,484026,440093,423404,657574,508825,571532,512573,658664,670470,545237,519923,532782,529040,434226,487744,465132,639184,512620,540720,436014,555508,629263
STAT,(NULL),nPushInit,44,6,1,1,1,1,0,1,0,1,0,0,0,0,0,0,0,0,0,0,0,0,0,0,0,0,0,0,0,0,0,0,0,0,0,0,0,0,0,0,0,0,0,0,0,0
==== BENCHMARK TOOK 23.018
==== BENCHMARK START ===
==== PARAMS kernel=4.9.5-64-net1 malloc=libc hostname=rack-castor threads=44 delta=4 prog=sssp-klsm256  ===
ERROR: ld.so: object '/specific/disk1/home/adamx/malloc/lib64/libjemalloc.so' from LD_PRELOAD cannot be preloaded (cannot open shared object file): ignored.
Galois Benchmark Suite v2.2.1 (r0)
Copyright (C) 2014 The University of Texas at Austin
http://iss.ices.utexas.edu/galois/

application: Single Source Shortest Path
Computes the shortest path from a source node to all nodes in a directed graph using a modified chaotic iteration algorithm
http://iss.ices.utexas.edu/?p=projects/galois/benchmarks/single_source_shortest_path

INFO: CommandLine ./build/debug/apps/sssp/sssp -noverify -t 44 -delta 4 -wl klsm256 -startNode 0 /specific/disk1/home/mad/Galois-PQ/inputs/planar10M.gr
INFO: Hostname rack-castor
Read 10000000 nodes
Running Asynchronous with CAS version
INFO: Using delta-step of 1
WARNING: Performance varies considerably due to delta parameter.
WARNING: Do not expect the default to be good for your graph.
Node 1 has distance 7300
STATTYPE,LOOP,CATEGORY,n,sum,T0,T1,T2,T3,T4,T5,T6,T7,T8,T9,T10,T11,T12,T13,T14,T15,T16,T17,T18,T19,T20,T21,T22,T23,T24,T25,T26,T27,T28,T29,T30,T31,T32,T33,T34,T35,T36,T37,T38,T39,T40,T41,T42,T43
STAT,(NULL),BadWork,44,764447992,30667753,17109879,13914337,16893282,16245440,20814600,16359032,16957858,19021018,15607073,14316084,15669925,16322341,17245599,14775273,17296194,16259453,16696942,14024174,18593647,14499766,18237375,15602713,18819272,17458186,19930756,14729507,15779731,16704029,15579277,17253548,18512240,16019515,18872483,14972431,21764157,15104399,21872530,16019764,13446185,25440065,20086038,15774045,17180076
STAT,(NULL),BarrierTime,44,13458551,736450,687332,581314,592638,592538,617559,596018,343380,312912,327462,455108,477888,408135,493839,463004,247256,310616,344352,318251,291192,254156,262607,194429,221528,63118,220340,219868,221694,119435,221675,220592,206888,96382,180019,187717,221603,200677,204230,206467,108651,105000,142722,64952,116557
STAT,(NULL),ConflictTime,44,0,0,0,0,0,0,0,0,0,0,0,0,0,0,0,0,0,0,0,0,0,0,0,0,0,0,0,0,0,0,0,0,0,0,0,0,0,0,0,0,0,0,0,0,0
STAT,(NULL),Conflicts,44,0,0,0,0,0,0,0,0,0,0,0,0,0,0,0,0,0,0,0,0,0,0,0,0,0,0,0,0,0,0,0,0,0,0,0,0,0,0,0,0,0,0,0,0,0
STAT,(NULL),EmptyPopTime,44,16462491454,1401712904,135615747,370783060,128090418,155209449,117272277,525477583,540859589,316188860,574162074,474965632,340211463,347099609,550867241,453613286,378394656,546301222,396125324,289388621,415586748,429540832,444470073,433000968,387560385,658877436,118494908,365986087,250434914,283811481,130164349,114516949,253454922,298580163,356966264,345592283,594945790,333435812,412574661,134158153,292073217,350827440,586721236,285051378,143325990
STAT,(NULL),EmptyWork,44,4548760379,175356751,120936546,99426056,119977160,123319101,126260121,85628146,84330700,104346440,86672812,87111251,96485118,98909372,86687884,83578791,90662365,89513066,98971326,106416574,98394168,92243399,92342984,99934065,93171046,86191528,126690783,97193029,107643696,102018671,116855331,127871392,105873620,106837441,108292720,99500162,92520898,97103923,96171265,118621955,102471505,108018509,92116579,99540484,116551646
STAT,(NULL),GaloisTime,44,16378389533,275015668,420318112,359263552,433887810,433704475,438148362,328642317,325322089,383391766,328200923,335318481,366423370,362199375,331963704,321578489,325463199,330440142,359328201,380310452,366428606,331185484,346115967,356062964,352414003,344598266,454360697,369498541,392167577,387131475,428139674,457620422,403676074,386964059,397773509,368107947,356510701,359170141,351315666,426265154,370847221,391283995,351036621,372832067,417962215
STAT,(NULL),InitPushTime,44,3037371,62833,51769,53868,21188,20704,20164,21652,62220,39536,39560,39164,43988,43812,44003,42148,74104,72352,74380,73307,102754,67181,94358,121814,126478,126830,126068,125964,125803,125965,125840,125650,59246,59180,58395,57567,56642,57948,58014,57186,55726,54978,55352,55756,55924
STAT,(NULL),Iterations,44,22381186,251219,626254,479805,652594,649792,653807,417240,408934,537281,413633,433151,501698,499891,429547,406640,424961,414690,478313,529815,488846,441495,479651,474825,473060,430771,684001,493281,537601,540748,631748,682729,567238,528439,564017,486238,467005,480978,476172,632701,494928,538676,442082,512240,622451
STAT,(NULL),LoopTime,44,33151916728,33151916728,0,0,0,0,0,0,0,0,0,0,0,0,0,0,0,0,0,0,0,0,0,0,0,0,0,0,0,0,0,0,0,0,0,0,0,0,0,0,0,0,0,0,0
STAT,(NULL),MeminfoPost,44,968,22,22,22,22,22,22,22,22,22,22,22,22,22,22,22,22,22,22,22,22,22,22,22,22,22,22,22,22,22,22,22,22,22,22,22,22,22,22,22,22,22,22,22,22
STAT,(NULL),MeminfoPre,44,968,22,22,22,22,22,22,22,22,22,22,22,22,22,22,22,22,22,22,22,22,22,22,22,22,22,22,22,22,22,22,22,22,22,22,22,22,22,22,22,22,22,22,22,22
STAT,(NULL),NumaPost,44,14749,8571,5382,635,161,0,0,0,0,0,0,0,0,0,0,0,0,0,0,0,0,0,0,0,0,0,0,0,0,0,0,0,0,0,0,0,0,0,0,0,0,0,0,0,0
STAT,(NULL),PopTime,44,730945155494,13438784272,16704077479,16696452902,16840414928,16787630773,16891041331,16314461200,16484231541,16771206387,16656520169,16611874510,16613512393,16681868103,16473261082,16292972336,16256742073,16252214753,16962985796,16954088224,16962224631,16230033731,16259408107,16714246501,16673160090,16764429159,17030939984,16726231805,16813591225,16648266349,16904005453,16983819400,16778166863,16849992741,16797751777,16683144466,16730846544,16537177708,16004967461,16752527827,16963559301,16844759263,17224207441,16554295635,16829061780
STAT,(NULL),PushTime,44,602812018065,16075035252,13464454501,13739237836,13236749732,13273064410,13187919460,14187722916,14029757409,13517456648,13793244765,13896052520,13779309322,13725680755,13970144472,14310578492,14383090647,14220934296,13430344618,13388683804,13374296533,14289464265,14133401052,13670312322,13793403794,13535202084,12943100131,13655999658,13521801601,13666728207,13232100550,12991510160,13475352682,13455600413,13365059732,13716973930,13536331303,13912449706,14426898169,13379000442,13475022071,13377201240,13098238751,13848173134,13328934280
STAT,(NULL),RusageSys,44,472000,472000,0,0,0,0,0,0,0,0,0,0,0,0,0,0,0,0,0,0,0,0,0,0,0,0,0,0,0,0,0,0,0,0,0,0,0,0,0,0,0,0,0,0,0
STAT,(NULL),RusageUser,44,651208000,651208000,0,0,0,0,0,0,0,0,0,0,0,0,0,0,0,0,0,0,0,0,0,0,0,0,0,0,0,0,0,0,0,0,0,0,0,0,0,0,0,0,0,0,0
STAT,(NULL),Threads,44,44,44,0,0,0,0,0,0,0,0,0,0,0,0,0,0,0,0,0,0,0,0,0,0,0,0,0,0,0,0,0,0,0,0,0,0,0,0,0,0,0,0,0,0,0
STAT,(NULL),Time,44,33413349124,33413349124,0,0,0,0,0,0,0,0,0,0,0,0,0,0,0,0,0,0,0,0,0,0,0,0,0,0,0,0,0,0,0,0,0,0,0,0,0,0,0,0,0,0,0
STAT,(NULL),TotalTime,44,48096596234,48096596234,0,0,0,0,0,0,0,0,0,0,0,0,0,0,0,0,0,0,0,0,0,0,0,0,0,0,0,0,0,0,0,0,0,0,0,0,0,0,0,0,0,0,0
STAT,(NULL),UserTime,44,81333156225,1645002799,2165509002,1745742702,2251791370,2237980825,2250266687,1568975996,1546406600,1918318531,1572106490,1605588970,1814969953,1795151277,1597983812,1548588116,1576555468,1571504607,1763152343,1892023614,1793975552,1638438839,1735168472,1737352360,1711198789,1621609934,2337321689,1795999052,1925269357,1922951852,2199642171,2335570046,1994383713,1912933203,1985064940,1797589583,1699752395,1771571158,1718980491,2200334772,1806935267,1938817132,1658587786,1851015928,2175072582
STAT,(NULL),Work,44,1452485573093,33011023508,33011003431,33011112095,33011003525,33011005028,33011008701,33011024928,33011111368,33011149775,33011133158,33011010080,33011020358,33011006460,33011009001,33011028642,33011104904,33011006470,33011006828,33011009926,33011009140,33011003256,33010999129,33011027684,33010996510,33011158972,33010998493,33011003384,33010996399,33011105440,33010995326,33011000736,33011000614,33011107501,33011026474,33011020245,33010996176,33011006051,33011002511,33010997095,33011104556,33011105481,33011028615,33011108688,33010996431
STAT,(NULL),nBad,44,1354836,55483,30333,23941,30171,28527,37563,28639,30215,33423,27514,25196,27802,29750,30023,26104,30430,28799,30240,24536,32334,25154,32236,27505,33734,30443,33969,25691,28118,29183,27756,30785,32941,28840,33893,26385,39045,26826,39320,28312,23659,47116,34679,27750,30473
STAT,(NULL),nEmpty,44,12268844,135899,342892,263997,357493,356133,358124,228894,224935,293956,225776,238269,274948,273353,235562,222946,233974,228138,263214,290584,268979,242257,263313,260701,259483,236329,374986,271115,294083,295940,345427,373103,310184,289488,308522,266657,256902,264071,260083,347042,271761,294409,243229,281635,340058
STAT,(NULL),nEmptyPop,44,102420,1100,2444,2433,2533,2447,2658,2100,2204,2116,1837,2124,2322,2309,2187,2069,2298,2143,2238,2177,2237,2098,2186,2458,2508,2071,2607,2675,2629,2498,2444,2699,2479,2522,2319,2276,2583,2392,2511,2544,2358,2317,2250,2530,2490
STAT,(NULL),nOverall,44,121354624,1384547,3398311,2588285,3540273,3524845,3549419,2260891,2205933,2920067,2253858,2339314,2723072,2717502,2328205,2205030,2291766,2240189,2579316,2873022,2637256,2390852,2596676,2568261,2563520,2333897,3707203,2663353,2923812,2937787,3437090,3717675,3085839,2867528,3066875,2634319,2521817,2604420,2592772,3432444,2677025,2930550,2386131,2764814,3388863
STAT,(NULL),nPop,44,22381186,251219,626254,479805,652594,649792,653807,417240,408934,537281,413633,433151,501698,499891,429547,406640,424961,414690,478313,529815,488846,441495,479651,474825,473060,430771,684001,493281,537601,540748,631748,682729,567238,528439,564017,486238,467005,480978,476172,632701,494928,538676,442082,512240,622451
STAT,(NULL),nPush,44,22381178,251866,627224,476292,654712,650285,655754,416309,406111,536572,415368,431696,503674,501209,429396,405746,421971,413835,474127,530112,484178,439792,479649,471473,472967,429970,685693,492041,539030,542530,634080,687635,569838,529303,567923,485291,464193,481319,478283,635066,494373,538408,438684,510263,626937
STAT,(NULL),nPushInit,44,8,1,1,1,1,1,1,1,1,0,0,0,0,0,0,0,0,0,0,0,0,0,0,0,0,0,0,0,0,0,0,0,0,0,0,0,0,0,0,0,0,0,0,0,0
==== BENCHMARK TOOK 22.908
==== BENCHMARK START ===
==== PARAMS kernel=4.9.5-64-net1 malloc=libc hostname=rack-castor threads=44 delta=4 prog=sssp-klsm256  ===
ERROR: ld.so: object '/specific/disk1/home/adamx/malloc/lib64/libjemalloc.so' from LD_PRELOAD cannot be preloaded (cannot open shared object file): ignored.
Galois Benchmark Suite v2.2.1 (r0)
Copyright (C) 2014 The University of Texas at Austin
http://iss.ices.utexas.edu/galois/

application: Single Source Shortest Path
Computes the shortest path from a source node to all nodes in a directed graph using a modified chaotic iteration algorithm
http://iss.ices.utexas.edu/?p=projects/galois/benchmarks/single_source_shortest_path

INFO: CommandLine ./build/debug/apps/sssp/sssp -noverify -t 44 -delta 4 -wl klsm256 -startNode 0 /specific/disk1/home/mad/Galois-PQ/inputs/planar10M.gr
INFO: Hostname rack-castor
Read 10000000 nodes
Running Asynchronous with CAS version
INFO: Using delta-step of 1
WARNING: Performance varies considerably due to delta parameter.
WARNING: Do not expect the default to be good for your graph.
Node 1 has distance 7300
STATTYPE,LOOP,CATEGORY,n,sum,T0,T1,T2,T3,T4,T5,T6,T7,T8,T9,T10,T11,T12,T13,T14,T15,T16,T17,T18,T19,T20,T21,T22,T23,T24,T25,T26,T27,T28,T29,T30,T31,T32,T33,T34,T35,T36,T37,T38,T39,T40,T41,T42,T43
STAT,(NULL),BadWork,44,1036570412,24287520,19945194,24220894,18603585,22572910,23538967,16384750,23756874,37005680,15230569,17116147,16721253,16394593,20034905,23425125,19576755,24550150,63941137,29339530,23642729,17761122,19518519,20515083,19833167,17141502,23018495,18313805,17583776,15828412,19332445,19571180,25484725,21464392,22880015,18534849,75162523,17615294,18097952,37212373,31610463,16913692,17595468,25494396,19797497
STAT,(NULL),BarrierTime,44,1182139728,582438,27834968,27606951,27815301,27802140,27817826,27610244,27670163,27664111,27670905,27663180,27697408,27672804,27464164,27661436,27613635,27428944,27496087,27542880,27538814,27561124,27395681,27455249,27461939,27250879,27283823,27246135,27462006,27276324,27260237,27462135,27462110,27462430,27462115,27285125,27203704,27331266,27411399,27413731,27227819,27244456,27210692,27240881,27214069
STAT,(NULL),ConflictTime,44,0,0,0,0,0,0,0,0,0,0,0,0,0,0,0,0,0,0,0,0,0,0,0,0,0,0,0,0,0,0,0,0,0,0,0,0,0,0,0,0,0,0,0,0,0
STAT,(NULL),Conflicts,44,0,0,0,0,0,0,0,0,0,0,0,0,0,0,0,0,0,0,0,0,0,0,0,0,0,0,0,0,0,0,0,0,0,0,0,0,0,0,0,0,0,0,0,0,0
STAT,(NULL),EmptyPopTime,44,16841605933,2131663934,147940984,394725575,161970292,152433810,120413082,358045904,455714813,377896122,406131500,455916729,306981478,341935619,502779829,428381491,382076395,510628066,451079455,399958948,369034168,429606972,462485244,418941328,413696168,620896554,132412464,302920788,264190465,356363338,147339355,115140884,285565832,309174030,348726035,333687899,534776453,289414195,364541752,137173624,358741067,393110308,544506159,262649240,159837585
STAT,(NULL),EmptyWork,44,4427450789,46188668,122257422,94319322,125196022,122938187,121264866,100844673,95982907,94776621,100243477,93128051,95985534,98466108,90673786,91614530,93248374,87900384,90325470,93902819,102020609,97679468,83790080,97070243,90768546,85001709,126567458,103369792,109235597,100252618,120401633,126720010,100653020,101480249,101634812,100110149,93509139,97117247,103920462,117251843,100183027,99634499,92828539,101195903,115796916
STAT,(NULL),GaloisTime,44,16469302889,368142050,425987602,353782349,435110217,434849813,440527954,360761221,363625910,361442075,371659212,341486978,364610053,361659640,341062713,337631305,343564931,330218308,354380495,352431142,363716426,349500271,323105544,356104473,352484866,314947006,447995192,382859205,404096748,367085399,425068236,450751288,365645321,375368561,367489199,371791037,359003138,364696601,373882234,417217269,375775866,370709943,354752733,376810035,415512330
STAT,(NULL),InitPushTime,44,2488209,4434,120026,117686,19563,2464,19400,21864,67968,39408,35941,39632,48820,34569,34366,39352,35685,39668,70744,55370,49417,39404,42443,78445,106575,106385,80990,79200,79794,77176,78599,77154,58417,57559,56892,56723,57911,57471,58117,58080,57288,56943,57317,56467,56482
STAT,(NULL),Iterations,44,22425532,229250,642175,474293,660339,663432,671545,500423,490678,483347,507388,437145,499080,494608,436927,452591,463385,428512,448860,462834,479677,466897,423878,475954,465343,387269,675625,519950,557837,498085,635460,677346,496397,511818,496097,502895,462987,494273,526366,626488,512465,506583,454427,510871,613732
STAT,(NULL),LoopTime,44,33206751422,33206751422,0,0,0,0,0,0,0,0,0,0,0,0,0,0,0,0,0,0,0,0,0,0,0,0,0,0,0,0,0,0,0,0,0,0,0,0,0,0,0,0,0,0,0
STAT,(NULL),MeminfoPost,44,968,22,22,22,22,22,22,22,22,22,22,22,22,22,22,22,22,22,22,22,22,22,22,22,22,22,22,22,22,22,22,22,22,22,22,22,22,22,22,22,22,22,22,22,22
STAT,(NULL),MeminfoPre,44,968,22,22,22,22,22,22,22,22,22,22,22,22,22,22,22,22,22,22,22,22,22,22,22,22,22,22,22,22,22,22,22,22,22,22,22,22,22,22,22,22,22,22,22,22
STAT,(NULL),NumaPost,44,14977,8643,5523,650,161,0,0,0,0,0,0,0,0,0,0,0,0,0,0,0,0,0,0,0,0,0,0,0,0,0,0,0,0,0,0,0,0,0,0,0,0,0,0,0,0
STAT,(NULL),PopTime,44,727803069893,13784480792,16604805868,16385699208,16721953221,16744787571,16788231753,16451798472,16810879734,16681621076,16601638123,16674978491,16673112529,16600903911,16669544346,16202384160,16040234137,16211923971,16676533408,16646024570,16790420583,16464473458,16094256315,16415680659,16497141995,16723027424,16903537489,16595453030,16959256319,16461168383,16780884874,16857687032,16527725206,16721122622,16566452529,16320960690,17033703796,16301892640,16506109143,16632885844,16697829270,16597577888,17249857666,16524836716,16607592981
STAT,(NULL),PushTime,44,606277295450,14947028048,13535691443,14071642255,13342925718,13301466363,13261406696,13968079222,13506650042,13732839783,13719835900,13820986406,13767977772,13829254073,13795153697,14311127974,14483597976,14295090607,13768942926,13823180485,13630191622,13967242259,14476639310,14011215224,13967654647,13812025545,13125006156,13772994284,13305867100,13949316908,13365110989,13169234669,13968253822,13688397078,13854245474,14085369689,13278247793,14204990821,13800586703,13550552514,13648379653,13740585999,13107834575,13911225249,13603249981
STAT,(NULL),RusageSys,44,540000,540000,0,0,0,0,0,0,0,0,0,0,0,0,0,0,0,0,0,0,0,0,0,0,0,0,0,0,0,0,0,0,0,0,0,0,0,0,0,0,0,0,0,0,0
STAT,(NULL),RusageUser,44,651692000,651692000,0,0,0,0,0,0,0,0,0,0,0,0,0,0,0,0,0,0,0,0,0,0,0,0,0,0,0,0,0,0,0,0,0,0,0,0,0,0,0,0,0,0,0
STAT,(NULL),Threads,44,44,44,0,0,0,0,0,0,0,0,0,0,0,0,0,0,0,0,0,0,0,0,0,0,0,0,0,0,0,0,0,0,0,0,0,0,0,0,0,0,0,0,0,0,0
STAT,(NULL),Time,44,33400035292,33400035292,0,0,0,0,0,0,0,0,0,0,0,0,0,0,0,0,0,0,0,0,0,0,0,0,0,0,0,0,0,0,0,0,0,0,0,0,0,0,0,0,0,0,0
STAT,(NULL),TotalTime,44,49070656960,49070656960,0,0,0,0,0,0,0,0,0,0,0,0,0,0,0,0,0,0,0,0,0,0,0,0,0,0,0,0,0,0,0,0,0,0,0,0,0,0,0,0,0,0,0
STAT,(NULL),UserTime,44,81920402760,1762019950,2202840869,1739359152,2252370781,2283048433,2307679935,1799997432,1806674204,1790952309,1840018073,1653029687,1830858890,1807309109,1640311827,1668387320,1696806158,1603764800,1698261161,1724028796,1784140111,1731026268,1599249783,1740513138,1717778824,1483627901,2304006037,1881928094,1996878969,1805337856,2200720241,2319991293,1791681651,1843982180,1800976412,1827606044,1740285629,1781413221,1890484516,2184443766,1858615967,1837906231,1689746196,1862807795,2137535751
STAT,(NULL),Work,44,1453773848825,33067018634,33039610365,33039846475,33039612452,33039610502,33039610393,33039801684,33039638722,33039616591,33039612638,33039613234,33039614276,33039614551,33039828861,33039620720,33039614223,33039796132,33039610238,33039613012,33039617859,33039619340,33039791541,33039620568,33039612346,33039824070,33039795993,33039829401,33039611590,33039801855,33039819013,33039610052,33039612886,33039609577,33039613174,33039793683,33039823425,33039697815,33039610425,33039609545,33039803016,33039789529,33039818783,33039791792,33039817844
STAT,(NULL),nBad,44,1862067,43917,35974,41284,33698,40239,42917,29241,40767,66992,27267,30781,29837,29388,36359,43332,33659,44820,115340,53032,42605,32599,34981,37123,33713,31069,39571,33332,31550,28854,35017,35444,46476,36577,39497,33680,138455,31557,30323,68188,58672,30685,32332,44915,36008
STAT,(NULL),nEmpty,44,12271037,123910,352065,258942,361364,362623,366849,274162,269021,262715,277563,239511,272098,270483,239403,247864,255061,235544,242848,252893,262287,257337,232345,261210,254953,212195,369107,285481,305674,274074,347737,370150,272526,280340,271390,277144,248848,271539,288397,340948,279486,277245,250075,279847,335783
STAT,(NULL),nEmptyPop,44,98028,1032,2424,2091,2491,2513,2405,2118,2148,1979,2203,1937,2062,2129,2029,2113,2227,2210,1863,2084,2002,2147,1936,2385,2310,1978,2603,2303,2381,2397,2486,2538,2344,2353,2354,2385,1918,2394,2550,2384,2394,2395,2049,2449,2535
STAT,(NULL),nOverall,44,121861855,1264113,3481320,2583924,3587276,3609405,3655717,2715277,2660821,2647908,2757653,2371153,2725809,2690536,2369831,2455884,2500145,2314346,2473402,2517010,2609073,2516349,2299517,2577693,2523345,2100925,3679221,2812550,3025160,2687708,3454577,3687654,2684790,2779691,2698259,2707504,2570401,2672675,2854153,3430812,2796266,2749745,2451526,2776381,3334350
STAT,(NULL),nPop,44,22425532,229250,642175,474293,660339,663432,671545,500423,490678,483347,507388,437145,499080,494608,436927,452591,463385,428512,448860,462834,479677,466897,423878,475954,465343,387269,675625,519950,557837,498085,635460,677346,496397,511818,496097,502895,462987,494273,526366,626488,512465,506583,454427,510871,613732
STAT,(NULL),nPush,44,22425526,230465,643526,476305,662483,664806,672568,499480,488716,484114,509052,436370,502996,496072,437015,451908,459570,425259,446637,462954,480693,464018,421928,474824,464107,386409,678288,519217,557751,495470,636077,681413,494840,514386,498223,497590,462157,492683,524991,631472,514070,507984,451347,510016,615276
STAT,(NULL),nPushInit,44,6,0,1,1,1,0,1,1,1,0,0,0,0,0,0,0,0,0,0,0,0,0,0,0,0,0,0,0,0,0,0,0,0,0,0,0,0,0,0,0,0,0,0,0,0
==== BENCHMARK TOOK 23.363
==== BENCHMARK START ===
==== PARAMS kernel=4.9.5-64-net1 malloc=libc hostname=rack-castor threads=44 delta=4 prog=sssp-klsm256  ===
ERROR: ld.so: object '/specific/disk1/home/adamx/malloc/lib64/libjemalloc.so' from LD_PRELOAD cannot be preloaded (cannot open shared object file): ignored.
Galois Benchmark Suite v2.2.1 (r0)
Copyright (C) 2014 The University of Texas at Austin
http://iss.ices.utexas.edu/galois/

application: Single Source Shortest Path
Computes the shortest path from a source node to all nodes in a directed graph using a modified chaotic iteration algorithm
http://iss.ices.utexas.edu/?p=projects/galois/benchmarks/single_source_shortest_path

INFO: CommandLine ./build/debug/apps/sssp/sssp -noverify -t 44 -delta 4 -wl klsm256 -startNode 0 /specific/disk1/home/mad/Galois-PQ/inputs/planar10M.gr
INFO: Hostname rack-castor
Read 10000000 nodes
Running Asynchronous with CAS version
INFO: Using delta-step of 1
WARNING: Performance varies considerably due to delta parameter.
WARNING: Do not expect the default to be good for your graph.
Node 1 has distance 7300
STATTYPE,LOOP,CATEGORY,n,sum,T0,T1,T2,T3,T4,T5,T6,T7,T8,T9,T10,T11,T12,T13,T14,T15,T16,T17,T18,T19,T20,T21,T22,T23,T24,T25,T26,T27,T28,T29,T30,T31,T32,T33,T34,T35,T36,T37,T38,T39,T40,T41,T42,T43
STAT,(NULL),BadWork,44,744440411,15521656,16697942,15740342,18689272,17224612,17375883,16854832,16769666,15886557,17156438,19970527,19544916,18477451,17132662,15783017,14702364,15637599,16153255,16096293,16200904,15046379,14663399,18387651,17866525,13679859,17412989,15427285,18754716,14611487,18200038,20134305,18124116,16324895,22872969,14125349,18145355,16743095,16979509,19344594,15736076,17487684,16464748,13388936,16902264
STAT,(NULL),BarrierTime,44,13184656,756336,664370,654732,622608,446817,624035,547938,337816,322580,457719,450015,328098,474278,450568,402812,152347,405308,387267,307307,138428,299047,296695,247168,247964,246888,248213,77360,149525,92766,104820,248652,237640,98067,238312,200836,43981,208652,235552,92470,58712,225480,56448,220124,77905
STAT,(NULL),ConflictTime,44,0,0,0,0,0,0,0,0,0,0,0,0,0,0,0,0,0,0,0,0,0,0,0,0,0,0,0,0,0,0,0,0,0,0,0,0,0,0,0,0,0,0,0,0,0
STAT,(NULL),Conflicts,44,0,0,0,0,0,0,0,0,0,0,0,0,0,0,0,0,0,0,0,0,0,0,0,0,0,0,0,0,0,0,0,0,0,0,0,0,0,0,0,0,0,0,0,0,0
STAT,(NULL),EmptyPopTime,44,17017720006,1824716710,147706416,340051894,153595290,133625360,149668575,385104210,564131655,376290027,371035211,395404636,386486032,461140023,300422270,501173434,456296490,455937427,422542928,287571826,410745772,383453310,557303842,437649980,646949604,492657431,145255852,313339871,374201176,297753712,142341293,149098376,391013743,281193906,249273562,269055788,687354371,391352671,405161234,154696145,289939393,417033046,522950571,346057583,148987360
STAT,(NULL),EmptyWork,44,4380563708,75822142,119075296,94547351,116914867,120030792,117616122,93244081,84087451,91291892,99007649,93270422,99491572,92900933,100372341,91652233,91109702,88319952,93079046,104401397,99518200,86575046,83553908,94108611,88266123,84171527,123664686,99656805,96781066,94136186,116032540,119826726,104755451,108540208,107864357,105873402,82456157,95283947,98284332,121898340,98298535,92642383,95885110,96936897,119317924
STAT,(NULL),GaloisTime,44,16547823600,462339282,416154958,360398375,425520205,429628870,431913316,356976703,322318040,353014296,364518116,346242889,375273696,361148337,369336986,343590109,342250505,335542090,353440735,383994160,369297639,333840733,325759377,356697837,342440879,328105060,441823068,365138827,373983702,358608885,425859491,449539109,381778214,396719047,416017297,389608463,327892231,360235395,360323848,425558469,377902741,348819991,364300839,372793343,421177447
STAT,(NULL),InitPushTime,44,2709620,5120,47836,47800,22316,2828,21040,31915,68780,48524,36523,40068,48977,48934,38864,40280,104889,41396,51299,104727,79701,75156,78512,90618,158006,130688,155051,153613,111773,113464,114434,113829,33230,36120,32302,54102,35136,48317,35916,35156,34168,34648,34504,34644,34416
STAT,(NULL),Iterations,44,22374635,194411,626606,489384,639358,653034,648429,484606,403515,463258,499982,444794,527119,486693,503306,476819,447279,436466,473530,541059,500934,437317,431297,474450,445967,411788,657007,489810,514300,477282,635392,681128,524180,555707,585004,535822,405427,486227,482098,637418,516307,445108,474189,502026,628802
STAT,(NULL),LoopTime,44,33019549498,33019549498,0,0,0,0,0,0,0,0,0,0,0,0,0,0,0,0,0,0,0,0,0,0,0,0,0,0,0,0,0,0,0,0,0,0,0,0,0,0,0,0,0,0,0
STAT,(NULL),MeminfoPost,44,968,22,22,22,22,22,22,22,22,22,22,22,22,22,22,22,22,22,22,22,22,22,22,22,22,22,22,22,22,22,22,22,22,22,22,22,22,22,22,22,22,22,22,22,22
STAT,(NULL),MeminfoPre,44,968,22,22,22,22,22,22,22,22,22,22,22,22,22,22,22,22,22,22,22,22,22,22,22,22,22,22,22,22,22,22,22,22,22,22,22,22,22,22,22,22,22,22,22,22
STAT,(NULL),NumaPost,44,14828,8557,5462,648,161,0,0,0,0,0,0,0,0,0,0,0,0,0,0,0,0,0,0,0,0,0,0,0,0,0,0,0,0,0,0,0,0,0,0,0,0,0,0,0,0
STAT,(NULL),PopTime,44,730673465242,15292944890,16595343127,16775433349,16758367779,16771844968,16829824312,16363117151,16661796395,16740776761,16775112096,16610132692,16767060056,16795453621,16991028817,16026352024,16440048887,16284846133,16506695967,16767735461,16816924694,16208849838,16001463624,16293257786,16266303311,17122284858,16908880324,16771396646,16568550182,16300695973,16764694205,16851673050,16631383564,16727819193,16870570913,16686611746,17076849741,16196950028,16288204926,16766855770,16752221234,16765406581,17053961037,16492135622,16735605910
STAT,(NULL),PushTime,44,596583315314,14001379138,13431380974,13509177066,13206343723,13174193009,13100239084,13901791906,13701410527,13604548765,13473461606,13764823195,13365665657,13386477147,13287756649,14190992417,13859139274,14065011882,13756600493,13395855581,13350091637,14225571543,14302453928,13946895465,13869774474,13274615315,12989900337,13531133201,13627903182,14065802767,13221234133,12979238733,13481084770,13370307582,13164797691,13497238311,13146953982,14058664079,13948741148,13207003577,13484803313,13581013604,13083003054,13729536251,13269305144
STAT,(NULL),RusageSys,44,468000,468000,0,0,0,0,0,0,0,0,0,0,0,0,0,0,0,0,0,0,0,0,0,0,0,0,0,0,0,0,0,0,0,0,0,0,0,0,0,0,0,0,0,0,0
STAT,(NULL),RusageUser,44,649432000,649432000,0,0,0,0,0,0,0,0,0,0,0,0,0,0,0,0,0,0,0,0,0,0,0,0,0,0,0,0,0,0,0,0,0,0,0,0,0,0,0,0,0,0,0
STAT,(NULL),Threads,44,44,44,0,0,0,0,0,0,0,0,0,0,0,0,0,0,0,0,0,0,0,0,0,0,0,0,0,0,0,0,0,0,0,0,0,0,0,0,0,0,0,0,0,0,0
STAT,(NULL),Time,44,33253534992,33253534992,0,0,0,0,0,0,0,0,0,0,0,0,0,0,0,0,0,0,0,0,0,0,0,0,0,0,0,0,0,0,0,0,0,0,0,0,0,0,0,0,0,0,0
STAT,(NULL),TotalTime,44,48395476132,48395476132,0,0,0,0,0,0,0,0,0,0,0,0,0,0,0,0,0,0,0,0,0,0,0,0,0,0,0,0,0,0,0,0,0,0,0,0,0,0,0,0,0,0,0
STAT,(NULL),UserTime,44,80793178231,1206342086,2153885504,1783938495,2202804485,2234223719,2234284669,1763310712,1529802332,1697624719,1780411841,1653668479,1869570737,1766428479,1814629471,1709786065,1674700018,1633889526,1731185345,1923983913,1816968346,1625256334,1593011899,1734935953,1649812327,1561711701,2254024241,1782881550,1822129579,1746550780,2193387105,2314172307,1873533038,1978968568,2055024682,1915158274,1542043378,1761060907,1762833432,2187536143,1860383324,1658632763,1743448073,1826088256,2169154676
STAT,(NULL),Work,44,1446002005159,32863636644,32863621430,32863636082,32863621352,32863774187,32863621048,32863619795,32863779668,32863799724,32863624725,32863617245,32863797216,32863649896,32863624634,32863645327,32863777774,32863624470,32863624342,32863622809,32863805332,32863645476,32863641802,32863623082,32863626126,32863621396,32863624163,32863799416,32863730155,32863783255,32863774737,32863623526,32863623515,32863766131,32863629050,32863625088,32863815649,32863621824,32863624120,32863641761,32863799252,32863629608,32863801188,32863631066,32863780073
STAT,(NULL),nBad,44,1312443,27496,29667,27660,33180,30762,30575,29120,29447,28151,30352,35710,34296,32913,28212,27705,25825,27831,28259,28240,28409,26317,25859,32103,31749,23951,30674,27553,33083,25363,32013,35946,32540,29157,40822,24792,31975,29551,30040,34192,27783,30779,29133,23527,29731
STAT,(NULL),nEmpty,44,12265681,104857,343553,268727,350225,357154,354539,265136,221469,254378,275411,243175,288483,267532,275948,262082,245431,239057,258914,295620,274945,241164,237129,260588,243922,225317,358946,269189,281360,262311,347674,371988,287965,304105,320836,294740,221962,266978,264406,348850,283475,244559,261062,275918,344601
STAT,(NULL),nEmptyPop,44,443579,1362,11729,10371,11736,11687,11826,10415,10030,10510,10414,11190,7993,6822,10368,6910,10234,10208,10530,10372,10276,6842,6743,10379,10618,10330,11999,10586,11949,8302,11828,11984,10863,11783,9647,10737,6796,12099,10630,12123,10771,10765,10766,7922,12134
STAT,(NULL),nOverall,44,121312231,1074636,3400041,2646934,3470160,3551878,3526223,2633928,2185445,2506023,2697784,2419374,2863288,2629621,2729936,2576943,2422359,2368881,2576667,2947510,2710791,2354467,2328593,2565471,2425277,2237427,3577332,2644817,2795479,2580511,3454411,3709496,2834378,3020463,3168632,2892236,2200115,2630179,2614212,3458180,2793229,2407305,2556921,2714757,3409921
STAT,(NULL),nPop,44,22374635,194411,626606,489384,639358,653034,648429,484606,403515,463258,499982,444794,527119,486693,503306,476819,447279,436466,473530,541059,500934,437317,431297,474450,445967,411788,657007,489810,514300,477282,635392,681128,524180,555707,585004,535822,405427,486227,482098,637418,516307,445108,474189,502026,628802
STAT,(NULL),nPush,44,22374629,195351,628531,487912,640893,657645,651602,486475,402934,459924,499416,445693,528038,484801,503253,475466,445758,436886,475121,544119,499008,433608,428288,470554,447803,412956,658188,487858,515038,476287,637259,687086,522933,557822,584212,532725,404197,484870,482531,638686,515778,444857,471987,501523,628757
STAT,(NULL),nPushInit,44,6,0,1,1,1,0,1,1,1,0,0,0,0,0,0,0,0,0,0,0,0,0,0,0,0,0,0,0,0,0,0,0,0,0,0,0,0,0,0,0,0,0,0,0,0
==== BENCHMARK TOOK 23.061
==== BENCHMARK START ===
==== PARAMS kernel=4.9.5-64-net1 malloc=libc hostname=rack-castor threads=44 delta=4 prog=sssp-klsm256  ===
ERROR: ld.so: object '/specific/disk1/home/adamx/malloc/lib64/libjemalloc.so' from LD_PRELOAD cannot be preloaded (cannot open shared object file): ignored.
Galois Benchmark Suite v2.2.1 (r0)
Copyright (C) 2014 The University of Texas at Austin
http://iss.ices.utexas.edu/galois/

application: Single Source Shortest Path
Computes the shortest path from a source node to all nodes in a directed graph using a modified chaotic iteration algorithm
http://iss.ices.utexas.edu/?p=projects/galois/benchmarks/single_source_shortest_path

INFO: CommandLine ./build/debug/apps/sssp/sssp -noverify -t 44 -delta 4 -wl klsm256 -startNode 0 /specific/disk1/home/mad/Galois-PQ/inputs/planar10M.gr
INFO: Hostname rack-castor
Read 10000000 nodes
Running Asynchronous with CAS version
INFO: Using delta-step of 1
WARNING: Performance varies considerably due to delta parameter.
WARNING: Do not expect the default to be good for your graph.
Node 1 has distance 7300
STATTYPE,LOOP,CATEGORY,n,sum,T0,T1,T2,T3,T4,T5,T6,T7,T8,T9,T10,T11,T12,T13,T14,T15,T16,T17,T18,T19,T20,T21,T22,T23,T24,T25,T26,T27,T28,T29,T30,T31,T32,T33,T34,T35,T36,T37,T38,T39,T40,T41,T42,T43
STAT,(NULL),BadWork,44,1010443384,58823644,20859947,22946340,26284153,33559944,20472616,18240828,15980541,23587493,19261126,17998179,16903362,20450254,27784853,16239147,29617729,23964213,17785177,23073416,16774935,21284319,18262895,21382095,33709245,14565187,18573380,17268279,20488556,20029111,21082393,18248217,20134229,19210904,18473972,25521783,16267748,20168651,23881541,37526942,42339996,25427928,18502365,24614482,22871269
STAT,(NULL),BarrierTime,44,668880002,1313166,530618,26739703,505069,26824115,26802613,26789533,26658110,26669379,26671024,389807,325714,353953,350630,315480,26601183,301403,280540,26596156,26596999,219824,26576692,26429348,26429810,16933,26428574,26428490,23309,26414084,41218,129135,26427921,26426760,26428456,26427479,25147,99706,42744,26423722,26427710,26425638,26427862,26427807,116438
STAT,(NULL),ConflictTime,44,0,0,0,0,0,0,0,0,0,0,0,0,0,0,0,0,0,0,0,0,0,0,0,0,0,0,0,0,0,0,0,0,0,0,0,0,0,0,0,0,0,0,0,0,0
STAT,(NULL),Conflicts,44,0,0,0,0,0,0,0,0,0,0,0,0,0,0,0,0,0,0,0,0,0,0,0,0,0,0,0,0,0,0,0,0,0,0,0,0,0,0,0,0,0,0,0,0,0
STAT,(NULL),EmptyPopTime,44,17348541022,1742868667,138248289,481410653,127462707,127892458,128857913,461148958,496549360,421119170,420625413,421087272,449984166,544573150,566420555,425654631,418454223,371678316,455228712,491595864,443601758,425571915,430958991,317363276,442112241,649919018,110905762,312664566,354923108,294481113,145305418,121343265,316503889,381291653,383944924,328143909,447970340,401334116,428719406,174581398,417410270,367104338,514472463,285852220,161201188
STAT,(NULL),EmptyWork,44,4435126477,113787777,122741014,88985594,121299154,120613108,121851425,88380403,87460003,100300358,94144161,96937602,92199153,90676611,87463273,90207350,86911376,99413244,90121058,93911468,96414041,97948087,90685602,99562928,97503287,84919124,124524342,100329419,91523630,112580301,118751524,120909394,103568583,98814591,100508945,107417409,94139767,93797277,97373550,117834414,99660142,93668832,95994624,95571099,113721433
STAT,(NULL),GaloisTime,44,16462917646,369969892,423671770,343338551,433877951,437820038,442004551,341221994,331890762,367970523,350794059,365874520,352526617,339990503,338955984,340717146,333145470,367858898,341786795,357513622,361667175,359985097,336766587,379242571,366913910,326442320,444254107,373359862,359025563,400952426,430907295,440672584,384227030,366227186,387554843,401977632,356755921,356500584,358996073,419590769,377070750,360800107,356219453,355999737,419878418
STAT,(NULL),InitPushTime,44,2544515,4036,115704,60579,21354,2876,18723,19448,70992,49716,49552,47681,39628,38824,39088,39632,36235,35737,34117,37372,37004,35260,39764,101082,100723,100004,100100,99873,99770,100357,98817,98956,66587,58498,64856,57560,64973,57779,57413,56914,56129,55733,64255,55469,55345
STAT,(NULL),Iterations,44,22426603,216361,644803,454449,664276,663915,677167,443061,425450,504016,461420,499994,459563,444721,432192,450492,445272,523713,444766,467644,476686,510242,438913,503452,492150,404363,669179,499305,477896,583856,657547,657686,521379,489073,537195,563077,465783,484674,489212,626964,506880,468499,466039,482039,631239
STAT,(NULL),LoopTime,44,32972764833,32972764833,0,0,0,0,0,0,0,0,0,0,0,0,0,0,0,0,0,0,0,0,0,0,0,0,0,0,0,0,0,0,0,0,0,0,0,0,0,0,0,0,0,0,0
STAT,(NULL),MeminfoPost,44,968,22,22,22,22,22,22,22,22,22,22,22,22,22,22,22,22,22,22,22,22,22,22,22,22,22,22,22,22,22,22,22,22,22,22,22,22,22,22,22,22,22,22,22,22
STAT,(NULL),MeminfoPre,44,968,22,22,22,22,22,22,22,22,22,22,22,22,22,22,22,22,22,22,22,22,22,22,22,22,22,22,22,22,22,22,22,22,22,22,22,22,22,22,22,22,22,22,22,22
STAT,(NULL),NumaPost,44,14769,8629,5329,650,161,0,0,0,0,0,0,0,0,0,0,0,0,0,0,0,0,0,0,0,0,0,0,0,0,0,0,0,0,0,0,0,0,0,0,0,0,0,0,0,0
STAT,(NULL),PopTime,44,724330270546,13558761358,16566091048,16457963470,16649196920,16614790062,16703716689,16286731164,16471237561,16728547783,16543099238,16573478201,16752529828,16500187226,16623405695,16099158412,15604817927,16477975723,16497437382,16684061871,16522491890,16073874085,16285601950,16812044716,16565016560,16753675530,16836246236,16614130276,16586994874,16402634341,16684047924,16801421969,16504721471,16589177582,16430879234,16685228322,16776222611,16389441198,16097688127,16578192179,16732585560,16699906014,16652224142,16206203677,16656432520
STAT,(NULL),PushTime,44,598131365349,15260678882,13326556388,13727849437,13177838407,13214871832,13077358092,13961968421,13784919040,13325053870,13665797148,13512442719,13420992752,13659095286,13526232232,14150281101,14702244603,13590493895,13750880900,13415798147,13596052349,14000205757,13989850008,13346842701,13509178315,13409918633,12978501073,13563411120,13648075807,13542322857,13159300888,13035583620,13595905902,13559427832,13562240080,13258820028,13386940158,13787051782,14028355456,13319348066,13318878231,13524516112,13444171813,14074487043,13240626566
STAT,(NULL),RusageSys,44,448000,448000,0,0,0,0,0,0,0,0,0,0,0,0,0,0,0,0,0,0,0,0,0,0,0,0,0,0,0,0,0,0,0,0,0,0,0,0,0,0,0,0,0,0,0
STAT,(NULL),RusageUser,44,646716000,646716000,0,0,0,0,0,0,0,0,0,0,0,0,0,0,0,0,0,0,0,0,0,0,0,0,0,0,0,0,0,0,0,0,0,0,0,0,0,0,0,0,0,0,0
STAT,(NULL),Threads,44,44,44,0,0,0,0,0,0,0,0,0,0,0,0,0,0,0,0,0,0,0,0,0,0,0,0,0,0,0,0,0,0,0,0,0,0,0,0,0,0,0,0,0,0,0
STAT,(NULL),Time,44,33167919872,33167919872,0,0,0,0,0,0,0,0,0,0,0,0,0,0,0,0,0,0,0,0,0,0,0,0,0,0,0,0,0,0,0,0,0,0,0,0,0,0,0,0,0,0,0
STAT,(NULL),TotalTime,44,47862635420,47862635420,0,0,0,0,0,0,0,0,0,0,0,0,0,0,0,0,0,0,0,0,0,0,0,0,0,0,0,0,0,0,0,0,0,0,0,0,0,0,0,0,0,0,0
STAT,(NULL),UserTime,44,81611437793,1733924819,2202685302,1680444589,2270319350,2264004260,2306205207,1640540679,1607935164,1837003045,1705532089,1810173957,1711760480,1645471531,1637514282,1673974534,1634420014,1872572350,1644537449,1737110788,1759765757,1822409245,1646131150,1824934376,1799266523,1555116703,2285560039,1816096589,1739448235,2027021373,2241678405,2260060805,1875064909,1785052445,1914862992,1998404521,1717962290,1751866625,1768859002,2170444932,1834385938,1733996511,1716909262,1761877752,2188131525
STAT,(NULL),Work,44,1442744451337,32805804503,32806390856,32780180296,32806392429,32780072409,32780076041,32780085264,32780100726,32780101206,32780096917,32780074818,32806412358,32780075226,32806389641,32806421216,32780074084,32806376504,32780097782,32780074048,32780073963,32806459835,32780091194,32780068126,32780068591,32806485422,32780068976,32780071914,32806480410,32780087660,32806462612,32806375181,32780069545,32780070358,32780071134,32780073075,32806477044,32806394704,32806456630,32780070606,32780072875,32780072314,32780075278,32780070875,32806386691
STAT,(NULL),nBad,44,1781900,43004,35728,42858,44146,63125,37511,32943,29315,42686,32915,33099,30578,37024,50787,29827,55468,44861,32467,43029,30494,38620,33857,39136,63789,26018,33886,31708,38016,36645,38523,33579,37120,35072,33549,45395,28898,37239,44179,70400,75618,47217,33348,46078,42145
STAT,(NULL),nEmpty,44,12278760,116637,352947,248149,363043,362713,370858,243959,233941,276138,253093,273329,253026,243447,235852,247333,243060,286061,244545,255999,260825,278646,240671,276561,268539,221513,365959,273787,262565,319203,358574,360154,286659,268443,295383,308761,255957,266339,267546,341692,275478,256216,256155,263578,345426
STAT,(NULL),nEmptyPop,44,138623,1184,3500,3042,3367,3440,3565,2805,2519,2716,2767,3238,2550,3084,3098,2705,3295,3301,2684,3000,3312,3187,2583,3389,3095,2968,3562,3435,3227,2951,3690,3428,3434,3307,3393,3568,3164,3513,3313,3497,3292,3297,3335,3086,3737
STAT,(NULL),nOverall,44,121781688,1195944,3503960,2478290,3615402,3614109,3675423,2387539,2300183,2734282,2499139,2721907,2477158,2415360,2356989,2437183,2427004,2856029,2402171,2540315,2591020,2777526,2377945,2722418,2682095,2194000,3639292,2705386,2585080,3177075,3589775,3569063,2816902,2648752,2900597,3051211,2518948,2620239,2656869,3422756,2777954,2547827,2518320,2622434,3429817
STAT,(NULL),nPop,44,22426603,216361,644803,454449,664276,663915,677167,443061,425450,504016,461420,499994,459563,444721,432192,450492,445272,523713,444766,467644,476686,510242,438913,503452,492150,404363,669179,499305,477896,583856,657547,657686,521379,489073,537195,563077,465783,484674,489212,626964,506880,468499,466039,482039,631239
STAT,(NULL),nPush,44,22426597,218423,647804,455623,667762,665538,679017,438187,422203,503165,460596,501698,456456,446049,430790,447854,446107,528549,442229,466057,478432,510495,436501,501689,489371,403485,672265,499147,477264,587861,663363,659093,518859,488486,533235,561368,465523,482395,488213,628486,510371,466619,464019,482897,633053
STAT,(NULL),nPushInit,44,6,0,1,1,1,0,1,1,1,0,0,0,0,0,0,0,0,0,0,0,0,0,0,0,0,0,0,0,0,0,0,0,0,0,0,0,0,0,0,0,0,0,0,0,0
==== BENCHMARK TOOK 22.769
==== BENCHMARK START ===
==== PARAMS kernel=4.9.5-64-net1 malloc=libc hostname=rack-castor threads=44 delta=4 prog=sssp-klsm256  ===
ERROR: ld.so: object '/specific/disk1/home/adamx/malloc/lib64/libjemalloc.so' from LD_PRELOAD cannot be preloaded (cannot open shared object file): ignored.
Galois Benchmark Suite v2.2.1 (r0)
Copyright (C) 2014 The University of Texas at Austin
http://iss.ices.utexas.edu/galois/

application: Single Source Shortest Path
Computes the shortest path from a source node to all nodes in a directed graph using a modified chaotic iteration algorithm
http://iss.ices.utexas.edu/?p=projects/galois/benchmarks/single_source_shortest_path

INFO: CommandLine ./build/debug/apps/sssp/sssp -noverify -t 44 -delta 4 -wl klsm256 -startNode 0 /specific/disk1/home/mad/Galois-PQ/inputs/planar10M.gr
INFO: Hostname rack-castor
Read 10000000 nodes
Running Asynchronous with CAS version
INFO: Using delta-step of 1
WARNING: Performance varies considerably due to delta parameter.
WARNING: Do not expect the default to be good for your graph.
Node 1 has distance 7300
STATTYPE,LOOP,CATEGORY,n,sum,T0,T1,T2,T3,T4,T5,T6,T7,T8,T9,T10,T11,T12,T13,T14,T15,T16,T17,T18,T19,T20,T21,T22,T23,T24,T25,T26,T27,T28,T29,T30,T31,T32,T33,T34,T35,T36,T37,T38,T39,T40,T41,T42,T43
STAT,(NULL),BadWork,44,869973606,17507734,20488731,18420743,17179704,23788353,17725713,20262264,24299795,17820988,16737814,16371641,20189017,18528322,19916541,21847085,18521381,18944305,16966661,17612653,20651046,28700255,17100349,20228071,20783328,19950653,22806728,22503612,17846792,19605825,22679147,18504071,22045102,22622530,23770565,18914303,18340586,16224304,19758485,17111184,19045062,18253287,18133214,21551232,19714430
STAT,(NULL),BarrierTime,44,12993551,588040,705897,658137,628627,629239,594914,585524,295680,481954,444918,501568,458750,285299,466504,282303,193781,389575,190623,378356,267557,76187,345828,218144,220138,198791,121807,220078,28962,194194,219008,218236,219044,219594,200757,34522,43523,219427,24188,219883,200403,39278,43467,220464,220382
STAT,(NULL),ConflictTime,44,0,0,0,0,0,0,0,0,0,0,0,0,0,0,0,0,0,0,0,0,0,0,0,0,0,0,0,0,0,0,0,0,0,0,0,0,0,0,0,0,0,0,0,0,0
STAT,(NULL),Conflicts,44,0,0,0,0,0,0,0,0,0,0,0,0,0,0,0,0,0,0,0,0,0,0,0,0,0,0,0,0,0,0,0,0,0,0,0,0,0,0,0,0,0,0,0,0,0
STAT,(NULL),EmptyPopTime,44,17365087988,1481440543,128796184,536627773,121789337,135724982,151639071,420429438,529501206,540423158,453571973,439257738,343074385,544627334,437082525,420077274,448990420,415724105,413372915,328786407,402751072,455525883,483459083,430356449,552332492,621672994,134549887,332390003,243076792,327521498,101058071,135005926,298721741,440300637,366181262,374089221,572636855,327184428,439432530,158527019,338448490,459978709,547453980,387447731,144048467
STAT,(NULL),EmptyWork,44,4493694302,114591502,120401161,88720896,121630285,129569313,124245980,88236448,90488365,94461931,89554221,90828008,100338626,90875992,98732988,103083290,94399723,90913267,99840198,102840319,92382678,88502024,91770067,101714314,94931265,83248785,127360257,102316594,107992790,107018352,124432827,123280883,98071765,98829177,106966414,97277311,93162016,103853785,93898770,119515598,102415085,100926310,87402060,93397149,119275513
STAT,(NULL),GaloisTime,44,16550848380,332850451,425074857,335845992,433828693,440010069,438320576,341122150,339524468,351666823,347060905,339450281,370828015,347539797,367059405,362808689,344812536,341040698,372715756,386562438,347747933,331572267,347707739,386899774,353485678,330181332,455814590,393641559,399226811,389229568,438868165,447541164,373609411,375472769,396301624,374928851,353099095,372064267,358721674,425268655,387606278,375512371,335985547,355025397,427213262
STAT,(NULL),InitPushTime,44,2519487,30976,24788,22532,22096,21116,21068,25004,68585,45464,66234,43720,34933,38964,38692,39304,74827,35197,38000,37452,82933,92414,79846,129264,130269,75577,76773,75636,79119,78900,78466,75445,58300,57684,57860,56870,56745,57046,56973,56422,56415,55499,55521,55763,54795
STAT,(NULL),Iterations,44,22402711,202249,636347,424980,650580,662742,653192,444557,440562,448523,444012,424179,494263,454552,492189,502573,475942,458983,513776,545500,447228,421713,465339,527837,455372,398714,686257,539901,555137,538101,664266,669856,513246,503100,545514,496973,446662,492532,485463,635158,531083,509940,404446,473343,625829
STAT,(NULL),LoopTime,44,33199069136,33199069136,0,0,0,0,0,0,0,0,0,0,0,0,0,0,0,0,0,0,0,0,0,0,0,0,0,0,0,0,0,0,0,0,0,0,0,0,0,0,0,0,0,0,0
STAT,(NULL),MeminfoPost,44,968,22,22,22,22,22,22,22,22,22,22,22,22,22,22,22,22,22,22,22,22,22,22,22,22,22,22,22,22,22,22,22,22,22,22,22,22,22,22,22,22,22,22,22,22
STAT,(NULL),MeminfoPre,44,968,22,22,22,22,22,22,22,22,22,22,22,22,22,22,22,22,22,22,22,22,22,22,22,22,22,22,22,22,22,22,22,22,22,22,22,22,22,22,22,22,22,22,22,22
STAT,(NULL),NumaPost,44,14635,8433,5406,635,161,0,0,0,0,0,0,0,0,0,0,0,0,0,0,0,0,0,0,0,0,0,0,0,0,0,0,0,0,0,0,0,0,0,0,0,0,0,0,0,0
STAT,(NULL),PopTime,44,731509908083,15184162325,16752287108,16704855937,16848243990,16894185564,16835766334,16553226649,16194077065,16684676915,16569084217,16674893258,16961028572,16627282543,16453056476,16495563436,16101577680,16258601626,16561253164,16586753594,16788721840,16413182173,16279152758,16802320709,16706249633,16803145867,16937757771,16778566894,16813548185,16846727894,16901084666,16995374814,16531115705,16738962660,16733513641,16580638812,17002485768,16625332871,16196721678,16752352790,16722695053,16566502897,17192328148,16039269856,16821578547
STAT,(NULL),PushTime,44,602667121621,14666119451,13407925806,13775332886,13262328731,13159246316,13226997519,13985915747,14255575695,13694776573,13928018067,13894322464,13448572355,13746171316,13900346433,13844319805,14340110741,14253506176,13729750333,13683190429,13734224764,14158116997,14132262727,13445915932,13651119720,13677293978,13037886912,13508438723,13500289564,13447333282,13201685699,13035633965,13910301496,13582728039,13491229485,13806136051,13348120713,13813463137,14186502018,13392666180,13591105482,13689234637,13324934587,14440889147,13357081543
STAT,(NULL),RusageSys,44,528000,528000,0,0,0,0,0,0,0,0,0,0,0,0,0,0,0,0,0,0,0,0,0,0,0,0,0,0,0,0,0,0,0,0,0,0,0,0,0,0,0,0,0,0,0
STAT,(NULL),RusageUser,44,652368000,652368000,0,0,0,0,0,0,0,0,0,0,0,0,0,0,0,0,0,0,0,0,0,0,0,0,0,0,0,0,0,0,0,0,0,0,0,0,0,0,0,0,0,0,0
STAT,(NULL),Threads,44,44,44,0,0,0,0,0,0,0,0,0,0,0,0,0,0,0,0,0,0,0,0,0,0,0,0,0,0,0,0,0,0,0,0,0,0,0,0,0,0,0,0,0,0,0
STAT,(NULL),Time,44,33398733444,33398733444,0,0,0,0,0,0,0,0,0,0,0,0,0,0,0,0,0,0,0,0,0,0,0,0,0,0,0,0,0,0,0,0,0,0,0,0,0,0,0,0,0,0,0
STAT,(NULL),TotalTime,44,48543631070,48543631070,0,0,0,0,0,0,0,0,0,0,0,0,0,0,0,0,0,0,0,0,0,0,0,0,0,0,0,0,0,0,0,0,0,0,0,0,0,0,0,0,0,0,0
STAT,(NULL),UserTime,44,81713094577,1273101360,2217784553,1610882114,2264448630,2293532176,2275300485,1663339018,1643099336,1686264098,1664975753,1613516729,1828427908,1695769993,1795991907,1826417413,1722377849,1692481293,1875336133,1964136599,1686438133,1605367048,1717914050,1885058601,1694147306,1536723258,2358896641,1936912905,1988132064,1934436302,2285136592,2315429425,1840445615,1815973278,1958074597,1819195687,1682762268,1810367325,1776989288,2203935743,1909995189,1860111706,1564162377,1736236932,2183068900
STAT,(NULL),Work,44,1454306764322,33052540192,33052370161,33052386803,33052369303,33052367969,33052373003,33052368830,33052569749,33052388006,33052369164,33052370010,33052385627,33052552245,33052369156,33052557606,33052539113,33052375766,33052572825,33052371114,33052366307,33052562115,33052366162,33052363504,33052362038,33052383848,33052465487,33052361777,33052557290,33052385982,33052360532,33052360826,33052360420,33052362807,33052379745,33052552256,33052538576,33052360756,33052561159,33052360876,33052383770,33052545716,33052540042,33052364636,33052361053
STAT,(NULL),nBad,44,1521209,30432,35707,31730,30330,41837,31018,35758,42977,31267,28884,28769,35174,31887,35033,35980,32566,33209,29589,30815,35881,49763,30067,35897,36403,35196,40173,39245,31760,33839,40056,33073,39288,37699,41706,33523,32043,28549,34266,30045,33601,32118,31704,37916,34436
STAT,(NULL),nEmpty,44,12276553,109453,347923,233327,357033,362238,357316,244057,240830,245801,243939,232515,270683,249075,269042,275176,261294,251682,281302,298150,244944,231231,255599,290092,250680,219993,375270,297074,304073,295347,362386,366441,281575,275429,298818,273007,244747,270870,265869,348996,290563,278804,221959,259173,342777
STAT,(NULL),nEmptyPop,44,431017,1449,11690,6603,11731,11674,11636,10306,7916,6720,9315,10328,6745,11350,11382,11581,9760,8563,8497,10278,10218,10050,10355,10606,10468,6847,11783,10535,10628,7028,11810,11741,11646,9610,7368,11837,7493,10724,10706,12020,10714,9175,8633,9630,11868
STAT,(NULL),nOverall,44,121520997,1112984,3460857,2300136,3521318,3604753,3551338,2405786,2397515,2433389,2399226,2299393,2681338,2467407,2677515,2728884,2577904,2487389,2789705,2968901,2427263,2285731,2516221,2853389,2454643,2145250,3734701,2915533,3010646,2912827,3623444,3641567,2778400,2731115,2961302,2687799,2423139,2661349,2635964,3435145,2886979,2774752,2187852,2571806,3398442
STAT,(NULL),nPop,44,22402711,202249,636347,424980,650580,662742,653192,444557,440562,448523,444012,424179,494263,454552,492189,502573,475942,458983,513776,545500,447228,421713,465339,527837,455372,398714,686257,539901,555137,538101,664266,669856,513246,503100,545514,496973,446662,492532,485463,635158,531083,509940,404446,473343,625829
STAT,(NULL),nPush,44,22402703,203243,638100,421908,650172,664492,657969,442994,439464,449142,441369,424094,492798,453955,491974,504281,473610,457604,514665,548739,445658,419020,465185,526886,452967,395391,691310,537367,555663,537156,669884,674022,512246,503571,546361,495986,445598,491183,485739,632495,533872,511994,399834,475111,627631
STAT,(NULL),nPushInit,44,8,1,1,1,1,1,1,1,1,0,0,0,0,0,0,0,0,0,0,0,0,0,0,0,0,0,0,0,0,0,0,0,0,0,0,0,0,0,0,0,0,0,0,0,0
==== BENCHMARK TOOK 23.128
==== BENCHMARK START ===
==== PARAMS kernel=4.9.5-64-net1 malloc=libc hostname=rack-castor threads=44 delta=4 prog=sssp-klsm256  ===
ERROR: ld.so: object '/specific/disk1/home/adamx/malloc/lib64/libjemalloc.so' from LD_PRELOAD cannot be preloaded (cannot open shared object file): ignored.
Galois Benchmark Suite v2.2.1 (r0)
Copyright (C) 2014 The University of Texas at Austin
http://iss.ices.utexas.edu/galois/

application: Single Source Shortest Path
Computes the shortest path from a source node to all nodes in a directed graph using a modified chaotic iteration algorithm
http://iss.ices.utexas.edu/?p=projects/galois/benchmarks/single_source_shortest_path

INFO: CommandLine ./build/debug/apps/sssp/sssp -noverify -t 44 -delta 4 -wl klsm256 -startNode 0 /specific/disk1/home/mad/Galois-PQ/inputs/planar10M.gr
INFO: Hostname rack-castor
Read 10000000 nodes
Running Asynchronous with CAS version
INFO: Using delta-step of 1
WARNING: Performance varies considerably due to delta parameter.
WARNING: Do not expect the default to be good for your graph.
Node 1 has distance 7300
STATTYPE,LOOP,CATEGORY,n,sum,T0,T1,T2,T3,T4,T5,T6,T7,T8,T9,T10,T11,T12,T13,T14,T15,T16,T17,T18,T19,T20,T21,T22,T23,T24,T25,T26,T27,T28,T29,T30,T31,T32,T33,T34,T35,T36,T37,T38,T39,T40,T41,T42,T43
STAT,(NULL),BadWork,44,860189343,36093138,17988500,28737373,19428809,21821970,18711756,19290248,15369665,24125253,18460853,17433514,19311044,21353376,16585381,17252471,14389335,21421938,17822878,13369264,16938416,16242635,17788421,15510925,20444693,15906721,21484686,16921962,20368025,23529849,21259740,18567343,19326997,18545913,17766149,16969242,14599273,18712513,15247390,19878350,17077536,17049903,43329537,17809237,19947121
STAT,(NULL),BarrierTime,44,10565889,746831,555687,455224,435081,528049,510124,500262,276132,377420,373899,381963,355345,328753,365572,248695,186686,308103,312479,303624,303167,200080,202912,156446,47346,153706,46551,156315,54476,52514,155834,155746,53662,58725,154092,11140,154532,153866,150522,51235,153387,154037,154748,28805,52116
STAT,(NULL),ConflictTime,44,0,0,0,0,0,0,0,0,0,0,0,0,0,0,0,0,0,0,0,0,0,0,0,0,0,0,0,0,0,0,0,0,0,0,0,0,0,0,0,0,0,0,0,0,0
STAT,(NULL),Conflicts,44,0,0,0,0,0,0,0,0,0,0,0,0,0,0,0,0,0,0,0,0,0,0,0,0,0,0,0,0,0,0,0,0,0,0,0,0,0,0,0,0,0,0,0,0,0
STAT,(NULL),EmptyPopTime,44,17662879250,1797680601,165618163,317714722,123419983,129870726,136372444,405959363,413218191,487351692,578304414,560955349,373594717,460037559,549329709,487625498,361277551,524745693,379702989,368790332,442643212,503047669,389769900,501260806,550382859,540160108,143747607,389021826,369171831,369654927,141161842,116879856,399116907,318744945,397545830,314888488,520271229,363283871,409880678,170660029,320632050,353527818,479750551,382854917,153249798
STAT,(NULL),EmptyWork,44,4411445594,112197982,113989855,105751764,129104890,122138220,120746220,95282930,96271917,92350232,90656609,88578992,93576307,87718219,91062936,88148246,90313051,86470705,92753596,100564881,97142743,85323831,94718105,88071783,89531035,87472330,122674442,97527576,98741346,99399411,122880060,118844663,96641335,102342013,103263971,96941637,95336174,94052054,94913156,117634413,100125839,98807540,98670792,95896388,116815405
STAT,(NULL),GaloisTime,44,16393140622,331852143,415812213,383557443,433584045,434100533,436595082,351590817,351120370,360096350,338750839,345757894,363961028,338799306,343609314,340680138,336355040,325513838,352352976,365308269,362833084,327334992,344199740,346501244,342242556,341275602,447556681,379398672,368985292,376095359,434344959,445204213,376403554,389931182,383316888,370589453,353589148,365859815,349546222,426244832,381409431,375216917,371520847,358150099,425992202
STAT,(NULL),InitPushTime,44,2344892,4806,113929,96158,19636,20595,20838,23140,70444,51144,50664,50288,38808,38948,34556,44480,40976,36869,35094,38588,38988,39472,39060,105321,69176,70385,70825,69439,70040,69271,68992,68552,58916,58088,58175,57302,57024,57310,57156,56658,55081,54766,54714,55154,55066
STAT,(NULL),Iterations,44,22402865,209621,632046,543066,659538,657960,660479,472317,472166,483725,451303,464734,507014,440983,454943,451494,450344,423810,462844,490576,498192,423304,457979,449550,437028,430519,675433,509580,487978,519141,656914,679140,504098,534050,522606,501756,456753,497552,462486,643391,531108,499080,490807,499730,645727
STAT,(NULL),LoopTime,44,33160097242,33160097242,0,0,0,0,0,0,0,0,0,0,0,0,0,0,0,0,0,0,0,0,0,0,0,0,0,0,0,0,0,0,0,0,0,0,0,0,0,0,0,0,0,0,0
STAT,(NULL),MeminfoPost,44,968,22,22,22,22,22,22,22,22,22,22,22,22,22,22,22,22,22,22,22,22,22,22,22,22,22,22,22,22,22,22,22,22,22,22,22,22,22,22,22,22,22,22,22,22
STAT,(NULL),MeminfoPre,44,968,22,22,22,22,22,22,22,22,22,22,22,22,22,22,22,22,22,22,22,22,22,22,22,22,22,22,22,22,22,22,22,22,22,22,22,22,22,22,22,22,22,22,22,22
STAT,(NULL),NumaPost,44,14822,8580,5431,650,161,0,0,0,0,0,0,0,0,0,0,0,0,0,0,0,0,0,0,0,0,0,0,0,0,0,0,0,0,0,0,0,0,0,0,0,0,0,0,0,0
STAT,(NULL),PopTime,44,729690360808,14136527444,16624269959,16777594483,16875959935,16873815296,16793126354,16471790120,16564217282,16647428652,16305790918,16366390856,16577640913,16502811697,16636896486,16336105757,16134316958,16129302597,16625233572,16898256751,16388021154,16056485798,16295394553,16533076525,16429842760,16681557903,17025764231,16981323053,16755509557,16656170631,16864518275,17007150127,16711229963,17019393222,16936530561,17007526588,16981788112,16627072894,16526449926,16747643497,16716972673,16803297249,17030716583,15844395085,16785053858
STAT,(NULL),PushTime,44,603818909732,15072141540,13537006233,13509822140,13222534295,13200534203,13288276058,13977937906,13878152265,13665582111,14068245591,13975624823,13795416991,13988689925,13745939942,14108545829,14440150740,14382902664,13872052595,13502209425,13942121491,14482278550,14213116698,13897583197,13989682983,13769289330,12994269168,13321764047,13636122436,13671718595,13233131876,13025583072,13600276196,13272383877,13330651923,13423470399,13372915081,13780665320,13933994194,13359453993,13613129432,13571821754,13242649572,14571853733,13337217539
STAT,(NULL),RusageSys,44,464000,464000,0,0,0,0,0,0,0,0,0,0,0,0,0,0,0,0,0,0,0,0,0,0,0,0,0,0,0,0,0,0,0,0,0,0,0,0,0,0,0,0,0,0,0
STAT,(NULL),RusageUser,44,651712000,651712000,0,0,0,0,0,0,0,0,0,0,0,0,0,0,0,0,0,0,0,0,0,0,0,0,0,0,0,0,0,0,0,0,0,0,0,0,0,0,0,0,0,0,0
STAT,(NULL),Threads,44,44,44,0,0,0,0,0,0,0,0,0,0,0,0,0,0,0,0,0,0,0,0,0,0,0,0,0,0,0,0,0,0,0,0,0,0,0,0,0,0,0,0,0,0,0
STAT,(NULL),Time,44,33391939364,33391939364,0,0,0,0,0,0,0,0,0,0,0,0,0,0,0,0,0,0,0,0,0,0,0,0,0,0,0,0,0,0,0,0,0,0,0,0,0,0,0,0,0,0,0
STAT,(NULL),TotalTime,44,48034800240,48034800240,0,0,0,0,0,0,0,0,0,0,0,0,0,0,0,0,0,0,0,0,0,0,0,0,0,0,0,0,0,0,0,0,0,0,0,0,0,0,0,0,0,0,0
STAT,(NULL),UserTime,44,80839536632,1568150914,2161857040,1924113249,2233950615,2258094646,2243437328,1715989730,1715572851,1765744531,1636803952,1681245388,1814362850,1640497096,1651714751,1657447116,1656140078,1569617782,1696457688,1783423832,1785792089,1564082874,1681354188,1652056799,1616867725,1598795509,2284537618,1849515315,1790019948,1845511295,2222512864,2304887991,1834882341,1915754828,1867240525,1805134187,1694650408,1787616316,1703766453,2196913512,1886281264,1815878903,1795241585,1765399629,2200221029
STAT,(NULL),Work,44,1452822142688,33018656634,33018642716,33018750602,33018742168,33018645089,33018642961,33018645082,33018747809,33018649032,33018643513,33018643268,33018642546,33018673578,33018645101,33018745128,33018761833,33018645505,33018643217,33018643138,33018645651,33018749966,33018751740,33018638230,33018752080,33018644642,33018753542,33018640418,33018745940,33018747025,33018635641,33018636536,33018740232,33018735688,33018635244,33018778620,33018640430,33018642412,33018639082,33018747175,33018640869,33018636794,33018640423,33018769113,33018746275
STAT,(NULL),nBad,44,1575513,67545,32765,53279,36445,40645,32718,35419,27945,45775,31088,29640,36380,38132,30200,29719,25895,39597,33336,24227,31137,30261,32984,28620,38443,28752,38825,31532,36698,43456,39263,34160,35216,34556,32713,31285,26682,34235,27873,35940,31590,31624,79901,32644,36373
STAT,(NULL),nEmpty,44,12272176,112272,345861,297220,361728,358014,361283,259254,259945,264370,246953,254642,277628,241601,250361,247839,246966,232420,253588,269703,272314,232975,251503,247305,239741,237257,368379,279346,266702,284571,358818,371445,277509,292770,286777,275419,250454,273218,253426,351641,290678,273439,267405,273899,353537
STAT,(NULL),nEmptyPop,44,763877,960,19503,17331,19373,19452,19430,17170,19177,17251,19124,19294,19244,10347,19038,19086,13079,17033,17178,17032,18975,17090,16894,17181,17030,14496,19540,17136,17205,19398,19540,19612,17284,19424,17493,10558,17332,17598,17224,19756,19746,17454,16008,19816,19985
STAT,(NULL),nOverall,44,121575301,1171663,3436467,2951459,3574481,3600903,3588976,2556139,2543773,2632167,2453742,2522008,2751836,2394268,2455802,2443171,2440475,2297295,2513064,2651975,2711977,2282741,2476124,2427274,2368615,2319510,3686659,2760512,2655134,2816426,3575673,3691390,2717520,2894384,2829927,2715627,2476596,2691747,2509525,3500878,2883872,2706996,2678539,2710490,3507501
STAT,(NULL),nPop,44,22402865,209621,632046,543066,659538,657960,660479,472317,472166,483725,451303,464734,507014,440983,454943,451494,450344,423810,462844,490576,498192,423304,457979,449550,437028,430519,675433,509580,487978,519141,656914,679140,504098,534050,522606,501756,456753,497552,462486,643391,531108,499080,490807,499730,645727
STAT,(NULL),nPush,44,22402858,211423,636805,544496,660411,665406,665161,470723,466834,484150,452906,464716,506286,440636,453515,451113,449994,423060,464085,489935,500284,419538,454887,446989,434588,426709,683307,508426,487940,517900,660336,682298,499518,531602,523153,500666,456265,494536,462011,646603,530846,498562,486993,498591,648655
STAT,(NULL),nPushInit,44,7,0,1,1,1,1,1,1,1,0,0,0,0,0,0,0,0,0,0,0,0,0,0,0,0,0,0,0,0,0,0,0,0,0,0,0,0,0,0,0,0,0,0,0,0
==== BENCHMARK TOOK 22.833
