==== BENCHMARK START ===
==== PARAMS kernel=4.9.5-64-net1 malloc=libc hostname=rack-castor threads=44 delta=4 prog=sssp-multiqueue1  ===
Galois Benchmark Suite v2.2.1 (r0)
Copyright (C) 2014 The University of Texas at Austin
http://iss.ices.utexas.edu/galois/

application: Single Source Shortest Path
Computes the shortest path from a source node to all nodes in a directed graph using a modified chaotic iteration algorithm
http://iss.ices.utexas.edu/?p=projects/galois/benchmarks/single_source_shortest_path

INFO: CommandLine ./build/debug/apps/sssp/sssp -noverify -t 44 -delta 4 -wl multiqueue1 -startNode 0 /specific/disk1/home/mad/Galois-PQ/inputs/planar10M.gr
INFO: Hostname rack-castor
Read 10000000 nodes
Running Asynchronous with CAS version
INFO: Using delta-step of 1
WARNING: Performance varies considerably due to delta parameter.
WARNING: Do not expect the default to be good for your graph.
Node 1 has distance 7300
STATTYPE,LOOP,CATEGORY,n,sum,T0,T1,T2,T3,T4,T5,T6,T7,T8,T9,T10,T11,T12,T13,T14,T15,T16,T17,T18,T19,T20,T21,T22,T23,T24,T25,T26,T27,T28,T29,T30,T31,T32,T33,T34,T35,T36,T37,T38,T39,T40,T41,T42,T43
STAT,(NULL),BadWork,44,22008774,455968,505550,485898,634529,557226,457066,347988,467730,451216,509618,349667,582066,483135,466030,549688,498611,479788,294106,556655,504958,546132,458614,484015,511927,437113,532162,544345,474115,654462,502067,447432,462199,515857,530400,570634,497754,501720,468706,514448,651687,511293,447846,625439,480914
STAT,(NULL),BarrierTime,44,3359433,157691,97458,97478,100655,163742,98984,84696,65360,96613,98292,89949,92532,92440,87156,91100,76728,83456,54873,98972,97388,98223,97348,53668,51466,59768,60301,59604,52942,60775,59597,60279,41482,59108,57996,54852,58314,60113,58050,60067,59815,36427,55727,58842,59106
STAT,(NULL),ConflictTime,44,0,0,0,0,0,0,0,0,0,0,0,0,0,0,0,0,0,0,0,0,0,0,0,0,0,0,0,0,0,0,0,0,0,0,0,0,0,0,0,0,0,0,0,0,0
STAT,(NULL),Conflicts,44,0,0,0,0,0,0,0,0,0,0,0,0,0,0,0,0,0,0,0,0,0,0,0,0,0,0,0,0,0,0,0,0,0,0,0,0,0,0,0,0,0,0,0,0,0
STAT,(NULL),EmptyPopTime,44,1085405423,2642964,24932210,25242686,25029594,25058786,23624022,24147183,25404565,25260373,25319852,25361120,25263430,25468916,25457784,25425483,25379477,24167848,25383491,25155034,25267079,25252104,25347400,25410380,25272803,25461258,25185014,25274754,25359736,25070597,25027328,25076537,25437766,25378365,25342708,25335249,25438399,25254250,25364851,23648944,25313474,25262524,25439495,26467828,24991762
STAT,(NULL),EmptyWork,44,3635992637,41555579,80177491,85324954,81976220,80349315,79236982,84544450,85161451,85467889,82220768,84096118,85370158,85417501,83541414,84552796,83419305,87880941,82386878,84370405,82385384,82070850,86339210,87178580,86904867,85414866,85332616,82331103,84461190,80507069,79114519,83501341,85571431,85663168,81418794,82219376,84204460,83596710,84018066,80653981,81322736,82427988,85537835,83381280,83384602
STAT,(NULL),GaloisTime,44,17576321591,409474573,370833088,397419664,376591668,378459225,377143844,416175935,416567243,402655712,405523781,408074709,399903890,417216420,411969909,413013512,408909435,414407455,412664406,392732314,402995141,399611682,405947687,411520338,400628487,416595957,382451641,397832364,404805128,386098090,376711994,382342941,411160930,408531481,406955063,405686134,404138960,393410794,398137985,381237104,401041686,399082504,403215596,390428645,376016476
STAT,(NULL),InitPushTime,44,3046895,3580,88304,87436,80612,2836,79620,71572,103724,67952,70388,60991,72756,68376,65816,61136,66432,61332,88426,54426,61468,58086,57872,81136,77164,76568,76368,77956,75984,74718,73404,69972,75944,75536,74488,69720,74485,70075,73768,67992,73528,70128,71632,66744,66444
STAT,(NULL),Iterations,44,22149876,252240,545643,500544,553433,552107,551511,461183,463317,506817,499190,486964,502161,457129,483309,469719,478485,460593,480647,517713,500094,494407,476775,486274,499782,483442,561118,529581,506927,552221,557331,561913,490225,503648,508665,498336,499645,525568,513574,554087,513954,519567,509811,528210,552016
STAT,(NULL),LoopTime,44,5783084540,5783084540,0,0,0,0,0,0,0,0,0,0,0,0,0,0,0,0,0,0,0,0,0,0,0,0,0,0,0,0,0,0,0,0,0,0,0,0,0,0,0,0,0,0,0
STAT,(NULL),MeminfoPost,44,968,22,22,22,22,22,22,22,22,22,22,22,22,22,22,22,22,22,22,22,22,22,22,22,22,22,22,22,22,22,22,22,22,22,22,22,22,22,22,22,22,22,22,22,22
STAT,(NULL),MeminfoPre,44,968,22,22,22,22,22,22,22,22,22,22,22,22,22,22,22,22,22,22,22,22,22,22,22,22,22,22,22,22,22,22,22,22,22,22,22,22,22,22,22,22,22,22,22,22
STAT,(NULL),NumaPost,44,4360,2005,1376,818,161,0,0,0,0,0,0,0,0,0,0,0,0,0,0,0,0,0,0,0,0,0,0,0,0,0,0,0,0,0,0,0,0,0,0,0,0,0,0,0,0
STAT,(NULL),PopTime,44,58673208554,1333522893,1365863084,1330694212,1376759286,1374540299,1367229849,1305606540,1304309318,1337748251,1330572045,1323007073,1336942883,1295230359,1316815588,1312511528,1320110994,1309064010,1317085274,1348607912,1330920314,1326115561,1316835002,1309583589,1315449709,1312201869,1365471512,1336920131,1318926856,1365462268,1360101676,1369060788,1305578567,1325766899,1331263542,1312806799,1313699236,1342999337,1339131487,1365683597,1334862470,1338426948,1325111886,1343487052,1361120061
STAT,(NULL),PushTime,44,88186373911,1897228083,2015765449,2009911040,1976461987,1977434536,1990936663,2023125735,2029673148,1987592030,1999089201,1998690638,1999826536,2034095812,2005470861,2011992994,2011992490,2015655556,2006731438,1999185311,2000834716,2017390269,2024372726,2023475660,2031559814,2013599284,1983410028,2007022402,2010553135,1992598640,2007387847,1976495031,2029868425,2005596549,1998160004,2023831243,2025224359,2002997001,2001520163,1997373114,1996237798,2005708352,2010870966,1998187819,2011239058
STAT,(NULL),RusageSys,44,0,0,0,0,0,0,0,0,0,0,0,0,0,0,0,0,0,0,0,0,0,0,0,0,0,0,0,0,0,0,0,0,0,0,0,0,0,0,0,0,0,0,0,0,0
STAT,(NULL),RusageUser,44,111524000,111524000,0,0,0,0,0,0,0,0,0,0,0,0,0,0,0,0,0,0,0,0,0,0,0,0,0,0,0,0,0,0,0,0,0,0,0,0,0,0,0,0,0,0,0
STAT,(NULL),Threads,44,44,44,0,0,0,0,0,0,0,0,0,0,0,0,0,0,0,0,0,0,0,0,0,0,0,0,0,0,0,0,0,0,0,0,0,0,0,0,0,0,0,0,0,0,0
STAT,(NULL),Time,44,5784026271,5784026271,0,0,0,0,0,0,0,0,0,0,0,0,0,0,0,0,0,0,0,0,0,0,0,0,0,0,0,0,0,0,0,0,0,0,0,0,0,0,0,0,0,0,0
STAT,(NULL),TotalTime,44,20049460592,20049460592,0,0,0,0,0,0,0,0,0,0,0,0,0,0,0,0,0,0,0,0,0,0,0,0,0,0,0,0,0,0,0,0,0,0,0,0,0,0,0,0,0,0,0
STAT,(NULL),UserTime,44,78720388924,1949157241,1776013285,1784990678,1796764208,1797740759,1795411232,1779980233,1772466389,1794857507,1790859189,1794351898,1786277903,1776154296,1790329096,1786088191,1783770105,1782408708,1789327207,1783531485,1791180858,1783142942,1774740883,1776415455,1773769045,1780311870,1791733785,1784203360,1789478284,1783848584,1785241656,1797107311,1775969099,1782649318,1790444725,1783706219,1780880088,1785326952,1785412499,1784987563,1794807037,1782676389,1783409881,1791632309,1776833202
STAT,(NULL),Work,44,247882266940,5633727286,5633696178,5633687239,5633692165,5633692802,5633692226,5633690114,5633686174,5633692520,5633692196,5633688518,5633698320,5633693204,5633700940,5633696264,5633710688,5633701294,5633685918,5633693554,5633689124,5633689815,5633689644,5633680173,5633685626,5633677124,5633677670,5633676274,5633684254,5633675223,5633675128,5633676838,5633695452,5633679528,5633681840,5633685052,5633677247,5633678333,5633681884,5633676783,5633677748,5633699598,5633684766,5633677636,5633676580
STAT,(NULL),nBad,44,37542,785,863,819,1041,966,772,595,819,748,844,583,1019,785,764,958,880,849,473,904,936,937,788,726,842,742,929,931,779,1091,864,771,754,942,874,985,893,867,846,815,1098,884,812,1121,848
STAT,(NULL),nEmpty,44,12146633,138051,298912,274012,302368,301681,301869,252759,254271,278228,274248,266456,275174,250836,264992,257219,262539,253080,263505,283377,273988,270769,261378,266837,273883,265957,307091,289755,278349,303344,305581,308215,268952,276888,279955,273480,274415,288543,282038,304038,282168,285802,279260,289472,302898
STAT,(NULL),nEmptyPop,44,1615747,8104,41383,39598,41632,41583,41570,35831,35890,40172,36717,38413,37098,35701,36515,36092,28572,33107,36432,37586,37027,39786,36311,35776,31682,36521,41862,37969,31903,41580,41744,41883,28709,37145,37299,36995,37031,37850,37463,41639,37469,28988,36695,40846,41578
STAT,(NULL),nOverall,44,120037330,1370369,2961077,2719443,3011035,3004890,2996730,2501749,2508713,2743026,2698612,2645075,2724809,2476821,2621166,2549632,2590372,2490685,2605651,2811024,2713428,2684591,2583926,2632178,2709416,2611238,3047187,2877855,2742193,2986809,3019814,3045815,2655588,2720464,2745974,2698437,2700047,2844153,2778272,2998963,2781608,2805344,2768266,2864413,2990472
STAT,(NULL),nPop,44,22149876,252240,545643,500544,553433,552107,551511,461183,463317,506817,499190,486964,502161,457129,483309,469719,478485,460593,480647,517713,500094,494407,476775,486274,499782,483442,561118,529581,506927,552221,557331,561913,490225,503648,508665,498336,499645,525568,513574,554087,513954,519567,509811,528210,552016
STAT,(NULL),nPush,44,22149870,253412,547675,501990,553491,554181,554645,462378,464011,505153,498851,487093,502867,456674,483736,470011,479113,459431,482109,517608,502576,493714,476390,485270,500034,482343,561791,532021,505013,551277,555997,561894,490462,503012,506666,498082,497712,525058,512075,554648,513033,517126,509843,526440,552964
STAT,(NULL),nPushInit,44,6,0,1,1,1,0,1,1,1,0,0,0,0,0,0,0,0,0,0,0,0,0,0,0,0,0,0,0,0,0,0,0,0,0,0,0,0,0,0,0,0,0,0,0,0
==== BENCHMARK TOOK 10.232
==== BENCHMARK START ===
==== PARAMS kernel=4.9.5-64-net1 malloc=libc hostname=rack-castor threads=44 delta=4 prog=sssp-multiqueue1  ===
Galois Benchmark Suite v2.2.1 (r0)
Copyright (C) 2014 The University of Texas at Austin
http://iss.ices.utexas.edu/galois/

application: Single Source Shortest Path
Computes the shortest path from a source node to all nodes in a directed graph using a modified chaotic iteration algorithm
http://iss.ices.utexas.edu/?p=projects/galois/benchmarks/single_source_shortest_path

INFO: CommandLine ./build/debug/apps/sssp/sssp -noverify -t 44 -delta 4 -wl multiqueue1 -startNode 0 /specific/disk1/home/mad/Galois-PQ/inputs/planar10M.gr
INFO: Hostname rack-castor
Read 10000000 nodes
Running Asynchronous with CAS version
INFO: Using delta-step of 1
WARNING: Performance varies considerably due to delta parameter.
WARNING: Do not expect the default to be good for your graph.
Node 1 has distance 7300
STATTYPE,LOOP,CATEGORY,n,sum,T0,T1,T2,T3,T4,T5,T6,T7,T8,T9,T10,T11,T12,T13,T14,T15,T16,T17,T18,T19,T20,T21,T22,T23,T24,T25,T26,T27,T28,T29,T30,T31,T32,T33,T34,T35,T36,T37,T38,T39,T40,T41,T42,T43
STAT,(NULL),BadWork,44,9187734,171360,221221,160427,246821,223983,143375,221498,256494,253152,194248,250347,141186,214768,187836,232871,243558,252062,151299,242861,239541,167151,186028,214310,256855,183946,206206,219338,148929,230663,282919,176927,145207,229763,289801,200569,150093,193989,213094,199081,277732,274859,140645,169676,181045
STAT,(NULL),BarrierTime,44,4284234,203576,149654,144795,149912,219726,145037,144736,123596,152425,129366,122491,154894,155553,144016,120421,140308,130330,122606,144870,155288,147343,154359,49176,48510,46353,48882,48700,47935,49838,47835,49102,41802,49640,47146,48850,49029,48536,23525,48582,48737,49516,42014,48719,46505
STAT,(NULL),ConflictTime,44,0,0,0,0,0,0,0,0,0,0,0,0,0,0,0,0,0,0,0,0,0,0,0,0,0,0,0,0,0,0,0,0,0,0,0,0,0,0,0,0,0,0,0,0,0
STAT,(NULL),Conflicts,44,0,0,0,0,0,0,0,0,0,0,0,0,0,0,0,0,0,0,0,0,0,0,0,0,0,0,0,0,0,0,0,0,0,0,0,0,0,0,0,0,0,0,0,0,0
STAT,(NULL),EmptyPopTime,44,498277514,2714976,11227230,11359949,11298297,11276458,11316149,11599813,11526953,11469951,11647068,11629274,11483452,11578315,11581971,11635524,11549383,11551842,11847148,11549995,11529858,11543465,11562439,11523300,11717402,11838296,11321025,11691696,11649332,11650792,11317943,11341670,11582342,11535455,11485736,11522615,11844809,11721378,11451192,11289522,11581359,11420406,11662766,11374170,11274798
STAT,(NULL),EmptyWork,44,3569883445,41344280,78617721,80313270,77742037,82563607,79338114,83745530,81405067,80254903,83128103,83155272,81348206,81451939,81506293,81082238,81479907,82418509,84687376,81394383,81115530,83019506,80763985,81762660,84611449,87051992,77838810,84316436,83255764,84747710,81265067,80593933,85389754,79873255,81080978,80876036,84197545,83081395,83122695,78525470,85449038,80513781,86513687,82288741,81651473
STAT,(NULL),GaloisTime,44,17191496239,369992956,373091480,379180072,372107691,370978844,373251629,399028549,391677734,390364493,402446844,401628187,388920122,396655645,397963535,396223349,394405708,391783618,416982637,392344834,396399069,396517692,391383084,388640561,403348509,414653446,375083578,402397461,397701593,399428893,374860869,378561060,399888302,390475561,388421502,390908723,417212465,406510888,384612035,370308579,391540538,382532649,404683134,376075070,370323051
STAT,(NULL),InitPushTime,44,3461517,3524,86700,84448,82356,2524,76204,73092,93472,63260,63984,58692,59712,54375,58716,54888,58272,54123,55628,52697,53346,49656,51300,101398,101156,99095,100884,99828,98839,99184,99814,97782,99543,99029,98941,98641,97980,97365,97540,96045,98024,98663,98509,95378,96910
STAT,(NULL),Iterations,44,22147286,249792,542340,530109,547880,546819,547801,490134,498675,516074,480811,489063,510825,492673,489875,481721,487397,494845,451676,502404,498013,483557,492457,517280,483444,466237,556964,499648,501228,494951,553907,553900,506450,517252,526785,517891,457814,475279,520675,547007,517986,537165,491223,533149,546110
STAT,(NULL),LoopTime,44,5733132172,5733132172,0,0,0,0,0,0,0,0,0,0,0,0,0,0,0,0,0,0,0,0,0,0,0,0,0,0,0,0,0,0,0,0,0,0,0,0,0,0,0,0,0,0,0
STAT,(NULL),MeminfoPost,44,968,22,22,22,22,22,22,22,22,22,22,22,22,22,22,22,22,22,22,22,22,22,22,22,22,22,22,22,22,22,22,22,22,22,22,22,22,22,22,22,22,22,22,22,22
STAT,(NULL),MeminfoPre,44,968,22,22,22,22,22,22,22,22,22,22,22,22,22,22,22,22,22,22,22,22,22,22,22,22,22,22,22,22,22,22,22,22,22,22,22,22,22,22,22,22,22,22,22,22
STAT,(NULL),NumaPost,44,4371,1998,1383,646,344,0,0,0,0,0,0,0,0,0,0,0,0,0,0,0,0,0,0,0,0,0,0,0,0,0,0,0,0,0,0,0,0,0,0,0,0,0,0,0,0
STAT,(NULL),PopTime,44,58010404834,1294128719,1347459290,1338961734,1349608931,1347074558,1349673780,1315586880,1315472149,1329738973,1305024789,1306484696,1322629058,1307506811,1308777417,1306524370,1311978071,1315938288,1280287833,1317112693,1316944436,1304313348,1316416919,1316773578,1295724739,1280986661,1344893789,1304283550,1301851934,1308961458,1349542603,1340010980,1311793548,1321247222,1326980278,1314959309,1277799595,1293353725,1324148273,1352800547,1323430553,1332640260,1296892669,1337641877,1346043943
STAT,(NULL),PushTime,44,87313530761,2021958194,1976969443,1975242067,1968905962,1974581595,1965012496,1985818989,1990856031,1971507425,1988222900,1984108894,1970925939,1987909947,1980000209,1993575294,1990918436,1989205929,1996919219,1986914966,1984271803,1990899710,1991805916,1987103150,1998669815,1999391469,1970809585,1986771833,1992565400,1985210052,1967411223,1966487045,1981483916,1980112662,1972562016,1989760621,1989948166,1998156259,1989357418,1976387394,1982983559,1980335559,1992572439,1984878861,1974040955
STAT,(NULL),RusageSys,44,0,0,0,0,0,0,0,0,0,0,0,0,0,0,0,0,0,0,0,0,0,0,0,0,0,0,0,0,0,0,0,0,0,0,0,0,0,0,0,0,0,0,0,0,0
STAT,(NULL),RusageUser,44,109916000,109916000,0,0,0,0,0,0,0,0,0,0,0,0,0,0,0,0,0,0,0,0,0,0,0,0,0,0,0,0,0,0,0,0,0,0,0,0,0,0,0,0,0,0,0
STAT,(NULL),Threads,44,44,44,0,0,0,0,0,0,0,0,0,0,0,0,0,0,0,0,0,0,0,0,0,0,0,0,0,0,0,0,0,0,0,0,0,0,0,0,0,0,0,0,0,0,0
STAT,(NULL),Time,44,5734143556,5734143556,0,0,0,0,0,0,0,0,0,0,0,0,0,0,0,0,0,0,0,0,0,0,0,0,0,0,0,0,0,0,0,0,0,0,0,0,0,0,0,0,0,0,0
STAT,(NULL),TotalTime,44,22231523310,22231523310,0,0,0,0,0,0,0,0,0,0,0,0,0,0,0,0,0,0,0,0,0,0,0,0,0,0,0,0,0,0,0,0,0,0,0,0,0,0,0,0,0,0,0
STAT,(NULL),UserTime,44,77718238983,1822173195,1764949473,1767257908,1772651411,1765839200,1773722262,1756535203,1761375778,1768979067,1761844322,1765307286,1777007953,1767211597,1772484843,1763273977,1761982515,1761415557,1761591756,1762998102,1762053675,1766020503,1760382220,1766511020,1758242437,1758392848,1772367543,1762854408,1765290753,1762314707,1767916184,1775319442,1762177771,1769069423,1771783880,1764287021,1771311489,1759491181,1759622678,1763002398,1757329635,1764871663,1759989292,1760055020,1768980387
STAT,(NULL),Work,44,244305552129,5552431820,5552389784,5552398859,5552390523,5552390487,5552390986,5552393136,5552400816,5552400769,5552417664,5552423986,5552396584,5552401246,5552405380,5552425504,5552407344,5552419663,5552420834,5552405349,5552399230,5552403513,5552398947,5552389543,5552391642,5552395121,5552390388,5552392096,5552390404,5552389581,5552389531,5552390477,5552398543,5552389124,5552389692,5552391561,5552389085,5552394616,5552417589,5552389597,5552389771,5552391554,5552400528,5552389460,5552389802
STAT,(NULL),nBad,44,14963,296,386,286,410,337,249,378,446,451,313,400,238,355,306,341,391,399,250,443,416,261,286,349,397,279,315,384,232,376,437,290,250,361,481,350,223,306,326,331,446,424,223,274,271
STAT,(NULL),nEmpty,44,12145985,136488,296036,289916,300531,298600,299748,269542,272694,282815,263838,268049,279340,269680,268161,264297,266948,271019,248845,275043,272794,264958,270044,283529,265768,256481,305953,274007,275206,272393,303701,303419,278263,284207,289486,284503,251648,261203,285402,300637,284950,294457,269684,292224,299478
STAT,(NULL),nEmptyPop,44,1002062,8082,25456,25103,25647,25604,25644,22820,23087,23635,19795,19369,24483,22894,22794,19155,22719,20237,18212,23188,23054,20909,23917,24695,22611,20371,25947,23128,23175,22965,25839,25839,21286,23670,24974,23696,21814,20998,20367,25627,24727,24298,20472,24166,25593
STAT,(NULL),nOverall,44,120014751,1358660,2955730,2882008,2969204,2978087,2977565,2647422,2713556,2800281,2602675,2651532,2779396,2675097,2660306,2608563,2642695,2685235,2436142,2729269,2702124,2624753,2669316,2804135,2611213,2517345,3014693,2707610,2711758,2671066,3001371,3005736,2739538,2796525,2844705,2801580,2472317,2568390,2821688,2956883,2796656,2911548,2658897,2891042,2960439
STAT,(NULL),nPop,44,22147286,249792,542340,530109,547880,546819,547801,490134,498675,516074,480811,489063,510825,492673,489875,481721,487397,494845,451676,502404,498013,483557,492457,517280,483444,466237,556964,499648,501228,494951,553907,553900,506450,517252,526785,517891,457814,475279,520675,547007,517986,537165,491223,533149,546110
STAT,(NULL),nPush,44,22147280,249603,546566,531690,550352,548412,549739,487697,501069,516484,479632,489884,512853,494533,489967,481397,486680,495829,451731,503081,498890,485519,491982,517626,481703,465632,557457,498786,499300,491840,553216,554986,506571,514971,522950,519077,454837,474177,521235,546725,516657,536664,490277,532763,546240
STAT,(NULL),nPushInit,44,6,0,1,1,1,0,1,1,1,0,0,0,0,0,0,0,0,0,0,0,0,0,0,0,0,0,0,0,0,0,0,0,0,0,0,0,0,0,0,0,0,0,0,0,0
==== BENCHMARK TOOK 11.066
==== BENCHMARK START ===
==== PARAMS kernel=4.9.5-64-net1 malloc=libc hostname=rack-castor threads=44 delta=4 prog=sssp-multiqueue1  ===
Galois Benchmark Suite v2.2.1 (r0)
Copyright (C) 2014 The University of Texas at Austin
http://iss.ices.utexas.edu/galois/

application: Single Source Shortest Path
Computes the shortest path from a source node to all nodes in a directed graph using a modified chaotic iteration algorithm
http://iss.ices.utexas.edu/?p=projects/galois/benchmarks/single_source_shortest_path

INFO: CommandLine ./build/debug/apps/sssp/sssp -noverify -t 44 -delta 4 -wl multiqueue1 -startNode 0 /specific/disk1/home/mad/Galois-PQ/inputs/planar10M.gr
INFO: Hostname rack-castor
Read 10000000 nodes
Running Asynchronous with CAS version
INFO: Using delta-step of 1
WARNING: Performance varies considerably due to delta parameter.
WARNING: Do not expect the default to be good for your graph.
Node 1 has distance 7300
STATTYPE,LOOP,CATEGORY,n,sum,T0,T1,T2,T3,T4,T5,T6,T7,T8,T9,T10,T11,T12,T13,T14,T15,T16,T17,T18,T19,T20,T21,T22,T23,T24,T25,T26,T27,T28,T29,T30,T31,T32,T33,T34,T35,T36,T37,T38,T39,T40,T41,T42,T43
STAT,(NULL),BadWork,44,5712353,119978,131599,95702,142552,239140,172552,118820,109844,119126,94844,127988,136266,103827,157040,85441,183356,108972,146887,114032,117659,82202,93828,115665,111744,106609,191877,122590,49507,188851,114266,150086,217547,82417,93580,102112,100186,105589,217233,117246,178613,116557,115616,125177,187630
STAT,(NULL),BarrierTime,44,3891977,176255,118324,117100,111575,188368,117647,117563,73830,105817,106664,93402,111496,122638,90970,93720,112228,109377,123373,113572,103416,124978,63750,66740,63719,65820,66061,37835,48639,67587,67028,66331,67232,67267,66108,66728,66494,66892,66549,65685,67360,66212,65861,46819,66947
STAT,(NULL),ConflictTime,44,0,0,0,0,0,0,0,0,0,0,0,0,0,0,0,0,0,0,0,0,0,0,0,0,0,0,0,0,0,0,0,0,0,0,0,0,0,0,0,0,0,0,0,0,0
STAT,(NULL),Conflicts,44,0,0,0,0,0,0,0,0,0,0,0,0,0,0,0,0,0,0,0,0,0,0,0,0,0,0,0,0,0,0,0,0,0,0,0,0,0,0,0,0,0,0,0,0,0
STAT,(NULL),EmptyPopTime,44,220231054,2705136,4744712,5151718,4814713,4786081,4797684,5021855,5203994,5207714,5089310,5248767,5222416,5129574,5213724,5205887,5096688,5001704,5101420,5008181,5263548,5263765,5024860,5137332,5207516,5224616,4826694,4978250,5137548,4874240,4827169,4854609,4993135,5105317,5243425,5157539,5254648,5092382,4825519,4844824,5157471,5180942,5236107,4945299,4823021
STAT,(NULL),EmptyWork,44,3600740708,42692663,78834158,80272241,77573484,82999607,81823980,82818992,83348066,82022452,82889792,84939612,84701795,80566810,87146258,88893128,83452820,81544600,85828708,83916226,86131280,86035819,82263848,80141480,83821299,84433961,80839215,80906368,86045145,81260038,77505288,82121928,81432655,85439208,84460998,81923221,84431865,85548840,78548629,80745150,81490241,84997233,85520652,80303353,78127602
STAT,(NULL),GaloisTime,44,17243570986,302852048,368147915,398478304,371760724,371000745,371895715,389434726,407962712,406596260,396666227,410548380,410296692,399826223,407156957,407641213,406177900,385182457,401014945,392015625,405699584,408637487,392983778,398200561,403957835,411508401,374364989,392782821,399109463,380279907,374186641,375797599,387195909,399288673,407233544,403155662,410356983,396814926,373179993,372149317,405009290,402342217,408188806,385876885,370613947
STAT,(NULL),InitPushTime,44,3182416,4148,88892,86288,82462,2394,78882,73040,113564,78800,78444,70576,70900,59452,73244,53472,67348,61640,54352,59206,69268,50898,89511,78608,91088,78220,77943,78808,78424,77564,76378,77567,78095,79200,78512,78288,78188,77548,76751,75920,78164,77276,77752,74737,70604
STAT,(NULL),Iterations,44,22147498,280766,547108,486338,552359,551731,551893,506262,475864,478509,496251,469932,474969,492964,472436,466442,476032,503720,489586,511817,483195,463738,484366,501151,491078,486279,559161,531713,508792,546165,557780,562239,532509,513013,488388,500385,486063,499002,552909,552239,500788,494185,493912,522041,551428
STAT,(NULL),LoopTime,44,5745879630,5745879630,0,0,0,0,0,0,0,0,0,0,0,0,0,0,0,0,0,0,0,0,0,0,0,0,0,0,0,0,0,0,0,0,0,0,0,0,0,0,0,0,0,0,0
STAT,(NULL),MeminfoPost,44,968,22,22,22,22,22,22,22,22,22,22,22,22,22,22,22,22,22,22,22,22,22,22,22,22,22,22,22,22,22,22,22,22,22,22,22,22,22,22,22,22,22,22,22,22
STAT,(NULL),MeminfoPre,44,968,22,22,22,22,22,22,22,22,22,22,22,22,22,22,22,22,22,22,22,22,22,22,22,22,22,22,22,22,22,22,22,22,22,22,22,22,22,22,22,22,22,22,22,22
STAT,(NULL),NumaPost,44,4359,1994,1382,822,161,0,0,0,0,0,0,0,0,0,0,0,0,0,0,0,0,0,0,0,0,0,0,0,0,0,0,0,0,0,0,0,0,0,0,0,0,0,0,0,0
STAT,(NULL),PopTime,44,58739430011,1578045813,1365972586,1322493448,1366237979,1368605418,1366809864,1337515847,1315412961,1318492167,1327936031,1306209431,1308500348,1324933165,1309437569,1299841907,1306940636,1335825681,1310452521,1341328268,1318269181,1301520738,1320517078,1315123912,1315444458,1311764293,1354575744,1332470380,1322286694,1348894295,1359911774,1358335189,1340963894,1328259448,1309725848,1313536855,1304418467,1318857149,1360585490,1361576698,1316996697,1307996384,1307248042,1342142240,1357017423
STAT,(NULL),PushTime,44,87438466835,2019066742,1983186582,1986584843,1963169677,1967773077,1973145160,1984936569,1984830156,1983455167,1981165669,1991720360,1982344753,1989475709,1989829584,2005074124,2003018693,1990651802,2000190400,1971283227,1979636877,1999728170,2011900880,2000076825,1989045990,1993106018,1976110076,1982804204,1984443021,1980372999,1974976240,1968981819,1979218801,1982614734,1992952804,1985770886,1987395742,2001097884,1978207974,1981312192,1987799725,2006946360,1987136287,1988726217,1987201816
STAT,(NULL),RusageSys,44,0,0,0,0,0,0,0,0,0,0,0,0,0,0,0,0,0,0,0,0,0,0,0,0,0,0,0,0,0,0,0,0,0,0,0,0,0,0,0,0,0,0,0,0,0
STAT,(NULL),RusageUser,44,110420000,110420000,0,0,0,0,0,0,0,0,0,0,0,0,0,0,0,0,0,0,0,0,0,0,0,0,0,0,0,0,0,0,0,0,0,0,0,0,0,0,0,0,0,0,0
STAT,(NULL),Threads,44,44,44,0,0,0,0,0,0,0,0,0,0,0,0,0,0,0,0,0,0,0,0,0,0,0,0,0,0,0,0,0,0,0,0,0,0,0,0,0,0,0,0,0,0,0
STAT,(NULL),Time,44,5746816613,5746816613,0,0,0,0,0,0,0,0,0,0,0,0,0,0,0,0,0,0,0,0,0,0,0,0,0,0,0,0,0,0,0,0,0,0,0,0,0,0,0,0,0,0,0
STAT,(NULL),TotalTime,44,15307028318,15307028318,0,0,0,0,0,0,0,0,0,0,0,0,0,0,0,0,0,0,0,0,0,0,0,0,0,0,0,0,0,0,0,0,0,0,0,0,0,0,0,0,0,0,0
STAT,(NULL),UserTime,44,78040143711,1629238895,1773716353,1781622082,1791045942,1779439048,1776130917,1774874324,1777845995,1778827669,1780855611,1775932736,1783535436,1774671486,1775818419,1767945445,1769914615,1776396511,1772014377,1781051420,1779600678,1773417135,1761908947,1775927002,1777126514,1768569307,1783889242,1780664141,1777585203,1778925243,1783199279,1784514655,1780801378,1773898651,1774990361,1785061893,1782748725,1767195199,1779258400,1773977843,1778152580,1767143000,1781276541,1772611716,1776822797
STAT,(NULL),Work,44,245287427222,5574754091,5574717659,5574716284,5574714953,5574716925,5574719328,5574717887,5574719906,5574718884,5574718400,5574712320,5574719252,5574716489,5574730604,5574743114,5574718180,5574726054,5574712876,5574721921,5574721316,5574715024,5574713315,5574704552,5574702794,5574705297,5574703697,5574733538,5574713824,5574703525,5574703919,5574707014,5574704884,5574703925,5574705816,5574705416,5574703554,5574705144,5574706228,5574706781,5574706708,5574703836,5574703806,5574724287,5574703895
STAT,(NULL),nBad,44,8926,184,211,150,225,387,289,184,173,202,152,199,224,153,256,133,252,160,212,195,187,118,174,207,169,163,264,190,88,257,199,201,319,125,155,154,174,164,364,192,277,176,191,208,269
STAT,(NULL),nEmpty,44,12146696,153636,299002,266417,301858,301979,302446,277342,261296,263038,271296,257228,261038,270602,259296,256291,260998,276052,268125,280305,264814,254319,265550,275338,269882,267508,305662,291339,279277,299215,305846,308753,292141,282484,268321,275427,267443,273825,302930,302520,274637,272192,270718,286377,301933
STAT,(NULL),nEmptyPop,44,702267,9001,17361,15432,17525,17503,17508,16084,15096,15187,15737,14915,15072,15637,14887,14702,15102,15971,15563,16224,15333,14723,15364,15892,15576,15426,17733,16742,16057,17325,17692,17829,16902,16293,15496,15867,15451,15821,17540,17519,15881,15671,15696,16437,17494
STAT,(NULL),nOverall,44,120008714,1525910,2976853,2639760,3005879,2997353,2994315,2747154,2571949,2583890,2698406,2550921,2565442,2667403,2557340,2522953,2583804,2732292,2657900,2775305,2619883,2514082,2626916,2710645,2654605,2625613,3040644,2885438,2751534,2966667,3022755,3041745,2886833,2768663,2641895,2700942,2621782,2701162,2997592,2996502,2713773,2664848,2677445,2827218,2994703
STAT,(NULL),nPop,44,22147498,280766,547108,486338,552359,551731,551893,506262,475864,478509,496251,469932,474969,492964,472436,466442,476032,503720,489586,511817,483195,463738,484366,501151,491078,486279,559161,531713,508792,546165,557780,562239,532509,513013,488388,500385,486063,499002,552909,552239,500788,494185,493912,522041,551428
STAT,(NULL),nPush,44,22147492,281943,550631,487644,554337,552122,554929,506623,473349,477370,497316,471662,473571,491903,472024,467849,477895,505463,490227,511216,483121,462716,484706,502103,488732,485753,561852,533194,507476,546539,556279,559598,532708,512778,486634,499387,482617,498488,552610,552579,500689,490883,493074,521245,553657
STAT,(NULL),nPushInit,44,6,0,1,1,1,0,1,1,1,0,0,0,0,0,0,0,0,0,0,0,0,0,0,0,0,0,0,0,0,0,0,0,0,0,0,0,0,0,0,0,0,0,0,0,0
==== BENCHMARK TOOK 8.048
==== BENCHMARK START ===
==== PARAMS kernel=4.9.5-64-net1 malloc=libc hostname=rack-castor threads=44 delta=4 prog=sssp-multiqueue1  ===
Galois Benchmark Suite v2.2.1 (r0)
Copyright (C) 2014 The University of Texas at Austin
http://iss.ices.utexas.edu/galois/

application: Single Source Shortest Path
Computes the shortest path from a source node to all nodes in a directed graph using a modified chaotic iteration algorithm
http://iss.ices.utexas.edu/?p=projects/galois/benchmarks/single_source_shortest_path

INFO: CommandLine ./build/debug/apps/sssp/sssp -noverify -t 44 -delta 4 -wl multiqueue1 -startNode 0 /specific/disk1/home/mad/Galois-PQ/inputs/planar10M.gr
INFO: Hostname rack-castor
Read 10000000 nodes
Running Asynchronous with CAS version
INFO: Using delta-step of 1
WARNING: Performance varies considerably due to delta parameter.
WARNING: Do not expect the default to be good for your graph.
Node 1 has distance 7300
STATTYPE,LOOP,CATEGORY,n,sum,T0,T1,T2,T3,T4,T5,T6,T7,T8,T9,T10,T11,T12,T13,T14,T15,T16,T17,T18,T19,T20,T21,T22,T23,T24,T25,T26,T27,T28,T29,T30,T31,T32,T33,T34,T35,T36,T37,T38,T39,T40,T41,T42,T43
STAT,(NULL),BadWork,44,3180129,159543,69409,59643,104258,67957,84587,111936,103137,52385,66289,55223,113867,159406,94612,130266,86563,92135,85586,40076,90851,55242,65620,40622,63995,54866,95343,23407,72546,54236,69181,40598,67058,75345,69014,92475,59820,31979,44588,56914,50111,52747,21840,75078,19775
STAT,(NULL),BarrierTime,44,4359276,116126,136349,116748,133108,209054,135486,129204,125523,142048,149928,119064,148501,137238,141880,140691,142856,141624,138155,68384,159298,114638,140168,66516,61479,67517,62629,65795,67784,63916,68978,64000,53314,68898,61328,66028,46713,46713,69558,65279,69648,69440,68962,52324,46386
STAT,(NULL),ConflictTime,44,0,0,0,0,0,0,0,0,0,0,0,0,0,0,0,0,0,0,0,0,0,0,0,0,0,0,0,0,0,0,0,0,0,0,0,0,0,0,0,0,0,0,0,0,0
STAT,(NULL),Conflicts,44,0,0,0,0,0,0,0,0,0,0,0,0,0,0,0,0,0,0,0,0,0,0,0,0,0,0,0,0,0,0,0,0,0,0,0,0,0,0,0,0,0,0,0,0,0
STAT,(NULL),EmptyPopTime,44,220800089,5008853,4736974,5055673,4759156,4740710,4765257,5142366,5044900,5044509,5157214,5204727,5073205,5232929,4966065,4917663,4986551,5059774,5140876,5301117,5081156,5142278,5177043,5094146,4963201,5301842,4780519,5024545,5134046,5100514,4744547,4799621,4939210,5152308,4989843,4996452,5293441,4897286,5105361,4722910,4996092,5022692,5289407,4920613,4792497
STAT,(NULL),EmptyWork,44,3634221561,81051132,78521256,83109687,84389193,83814793,80324167,84224071,81793751,83402784,83108019,83392557,81385906,86424171,80220047,78923285,82888925,86040301,83626483,87866286,83517324,85106076,83613562,83733067,79108005,83478269,81997355,81775729,81649386,85095790,80674419,80947056,81500246,81579021,79864522,83924350,86039991,81112004,84383502,81512350,82915536,81534138,82973561,83422037,78257451
STAT,(NULL),GaloisTime,44,17206862308,386169120,366859523,395342072,372806007,369844749,371308260,399580141,392899812,393726933,406641669,404530451,397126613,410091059,389122143,382158730,387871679,393984015,401086052,413708719,396223855,399509703,403986422,395722611,388329713,415176364,372048976,391132087,400701086,396724351,369727080,375601233,382641547,401909666,385547709,390792065,411949095,382468700,396725217,367984317,393487706,391612871,416683170,375567171,369751846
STAT,(NULL),InitPushTime,44,3466945,87441,88631,92300,89056,2664,84574,80792,87797,64236,57500,64902,57848,58270,59216,54545,60956,58464,56704,94512,44112,55992,54972,93265,94248,93405,93507,93141,93412,92825,92393,90772,92583,92004,92158,91337,91894,89664,89680,84553,91330,90831,91226,88360,88873
STAT,(NULL),Iterations,44,22145982,505831,545571,492346,551256,548845,550861,474649,494843,503345,471521,470591,492145,463825,507375,513826,495226,485613,484173,457258,495102,474785,464456,492287,514541,457042,553523,509444,492062,495690,551237,553724,524051,485298,519219,508203,462175,513134,481710,545174,509502,508500,456163,523682,546178
STAT,(NULL),LoopTime,44,5650927609,5650927609,0,0,0,0,0,0,0,0,0,0,0,0,0,0,0,0,0,0,0,0,0,0,0,0,0,0,0,0,0,0,0,0,0,0,0,0,0,0,0,0,0,0,0
STAT,(NULL),MeminfoPost,44,968,22,22,22,22,22,22,22,22,22,22,22,22,22,22,22,22,22,22,22,22,22,22,22,22,22,22,22,22,22,22,22,22,22,22,22,22,22,22,22,22,22,22,22,22
STAT,(NULL),MeminfoPre,44,968,22,22,22,22,22,22,22,22,22,22,22,22,22,22,22,22,22,22,22,22,22,22,22,22,22,22,22,22,22,22,22,22,22,22,22,22,22,22,22,22,22,22,22,22
STAT,(NULL),NumaPost,44,4352,2174,1379,638,161,0,0,0,0,0,0,0,0,0,0,0,0,0,0,0,0,0,0,0,0,0,0,0,0,0,0,0,0,0,0,0,0,0,0,0,0,0,0,0,0
STAT,(NULL),PopTime,44,57478519859,1312152979,1339814966,1303357596,1345356872,1335590652,1345197399,1291523108,1303757975,1308727709,1286051962,1282895468,1298840912,1286769281,1310418815,1322184171,1307904735,1302283096,1292813182,1281074591,1300140318,1297069889,1290347414,1296281701,1303676100,1270359533,1329360489,1302285723,1297336316,1302522575,1335866448,1328319217,1318046723,1288890111,1307924001,1304536842,1270570085,1311700569,1293294581,1340633429,1300389107,1303704194,1265220780,1324938236,1338390009
STAT,(NULL),PushTime,44,88480267368,2009711609,2010493323,2005586402,1995188496,1998013256,1989490623,2020466480,2013711723,2006914048,2017638839,2015278705,2011078920,2013764262,2009686448,2010236706,2015548685,2018226669,2008061378,2011158635,2011203508,2016946316,2022995465,2019266655,2015611873,2017962179,2000156283,2009672872,2008929378,2008830473,2004989371,2002675843,2005940455,2014354639,2008520684,2004804286,2019874682,2013955530,2019984905,2010844979,2009962881,2011549024,2021108844,2009651318,2010219718
STAT,(NULL),RusageSys,44,40000,40000,0,0,0,0,0,0,0,0,0,0,0,0,0,0,0,0,0,0,0,0,0,0,0,0,0,0,0,0,0,0,0,0,0,0,0,0,0,0,0,0,0,0,0
STAT,(NULL),RusageUser,44,110796000,110796000,0,0,0,0,0,0,0,0,0,0,0,0,0,0,0,0,0,0,0,0,0,0,0,0,0,0,0,0,0,0,0,0,0,0,0,0,0,0,0,0,0,0,0
STAT,(NULL),Threads,44,44,44,0,0,0,0,0,0,0,0,0,0,0,0,0,0,0,0,0,0,0,0,0,0,0,0,0,0,0,0,0,0,0,0,0,0,0,0,0,0,0,0,0,0,0
STAT,(NULL),Time,44,5651817351,5651817351,0,0,0,0,0,0,0,0,0,0,0,0,0,0,0,0,0,0,0,0,0,0,0,0,0,0,0,0,0,0,0,0,0,0,0,0,0,0,0,0,0,0,0
STAT,(NULL),TotalTime,44,15161195318,15161195318,0,0,0,0,0,0,0,0,0,0,0,0,0,0,0,0,0,0,0,0,0,0,0,0,0,0,0,0,0,0,0,0,0,0,0,0,0,0,0,0,0,0,0
STAT,(NULL),UserTime,44,76533580812,1741229753,1734899625,1742871412,1732824451,1743321549,1744238735,1734388010,1738117651,1737508157,1736726269,1744023210,1741820506,1733042412,1740912365,1736905683,1736123333,1729731763,1744595271,1736215883,1739159126,1731551986,1729205934,1735225858,1743635591,1743044543,1746978895,1745431102,1741572840,1737050165,1739321711,1742979709,1742254839,1743437288,1748477214,1746268863,1741595260,1741189734,1735828496,1729625702,1743571035,1741899563,1744046098,1736822942,1733910280
STAT,(NULL),Work,44,243558599574,5535455642,5535423116,5535424374,5535423210,5535424295,5535421645,5535427504,5535428350,5535428844,5535426000,5535433664,5535424751,5535430572,5535426780,5535431115,5535426108,5535427354,5535420694,5535440702,5535424270,5535451118,5535430768,5535417361,5535417598,5535414117,5535409111,5535408856,5535413908,5535417370,5535413514,5535409172,5535428940,5535410005,5535419146,5535410663,5535434843,5535435532,5535413091,5535411488,5535410786,5535411373,5535412304,5535421212,5535408308
STAT,(NULL),nBad,44,3876,172,90,84,134,85,132,150,117,66,105,99,129,134,134,158,104,102,91,61,110,77,80,37,88,67,112,22,81,46,75,58,69,91,86,93,81,45,46,77,86,69,28,84,21
STAT,(NULL),nEmpty,44,12145608,277291,298069,269942,301956,299410,301508,260227,271194,276193,258732,257679,269980,254493,278211,281765,271299,266549,265513,251249,271726,261046,254757,270319,282068,251934,303797,279699,270076,272862,302343,303303,287569,266637,284425,278649,253853,281050,264483,298631,278732,279317,250333,287332,299407
STAT,(NULL),nEmptyPop,44,702194,16043,17319,15623,17492,17423,17474,15068,15701,15965,14957,14945,15647,14732,16123,16265,15709,15413,15370,14419,15709,14967,14752,15621,16317,14520,17567,16190,15614,15726,17496,17573,16526,15401,16463,16111,14572,16155,15277,17306,16151,16126,14489,16539,17338
STAT,(NULL),nOverall,44,120003664,2741922,2971236,2670128,2990366,2991511,2993658,2573346,2683599,2726324,2554517,2556325,2664837,2512344,2748814,2785704,2687486,2629384,2622309,2472209,2679956,2564823,2514866,2663269,2789674,2461331,2997482,2756462,2663895,2674334,2983785,3004602,2838917,2625281,2818952,2754101,2502185,2784337,2603680,2961253,2768224,2749723,2470536,2836290,2959687
STAT,(NULL),nPop,44,22145982,505831,545571,492346,551256,548845,550861,474649,494843,503345,471521,470591,492145,463825,507375,513826,495226,485613,484173,457258,495102,474785,464456,492287,514541,457042,553523,509444,492062,495690,551237,553724,524051,485298,519219,508203,462175,513134,481710,545174,509502,508500,456163,523682,546178
STAT,(NULL),nPush,44,22145975,507235,549425,493150,550955,551522,552063,476001,496206,502513,471199,472669,492151,464095,507747,513568,495008,485120,483407,455864,495422,472519,464626,491157,514966,453232,553975,509597,490677,491792,550105,554930,524523,484878,520327,506812,462359,513252,479270,546630,510608,508650,456601,523749,545420
STAT,(NULL),nPushInit,44,7,1,1,1,1,0,1,1,1,0,0,0,0,0,0,0,0,0,0,0,0,0,0,0,0,0,0,0,0,0,0,0,0,0,0,0,0,0,0,0,0,0,0,0,0
==== BENCHMARK TOOK 7.555
==== BENCHMARK START ===
==== PARAMS kernel=4.9.5-64-net1 malloc=libc hostname=rack-castor threads=44 delta=4 prog=sssp-multiqueue1  ===
Galois Benchmark Suite v2.2.1 (r0)
Copyright (C) 2014 The University of Texas at Austin
http://iss.ices.utexas.edu/galois/

application: Single Source Shortest Path
Computes the shortest path from a source node to all nodes in a directed graph using a modified chaotic iteration algorithm
http://iss.ices.utexas.edu/?p=projects/galois/benchmarks/single_source_shortest_path

INFO: CommandLine ./build/debug/apps/sssp/sssp -noverify -t 44 -delta 4 -wl multiqueue1 -startNode 0 /specific/disk1/home/mad/Galois-PQ/inputs/planar10M.gr
INFO: Hostname rack-castor
Read 10000000 nodes
Running Asynchronous with CAS version
INFO: Using delta-step of 1
WARNING: Performance varies considerably due to delta parameter.
WARNING: Do not expect the default to be good for your graph.
Node 1 has distance 7300
STATTYPE,LOOP,CATEGORY,n,sum,T0,T1,T2,T3,T4,T5,T6,T7,T8,T9,T10,T11,T12,T13,T14,T15,T16,T17,T18,T19,T20,T21,T22,T23,T24,T25,T26,T27,T28,T29,T30,T31,T32,T33,T34,T35,T36,T37,T38,T39,T40,T41,T42,T43
STAT,(NULL),BadWork,44,2447324,77180,50532,58737,60392,76871,57653,91975,77016,43831,55401,20291,23167,100058,82352,33017,51610,66224,37898,54975,70136,76913,35750,38394,14683,47099,65774,61694,64562,47386,51803,78409,60900,22708,76586,47501,23996,68171,61216,27840,32058,66886,77082,68730,41867
STAT,(NULL),BarrierTime,44,3505266,95838,112202,81392,112380,113596,112581,85612,110836,109007,83718,112576,112041,113844,98366,111748,110995,113523,108556,110604,106608,82622,101460,56619,59796,56036,60795,34345,60353,58164,62258,61736,59248,56799,26822,58820,36286,59520,59972,60896,59140,60168,34493,61383,61512
STAT,(NULL),ConflictTime,44,0,0,0,0,0,0,0,0,0,0,0,0,0,0,0,0,0,0,0,0,0,0,0,0,0,0,0,0,0,0,0,0,0,0,0,0,0,0,0,0,0,0,0,0,0
STAT,(NULL),Conflicts,44,0,0,0,0,0,0,0,0,0,0,0,0,0,0,0,0,0,0,0,0,0,0,0,0,0,0,0,0,0,0,0,0,0,0,0,0,0,0,0,0,0,0,0,0,0
STAT,(NULL),EmptyPopTime,44,219145379,4801705,4676490,5095728,4711650,4719581,4758806,5067313,5028480,5245673,5048587,4850357,4821531,5037186,5069485,4920658,4773737,5023593,4884721,5126889,5141277,5102167,4927393,6107509,5022849,4964422,4727218,5213626,5038913,4973935,4716435,4810591,5012914,5029831,5012804,5137937,5104710,5093544,4781056,4692490,4900073,5132674,5287441,4839855,4711545
STAT,(NULL),EmptyWork,44,3571947520,77541442,76230767,85220202,76611883,80042398,79126274,82890629,82169740,82475494,80996243,80843037,81329743,82177639,83426569,81104384,80163988,82889393,83161789,86247244,83021033,81119392,79913596,82159082,81072066,82547420,77696509,82920686,83450027,82470349,80635751,77376087,78908876,81427017,80444724,84441570,83828431,79372148,78260234,78384035,80178123,82671164,86709204,79930207,78360931
STAT,(NULL),GaloisTime,44,16967583799,375237385,364960605,398860642,369484822,369309246,367630555,394180747,394552309,401864921,388670450,378377475,376177732,393402229,401926759,381234921,372003322,391836311,380056893,402155899,400469663,388853066,381578009,393746827,392939615,388773811,367894058,402140733,392923446,386291240,367239292,369276467,392597493,385630124,393200070,400468691,402128743,391150485,372931878,363154726,379879231,403809583,409481860,374226878,364874587
STAT,(NULL),InitPushTime,44,4952061,113757,117012,116712,113080,110252,111924,142552,112512,107827,110568,104729,109808,106556,100576,100920,103792,99555,102464,92820,103452,99976,102832,116481,116674,128216,115541,115822,116938,116178,115574,115390,115912,126625,114888,114609,125480,115453,115736,111985,115266,115439,114590,112172,113416
STAT,(NULL),Iterations,44,22145816,515630,542879,471523,541418,541380,543113,477950,480950,468135,496444,520742,523724,488849,481178,498991,515227,476381,515112,472360,486256,483186,500183,484781,492991,506661,548491,475139,496933,502925,544663,549445,491946,508701,497188,475561,479811,483501,519705,540535,516469,472640,458400,516437,541282
STAT,(NULL),LoopTime,44,5600327547,5600327547,0,0,0,0,0,0,0,0,0,0,0,0,0,0,0,0,0,0,0,0,0,0,0,0,0,0,0,0,0,0,0,0,0,0,0,0,0,0,0,0,0,0,0
STAT,(NULL),MeminfoPost,44,968,22,22,22,22,22,22,22,22,22,22,22,22,22,22,22,22,22,22,22,22,22,22,22,22,22,22,22,22,22,22,22,22,22,22,22,22,22,22,22,22,22,22,22,22
STAT,(NULL),MeminfoPre,44,968,22,22,22,22,22,22,22,22,22,22,22,22,22,22,22,22,22,22,22,22,22,22,22,22,22,22,22,22,22,22,22,22,22,22,22,22,22,22,22,22,22,22,22,22
STAT,(NULL),NumaPost,44,4363,1995,1383,641,344,0,0,0,0,0,0,0,0,0,0,0,0,0,0,0,0,0,0,0,0,0,0,0,0,0,0,0,0,0,0,0,0,0,0,0,0,0,0,0,0
STAT,(NULL),PopTime,44,56864264245,1302132782,1325061199,1273599422,1314406564,1319335992,1322291581,1278979858,1278221358,1269543231,1288396766,1307666428,1306534855,1284148833,1278413267,1298454375,1309429421,1284492094,1304108711,1272359254,1282809824,1280711258,1298542924,1276522562,1287067360,1292299001,1314068174,1263574447,1282546338,1293075468,1314324899,1317285511,1276733295,1294722182,1284248453,1268208665,1270356204,1280401685,1302113455,1319968941,1294313516,1266519990,1261921647,1302170941,1322181514
STAT,(NULL),PushTime,44,87887238133,2010034957,1992483613,2000722432,1991511387,1992645567,1988026125,2008613138,2007485320,2002956818,2005130172,1996340455,1994598724,1992049798,1995247595,2002557615,2002430603,2004431521,1994710321,1997838229,1996252328,2010810490,2002276380,2000064324,1989547281,1995343229,1988676428,2006372938,1997042094,1991447045,1989646138,1982698129,1997167754,1990377965,1994725482,1998207770,1992487482,2002739477,2006002083,1991402627,1992530475,1999781123,1998130324,2002060142,1991634235
STAT,(NULL),RusageSys,44,0,0,0,0,0,0,0,0,0,0,0,0,0,0,0,0,0,0,0,0,0,0,0,0,0,0,0,0,0,0,0,0,0,0,0,0,0,0,0,0,0,0,0,0,0
STAT,(NULL),RusageUser,44,109572000,109572000,0,0,0,0,0,0,0,0,0,0,0,0,0,0,0,0,0,0,0,0,0,0,0,0,0,0,0,0,0,0,0,0,0,0,0,0,0,0,0,0,0,0,0
STAT,(NULL),Threads,44,44,44,0,0,0,0,0,0,0,0,0,0,0,0,0,0,0,0,0,0,0,0,0,0,0,0,0,0,0,0,0,0,0,0,0,0,0,0,0,0,0,0,0,0,0
STAT,(NULL),Time,44,5601238936,5601238936,0,0,0,0,0,0,0,0,0,0,0,0,0,0,0,0,0,0,0,0,0,0,0,0,0,0,0,0,0,0,0,0,0,0,0,0,0,0,0,0,0,0,0
STAT,(NULL),TotalTime,44,15327893410,15327893410,0,0,0,0,0,0,0,0,0,0,0,0,0,0,0,0,0,0,0,0,0,0,0,0,0,0,0,0,0,0,0,0,0,0,0,0,0,0,0,0,0,0,0
STAT,(NULL),UserTime,44,75250171320,1702074077,1708415139,1708330145,1715100225,1705773295,1709991562,1702093995,1704370017,1709740507,1703581583,1703747856,1708364261,1715011083,1707743720,1703554215,1703024482,1703154589,1704901521,1708099441,1704132399,1705232581,1704588302,1713223938,1716174973,1707895237,1718764319,1711603819,1710825784,1713568635,1715264304,1720379736,1721406124,1714637826,1714195760,1715360703,1717917791,1713067849,1707738354,1714224739,1720025374,1713912040,1710297604,1708599522,1710061894
STAT,(NULL),Work,44,240764801949,5471963173,5471924428,5471954376,5471924115,5471923212,5471921792,5471928648,5471927540,5471930280,5471950976,5471921688,5471922975,5471923076,5471931180,5471923664,5471927167,5471925736,5471926172,5471929080,5471931728,5471953645,5471933840,5471924274,5471916960,5471915586,5471917367,5471947245,5471919949,5471917924,5471918836,5471917188,5471918972,5471915298,5471941161,5471915220,5471940679,5471921044,5471918025,5471917823,5471921236,5471918754,5471946982,5471917595,5471915340
STAT,(NULL),nBad,44,3557,116,93,80,92,111,95,124,106,74,74,36,38,138,129,46,70,79,62,74,93,103,56,55,26,64,103,92,96,55,76,118,85,40,104,70,40,88,92,44,53,84,118,102,63
STAT,(NULL),nEmpty,44,12145473,282495,297609,258349,296081,296159,297222,262070,263076,256925,271604,285455,287598,268278,263331,273554,281492,261051,282057,259289,267032,264365,274207,266136,270970,278948,300699,260642,273104,276626,298028,301353,269506,279532,273128,261440,263075,265445,285053,296170,284208,259438,252350,283074,297249
STAT,(NULL),nEmptyPop,44,702705,16361,17250,14873,17205,17202,17260,15185,15283,14879,15651,16553,16654,15530,15220,15845,16384,15174,16349,15013,15449,15239,15872,15343,15657,16119,17424,14988,15769,15966,17304,17456,15625,16186,15673,15111,15132,15363,16514,17179,16389,15022,14465,16390,17199
STAT,(NULL),nOverall,44,120003345,2798794,2943797,2559494,2944264,2942251,2951335,2592246,2613924,2535832,2695758,2823248,2835268,2646458,2613755,2703468,2804754,2583803,2797742,2556234,2631047,2626593,2711840,2623123,2662656,2731942,2973833,2573804,2683688,2714559,2957582,2976114,2671175,2747338,2688750,2568290,2600430,2619218,2815524,2933272,2788641,2557154,2474526,2801668,2928153
STAT,(NULL),nPop,44,22145816,515630,542879,471523,541418,541380,543113,477950,480950,468135,496444,520742,523724,488849,481178,498991,515227,476381,515112,472360,486256,483186,500183,484781,492991,506661,548491,475139,496933,502925,544663,549445,491946,508701,497188,475561,479811,483501,519705,540535,516469,472640,458400,516437,541282
STAT,(NULL),nPush,44,22145809,519560,542712,471103,545042,544073,543264,479750,482636,467133,498056,519728,525879,486706,481594,498519,517543,476532,516858,472433,484205,484260,501219,482715,488513,504213,547861,475439,494845,500339,545775,548622,492617,506885,495917,474066,479719,483624,521505,541295,515974,470859,457301,518446,540474
STAT,(NULL),nPushInit,44,7,1,1,1,1,1,1,1,0,0,0,0,0,0,0,0,0,0,0,0,0,0,0,0,0,0,0,0,0,0,0,0,0,0,0,0,0,0,0,0,0,0,0,0,0
==== BENCHMARK TOOK 7.713
==== BENCHMARK START ===
==== PARAMS kernel=4.9.5-64-net1 malloc=libc hostname=rack-castor threads=44 delta=4 prog=sssp-multiqueue1  ===
Galois Benchmark Suite v2.2.1 (r0)
Copyright (C) 2014 The University of Texas at Austin
http://iss.ices.utexas.edu/galois/

application: Single Source Shortest Path
Computes the shortest path from a source node to all nodes in a directed graph using a modified chaotic iteration algorithm
http://iss.ices.utexas.edu/?p=projects/galois/benchmarks/single_source_shortest_path

INFO: CommandLine ./build/debug/apps/sssp/sssp -noverify -t 44 -delta 4 -wl multiqueue1 -startNode 0 /specific/disk1/home/mad/Galois-PQ/inputs/planar10M.gr
INFO: Hostname rack-castor
Read 10000000 nodes
Running Asynchronous with CAS version
INFO: Using delta-step of 1
WARNING: Performance varies considerably due to delta parameter.
WARNING: Do not expect the default to be good for your graph.
Node 1 has distance 7300
STATTYPE,LOOP,CATEGORY,n,sum,T0,T1,T2,T3,T4,T5,T6,T7,T8,T9,T10,T11,T12,T13,T14,T15,T16,T17,T18,T19,T20,T21,T22,T23,T24,T25,T26,T27,T28,T29,T30,T31,T32,T33,T34,T35,T36,T37,T38,T39,T40,T41,T42,T43
STAT,(NULL),BadWork,44,3088612,70695,54081,66537,56775,77504,106617,123879,59923,74145,87239,117929,74422,49531,50791,87473,75939,37363,63287,50114,95019,117306,79965,42548,48086,77790,111750,75612,64432,64551,52911,63092,40257,91273,26119,74588,57200,97496,25052,68210,56090,45577,56542,56818,116084
STAT,(NULL),BarrierTime,44,4105933,184996,131870,119571,135138,134079,131942,200052,65216,146579,142908,108210,145664,107866,144270,105860,146946,77147,140296,147324,150498,149675,140161,58605,48568,28673,57460,56424,27537,57842,58095,52300,58436,57378,53300,56906,51614,53886,48005,57344,49989,51969,56803,50554,57977
STAT,(NULL),ConflictTime,44,0,0,0,0,0,0,0,0,0,0,0,0,0,0,0,0,0,0,0,0,0,0,0,0,0,0,0,0,0,0,0,0,0,0,0,0,0,0,0,0,0,0,0,0,0
STAT,(NULL),Conflicts,44,0,0,0,0,0,0,0,0,0,0,0,0,0,0,0,0,0,0,0,0,0,0,0,0,0,0,0,0,0,0,0,0,0,0,0,0,0,0,0,0,0,0,0,0,0
STAT,(NULL),EmptyPopTime,44,215882914,4874448,4660407,4876598,4677863,4678474,4708405,4872518,4818039,4972539,4958046,5033649,5092061,5041365,4986755,5003313,4860155,4967139,5062565,5161546,4742854,4779344,4906084,4852612,5028143,5211342,4693868,5108298,4987290,4969607,4677647,4699114,4732663,4932015,5039420,4983774,5166654,4965024,5021766,4661428,4788652,5041285,4971972,4927620,4688553
STAT,(NULL),EmptyWork,44,3540781488,79621252,81969459,81845620,80014209,80406923,78615480,79220007,78823803,81341829,79346199,83105874,80033983,80849842,78470941,80387009,79820124,81056174,79722639,82474165,78163884,78283203,82634009,81220255,80110211,81742224,78576132,80102796,80246463,79582665,78413828,75841040,79215248,82099159,83211838,83663191,83596273,81150320,80802818,80739517,81194411,80518609,79240846,85328198,77978818
STAT,(NULL),GaloisTime,44,16915882375,385394290,361934157,384377327,367313842,365846004,368123329,381707545,380747160,392152724,388673652,395152670,400558342,398109379,393984235,390870353,382583795,389756814,395039794,411155440,371322696,371270421,384975196,374665663,394333446,407992238,372342774,399557276,390647829,386920434,365288323,369560538,369392474,386065154,394907438,387848441,406106865,387346851,393352571,365285839,374610299,391607768,389090693,383015722,364894574
STAT,(NULL),InitPushTime,44,3512135,3884,87378,86913,86194,83703,83888,2896,126676,61344,60564,78115,59236,78701,56512,75264,49884,97321,52808,50808,49056,48340,50540,95957,97974,97321,96866,96976,96837,96008,96837,91857,96015,95502,91608,86775,95092,94607,95641,92598,94747,94923,94636,92084,91249
STAT,(NULL),Iterations,44,22147177,494711,541448,502048,543017,542406,544783,499660,510677,490987,494031,481651,468619,476651,490292,478549,495258,479078,478093,456107,534226,516695,487392,523015,484253,454622,546542,473400,498806,498064,544413,549019,543042,509081,493693,498462,461833,492624,474516,541209,526909,490410,500153,495584,541148
STAT,(NULL),LoopTime,44,5607401948,5607401948,0,0,0,0,0,0,0,0,0,0,0,0,0,0,0,0,0,0,0,0,0,0,0,0,0,0,0,0,0,0,0,0,0,0,0,0,0,0,0,0,0,0,0
STAT,(NULL),MeminfoPost,44,968,22,22,22,22,22,22,22,22,22,22,22,22,22,22,22,22,22,22,22,22,22,22,22,22,22,22,22,22,22,22,22,22,22,22,22,22,22,22,22,22,22,22,22,22
STAT,(NULL),MeminfoPre,44,968,22,22,22,22,22,22,22,22,22,22,22,22,22,22,22,22,22,22,22,22,22,22,22,22,22,22,22,22,22,22,22,22,22,22,22,22,22,22,22,22,22,22,22,22
STAT,(NULL),NumaPost,44,4375,2001,1561,652,161,0,0,0,0,0,0,0,0,0,0,0,0,0,0,0,0,0,0,0,0,0,0,0,0,0,0,0,0,0,0,0,0,0,0,0,0,0,0,0,0
STAT,(NULL),PopTime,44,57093773729,1295755196,1335313384,1298562150,1323496943,1327264986,1331215872,1303728874,1305329338,1288585052,1293179527,1279947239,1273652573,1281658354,1290464601,1289093561,1297575695,1286295464,1280260172,1264080142,1319339949,1316977326,1291458551,1311147337,1275056387,1258669859,1321066854,1276932323,1284405981,1288370729,1320833911,1325420187,1319232104,1295366458,1286412136,1291280903,1261977298,1291459545,1274553547,1327934409,1308478788,1285987333,1293035784,1293601154,1329315753
STAT,(NULL),PushTime,44,87646157350,1999951924,1984392634,1993057386,1984150827,1988440134,1982192336,1997455976,1990933357,1992931713,1992632080,1995016024,1999820818,1998312521,1990742131,1999475183,2008628301,2004033468,1999228736,1997739044,1984361132,1993658607,2009553519,1980994003,2001170405,1999303024,1977969809,1993767104,1995773445,1991990002,1985297769,1970386915,1979948843,1983131733,1985001354,1996433118,1997054645,1993237179,2005001062,1980166795,1985290741,1985017195,1990488712,1998668258,1983357388
STAT,(NULL),RusageSys,44,0,0,0,0,0,0,0,0,0,0,0,0,0,0,0,0,0,0,0,0,0,0,0,0,0,0,0,0,0,0,0,0,0,0,0,0,0,0,0,0,0,0,0,0,0
STAT,(NULL),RusageUser,44,109712000,109712000,0,0,0,0,0,0,0,0,0,0,0,0,0,0,0,0,0,0,0,0,0,0,0,0,0,0,0,0,0,0,0,0,0,0,0,0,0,0,0,0,0,0,0
STAT,(NULL),Threads,44,44,44,0,0,0,0,0,0,0,0,0,0,0,0,0,0,0,0,0,0,0,0,0,0,0,0,0,0,0,0,0,0,0,0,0,0,0,0,0,0,0,0,0,0,0
STAT,(NULL),Time,44,5608306116,5608306116,0,0,0,0,0,0,0,0,0,0,0,0,0,0,0,0,0,0,0,0,0,0,0,0,0,0,0,0,0,0,0,0,0,0,0,0,0,0,0,0,0,0,0
STAT,(NULL),TotalTime,44,15275915520,15275915520,0,0,0,0,0,0,0,0,0,0,0,0,0,0,0,0,0,0,0,0,0,0,0,0,0,0,0,0,0,0,0,0,0,0,0,0,0,0,0,0,0,0,0
STAT,(NULL),UserTime,44,75661195876,1713349318,1710679439,1716230087,1719293429,1712311977,1714091871,1711961779,1718293428,1718965087,1720159320,1720689606,1719789795,1714974415,1720300243,1714118411,1705480785,1712836559,1719634792,1718338731,1721018292,1713979826,1705419369,1726066409,1723247806,1726027944,1724297347,1723478999,1722887155,1727114043,1724434948,1733039737,1726424165,1727352013,1724373809,1714737471,1725044704,1720786223,1720215656,1720157567,1724584349,1730774575,1722118597,1713405605,1718710195
STAT,(NULL),Work,44,241077566954,5479076312,5479035399,5479034479,5479032938,5479034309,5479038491,5479033998,5479030987,5479034085,5479043336,5479033041,5479036972,5479031303,5479035256,5479039610,5479041385,5479037012,5479043934,5479036844,5479038549,5479037212,5479032144,5479027979,5479033573,5479054871,5479030611,5479033394,5479057709,5479030409,5479029067,5479030578,5479028514,5479029034,5479032638,5479032014,5479030936,5479029136,5479033966,5479029710,5479028705,5479030311,5479029139,5479037802,5479029262
STAT,(NULL),nBad,44,3776,78,72,79,76,81,128,164,56,84,116,131,88,71,64,86,115,21,90,67,118,144,93,70,43,90,113,95,93,83,60,80,62,111,32,92,80,111,33,97,82,50,78,61,138
STAT,(NULL),nEmpty,44,12146804,270990,296476,275076,296217,296542,298237,273914,279809,269298,270621,263429,257210,261302,268769,262674,271403,262696,262102,250598,292774,282401,267122,286708,265791,249602,298871,260061,273843,273873,298365,301377,298080,279400,271708,274223,253922,270659,260638,297211,288766,269577,275070,272257,297142
STAT,(NULL),nEmptyPop,44,702806,15693,17188,15955,17239,17214,17290,15880,16222,15607,15672,15283,14880,15129,15587,15188,15710,15203,15174,14487,16958,16410,15465,16612,15368,14334,17345,15025,15713,15800,17274,17420,17234,16164,15661,15812,14666,15626,15060,17176,16701,15591,15895,15721,17174
STAT,(NULL),nOverall,44,120003564,2685340,2939920,2724117,2962222,2952529,2956656,2707424,2767668,2660568,2680948,2618095,2536432,2584417,2657794,2590376,2689077,2596631,2592538,2467301,2897084,2811536,2646101,2833684,2621991,2460028,2971283,2558073,2698471,2691799,2952474,2969790,2939960,2754689,2663738,2690996,2495246,2663567,2567299,2926875,2859658,2650314,2700762,2679895,2928198
STAT,(NULL),nPop,44,22147177,494711,541448,502048,543017,542406,544783,499660,510677,490987,494031,481651,468619,476651,490292,478549,495258,479078,478093,456107,534226,516695,487392,523015,484253,454622,546542,473400,498806,498064,544413,549019,543042,509081,493693,498462,461833,492624,474516,541209,526909,490410,500153,495584,541148
STAT,(NULL),nPush,44,22147171,497104,542220,503251,546760,546739,545667,500255,509731,490104,493713,481135,468442,476878,490710,479241,496942,478603,479165,457454,534142,518373,490198,521240,484966,453497,548553,471561,498593,496364,545089,548754,543309,507661,490035,496508,460466,490502,472817,539980,529022,489630,499312,493673,538812
STAT,(NULL),nPushInit,44,6,0,1,1,1,1,1,0,1,0,0,0,0,0,0,0,0,0,0,0,0,0,0,0,0,0,0,0,0,0,0,0,0,0,0,0,0,0,0,0,0,0,0,0,0
==== BENCHMARK TOOK 7.738
==== BENCHMARK START ===
==== PARAMS kernel=4.9.5-64-net1 malloc=libc hostname=rack-castor threads=44 delta=4 prog=sssp-multiqueue1  ===
Galois Benchmark Suite v2.2.1 (r0)
Copyright (C) 2014 The University of Texas at Austin
http://iss.ices.utexas.edu/galois/

application: Single Source Shortest Path
Computes the shortest path from a source node to all nodes in a directed graph using a modified chaotic iteration algorithm
http://iss.ices.utexas.edu/?p=projects/galois/benchmarks/single_source_shortest_path

INFO: CommandLine ./build/debug/apps/sssp/sssp -noverify -t 44 -delta 4 -wl multiqueue1 -startNode 0 /specific/disk1/home/mad/Galois-PQ/inputs/planar10M.gr
INFO: Hostname rack-castor
Read 10000000 nodes
Running Asynchronous with CAS version
INFO: Using delta-step of 1
WARNING: Performance varies considerably due to delta parameter.
WARNING: Do not expect the default to be good for your graph.
Node 1 has distance 7300
STATTYPE,LOOP,CATEGORY,n,sum,T0,T1,T2,T3,T4,T5,T6,T7,T8,T9,T10,T11,T12,T13,T14,T15,T16,T17,T18,T19,T20,T21,T22,T23,T24,T25,T26,T27,T28,T29,T30,T31,T32,T33,T34,T35,T36,T37,T38,T39,T40,T41,T42,T43
STAT,(NULL),BadWork,44,3583335,141736,66860,89139,94270,88265,102140,52840,124282,44447,103542,64284,44380,49779,80518,61163,75868,22956,116309,73012,50487,97723,70007,98589,71504,90291,213009,54733,103111,61018,45356,57880,102166,44722,104893,84658,93588,90203,88384,158110,72441,28807,52192,89097,64576
STAT,(NULL),BarrierTime,44,3505063,117820,134070,122400,134920,197529,132516,115272,97744,116696,126561,113156,139265,87587,129432,71291,138192,99256,132668,130982,132614,70848,129436,39671,37753,38341,38591,39131,38713,34267,36933,40138,37672,39289,40244,38054,39105,22755,39184,35649,40594,40460,39742,38378,40144
STAT,(NULL),ConflictTime,44,0,0,0,0,0,0,0,0,0,0,0,0,0,0,0,0,0,0,0,0,0,0,0,0,0,0,0,0,0,0,0,0,0,0,0,0,0,0,0,0,0,0,0,0,0
STAT,(NULL),Conflicts,44,0,0,0,0,0,0,0,0,0,0,0,0,0,0,0,0,0,0,0,0,0,0,0,0,0,0,0,0,0,0,0,0,0,0,0,0,0,0,0,0,0,0,0,0,0
STAT,(NULL),EmptyPopTime,44,220946900,5073873,4736106,5073189,4740834,4748786,4750911,5269813,5052878,5138976,4999781,5156895,6186702,5082816,5165704,5107122,4922385,5009260,4999952,5056582,5024899,5191536,5085273,4840510,5008449,4975787,4749158,5031951,5064881,5002643,4794586,4778387,4960099,5076772,5149490,5042021,5171015,4857626,5094523,4790002,5088885,5161957,4952899,4976948,4804038
STAT,(NULL),EmptyWork,44,3535948872,81207156,79142816,81484060,77532851,79906039,77387692,83757878,81746210,81706418,80139530,82916189,80428532,80990007,81236098,80187507,82170109,79207206,80787583,80482735,80117575,81831716,82596877,78217314,80124459,81114459,77559196,80835262,79830320,81315619,77673460,77329255,80704392,81052861,81338723,81745429,81362400,80012946,81883185,77362171,80203629,80946877,81613440,79404416,77356275
STAT,(NULL),GaloisTime,44,17083643808,385572745,365805863,398578920,369059581,366902916,369659922,410731149,395063101,401317546,391543604,399381054,391561830,398302018,403895296,396140212,380670123,386885142,387102435,395463479,392161199,401428179,395043650,375144265,389037926,387602245,372629334,394045553,395126049,388479695,372108385,372788860,381803499,398600522,401133341,391314923,402209668,374034269,393292426,367305642,395863853,405808491,388336003,385122951,369585944
STAT,(NULL),InitPushTime,44,3473823,72356,71524,76252,72408,2856,70084,63348,99148,67804,73595,65360,54754,73436,57752,93478,55482,73223,51480,57406,53862,97240,53420,95422,95949,94432,94314,91424,93962,90662,88103,82881,94226,92568,92928,89658,92532,91241,92422,89555,92562,92261,91864,87465,91124
STAT,(NULL),Iterations,44,22147148,500558,539835,477069,544424,542655,542451,449493,481502,478070,490802,476023,490952,482079,472100,470862,505535,488606,498694,485779,496845,461618,472467,533568,504779,512560,551429,505375,503934,504625,545996,549862,523349,496635,483145,506175,484713,528031,487707,541538,496315,478497,514435,506684,539377
STAT,(NULL),LoopTime,44,5610483384,5610483384,0,0,0,0,0,0,0,0,0,0,0,0,0,0,0,0,0,0,0,0,0,0,0,0,0,0,0,0,0,0,0,0,0,0,0,0,0,0,0,0,0,0,0
STAT,(NULL),MeminfoPost,44,968,22,22,22,22,22,22,22,22,22,22,22,22,22,22,22,22,22,22,22,22,22,22,22,22,22,22,22,22,22,22,22,22,22,22,22,22,22,22,22,22,22,22,22,22
STAT,(NULL),MeminfoPre,44,968,22,22,22,22,22,22,22,22,22,22,22,22,22,22,22,22,22,22,22,22,22,22,22,22,22,22,22,22,22,22,22,22,22,22,22,22,22,22,22,22,22,22,22,22
STAT,(NULL),NumaPost,44,4371,2182,1378,650,161,0,0,0,0,0,0,0,0,0,0,0,0,0,0,0,0,0,0,0,0,0,0,0,0,0,0,0,0,0,0,0,0,0,0,0,0,0,0,0,0
STAT,(NULL),PopTime,44,56869577494,1295000300,1324631859,1280747512,1332410206,1323827566,1319296978,1257713321,1286416514,1279522059,1287007161,1276023623,1287419160,1282655850,1273566940,1278268054,1306564003,1290399116,1293449999,1283387024,1295361045,1274857271,1277337009,1305308563,1284916504,1290084189,1316090030,1285363441,1283405231,1284256057,1311674510,1319553701,1301687931,1282598033,1274939329,1286511376,1269112669,1311789828,1282999258,1321122764,1282618745,1273443876,1291335012,1294442163,1310461714
STAT,(NULL),PushTime,44,88076698228,2004008030,1989485506,2006153467,1982013818,1985889761,1992159003,2007715662,2002866247,1993802672,2003089951,2004250497,2000068637,2002499447,2004403733,2010767665,2003279848,2011716847,1996761746,2002299987,1992531179,2008130144,2012209343,2002494478,2011681472,2002926004,1993181095,2000392686,2003475873,2013205295,1994719181,1990482294,2003060563,2003809883,2003886028,1999430074,2005922217,2000435195,2010144239,2004338120,2004063023,2002663282,1996378975,2008922576,2004982485
STAT,(NULL),RusageSys,44,0,0,0,0,0,0,0,0,0,0,0,0,0,0,0,0,0,0,0,0,0,0,0,0,0,0,0,0,0,0,0,0,0,0,0,0,0,0,0,0,0,0,0,0,0
STAT,(NULL),RusageUser,44,109764000,109764000,0,0,0,0,0,0,0,0,0,0,0,0,0,0,0,0,0,0,0,0,0,0,0,0,0,0,0,0,0,0,0,0,0,0,0,0,0,0,0,0,0,0,0
STAT,(NULL),Threads,44,44,44,0,0,0,0,0,0,0,0,0,0,0,0,0,0,0,0,0,0,0,0,0,0,0,0,0,0,0,0,0,0,0,0,0,0,0,0,0,0,0,0,0,0,0
STAT,(NULL),Time,44,5611344968,5611344968,0,0,0,0,0,0,0,0,0,0,0,0,0,0,0,0,0,0,0,0,0,0,0,0,0,0,0,0,0,0,0,0,0,0,0,0,0,0,0,0,0,0,0
STAT,(NULL),TotalTime,44,14582206988,14582206988,0,0,0,0,0,0,0,0,0,0,0,0,0,0,0,0,0,0,0,0,0,0,0,0,0,0,0,0,0,0,0,0,0,0,0,0,0,0,0,0,0,0,0
STAT,(NULL),UserTime,44,75413902858,1710970268,1718034234,1709798398,1716079067,1720561588,1718581577,1716647057,1710690634,1720348828,1715056214,1714108266,1716171885,1712302426,1713568849,1711362532,1704230303,1708614991,1718734781,1715147250,1716640914,1710392875,1709562450,1715829061,1711064331,1715131153,1717624858,1716164596,1714931682,1709574479,1720863424,1716901554,1709616834,1710696318,1715385936,1717788703,1718056631,1710703395,1708419310,1706915195,1713995806,1713808565,1719217433,1708965346,1714642861
STAT,(NULL),Work,44,241204704639,5481952140,5481922332,5481923338,5481925777,5481928389,5481924148,5481924912,5481929264,5481933643,5481926886,5481939680,5481923556,5481934688,5481926164,5481922515,5481923978,5481918583,5481926656,5481927763,5481935034,5481922670,5481930646,5481920243,5481920608,5481919952,5481920769,5481919262,5481920700,5481929851,5481920469,5481920313,5481920423,5481923349,5481919318,5481919627,5481920440,5481939866,5481919173,5481921109,5481921148,5481921516,5481920734,5481923411,5481919596
STAT,(NULL),nBad,44,4330,145,93,76,149,137,127,61,141,71,113,87,81,54,122,72,89,28,148,119,61,108,97,130,76,86,146,89,91,83,78,81,120,64,108,110,122,94,95,130,120,47,73,115,93
STAT,(NULL),nEmpty,44,12146740,274566,295299,262078,298094,297135,296851,246349,264079,262222,268720,260652,269044,264591,259643,258737,277186,267397,272978,266318,272082,253530,259654,292171,277246,281711,302059,277981,277018,276270,299465,301204,287088,272755,265481,278163,266274,289441,268032,297295,272728,262746,282013,277561,294833
STAT,(NULL),nEmptyPop,44,701522,15846,17109,15088,17251,17197,17187,14252,15256,15101,15547,15001,15580,15256,14963,14922,16007,15476,15818,15388,15736,14635,14942,16912,15984,16261,17474,16036,15959,15953,17304,17417,16594,15731,15328,16047,15359,16634,15478,17159,15721,15163,16314,16043,17093
STAT,(NULL),nOverall,44,120004118,2710857,2935087,2581480,2953719,2946349,2948899,2438025,2610245,2590099,2662879,2586555,2662845,2609216,2549642,2546988,2738743,2654084,2707756,2632083,2696477,2497064,2553989,2894890,2731846,2771330,2990502,2726673,2722099,2739755,2959444,2983949,2836044,2687390,2612382,2734644,2620340,2863498,2636273,2932574,2682722,2590409,2788745,2748491,2937037
STAT,(NULL),nPop,44,22147148,500558,539835,477069,544424,542655,542451,449493,481502,478070,490802,476023,490952,482079,472100,470862,505535,488606,498694,485779,496845,461618,472467,533568,504779,512560,551429,505375,503934,504625,545996,549862,523349,496635,483145,506175,484713,528031,487707,541538,496315,478497,514435,506684,539377
STAT,(NULL),nPush,44,22147141,499415,540797,477827,543749,543548,545590,448577,480821,477056,491725,478646,492601,482346,471397,470621,504344,488882,498352,485017,496797,460635,470983,534061,505736,512011,551956,504366,502890,506351,546550,549358,523696,495566,482805,503130,482864,528859,486771,542086,495704,477699,514310,507352,543294
STAT,(NULL),nPushInit,44,7,1,1,1,1,0,1,1,1,0,0,0,0,0,0,0,0,0,0,0,0,0,0,0,0,0,0,0,0,0,0,0,0,0,0,0,0,0,0,0,0,0,0,0,0
==== BENCHMARK TOOK 7.408
==== BENCHMARK START ===
==== PARAMS kernel=4.9.5-64-net1 malloc=libc hostname=rack-castor threads=44 delta=4 prog=sssp-multiqueue1  ===
Galois Benchmark Suite v2.2.1 (r0)
Copyright (C) 2014 The University of Texas at Austin
http://iss.ices.utexas.edu/galois/

application: Single Source Shortest Path
Computes the shortest path from a source node to all nodes in a directed graph using a modified chaotic iteration algorithm
http://iss.ices.utexas.edu/?p=projects/galois/benchmarks/single_source_shortest_path

INFO: CommandLine ./build/debug/apps/sssp/sssp -noverify -t 44 -delta 4 -wl multiqueue1 -startNode 0 /specific/disk1/home/mad/Galois-PQ/inputs/planar10M.gr
INFO: Hostname rack-castor
Read 10000000 nodes
Running Asynchronous with CAS version
INFO: Using delta-step of 1
WARNING: Performance varies considerably due to delta parameter.
WARNING: Do not expect the default to be good for your graph.
Node 1 has distance 7300
STATTYPE,LOOP,CATEGORY,n,sum,T0,T1,T2,T3,T4,T5,T6,T7,T8,T9,T10,T11,T12,T13,T14,T15,T16,T17,T18,T19,T20,T21,T22,T23,T24,T25,T26,T27,T28,T29,T30,T31,T32,T33,T34,T35,T36,T37,T38,T39,T40,T41,T42,T43
STAT,(NULL),BadWork,44,2397707,53586,23510,33224,87880,58512,50232,62667,46528,45576,25509,83740,20276,10463,81577,59576,38511,20698,62438,20700,41524,43304,56176,80788,81164,40755,33045,66960,51535,53104,73020,82022,128158,33821,50213,64689,50643,46658,52761,45488,40501,102794,65202,78926,49253
STAT,(NULL),BarrierTime,44,3447322,71400,97729,81545,95779,173336,97656,90296,44132,81587,103657,107822,94224,105238,104292,105937,105417,93195,75800,103490,67204,101616,101508,65436,67404,63180,67706,61048,42332,63992,67304,68471,61553,66283,40552,60643,34188,62040,63093,64720,63930,66017,62816,65261,66493
STAT,(NULL),ConflictTime,44,0,0,0,0,0,0,0,0,0,0,0,0,0,0,0,0,0,0,0,0,0,0,0,0,0,0,0,0,0,0,0,0,0,0,0,0,0,0,0,0,0,0,0,0,0
STAT,(NULL),Conflicts,44,0,0,0,0,0,0,0,0,0,0,0,0,0,0,0,0,0,0,0,0,0,0,0,0,0,0,0,0,0,0,0,0,0,0,0,0,0,0,0,0,0,0,0,0,0
STAT,(NULL),EmptyPopTime,44,218495192,5071518,4677532,5084509,4693593,4680557,4681058,4978510,4977188,4987591,4887095,5035002,4865611,5077338,5003035,5024530,4949193,4922555,5039586,5100399,4917610,5147029,5065833,4955004,4862069,5217669,5863618,5090446,5079844,4997901,4696489,4739256,4949378,5004175,4902179,4946148,5269187,4896934,5014151,4702148,4760190,4949749,5069014,4917607,4745164
STAT,(NULL),EmptyWork,44,3583964147,83950447,77782407,85021021,77969216,80832804,80359164,82576615,79007671,83027723,82164731,83400446,82124973,84085888,85088983,80911146,79800789,82048718,82453048,82783000,80030919,81085980,81786285,83229465,78018466,86183777,81646920,82524524,84268507,81599924,78859190,79306005,82933330,82431232,79109436,80694015,81837946,83074849,85082207,76354645,77439908,80235384,82219684,80996146,77626613
STAT,(NULL),GaloisTime,44,17059638460,403492440,363255381,398801409,368206392,366348706,368282283,392139262,389930295,395538317,383068700,398728361,381383419,398217559,391887083,388090897,387947818,391525646,394433195,401553535,387470926,406219145,401987724,384058804,378233081,411774111,371271306,400240411,397161783,394806324,370592763,370878261,385474844,392380389,388601647,387400309,414821514,381438822,389599665,368902154,375850626,385579352,401530602,385400810,365132389
STAT,(NULL),InitPushTime,44,3018287,89448,90064,91351,90820,3276,85354,80036,117231,65970,67068,65456,64468,60460,58152,54492,57957,54526,77347,54416,81994,55544,62300,68206,70152,69232,67924,68240,69112,69368,65948,65864,67260,66112,66158,65402,70720,66932,66497,65466,76560,66392,65208,66100,67704
STAT,(NULL),Iterations,44,22146572,467006,542030,473194,545289,544820,546711,483535,491664,488976,505156,486332,513468,478874,489548,489393,484368,487803,480279,475139,506041,452985,464124,510538,522637,457659,551867,484417,492816,495846,548841,551418,516806,507275,517374,509689,451604,509910,491480,544603,535512,517673,488086,501433,542353
STAT,(NULL),LoopTime,44,5635343460,5635343460,0,0,0,0,0,0,0,0,0,0,0,0,0,0,0,0,0,0,0,0,0,0,0,0,0,0,0,0,0,0,0,0,0,0,0,0,0,0,0,0,0,0,0
STAT,(NULL),MeminfoPost,44,968,22,22,22,22,22,22,22,22,22,22,22,22,22,22,22,22,22,22,22,22,22,22,22,22,22,22,22,22,22,22,22,22,22,22,22,22,22,22,22,22,22,22,22,22
STAT,(NULL),MeminfoPre,44,968,22,22,22,22,22,22,22,22,22,22,22,22,22,22,22,22,22,22,22,22,22,22,22,22,22,22,22,22,22,22,22,22,22,22,22,22,22,22,22,22,22,22,22,22
STAT,(NULL),NumaPost,44,4359,2187,1376,635,161,0,0,0,0,0,0,0,0,0,0,0,0,0,0,0,0,0,0,0,0,0,0,0,0,0,0,0,0,0,0,0,0,0,0,0,0,0,0,0,0
STAT,(NULL),PopTime,44,57181180012,1279125911,1339173905,1281563122,1332242673,1328430140,1339953450,1289955812,1297850984,1291253405,1297482335,1294413036,1306868852,1287116382,1291509192,1299358734,1293233349,1291985086,1287282731,1280995845,1302916690,1273145051,1275824744,1304263333,1310836346,1260028584,1325992831,1281576223,1282701425,1295310932,1327647271,1325672028,1302790461,1301013698,1303779383,1297337065,1255442531,1297949138,1291652401,1328774020,1314898623,1304311291,1281775986,1298784366,1326960647
STAT,(NULL),PushTime,44,88390056924,2020688369,1998665885,2012800705,1997224727,1997140760,1989123380,2017143731,2011391448,2011743031,2011982325,2002507376,2001832401,2004022503,2008492559,2016379821,2015594348,2010937682,2012679368,2010716135,2004554082,2027815844,2016756859,2007160924,2006877013,2018499826,1994363523,2016454012,2013214338,2007138021,1998709165,1997841349,1999578897,2005558652,2003001144,2006033619,2023426698,2020163539,2022347950,2005563469,2003809384,2002536785,2007410781,2020206952,2009967544
STAT,(NULL),RusageSys,44,4000,4000,0,0,0,0,0,0,0,0,0,0,0,0,0,0,0,0,0,0,0,0,0,0,0,0,0,0,0,0,0,0,0,0,0,0,0,0,0,0,0,0,0,0,0
STAT,(NULL),RusageUser,44,110276000,110276000,0,0,0,0,0,0,0,0,0,0,0,0,0,0,0,0,0,0,0,0,0,0,0,0,0,0,0,0,0,0,0,0,0,0,0,0,0,0,0,0,0,0,0
STAT,(NULL),Threads,44,44,44,0,0,0,0,0,0,0,0,0,0,0,0,0,0,0,0,0,0,0,0,0,0,0,0,0,0,0,0,0,0,0,0,0,0,0,0,0,0,0,0,0,0,0
STAT,(NULL),Time,44,5636219024,5636219024,0,0,0,0,0,0,0,0,0,0,0,0,0,0,0,0,0,0,0,0,0,0,0,0,0,0,0,0,0,0,0,0,0,0,0,0,0,0,0,0,0,0,0
STAT,(NULL),TotalTime,44,15289679754,15289679754,0,0,0,0,0,0,0,0,0,0,0,0,0,0,0,0,0,0,0,0,0,0,0,0,0,0,0,0,0,0,0,0,0,0,0,0,0,0,0,0,0,0,0
STAT,(NULL),UserTime,44,75892566011,1715076551,1723851234,1724132578,1727070821,1729974261,1725008047,1720613342,1724246327,1720857220,1727820402,1723321907,1730330744,1728887352,1725426836,1717641696,1725879976,1725987668,1725516666,1726258576,1727513185,1713994567,1725985435,1723741129,1728580168,1725703393,1728269214,1721522196,1724982217,1723553240,1726902271,1728971288,1731680312,1721018995,1728014400,1730997148,1726610362,1719884266,1713710905,1723110557,1730647149,1729794537,1729400857,1717101314,1722974702
STAT,(NULL),Work,44,242330075730,5507540760,5507501366,5507498875,5507500449,5507503431,5507500000,5507505652,5507499620,5507503114,5507502323,5507499112,5507504554,5507501498,5507507684,5507501858,5507499522,5507512729,5507503777,5507504838,5507498649,5507512156,5507506756,5507495094,5507493000,5507498160,5507495288,5507500320,5507516888,5507496702,5507490673,5507490814,5507500992,5507495417,5507518795,5507502193,5507512907,5507500276,5507497136,5507493919,5507490964,5507493283,5507496576,5507492416,5507495194
STAT,(NULL),nBad,44,3404,88,37,54,104,96,73,82,56,65,44,123,38,18,103,78,53,25,65,25,64,65,90,124,129,59,55,82,83,86,95,111,164,49,74,108,62,58,80,56,40,148,106,118,71
STAT,(NULL),nEmpty,44,12146251,256113,296513,259865,298234,298132,299073,265257,269189,268104,276788,266589,281334,263079,268571,268118,265353,267191,263494,260215,277185,248486,254409,280187,287069,251338,302818,266396,270071,272331,301372,302905,283498,278834,283754,279555,248455,279910,270531,298385,293233,284947,267663,275359,296348
STAT,(NULL),nEmptyPop,44,701643,14803,17178,14999,17284,17269,17326,15324,15606,15492,16028,15441,16287,15206,15510,15537,15378,15391,15222,15060,16055,14367,14715,16168,16574,14515,17487,15352,15526,15701,17387,17473,16324,16068,16283,16141,14258,16118,15570,17260,16976,16419,15466,15911,17188
STAT,(NULL),nOverall,44,120003192,2530628,2945639,2560510,2965742,2959654,2970649,2618686,2669236,2649833,2742260,2636989,2784352,2588346,2649345,2657714,2628423,2646809,2601749,2578851,2747738,2452065,2516040,2763554,2825887,2475783,2990779,2615002,2672779,2682548,2969771,2982725,2798506,2738861,2803086,2762768,2436040,2761636,2650672,2953442,2908638,2794394,2647004,2716178,2951881
STAT,(NULL),nPop,44,22146572,467006,542030,473194,545289,544820,546711,483535,491664,488976,505156,486332,513468,478874,489548,489393,484368,487803,480279,475139,506041,452985,464124,510538,522637,457659,551867,484417,492816,495846,548841,551418,516806,507275,517374,509689,451604,509910,491480,544603,535512,517673,488086,501433,542353
STAT,(NULL),nPush,44,22146565,466368,543643,473274,547377,545715,546473,484679,492070,490084,508372,486081,515005,476594,489234,490862,484160,487521,482332,475250,507406,453002,464869,509424,520911,457094,551191,482516,493286,492988,547533,552478,514523,504064,516820,510356,450272,510274,489950,543518,538357,515937,487570,503343,543789
STAT,(NULL),nPushInit,44,7,1,1,1,1,0,1,1,1,0,0,0,0,0,0,0,0,0,0,0,0,0,0,0,0,0,0,0,0,0,0,0,0,0,0,0,0,0,0,0,0,0,0,0,0
==== BENCHMARK TOOK 7.657
==== BENCHMARK START ===
==== PARAMS kernel=4.9.5-64-net1 malloc=libc hostname=rack-castor threads=44 delta=4 prog=sssp-multiqueue1  ===
Galois Benchmark Suite v2.2.1 (r0)
Copyright (C) 2014 The University of Texas at Austin
http://iss.ices.utexas.edu/galois/

application: Single Source Shortest Path
Computes the shortest path from a source node to all nodes in a directed graph using a modified chaotic iteration algorithm
http://iss.ices.utexas.edu/?p=projects/galois/benchmarks/single_source_shortest_path

INFO: CommandLine ./build/debug/apps/sssp/sssp -noverify -t 44 -delta 4 -wl multiqueue1 -startNode 0 /specific/disk1/home/mad/Galois-PQ/inputs/planar10M.gr
INFO: Hostname rack-castor
Read 10000000 nodes
Running Asynchronous with CAS version
INFO: Using delta-step of 1
WARNING: Performance varies considerably due to delta parameter.
WARNING: Do not expect the default to be good for your graph.
Node 1 has distance 7300
STATTYPE,LOOP,CATEGORY,n,sum,T0,T1,T2,T3,T4,T5,T6,T7,T8,T9,T10,T11,T12,T13,T14,T15,T16,T17,T18,T19,T20,T21,T22,T23,T24,T25,T26,T27,T28,T29,T30,T31,T32,T33,T34,T35,T36,T37,T38,T39,T40,T41,T42,T43
STAT,(NULL),BadWork,44,2374177,52968,22589,78157,37648,37635,41478,68997,80993,35218,53546,59377,42427,84130,52561,29537,75649,39459,65020,52100,80578,30197,25949,49334,48503,64118,19391,71861,59317,63744,48404,39482,81842,80534,66336,102726,29500,26323,57565,56584,64237,69307,38620,22200,68036
STAT,(NULL),BarrierTime,44,3152131,64880,82684,83348,84114,84631,85173,82694,78258,113108,67179,64892,112452,112175,97534,112125,113077,113654,108312,69779,75628,70674,110368,53173,52546,53322,53209,53555,54343,54001,53324,54102,53452,53008,54020,53276,53654,43570,51864,53245,53344,53210,54469,53644,53061
STAT,(NULL),ConflictTime,44,0,0,0,0,0,0,0,0,0,0,0,0,0,0,0,0,0,0,0,0,0,0,0,0,0,0,0,0,0,0,0,0,0,0,0,0,0,0,0,0,0,0,0,0,0
STAT,(NULL),Conflicts,44,0,0,0,0,0,0,0,0,0,0,0,0,0,0,0,0,0,0,0,0,0,0,0,0,0,0,0,0,0,0,0,0,0,0,0,0,0,0,0,0,0,0,0,0,0
STAT,(NULL),EmptyPopTime,44,217586034,4971243,4690927,4899927,4658799,4670381,4693202,4908679,4894258,5025875,5124216,5177871,5017036,5005047,5191118,5018554,4925986,5103671,5139355,5197540,4985698,5042878,4929805,4858926,4952129,5045837,4762584,4839195,4899788,4751829,4786505,4749966,4981730,5014552,5050027,5014320,5240641,5065940,4870132,4704742,4919167,5139045,4945876,5000152,4720885
STAT,(NULL),EmptyWork,44,3562934345,80894382,77264736,79768617,81415803,80922770,78089621,82271180,80381656,81854271,81523162,81956035,79997507,82981851,84344940,82288513,80037296,82137928,81646009,81730936,82779956,83796851,79959587,82868044,80302555,81754794,79247579,78747878,81158011,77833079,80690846,77817525,80563412,82602334,81950763,84158871,83291877,82365781,79597783,76879735,79376520,84390782,80331679,81554595,77406295
STAT,(NULL),GaloisTime,44,17084281971,388021098,366401756,386028279,368619122,367098494,367908193,387210501,383181428,396666674,405805565,405609113,394953792,395266115,405157868,393714261,384120804,401438963,405106934,405820513,390478689,395854617,385924354,379970206,390661868,395795590,375342969,382377625,385094345,374017046,370549168,372125792,392657182,391590634,397342945,391582730,414276308,397528776,380272319,368693460,381733570,407031841,391915030,393151316,370184118
STAT,(NULL),InitPushTime,44,3141695,89472,91032,93360,89948,86392,88588,85040,85956,49848,80132,76098,49320,45760,44736,41616,43257,38386,45962,73108,73910,70004,40072,76175,77240,75698,77348,76973,76679,76824,77268,75134,77980,77768,78008,75892,76472,74290,77020,71136,76123,72694,69596,69084,74296
STAT,(NULL),Iterations,44,22146478,490517,541602,505220,545583,545182,544154,497093,500065,486104,461538,469419,483419,484157,465208,476386,491457,460913,464638,459449,497411,468756,490775,523667,509426,492356,551497,523005,517923,541091,547459,552919,510201,505594,497927,502291,458455,478073,512127,544138,526788,475457,509399,494575,543064
STAT,(NULL),LoopTime,44,5632958606,5632958606,0,0,0,0,0,0,0,0,0,0,0,0,0,0,0,0,0,0,0,0,0,0,0,0,0,0,0,0,0,0,0,0,0,0,0,0,0,0,0,0,0,0,0
STAT,(NULL),MeminfoPost,44,968,22,22,22,22,22,22,22,22,22,22,22,22,22,22,22,22,22,22,22,22,22,22,22,22,22,22,22,22,22,22,22,22,22,22,22,22,22,22,22,22,22,22,22,22
STAT,(NULL),MeminfoPre,44,968,22,22,22,22,22,22,22,22,22,22,22,22,22,22,22,22,22,22,22,22,22,22,22,22,22,22,22,22,22,22,22,22,22,22,22,22,22,22,22,22,22,22,22,22
STAT,(NULL),NumaPost,44,4360,1995,1382,822,161,0,0,0,0,0,0,0,0,0,0,0,0,0,0,0,0,0,0,0,0,0,0,0,0,0,0,0,0,0,0,0,0,0,0,0,0,0,0,0,0
STAT,(NULL),PopTime,44,57238078189,1298281724,1333256924,1306633517,1331569961,1338684683,1328759253,1303326872,1300766075,1292853458,1274088299,1276607818,1293754061,1290390172,1279935940,1287563862,1303269981,1277076269,1274814376,1273441993,1305330663,1286400618,1304857958,1309635351,1298035836,1287623070,1327857601,1307382358,1304124883,1324730632,1322772882,1327910918,1299600828,1296395228,1292348643,1291342660,1264821588,1283185395,1307340342,1331840375,1308366381,1276433900,1293662221,1293431671,1327570949
STAT,(NULL),PushTime,44,88352531531,2014223932,2004602069,2005606867,1998024878,1993685570,2000564440,2011038524,2009680879,2008967933,2012365781,2015404648,2009126755,2007005890,2007314710,2018531584,2014443224,2019798522,2010689263,2009860845,2001392380,2017006383,2012772039,2007326488,2007467714,2009134767,1989982863,2002497848,2008306092,2006122543,2008639675,1990560483,2000846742,2005950416,1999360331,2006862240,2016475982,2018570309,2015697960,2003725914,2007989531,2012092247,2009739023,2017074226,2006001021
STAT,(NULL),RusageSys,44,0,0,0,0,0,0,0,0,0,0,0,0,0,0,0,0,0,0,0,0,0,0,0,0,0,0,0,0,0,0,0,0,0,0,0,0,0,0,0,0,0,0,0,0,0
STAT,(NULL),RusageUser,44,110424000,110424000,0,0,0,0,0,0,0,0,0,0,0,0,0,0,0,0,0,0,0,0,0,0,0,0,0,0,0,0,0,0,0,0,0,0,0,0,0,0,0,0,0,0,0
STAT,(NULL),Threads,44,44,44,0,0,0,0,0,0,0,0,0,0,0,0,0,0,0,0,0,0,0,0,0,0,0,0,0,0,0,0,0,0,0,0,0,0,0,0,0,0,0,0,0,0,0
STAT,(NULL),Time,44,5633880336,5633880336,0,0,0,0,0,0,0,0,0,0,0,0,0,0,0,0,0,0,0,0,0,0,0,0,0,0,0,0,0,0,0,0,0,0,0,0,0,0,0,0,0,0,0
STAT,(NULL),TotalTime,44,14430235418,14430235418,0,0,0,0,0,0,0,0,0,0,0,0,0,0,0,0,0,0,0,0,0,0,0,0,0,0,0,0,0,0,0,0,0,0,0,0,0,0,0,0,0,0,0
STAT,(NULL),UserTime,44,76195364110,1728394145,1728573695,1731852454,1730500758,1729728993,1734774581,1726034978,1735886374,1729422205,1735882309,1730033337,1731942229,1734141989,1732846204,1727672609,1727993157,1729235029,1737392307,1738736818,1729821568,1726689868,1726346881,1730132762,1733370165,1735437016,1737596712,1738945777,1731207944,1727335862,1727351612,1741626074,1736140798,1733237216,1738738299,1735829895,1730684094,1728074761,1727013236,1728946892,1732405771,1729703414,1734196446,1724579776,1728907100
STAT,(NULL),Work,44,242655280560,5514929488,5514898426,5514897188,5514896990,5514897500,5514896053,5514899506,5514901930,5514899092,5514895916,5514895596,5514898600,5514899319,5514913306,5514897036,5514897259,5514899973,5514895580,5514895729,5514895784,5514902965,5514900311,5514883370,5514884605,5514888894,5514881853,5514888549,5514884790,5514883540,5514883291,5514881887,5514884308,5514887672,5514883300,5514883256,5514887453,5514897869,5514885860,5514883244,5514885118,5514884087,5514887355,5514884780,5514881932
STAT,(NULL),nBad,44,3446,75,28,93,72,57,61,83,126,49,77,84,61,117,78,46,106,50,87,58,132,25,27,86,59,108,32,98,87,102,78,67,118,112,96,139,43,48,93,84,97,120,46,29,112
STAT,(NULL),nEmpty,44,12146134,269245,296607,276641,298922,298844,297565,272038,273626,266738,253064,257983,265639,265036,255353,261840,269241,252894,254869,252583,272760,256896,268723,286941,278172,270240,301922,286505,284446,296937,300015,302732,280261,277969,273417,275796,252290,262791,280680,298497,288938,262122,279236,271705,297415
STAT,(NULL),nEmptyPop,44,701887,15544,17171,16036,17291,17280,17250,15752,15826,15410,14637,14885,15320,15377,14667,15133,15604,14619,14737,14575,15790,14844,15580,16610,16135,15602,17480,16513,16401,17155,17356,17524,16159,16015,15780,15912,14542,15107,16219,17250,16680,15068,16162,15673,17216
STAT,(NULL),nOverall,44,120003234,2655541,2940300,2742097,2958984,2955491,2959039,2700659,2718338,2632719,2502275,2538262,2617753,2629731,2519176,2574292,2667418,2497532,2515825,2482528,2695554,2542101,2662139,2839934,2771343,2665160,2994716,2838246,2802463,2927418,2969740,3000701,2756956,2730830,2695786,2719335,2474291,2583990,2778641,2946920,2855099,2558596,2762184,2673613,2949518
STAT,(NULL),nPop,44,22146478,490517,541602,505220,545583,545182,544154,497093,500065,486104,461538,469419,483419,484157,465208,476386,491457,460913,464638,459449,497411,468756,490775,523667,509426,492356,551497,523005,517923,541091,547459,552919,510201,505594,497927,502291,458455,478073,512127,544138,526788,475457,509399,494575,543064
STAT,(NULL),nPush,44,22146470,489281,543351,504668,546503,545432,547217,499369,503094,486244,461254,469977,486163,484230,465955,475442,491188,461295,462260,457914,496494,468647,489398,524503,511665,490699,550983,523695,518851,540368,548118,552793,507887,503396,495993,501987,456942,476780,513800,544081,528790,471750,510583,492467,544963
STAT,(NULL),nPushInit,44,8,1,1,1,1,1,1,1,1,0,0,0,0,0,0,0,0,0,0,0,0,0,0,0,0,0,0,0,0,0,0,0,0,0,0,0,0,0,0,0,0,0,0,0,0
==== BENCHMARK TOOK 7.345
==== BENCHMARK START ===
==== PARAMS kernel=4.9.5-64-net1 malloc=libc hostname=rack-castor threads=44 delta=4 prog=sssp-multiqueue1  ===
Galois Benchmark Suite v2.2.1 (r0)
Copyright (C) 2014 The University of Texas at Austin
http://iss.ices.utexas.edu/galois/

application: Single Source Shortest Path
Computes the shortest path from a source node to all nodes in a directed graph using a modified chaotic iteration algorithm
http://iss.ices.utexas.edu/?p=projects/galois/benchmarks/single_source_shortest_path

INFO: CommandLine ./build/debug/apps/sssp/sssp -noverify -t 44 -delta 4 -wl multiqueue1 -startNode 0 /specific/disk1/home/mad/Galois-PQ/inputs/planar10M.gr
INFO: Hostname rack-castor
Read 10000000 nodes
Running Asynchronous with CAS version
INFO: Using delta-step of 1
WARNING: Performance varies considerably due to delta parameter.
WARNING: Do not expect the default to be good for your graph.
Node 1 has distance 7300
STATTYPE,LOOP,CATEGORY,n,sum,T0,T1,T2,T3,T4,T5,T6,T7,T8,T9,T10,T11,T12,T13,T14,T15,T16,T17,T18,T19,T20,T21,T22,T23,T24,T25,T26,T27,T28,T29,T30,T31,T32,T33,T34,T35,T36,T37,T38,T39,T40,T41,T42,T43
STAT,(NULL),BadWork,44,2407096,38387,74042,45700,29387,73235,42364,26926,71474,63351,46486,52110,55310,81386,53210,83241,38002,22591,72122,94764,35680,35204,26475,53054,67020,87388,93153,23524,33689,56355,38500,40318,40485,32871,61688,82012,35515,25688,68472,49333,112907,49361,27032,80491,86793
STAT,(NULL),BarrierTime,44,3013332,139976,84710,78072,84739,158625,83199,77492,37898,82346,88319,80632,93231,89520,94130,86304,89844,43819,48224,92016,63045,90771,93306,55827,53110,53778,55384,54648,54348,54160,55182,54418,21648,51309,56224,54440,26926,54027,53624,53707,55737,54268,52161,51988,56200
STAT,(NULL),ConflictTime,44,0,0,0,0,0,0,0,0,0,0,0,0,0,0,0,0,0,0,0,0,0,0,0,0,0,0,0,0,0,0,0,0,0,0,0,0,0,0,0,0,0,0,0,0,0
STAT,(NULL),Conflicts,44,0,0,0,0,0,0,0,0,0,0,0,0,0,0,0,0,0,0,0,0,0,0,0,0,0,0,0,0,0,0,0,0,0,0,0,0,0,0,0,0,0,0,0,0,0
STAT,(NULL),EmptyPopTime,44,222729660,5156422,4750145,5056309,4794194,4740951,4774772,5198923,5203261,5165542,5058673,5219295,5051338,5126182,5055707,5113371,5128082,5315027,5095896,4938819,5151851,4803003,4914566,5030589,4943825,5318908,4794094,5210641,5114340,5093719,4951208,4817374,5258653,5008104,5172486,5087280,5356598,5248571,5213306,4877067,5011258,5223437,5283295,5075681,4826897
STAT,(NULL),EmptyWork,44,3618613820,84491342,76962912,83547228,77440027,78585532,78151466,82029583,84080089,83918869,82090356,81674667,81380848,84698499,80244923,82414957,82488835,84272892,83300650,83029056,83374482,81434682,84266613,81217743,79510687,83546010,78925414,86097641,82247528,84519648,79642497,79117294,85694621,81240209,84263691,84156804,86450928,82307980,84110996,81458085,82477438,81870763,83883979,80896575,81098781
STAT,(NULL),GaloisTime,44,17337235861,403832167,368057587,395733914,371708415,372402930,373840896,405781069,404807257,407971127,396835474,406074413,395584177,401883346,399089274,397144745,398127468,415155517,397216296,391757714,404702482,370932740,380641132,393211582,381448042,418380128,377609458,413113420,398166134,395755903,370648199,375012427,414287146,388295917,404876276,399443960,419736636,397157752,399047126,373942801,379035288,399258165,415042656,393850158,370636547
STAT,(NULL),InitPushTime,44,2966340,3812,87421,88856,87080,2784,85400,82272,95756,66484,66182,63008,64756,63312,63318,59208,59316,80168,81737,57036,76447,54651,59200,68455,72284,81327,70212,69972,72272,69632,66932,67988,77726,66889,67336,64428,67748,65184,67192,65390,66660,64012,73795,67534,65168
STAT,(NULL),Iterations,44,22145740,474688,547270,487433,551855,550243,552666,466945,471925,476702,496464,481066,500335,481994,494108,479306,478488,445269,489697,513794,481538,532788,510234,508931,530556,462625,558079,476336,503776,501938,554079,557483,469085,521774,485138,497022,454667,494439,496386,550075,538799,505151,468316,495825,550452
STAT,(NULL),LoopTime,44,5678750172,5678750172,0,0,0,0,0,0,0,0,0,0,0,0,0,0,0,0,0,0,0,0,0,0,0,0,0,0,0,0,0,0,0,0,0,0,0,0,0,0,0,0,0,0,0
STAT,(NULL),MeminfoPost,44,968,22,22,22,22,22,22,22,22,22,22,22,22,22,22,22,22,22,22,22,22,22,22,22,22,22,22,22,22,22,22,22,22,22,22,22,22,22,22,22,22,22,22,22,22
STAT,(NULL),MeminfoPre,44,968,22,22,22,22,22,22,22,22,22,22,22,22,22,22,22,22,22,22,22,22,22,22,22,22,22,22,22,22,22,22,22,22,22,22,22,22,22,22,22,22,22,22,22,22
STAT,(NULL),NumaPost,44,4379,2184,1370,664,161,0,0,0,0,0,0,0,0,0,0,0,0,0,0,0,0,0,0,0,0,0,0,0,0,0,0,0,0,0,0,0,0,0,0,0,0,0,0,0,0
STAT,(NULL),PopTime,44,57412518801,1285682336,1347083135,1295208339,1340076075,1342297253,1345143953,1284301167,1287004496,1283776004,1306350736,1293384487,1303104248,1290672565,1296475576,1297555847,1297487025,1271543890,1295359327,1313366905,1295182636,1330696321,1318149695,1302051161,1320494410,1269732181,1332796936,1279918395,1303538395,1301515128,1335221634,1332162756,1274964597,1313996063,1293153166,1288889736,1264221442,1300796314,1297007798,1339104173,1321949472,1305017957,1277143878,1300254713,1338686480
STAT,(NULL),PushTime,44,89065334500,2031526493,2019029667,2037164731,2013250918,2011515731,2007381305,2032437474,2036567162,2024678081,2020863024,2029322019,2021983748,2028852860,2026545763,2035725032,2031916312,2036034701,2024548018,2018796175,2023118976,2030760087,2031937948,2031096585,2023055442,2023693688,2001387861,2025235418,2017832721,2022540152,2016223225,2012633986,2027081644,2016551651,2020857461,2030665970,2035808116,2025711507,2036468781,2014127346,2018320816,2012622354,2027253152,2031464747,2020745652
STAT,(NULL),RusageSys,44,0,0,0,0,0,0,0,0,0,0,0,0,0,0,0,0,0,0,0,0,0,0,0,0,0,0,0,0,0,0,0,0,0,0,0,0,0,0,0,0,0,0,0,0,0
STAT,(NULL),RusageUser,44,111152000,111152000,0,0,0,0,0,0,0,0,0,0,0,0,0,0,0,0,0,0,0,0,0,0,0,0,0,0,0,0,0,0,0,0,0,0,0,0,0,0,0,0,0,0,0
STAT,(NULL),Threads,44,44,44,0,0,0,0,0,0,0,0,0,0,0,0,0,0,0,0,0,0,0,0,0,0,0,0,0,0,0,0,0,0,0,0,0,0,0,0,0,0,0,0,0,0,0
STAT,(NULL),Time,44,5679640536,5679640536,0,0,0,0,0,0,0,0,0,0,0,0,0,0,0,0,0,0,0,0,0,0,0,0,0,0,0,0,0,0,0,0,0,0,0,0,0,0,0,0,0,0,0
STAT,(NULL),TotalTime,44,20887773588,20887773588,0,0,0,0,0,0,0,0,0,0,0,0,0,0,0,0,0,0,0,0,0,0,0,0,0,0,0,0,0,0,0,0,0,0,0,0,0,0,0,0,0,0,0
STAT,(NULL),UserTime,44,76583346595,1740211872,1735019987,1734193525,1743634916,1741362317,1741611927,1741156120,1733241211,1745393894,1739705952,1735228663,1743799814,1739670840,1743492565,1732950522,1735755498,1738578769,1745380865,1739014944,1739373404,1732277830,1730993637,1738297709,1741452458,1750232554,1755391273,1741328837,1744005102,1741479886,1744218342,1747160496,1743619476,1745812768,1742581216,1742660778,1739333295,1739682747,1729056835,1737395014,1744110560,1746911320,1742295522,1739361610,1734909725
STAT,(NULL),Work,44,244243660112,5551027500,5550989925,5550995398,5550988059,5550987373,5550988083,5550998332,5551016465,5550999128,5550997609,5551002540,5550990572,5550994180,5550994031,5550998366,5550995168,5550997528,5550994978,5550996788,5550994432,5550996734,5550987647,5550985427,5550989930,5550983384,5550983521,5550988412,5550984392,5550983692,5550984232,5550983588,5551014920,5550990645,5550985232,5550985288,5551012895,5550984085,5550984694,5550983984,5550983592,5550987876,5550982735,5550983132,5550983620
STAT,(NULL),nBad,44,3548,57,108,62,37,99,62,47,115,92,84,84,90,108,70,130,59,46,87,133,45,60,37,83,77,137,133,36,44,83,57,70,61,52,104,110,59,46,92,80,181,66,42,97,126
STAT,(NULL),nEmpty,44,12145404,259858,299334,266846,302541,300689,302515,256066,259063,261522,272568,263754,274401,264242,270789,262609,262775,244613,268406,281147,264016,291263,279176,278461,291179,254525,305867,261750,276850,275391,303632,305584,257350,286233,267055,272228,249889,271520,272765,301144,295770,277476,257565,272987,301990
STAT,(NULL),nEmptyPop,44,700622,15026,17322,15420,17471,17419,17494,14786,14855,15044,15708,15229,15857,15256,15634,15164,15146,14108,15497,16250,15245,16845,16166,16092,16777,14655,17663,15079,15941,15881,17540,17645,14766,16465,15350,15727,14316,15677,15712,17413,17061,15981,14828,15688,17423
STAT,(NULL),nOverall,44,120003336,2579083,2975368,2647296,2989853,2995097,3000116,2529875,2552503,2580178,2686414,2605626,2711714,2612656,2680560,2601010,2589257,2409054,2654019,2792825,2611755,2901186,2771607,2765687,2872837,2496237,3026773,2573734,2722572,2717495,3006319,3023216,2540373,2825640,2618052,2698144,2459433,2675266,2683538,2984578,2917375,2732186,2530294,2676195,2980340
STAT,(NULL),nPop,44,22145740,474688,547270,487433,551855,550243,552666,466945,471925,476702,496464,481066,500335,481994,494108,479306,478488,445269,489697,513794,481538,532788,510234,508931,530556,462625,558079,476336,503776,501938,554079,557483,469085,521774,485138,497022,454667,494439,496386,550075,538799,505151,468316,495825,550452
STAT,(NULL),nPush,44,22145734,476263,550296,490446,553155,553696,551855,466145,470719,475315,496487,480441,500499,482304,495282,480717,477013,445693,489230,516832,481882,536843,511548,509902,530427,459739,556332,474604,502210,500262,554607,557580,467695,520463,483261,497783,455406,492606,495583,549576,539125,503641,468231,494382,549658
STAT,(NULL),nPushInit,44,6,0,1,1,1,0,1,1,1,0,0,0,0,0,0,0,0,0,0,0,0,0,0,0,0,0,0,0,0,0,0,0,0,0,0,0,0,0,0,0,0,0,0,0,0
==== BENCHMARK TOOK 10.224
