==== BENCHMARK START ===
==== PARAMS kernel=4.9.5-64-net1 malloc=libc hostname=rack-castor threads=44 delta=4 prog=sssp-klsm256  ===
ERROR: ld.so: object '/specific/disk1/home/adamx/malloc/lib64/libjemalloc.so' from LD_PRELOAD cannot be preloaded (cannot open shared object file): ignored.
Galois Benchmark Suite v2.2.1 (r0)
Copyright (C) 2014 The University of Texas at Austin
http://iss.ices.utexas.edu/galois/

application: Single Source Shortest Path
Computes the shortest path from a source node to all nodes in a directed graph using a modified chaotic iteration algorithm
http://iss.ices.utexas.edu/?p=projects/galois/benchmarks/single_source_shortest_path

INFO: CommandLine ./build/debug/apps/sssp/sssp -noverify -t 44 -delta 4 -wl klsm256 -startNode 0 /specific/disk1/home/mad/Galois-PQ/inputs/road/USA-road-t.USA.gr
INFO: Hostname rack-castor
Read 23947347 nodes
Running Asynchronous with CAS version
INFO: Using delta-step of 1
WARNING: Performance varies considerably due to delta parameter.
WARNING: Do not expect the default to be good for your graph.
Node 1 has distance 5062
STATTYPE,LOOP,CATEGORY,n,sum,T0,T1,T2,T3,T4,T5,T6,T7,T8,T9,T10,T11,T12,T13,T14,T15,T16,T17,T18,T19,T20,T21,T22,T23,T24,T25,T26,T27,T28,T29,T30,T31,T32,T33,T34,T35,T36,T37,T38,T39,T40,T41,T42,T43
STAT,(NULL),BadWork,44,14562430557,428064169,314716580,411369237,363339313,335796429,322507902,314229073,306007229,338221905,331823234,284770109,297654748,341396265,296494916,279184962,320609715,318711209,332359495,321034735,347456679,349529049,325360014,339734781,354046463,341180426,360048709,303683651,315351944,327755306,331941567,342715271,300605001,336766573,293373014,303968280,334915788,325693331,337955487,331953736,313347417,363123559,323618764,349318704,350695818
STAT,(NULL),BarrierTime,44,4931610168,117626730,117583561,70225083,117132518,117131013,104922797,104861094,117030202,117035810,117071379,117040014,104799385,104720319,104701462,104706244,117328123,116912691,117268802,117316391,117333129,117319201,116941488,116809528,104748361,104646284,104680367,104658647,104630952,104993840,104620787,105004170,116799158,116818764,116825922,116814834,116779538,117147623,116782158,117160790,117161494,116779176,117162071,116807645,116770623
STAT,(NULL),ConflictTime,44,0,0,0,0,0,0,0,0,0,0,0,0,0,0,0,0,0,0,0,0,0,0,0,0,0,0,0,0,0,0,0,0,0,0,0,0,0,0,0,0,0,0,0,0,0
STAT,(NULL),Conflicts,44,0,0,0,0,0,0,0,0,0,0,0,0,0,0,0,0,0,0,0,0,0,0,0,0,0,0,0,0,0,0,0,0,0,0,0,0,0,0,0,0,0,0,0,0,0
STAT,(NULL),EmptyPopTime,44,11084780486,254417684,251056895,266016562,248979766,246805385,250076986,253752681,255374465,253357380,251315936,255660452,255717414,250810512,263062346,255418314,253304280,254362926,250441930,252929549,252767775,250124282,252796550,256498888,253877070,241400200,244572109,253350323,248758814,248247445,247391036,247238907,254882066,248647877,254275054,246057304,249716631,252524012,258198082,243235707,255438962,251067008,251675899,253713182,245463840
STAT,(NULL),EmptyWork,44,1261971911,84047732,29712123,46652130,29149141,29531765,29203882,26399529,24686240,27400422,27692413,26921181,26746658,25388430,25024787,25658426,25972092,26765406,25347175,25457120,26983866,27647945,27505267,27133232,26349589,21026966,29381404,25924020,28837574,26347069,30836371,29518974,24749743,26734732,26232869,28041595,25328144,27860581,25818468,29904255,26995427,24847024,23160064,27325402,29724678
STAT,(NULL),GaloisTime,44,39416692662,957195254,893416862,973996638,907071404,911171773,899759866,869232902,878959697,903845760,900360739,891689715,877828247,886036998,883988128,866835854,870774528,874780857,876862843,886659583,879268030,869247237,878192530,902605289,891332597,853971209,932790487,900607002,920722427,914296185,920434486,922250297,871924344,911438410,907884965,922278756,865089897,899276649,877147917,914651001,901893905,884114305,862345549,892785977,909675563
STAT,(NULL),InitPushTime,44,2223935,69267,10082,69144,81654,79507,36244,37208,40456,39352,35498,45920,38400,64746,64651,65553,35673,65281,63639,37188,33213,34599,38424,100658,37860,36700,32338,40048,35236,35912,32320,31119,58858,60786,59686,57457,58681,57097,58139,59869,57310,57648,57347,58358,54809
STAT,(NULL),Iterations,44,32159457,420819,843412,352591,851319,855306,843637,699107,668616,744753,777230,730703,716383,718748,658736,659910,693210,729514,688066,680060,738610,782535,742806,745513,745017,563439,869558,707124,806834,748146,868770,871356,669888,764866,699973,779958,705403,764981,717657,864512,742569,711365,643904,715548,857005
STAT,(NULL),LoopTime,44,11227511185,11227511185,0,0,0,0,0,0,0,0,0,0,0,0,0,0,0,0,0,0,0,0,0,0,0,0,0,0,0,0,0,0,0,0,0,0,0,0,0,0,0,0,0,0,0
STAT,(NULL),MeminfoPost,44,2244,51,51,51,51,51,51,51,51,51,51,51,51,51,51,51,51,51,51,51,51,51,51,51,51,51,51,51,51,51,51,51,51,51,51,51,51,51,51,51,51,51,51,51,51
STAT,(NULL),MeminfoPre,44,2244,51,51,51,51,51,51,51,51,51,51,51,51,51,51,51,51,51,51,51,51,51,51,51,51,51,51,51,51,51,51,51,51,51,51,51,51,51,51,51,51,51,51,51,51
STAT,(NULL),NumaPost,44,15217,8780,5595,674,168,0,0,0,0,0,0,0,0,0,0,0,0,0,0,0,0,0,0,0,0,0,0,0,0,0,0,0,0,0,0,0,0,0,0,0,0,0,0,0,0
STAT,(NULL),PopTime,44,248389058927,5547920585,5420063046,5735476053,5410458644,5425378577,5389800065,5832671182,5882572955,5623505954,5586927064,5649068554,5738099476,5742114055,5760146476,5814140402,5792771823,5669886512,5816588571,5711748628,5714785561,5684509292,5635501885,5661086377,5655331147,6190849046,5363940921,5668299901,5430601827,5567244351,5356243416,5325708116,5839418126,5517278019,5637282416,5441838563,5905654004,5595399058,5840089544,5370615777,5518066135,5773199931,6035564088,5748607321,5362605483
STAT,(NULL),PushTime,44,79865333253,1767634764,1948089847,1675284013,1935032943,1901645580,1978616189,1713931166,1668630505,1809273648,1837163739,1816054355,1782723344,1758921130,1759971265,1743815807,1742046256,1832067245,1734939092,1801718780,1786749457,1816653058,1845476508,1787873778,1819234106,1541158450,1935466033,1808037449,1924907489,1853406691,1958609451,1990124266,1745588224,1901395330,1816647341,1919498586,1693345608,1822538404,1690695160,1960607832,1928655035,1759047589,1614120852,1755647276,1982289612
STAT,(NULL),RusageSys,44,24000,24000,0,0,0,0,0,0,0,0,0,0,0,0,0,0,0,0,0,0,0,0,0,0,0,0,0,0,0,0,0,0,0,0,0,0,0,0,0,0,0,0,0,0,0
STAT,(NULL),RusageUser,44,209268000,209268000,0,0,0,0,0,0,0,0,0,0,0,0,0,0,0,0,0,0,0,0,0,0,0,0,0,0,0,0,0,0,0,0,0,0,0,0,0,0,0,0,0,0,0
STAT,(NULL),Threads,44,44,44,0,0,0,0,0,0,0,0,0,0,0,0,0,0,0,0,0,0,0,0,0,0,0,0,0,0,0,0,0,0,0,0,0,0,0,0,0,0,0,0,0,0,0
STAT,(NULL),Time,44,11257832851,11257832851,0,0,0,0,0,0,0,0,0,0,0,0,0,0,0,0,0,0,0,0,0,0,0,0,0,0,0,0,0,0,0,0,0,0,0,0,0,0,0,0,0,0,0
STAT,(NULL),TotalTime,44,21932209524,21932209524,0,0,0,0,0,0,0,0,0,0,0,0,0,0,0,0,0,0,0,0,0,0,0,0,0,0,0,0,0,0,0,0,0,0,0,0,0,0,0,0,0,0,0
STAT,(NULL),UserTime,44,87163269487,2006531310,2075414788,1920326500,2087062324,2103220122,2070296367,1921766358,1907529658,2000369544,2014294267,1978356342,1936638252,1954479664,1925557431,1911881897,1932884742,1959888092,1913571305,1939240089,1957198638,1969572639,1978280054,1982553590,1971629177,1769346953,2111602154,1961533647,2063925113,2008211122,2104238120,2102912611,1881190303,2012259049,1975427807,2060038176,1878616990,2020151618,1925803297,2098738421,1986703460,1925476733,1830883078,1939673642,2087994043
STAT,(NULL),Work,44,467195903646,10617851039,10617844277,10617804108,10618185735,10618187014,10618177127,10618203439,10618235036,10618231807,10618207916,10618173274,10618201806,10618203500,10618205997,10618200534,10617844270,10618201586,10617841757,10617856372,10617844209,10617858086,10618192763,10618196467,10618184300,10618228592,10618208939,10618209789,10618210392,10617842664,10618227085,10617839114,10618208162,10618187756,10618179591,10618177800,10618225400,10617836444,10618225618,10617839652,10617839308,10618222826,10617835898,10618199671,10618226526
STAT,(NULL),nBad,44,14110571,273375,314636,279352,365313,336037,320887,304855,297157,332355,330138,284612,292624,330847,286276,276438,314243,317947,323467,315380,343563,351212,325624,335391,351154,324577,358756,298027,310326,323026,331595,346997,298645,329592,290690,302657,322872,321985,334254,334443,307217,354846,321676,343355,352152
STAT,(NULL),nEmpty,44,2725604,35656,73397,26922,72891,73559,72511,59817,54879,63667,67032,62538,62330,58564,54043,55033,58283,62163,58151,56709,64208,67564,63942,63944,62452,43984,74237,59194,69709,61984,74731,75236,55529,63918,58111,66048,60132,65665,61322,75381,62359,58801,52966,61133,74909
STAT,(NULL),nEmptyPop,44,7705704,94899,196885,91265,199680,199228,198938,172036,155196,197877,197385,124986,124806,173745,173587,139528,195052,194979,195155,157928,195222,170793,194032,194776,162190,155082,197124,173605,174607,161534,197247,198181,174600,175609,175639,153810,198357,175503,197981,199498,176910,155259,164845,199231,200914
STAT,(NULL),nOverall,44,72443912,949719,1899157,795059,1918587,1926131,1898650,1571499,1503192,1678282,1752060,1650162,1618006,1619443,1483560,1484634,1559756,1645564,1551772,1533077,1666677,1755304,1674937,1676452,1681941,1268717,1958528,1594802,1819749,1688685,1955147,1964868,1511714,1719539,1576685,1757238,1591707,1716902,1614331,1945236,1670216,1607606,1448677,1609972,1929972
STAT,(NULL),nPop,44,32159457,420819,843412,352591,851319,855306,843637,699107,668616,744753,777230,730703,716383,718748,658736,659910,693210,729514,688066,680060,738610,782535,742806,745513,745017,563439,869558,707124,806834,748146,868770,871356,669888,764866,699973,779958,705403,764981,717657,864512,742569,711365,643904,715548,857005
STAT,(NULL),nPush,44,32159454,419404,842721,351518,853357,857123,846709,697745,667269,745007,778169,731945,718188,718585,657551,658807,691818,730405,687881,679989,739390,780074,743239,743160,745614,561489,869018,707534,808288,748632,869493,873346,670781,764568,698927,779861,706507,763549,717172,864654,741261,712800,643731,714967,857208
STAT,(NULL),nPushInit,44,3,1,1,1,0,0,0,0,0,0,0,0,0,0,0,0,0,0,0,0,0,0,0,0,0,0,0,0,0,0,0,0,0,0,0,0,0,0,0,0,0,0,0,0,0
STAT,¨M³,BarrierTime,44,70260056,0,0,70260056,0,0,0,0,0,0,0,0,0,0,0,0,0,0,0,0,0,0,0,0,0,0,0,0,0,0,0,0,0,0,0,0,0,0,0,0,0,0,0,0,0
==== BENCHMARK TOOK 10.912
==== BENCHMARK START ===
==== PARAMS kernel=4.9.5-64-net1 malloc=libc hostname=rack-castor threads=44 delta=4 prog=sssp-klsm256  ===
ERROR: ld.so: object '/specific/disk1/home/adamx/malloc/lib64/libjemalloc.so' from LD_PRELOAD cannot be preloaded (cannot open shared object file): ignored.
Galois Benchmark Suite v2.2.1 (r0)
Copyright (C) 2014 The University of Texas at Austin
http://iss.ices.utexas.edu/galois/

application: Single Source Shortest Path
Computes the shortest path from a source node to all nodes in a directed graph using a modified chaotic iteration algorithm
http://iss.ices.utexas.edu/?p=projects/galois/benchmarks/single_source_shortest_path

INFO: CommandLine ./build/debug/apps/sssp/sssp -noverify -t 44 -delta 4 -wl klsm256 -startNode 0 /specific/disk1/home/mad/Galois-PQ/inputs/road/USA-road-t.USA.gr
INFO: Hostname rack-castor
Read 23947347 nodes
Running Asynchronous with CAS version
INFO: Using delta-step of 1
WARNING: Performance varies considerably due to delta parameter.
WARNING: Do not expect the default to be good for your graph.
Node 1 has distance 5062
STATTYPE,LOOP,CATEGORY,n,sum,T0,T1,T2,T3,T4,T5,T6,T7,T8,T9,T10,T11,T12,T13,T14,T15,T16,T17,T18,T19,T20,T21,T22,T23,T24,T25,T26,T27,T28,T29,T30,T31,T32,T33,T34,T35,T36,T37,T38,T39,T40,T41,T42,T43
STAT,(NULL),BadWork,44,14531146063,570920781,317831188,458029326,335758246,337894934,324695533,333617735,319145703,323514279,344197325,295207674,305541036,289764102,343006568,297505491,305426369,284060547,324350948,324513055,329155664,355344140,343954327,298476775,359182094,290039038,330890144,327601356,349114907,300901165,339479377,342837283,309508799,306500586,328138558,311495298,353936324,337966765,291337661,326956472,292261267,304741948,324665149,311408321,330271805
STAT,(NULL),BarrierTime,44,1962416168,48805027,48921234,70824608,48243123,48755332,35244137,35167436,48730604,48162887,48684910,48685322,35133439,35123004,35061566,35093638,48112832,48053518,48069430,48606107,48595228,47973815,48050197,48472275,35061753,34983824,35544471,35016256,35409471,34958138,35501931,35000483,47966343,47920568,48471880,47921117,47923767,47907439,47882091,47918020,47907860,47875260,47899637,48324346,48451844
STAT,(NULL),ConflictTime,44,0,0,0,0,0,0,0,0,0,0,0,0,0,0,0,0,0,0,0,0,0,0,0,0,0,0,0,0,0,0,0,0,0,0,0,0,0,0,0,0,0,0,0,0,0
STAT,(NULL),Conflicts,44,0,0,0,0,0,0,0,0,0,0,0,0,0,0,0,0,0,0,0,0,0,0,0,0,0,0,0,0,0,0,0,0,0,0,0,0,0,0,0,0,0,0,0,0,0
STAT,(NULL),EmptyPopTime,44,2395235690,55353765,51837112,82781281,47436625,50307405,49728678,59447175,58062916,49943864,54509462,53799758,57287040,55807744,60065529,56262739,59034560,59164354,58814925,55709612,58870284,51675893,60168049,54541306,53055545,54322212,44692467,46921409,53561176,53994657,46470430,47889783,52069386,57824444,54735337,54422568,48950237,51766330,55715392,45994787,50880603,57934562,54936892,58153583,50333814
STAT,(NULL),EmptyWork,44,1226395315,47274007,29983361,46789243,29905728,29679530,30761553,26988932,25973793,27061261,25062394,25632406,25662952,26499647,26503462,25058929,24611719,26568427,26412935,25649266,24788825,26615694,25594505,25727087,25627886,25727409,29652379,26377126,25941414,26331928,30917024,30289802,27919803,27121806,26477827,26572495,26155643,27061678,26823047,29631430,27199989,26158875,23037046,26925320,29639732
STAT,(NULL),GaloisTime,44,38274672286,733689799,880061000,937532950,884528387,886810065,882927350,859462116,854753522,862456344,844948868,857468817,857334191,852704847,854320949,856850477,845657112,862950265,855315393,849518999,852413908,848048104,848967149,886533218,845124056,864937008,905248869,876728612,872515765,878741951,905547428,911747775,895156166,893579191,871242953,876803156,868750635,876809831,874006167,898743370,890083305,896538168,840638882,878512181,897962987
STAT,(NULL),InitPushTime,44,2162190,70322,10271,54752,83444,37734,36362,67562,36411,42328,39132,38976,38312,45312,52684,39076,39096,65076,54572,40282,37112,90318,34275,98846,34426,44943,32257,35672,35080,32427,32196,31689,58410,58198,57530,57325,57324,56914,56599,56262,55103,54560,53775,54795,54450
STAT,(NULL),Iterations,44,32093453,404273,849879,358023,854872,853029,854311,742966,697617,744201,694938,672567,670745,688444,730977,665524,630352,709599,715768,687803,669179,731530,713328,696269,679878,698818,872015,749335,726508,722596,876963,880870,803425,751966,743743,737004,758626,767264,721879,867881,736728,716312,628717,747639,869092
STAT,(NULL),LoopTime,44,10907357569,10907357569,0,0,0,0,0,0,0,0,0,0,0,0,0,0,0,0,0,0,0,0,0,0,0,0,0,0,0,0,0,0,0,0,0,0,0,0,0,0,0,0,0,0,0
STAT,(NULL),MeminfoPost,44,2244,51,51,51,51,51,51,51,51,51,51,51,51,51,51,51,51,51,51,51,51,51,51,51,51,51,51,51,51,51,51,51,51,51,51,51,51,51,51,51,51,51,51,51,51
STAT,(NULL),MeminfoPre,44,2244,51,51,51,51,51,51,51,51,51,51,51,51,51,51,51,51,51,51,51,51,51,51,51,51,51,51,51,51,51,51,51,51,51,51,51,51,51,51,51,51,51,51,51,51
STAT,(NULL),NumaPost,44,15189,8767,5606,648,168,0,0,0,0,0,0,0,0,0,0,0,0,0,0,0,0,0,0,0,0,0,0,0,0,0,0,0,0,0,0,0,0,0,0,0,0,0,0,0,0
STAT,(NULL),PopTime,44,249845906710,5903474923,5412327526,5869792546,5406267530,5400322581,5418811328,5701587359,5759854254,5661262337,5869386636,5786214371,5783563852,5787075104,5784376762,5797812656,5885959877,5717991656,5811003772,5850352514,5849784084,5810077627,5810311843,5664937945,5943973215,5772665048,5347372616,5701293338,5764538672,5645945869,5365636587,5345759945,5528758103,5584922442,5707884549,5687124842,5736113381,5631694872,5667786764,5371576300,5577680190,5637345598,6093564224,5620873964,5370847108
STAT,(NULL),PushTime,44,77874810533,1506357198,1910507233,1661747596,1913248487,1915641116,1903045268,1766938117,1732613382,1786906889,1686907887,1731813184,1729005118,1722016168,1713760220,1717321214,1674894413,1753046165,1697069627,1687367999,1686832628,1712082177,1707517651,1779359258,1635125718,1735432167,1946616333,1753245285,1711694840,1798304551,1919547086,1933667158,1842650156,1811727940,1758544848,1770553507,1747514340,1794627014,1789130980,1927977301,1829377788,1781140148,1559010578,1801882709,1931041091
STAT,(NULL),RusageSys,44,28000,28000,0,0,0,0,0,0,0,0,0,0,0,0,0,0,0,0,0,0,0,0,0,0,0,0,0,0,0,0,0,0,0,0,0,0,0,0,0,0,0,0,0,0,0
STAT,(NULL),RusageUser,44,204020000,204020000,0,0,0,0,0,0,0,0,0,0,0,0,0,0,0,0,0,0,0,0,0,0,0,0,0,0,0,0,0,0,0,0,0,0,0,0,0,0,0,0,0,0,0
STAT,(NULL),Threads,44,44,44,0,0,0,0,0,0,0,0,0,0,0,0,0,0,0,0,0,0,0,0,0,0,0,0,0,0,0,0,0,0,0,0,0,0,0,0,0,0,0,0,0,0,0
STAT,(NULL),Time,44,10936933735,10936933735,0,0,0,0,0,0,0,0,0,0,0,0,0,0,0,0,0,0,0,0,0,0,0,0,0,0,0,0,0,0,0,0,0,0,0,0,0,0,0,0,0,0,0
STAT,(NULL),TotalTime,44,21165457206,21165457206,0,0,0,0,0,0,0,0,0,0,0,0,0,0,0,0,0,0,0,0,0,0,0,0,0,0,0,0,0,0,0,0,0,0,0,0,0,0,0,0,0,0,0
STAT,(NULL),UserTime,44,87236629987,2137676467,2099117654,1750181792,2102447096,2101072312,2098559591,1969405773,1952575699,1996204145,1903019193,1928905688,1930977027,1939730766,1944807292,1930527569,1893675963,1964113193,1935217846,1915236060,1911143517,1935334318,1931275318,1972730888,1880926910,1930749405,2110251050,1979267476,1955581192,1980514088,2115714731,2114479387,2037279594,2008657091,1964948263,1968356425,1956348762,2001873499,1970371032,2109910507,2008611381,1984715873,1812645742,1997483752,2104008660
STAT,(NULL),Work,44,456873009595,10384085354,10383925094,10348916046,10384455163,10383924160,10384463897,10384438929,10383924782,10384485067,10383927524,10383925176,10384478274,10384477304,10384467696,10384463792,10384449912,10384453564,10384460780,10383955631,10383924462,10384461772,10384479465,10383913110,10384481766,10384497468,10383966017,10384485498,10384052918,10384504872,10383966542,10384468919,10383917452,10384473590,10383917034,10384472680,10384471321,10384485910,10384509558,10384476921,10384465076,10384496665,10384477276,10384047808,10383917350
STAT,(NULL),nBad,44,13990124,335503,322869,267751,341875,333390,325170,328442,311073,319728,341323,289027,303457,287649,338438,293418,299240,282179,317296,319910,319040,355737,339297,291669,349035,288910,333181,323109,344834,298378,339961,342124,310874,305777,328196,310594,356555,339112,285885,326820,282165,303201,315562,308093,334277
STAT,(NULL),nEmpty,44,2716148,31235,74115,27170,74214,73288,73255,63725,57803,62782,57216,56192,56188,58819,62780,54443,51993,58933,61064,58453,55366,63043,59573,57668,56777,59288,75754,63199,60852,60649,75945,77835,68894,63411,63504,62537,64542,64691,61368,74753,62052,59681,52764,62684,75650
STAT,(NULL),nEmptyPop,44,224776,2468,5763,2248,5526,5640,5698,4985,5057,5027,4581,4611,4748,4870,4829,4888,4706,4998,4907,4725,4770,4719,4960,5487,4673,5028,6121,5170,5120,5161,6118,6159,5719,5576,5458,5474,5103,5314,5341,6126,5600,5336,4258,5540,6170
STAT,(NULL),nOverall,44,72323465,909854,1914179,807997,1926520,1922417,1924719,1673229,1568276,1677233,1564529,1519578,1512841,1551586,1644061,1498976,1422429,1592926,1610617,1552500,1511732,1650043,1606550,1570460,1530599,1578726,1967788,1689063,1636979,1631294,1976176,1983363,1808736,1692955,1678433,1659511,1711129,1731756,1628677,1954286,1658916,1614446,1417212,1682156,1958012
STAT,(NULL),nPop,44,32093453,404273,849879,358023,854872,853029,854311,742966,697617,744201,694938,672567,670745,688444,730977,665524,630352,709599,715768,687803,669179,731530,713328,696269,679878,698818,872015,749335,726508,722596,876963,880870,803425,751966,743743,737004,758626,767264,721879,867881,736728,716312,628717,747639,869092
STAT,(NULL),nPush,44,32093450,403480,851122,357116,855452,855038,854475,743664,696814,745400,694125,673036,669521,687938,730027,664646,628708,708903,716125,687751,669895,732161,712818,695572,679213,699686,874375,748750,726031,723108,879031,881572,802992,751317,744448,737022,759937,768033,721189,868518,735697,715300,628424,745819,869201
STAT,(NULL),nPushInit,44,3,1,1,1,0,0,0,0,0,0,0,0,0,0,0,0,0,0,0,0,0,0,0,0,0,0,0,0,0,0,0,0,0,0,0,0,0,0,0,0,0,0,0,0,0
==== BENCHMARK TOOK 10.589
==== BENCHMARK START ===
==== PARAMS kernel=4.9.5-64-net1 malloc=libc hostname=rack-castor threads=44 delta=4 prog=sssp-klsm256  ===
ERROR: ld.so: object '/specific/disk1/home/adamx/malloc/lib64/libjemalloc.so' from LD_PRELOAD cannot be preloaded (cannot open shared object file): ignored.
Galois Benchmark Suite v2.2.1 (r0)
Copyright (C) 2014 The University of Texas at Austin
http://iss.ices.utexas.edu/galois/

application: Single Source Shortest Path
Computes the shortest path from a source node to all nodes in a directed graph using a modified chaotic iteration algorithm
http://iss.ices.utexas.edu/?p=projects/galois/benchmarks/single_source_shortest_path

INFO: CommandLine ./build/debug/apps/sssp/sssp -noverify -t 44 -delta 4 -wl klsm256 -startNode 0 /specific/disk1/home/mad/Galois-PQ/inputs/road/USA-road-t.USA.gr
INFO: Hostname rack-castor
Read 23947347 nodes
Running Asynchronous with CAS version
INFO: Using delta-step of 1
WARNING: Performance varies considerably due to delta parameter.
WARNING: Do not expect the default to be good for your graph.
Node 1 has distance 5062
STATTYPE,LOOP,CATEGORY,n,sum,T0,T1,T2,T3,T4,T5,T6,T7,T8,T9,T10,T11,T12,T13,T14,T15,T16,T17,T18,T19,T20,T21,T22,T23,T24,T25,T26,T27,T28,T29,T30,T31,T32,T33,T34,T35,T36,T37,T38,T39,T40,T41,T42,T43
STAT,(NULL),BadWork,44,14714938920,483764240,331457384,400437657,318846063,342257243,310087499,307450783,318694327,342508123,364943189,304918189,307888043,302826669,310697058,346360915,299973966,328479911,353206210,341690678,313652173,328120749,300800741,321804617,350662578,333905311,364619810,331239798,344798700,340286027,353909433,330970652,331862850,332468080,330577423,335177679,343211468,305258961,316546791,335759335,313836018,337323462,337726715,319783136,344148266
STAT,(NULL),BarrierTime,44,1842753441,44782411,44348442,70760590,44196245,44165024,35102420,35057768,44148884,44485208,44589732,44538255,35443112,34995574,34951172,34946392,44007965,44041302,43986333,43997601,43997018,43975960,44429008,43831788,34866467,34812777,35332974,35365318,34833457,34878291,35365698,35369704,43808484,44315510,44215221,43785936,44314997,44179250,43811335,44203214,44268400,44315150,44315976,43807088,43809990
STAT,(NULL),ConflictTime,44,0,0,0,0,0,0,0,0,0,0,0,0,0,0,0,0,0,0,0,0,0,0,0,0,0,0,0,0,0,0,0,0,0,0,0,0,0,0,0,0,0,0,0,0,0
STAT,(NULL),Conflicts,44,0,0,0,0,0,0,0,0,0,0,0,0,0,0,0,0,0,0,0,0,0,0,0,0,0,0,0,0,0,0,0,0,0,0,0,0,0,0,0,0,0,0,0,0,0
STAT,(NULL),EmptyPopTime,44,2305392220,19507400,47319752,91372912,47973269,47186068,50550233,55464915,57545508,56381509,60242403,54104193,52119244,52419424,58605316,53627565,54970338,57486912,57959820,58473424,56144625,61545750,50939936,53295463,49613468,53194870,47652774,49626462,43996528,46575008,48002930,44760380,51722146,50126940,58157278,51837874,54201089,53938297,49131453,47026074,52346131,51573519,46296730,51828409,48547881
STAT,(NULL),EmptyWork,44,1163228484,11820477,29402294,11488739,29678554,29725639,29671564,26345690,26486067,24597086,25267697,25988837,27669679,27692998,26004550,25910274,27678557,29587795,26668015,26195448,27135463,26554418,24025942,26752382,26509253,22504024,29494084,28012367,29201125,27751043,29828047,29571201,25819510,27156076,27158346,25724055,24573030,24657273,26942098,29415542,28194648,27108688,25218095,26379668,29662146
STAT,(NULL),GaloisTime,44,38656558826,1055040493,873711701,1039135090,875480589,881467992,882459363,867893868,852147787,844689908,855732312,851064916,869972631,859632223,854587200,833504933,860766519,856082284,861719759,853972397,864747617,855697475,823472862,868938648,882806497,861037479,906606567,866984857,906866981,889989577,908423787,907529650,871985242,873610847,886456647,869031377,852995838,843128092,864159238,902789996,895767363,891458901,868352595,865905321,898753407
STAT,(NULL),InitPushTime,44,2430086,37504,45339,76548,83236,36869,36268,40812,36650,39212,39272,39004,60374,34496,38092,39496,39500,38952,45232,43844,39682,45440,37788,96089,37308,43068,33646,32678,31804,32797,32730,31140,94571,93646,93536,93009,82368,82559,82412,81217,81532,82881,81928,81165,54392
STAT,(NULL),Iterations,44,32274832,364474,846801,344493,847511,853752,843825,685821,723326,656740,688007,685970,773773,700778,696903,675292,738701,725930,719898,708339,741769,725088,641244,745430,768911,580089,872260,768917,848485,823967,874854,868813,727406,745316,754699,723563,677110,656520,724551,871362,803225,744684,721453,715179,869603
STAT,(NULL),LoopTime,44,10942585916,10942585916,0,0,0,0,0,0,0,0,0,0,0,0,0,0,0,0,0,0,0,0,0,0,0,0,0,0,0,0,0,0,0,0,0,0,0,0,0,0,0,0,0,0,0
STAT,(NULL),MeminfoPost,44,2244,51,51,51,51,51,51,51,51,51,51,51,51,51,51,51,51,51,51,51,51,51,51,51,51,51,51,51,51,51,51,51,51,51,51,51,51,51,51,51,51,51,51,51,51
STAT,(NULL),MeminfoPre,44,2244,51,51,51,51,51,51,51,51,51,51,51,51,51,51,51,51,51,51,51,51,51,51,51,51,51,51,51,51,51,51,51,51,51,51,51,51,51,51,51,51,51,51,51,51
STAT,(NULL),NumaPost,44,15194,8781,5601,644,168,0,0,0,0,0,0,0,0,0,0,0,0,0,0,0,0,0,0,0,0,0,0,0,0,0,0,0,0,0,0,0,0,0,0,0,0,0,0,0,0
STAT,(NULL),PopTime,44,249301601214,5799188007,5411555322,5949322253,5393899519,5405003148,5409282192,5725654200,5799172227,5863735308,5787551928,5814428929,5547141962,5761277060,5812371367,5890308937,5662916550,5710314298,5658287509,5835578355,5674474345,5715569044,6014458711,5709869970,5578923694,5959189204,5340071845,5703289465,5435340113,5541640740,5361971903,5348834820,5767553440,5677902577,5601711037,5719545246,5940518350,5893767753,5709544863,5378637059,5528350362,5590393437,5771659093,5727670843,5373724229
STAT,(NULL),PushTime,44,79441272134,1734948115,1950215562,1438246600,1969462522,1946351240,1930288343,1769584360,1724504078,1728715811,1753213333,1750731954,1887880528,1755106923,1726587850,1716029552,1818477157,1793372354,1831622849,1699451558,1799500145,1780831711,1652567937,1802648289,1868332304,1668715791,1976570296,1791586402,1896018257,1858145047,1938123648,1966644150,1744353350,1815777669,1839205413,1795215431,1666237699,1721510655,1804949942,1934879249,1854946143,1850292587,1749880445,1795094849,1944454036
STAT,(NULL),RusageSys,44,28000,28000,0,0,0,0,0,0,0,0,0,0,0,0,0,0,0,0,0,0,0,0,0,0,0,0,0,0,0,0,0,0,0,0,0,0,0,0,0,0,0,0,0,0,0
STAT,(NULL),RusageUser,44,203732000,203732000,0,0,0,0,0,0,0,0,0,0,0,0,0,0,0,0,0,0,0,0,0,0,0,0,0,0,0,0,0,0,0,0,0,0,0,0,0,0,0,0,0,0,0
STAT,(NULL),Threads,44,44,44,0,0,0,0,0,0,0,0,0,0,0,0,0,0,0,0,0,0,0,0,0,0,0,0,0,0,0,0,0,0,0,0,0,0,0,0,0,0,0,0,0,0,0
STAT,(NULL),Time,44,10976065508,10976065508,0,0,0,0,0,0,0,0,0,0,0,0,0,0,0,0,0,0,0,0,0,0,0,0,0,0,0,0,0,0,0,0,0,0,0,0,0,0,0,0,0,0,0
STAT,(NULL),TotalTime,44,22611750348,22611750348,0,0,0,0,0,0,0,0,0,0,0,0,0,0,0,0,0,0,0,0,0,0,0,0,0,0,0,0,0,0,0,0,0,0,0,0,0,0,0,0,0,0,0
STAT,(NULL),UserTime,44,86943396966,1785095064,2093399507,1840875737,2089108376,2095871927,2103352958,1960662991,1945749134,1887486218,1923595522,1909285542,2020819007,1949477238,1927448257,1886224065,1980793473,1958760612,1969348120,1931933620,1983603411,1965407322,1840138710,1944098875,1999420622,1840965464,2105210191,1966104956,2094183519,2041504649,2119255536,2108265242,1944170764,1961031193,1992915790,1944252158,1867079173,1868599090,1950878014,2112857232,2045999899,1994778600,1944198898,1938726526,2110463764
STAT,(NULL),Work,44,457827930836,10405781603,10406153996,10370519017,10406154838,10406179294,10406163298,10406165564,10406172040,10405795656,10405680823,10405681833,10405680870,10406192893,10406190596,10406189366,10406212352,10406184964,10406183936,10406170154,10406181411,10406187912,10405682346,10406165056,10406177030,10406211755,10405788836,10405677568,10406214679,10406171706,10405679021,10405679073,10406188496,10405678993,10405782732,10406210784,10405678479,10405674651,10406185744,10405795251,10405729777,10405679084,10405678672,10406190804,10406187883
STAT,(NULL),nBad,44,14381777,323974,334205,277221,324769,347161,309989,302961,313279,338977,361309,302704,310418,304302,308341,342481,299142,323551,351773,336841,312025,325288,296111,320617,347506,313015,368330,329179,344227,345278,359322,337470,331183,332772,332255,335241,339562,301722,310067,337096,314085,331766,331398,322300,350564
STAT,(NULL),nEmpty,44,2744507,29098,72203,27076,73156,73255,72540,57651,61557,54724,57532,59159,66280,59816,59084,58415,63949,62232,61416,61146,62895,60168,53202,64053,65335,46156,75454,65356,73164,69891,76332,75623,60881,64839,64419,60948,56974,55383,59379,74737,69395,63946,59302,61288,75098
STAT,(NULL),nEmptyPop,44,209713,2028,5243,1948,5193,5419,5287,4501,4426,4219,4460,4418,4850,4476,4460,4214,4633,4715,4612,4236,4655,4773,4046,5031,5004,4187,5885,5005,5322,5379,5731,5787,4871,5020,5321,4818,4443,4476,4913,5753,5309,5229,4828,4801,5788
STAT,(NULL),nOverall,44,72715118,824685,1907284,776431,1907059,1918201,1899876,1546731,1628873,1478372,1550744,1545223,1747255,1578012,1566732,1518920,1663612,1635516,1628622,1594939,1668539,1629021,1442682,1677515,1735219,1308737,1964086,1730231,1915403,1859584,1972212,1959864,1635464,1678974,1701665,1629932,1526803,1478349,1629436,1962567,1811229,1679104,1626751,1611814,1962850
STAT,(NULL),nPop,44,32274832,364474,846801,344493,847511,853752,843825,685821,723326,656740,688007,685970,773773,700778,696903,675292,738701,725930,719898,708339,741769,725088,641244,745430,768911,580089,872260,768917,848485,823967,874854,868813,727406,745316,754699,723563,677110,656520,724551,871362,803225,744684,721453,715179,869603
STAT,(NULL),nPush,44,32274829,364168,847321,342838,848360,853467,844266,686418,723865,654437,687627,685891,774768,698664,694498,673959,737217,727437,721555,708124,741233,726189,639936,745439,770446,578088,871717,770069,849414,826341,877114,869720,726360,746206,755347,722488,677097,656012,724451,870904,803153,743983,721731,714866,871645
STAT,(NULL),nPushInit,44,3,1,1,1,0,0,0,0,0,0,0,0,0,0,0,0,0,0,0,0,0,0,0,0,0,0,0,0,0,0,0,0,0,0,0,0,0,0,0,0,0,0,0,0,0
==== BENCHMARK TOOK 11.188
==== BENCHMARK START ===
==== PARAMS kernel=4.9.5-64-net1 malloc=libc hostname=rack-castor threads=44 delta=4 prog=sssp-klsm256  ===
ERROR: ld.so: object '/specific/disk1/home/adamx/malloc/lib64/libjemalloc.so' from LD_PRELOAD cannot be preloaded (cannot open shared object file): ignored.
Galois Benchmark Suite v2.2.1 (r0)
Copyright (C) 2014 The University of Texas at Austin
http://iss.ices.utexas.edu/galois/

application: Single Source Shortest Path
Computes the shortest path from a source node to all nodes in a directed graph using a modified chaotic iteration algorithm
http://iss.ices.utexas.edu/?p=projects/galois/benchmarks/single_source_shortest_path

INFO: CommandLine ./build/debug/apps/sssp/sssp -noverify -t 44 -delta 4 -wl klsm256 -startNode 0 /specific/disk1/home/mad/Galois-PQ/inputs/road/USA-road-t.USA.gr
INFO: Hostname rack-castor
Read 23947347 nodes
Running Asynchronous with CAS version
INFO: Using delta-step of 1
WARNING: Performance varies considerably due to delta parameter.
WARNING: Do not expect the default to be good for your graph.
Node 1 has distance 5062
STATTYPE,LOOP,CATEGORY,n,sum,T0,T1,T2,T3,T4,T5,T6,T7,T8,T9,T10,T11,T12,T13,T14,T15,T16,T17,T18,T19,T20,T21,T22,T23,T24,T25,T26,T27,T28,T29,T30,T31,T32,T33,T34,T35,T36,T37,T38,T39,T40,T41,T42,T43
STAT,(NULL),BadWork,44,14143775840,515661105,330022690,500143013,316290469,319735148,321801594,321564298,324407335,317093934,304539605,300350004,303469760,302952599,317435901,321744244,341249428,292386715,298444517,329785171,287010842,334976866,298586927,298839716,305594951,312953981,329592803,326672078,306231232,320853446,306500827,305252722,297746366,290415981,301177211,343555161,328132567,311281760,301936557,335983757,316127963,278277562,297049894,315675361,314271779
STAT,(NULL),BarrierTime,44,15486288,1025400,992070,988849,397693,354847,370404,369010,294512,261246,277228,248446,286897,831493,231268,233848,190559,181108,735916,146188,709984,112803,117658,133990,151141,117929,143961,697670,115602,489298,121046,570874,96801,523284,112306,70816,111668,641596,649862,87405,26357,24492,608032,22354,612377
STAT,(NULL),ConflictTime,44,0,0,0,0,0,0,0,0,0,0,0,0,0,0,0,0,0,0,0,0,0,0,0,0,0,0,0,0,0,0,0,0,0,0,0,0,0,0,0,0,0,0,0,0,0
STAT,(NULL),Conflicts,44,0,0,0,0,0,0,0,0,0,0,0,0,0,0,0,0,0,0,0,0,0,0,0,0,0,0,0,0,0,0,0,0,0,0,0,0,0,0,0,0,0,0,0,0,0
STAT,(NULL),EmptyPopTime,44,3213700577,126768482,70563185,17187696,69214863,75368403,70765038,79007518,78758009,76300247,77107857,69948881,69998253,70009514,75248771,67895098,75782756,77754314,76865456,72219936,73367350,77097823,79480233,72887997,79740908,66187531,67531017,75580253,70767863,73425218,68528877,66374467,68817582,78977994,70205679,77087146,67642777,72404294,75360404,68918217,73333586,73844963,75247980,74594367,69531774
STAT,(NULL),EmptyWork,44,1184659120,11587628,29602020,46197932,29388196,29137377,29123334,25984834,23341764,27276002,26400216,26333450,26907252,25087863,24855521,25121461,25629794,26389518,25041057,27055639,26407567,27121032,26920120,27452074,27287057,23998854,29672373,27234471,26921320,26957443,29619809,29279064,27049370,28248764,26533983,26671222,21551302,24742969,26132817,28915070,28435064,27309503,24094385,26454529,29188100
STAT,(NULL),GaloisTime,44,38153942848,879249841,875592648,828015635,880942319,883568730,881896355,853538010,846906362,860268745,846283330,853373762,863603482,844275957,847174140,848637094,860612450,854495301,842383993,842520806,857823576,844882439,848538617,875008324,868770771,882696884,900902315,883258141,882545484,877786636,897418632,904072207,881272884,880956414,883544628,881844063,834019487,852646908,868449596,892632094,879530572,882186206,847291094,856077677,896448239
STAT,(NULL),InitPushTime,44,1883287,56672,57461,93823,40216,37312,40095,37631,41352,39924,40096,35786,35485,39228,38852,40052,51410,51628,51096,56080,37372,47656,40176,35121,75488,62773,52509,74968,38664,36816,33128,32463,35584,34768,32120,34404,34164,34952,31971,31194,33156,33128,32520,33596,30397
STAT,(NULL),Iterations,44,31953107,363844,837261,350555,839566,842638,840811,673422,643226,724069,697825,725922,735363,660972,675052,672707,704236,681296,663776,727838,719374,739621,724895,778684,724829,690868,868477,786964,768321,775988,862750,867508,742804,738425,738325,739338,580893,664757,714854,857573,795071,761306,658795,740551,851757
STAT,(NULL),LoopTime,44,10899594752,10899594752,0,0,0,0,0,0,0,0,0,0,0,0,0,0,0,0,0,0,0,0,0,0,0,0,0,0,0,0,0,0,0,0,0,0,0,0,0,0,0,0,0,0,0
STAT,(NULL),MeminfoPost,44,2244,51,51,51,51,51,51,51,51,51,51,51,51,51,51,51,51,51,51,51,51,51,51,51,51,51,51,51,51,51,51,51,51,51,51,51,51,51,51,51,51,51,51,51,51
STAT,(NULL),MeminfoPre,44,2244,51,51,51,51,51,51,51,51,51,51,51,51,51,51,51,51,51,51,51,51,51,51,51,51,51,51,51,51,51,51,51,51,51,51,51,51,51,51,51,51,51,51,51,51
STAT,(NULL),NumaPost,44,15214,8780,5611,655,168,0,0,0,0,0,0,0,0,0,0,0,0,0,0,0,0,0,0,0,0,0,0,0,0,0,0,0,0,0,0,0,0,0,0,0,0,0,0,0,0
STAT,(NULL),PopTime,44,248780327154,5331040828,5421693380,5988195738,5411023872,5412568571,5414152412,5772181788,5876650216,5714892571,5786193975,5705023007,5615777024,5848798935,5858730250,5846926017,5666650568,5719645992,5904005510,5813071995,5678938413,5759539249,5712318399,5587332204,5713204724,5733991953,5341878519,5567739417,5542237384,5582535568,5355892498,5349479790,5628961241,5617376903,5613397436,5574791971,6136382428,5855892653,5722180577,5368022159,5567203331,5585565125,5947831750,5752505828,5377904985
STAT,(NULL),PushTime,44,78541452858,2074426879,1899949687,1724726819,1903020070,1880812829,1888849035,1723831837,1675024783,1747769636,1724097253,1755324131,1813059920,1689793343,1660732715,1679071434,1782032019,1749911256,1656150232,1696324061,1763045524,1718321171,1757885208,1816344362,1744796460,1724175567,1937430167,1824398773,1844217878,1817835420,1939034515,1923914391,1784074648,1791681912,1803509628,1833369446,1536958697,1688655807,1745282190,1929686981,1819819073,1814775561,1619228327,1723298077,1914805136
STAT,(NULL),RusageSys,44,16000,16000,0,0,0,0,0,0,0,0,0,0,0,0,0,0,0,0,0,0,0,0,0,0,0,0,0,0,0,0,0,0,0,0,0,0,0,0,0,0,0,0,0,0,0
STAT,(NULL),RusageUser,44,202940000,202940000,0,0,0,0,0,0,0,0,0,0,0,0,0,0,0,0,0,0,0,0,0,0,0,0,0,0,0,0,0,0,0,0,0,0,0,0,0,0,0,0,0,0,0
STAT,(NULL),Threads,44,44,44,0,0,0,0,0,0,0,0,0,0,0,0,0,0,0,0,0,0,0,0,0,0,0,0,0,0,0,0,0,0,0,0,0,0,0,0,0,0,0,0,0,0,0
STAT,(NULL),Time,44,10968951724,10968951724,0,0,0,0,0,0,0,0,0,0,0,0,0,0,0,0,0,0,0,0,0,0,0,0,0,0,0,0,0,0,0,0,0,0,0,0,0,0,0,0,0,0,0
STAT,(NULL),TotalTime,44,23492253992,23492253992,0,0,0,0,0,0,0,0,0,0,0,0,0,0,0,0,0,0,0,0,0,0,0,0,0,0,0,0,0,0,0,0,0,0,0,0,0,0,0,0,0,0,0
STAT,(NULL),UserTime,44,86447145782,1947859926,2073535492,1766612591,2077347963,2089481092,2086149389,1916392782,1870256370,1944430449,1910851731,1960933642,1981590271,1892969820,1904194277,1903286182,1960228123,1942739097,1866490580,1919743206,1971352960,1943975475,1945793334,1991912434,1937137814,1939885388,2093523371,1992727101,2004247687,1992398128,2080444055,2097818341,1980762379,1973695763,1973746800,1977173656,1774383223,1876594945,1933532775,2082763710,2002616396,1987256894,1857242670,1938007681,2083059819
STAT,(NULL),Work,44,456342116245,10371022880,10371014854,10371020073,10371556108,10371582269,10371581874,10371566715,10371573420,10371608280,10371548582,10371584747,10371590529,10371033293,10371592678,10371589558,10371565516,10371573806,10371016252,10371577036,10371016326,10371597390,10371609586,10371580605,10371563131,10371592487,10371570798,10371010964,10371597030,10371225329,10371592669,10371144460,10371563270,10371137866,10371553407,10371590716,10371548210,10371010484,10371013719,10371581211,10371597038,10371596956,10371013046,10371599371,10371011706
STAT,(NULL),nBad,44,13669630,314558,333805,333154,318475,322416,320238,313876,315646,315821,300716,294974,301586,294086,312151,317104,335194,291374,295281,327094,284329,333598,300870,295380,299967,300007,329265,326993,305970,321546,308611,307159,293990,293338,297981,342044,313628,305179,298801,337776,315615,277976,290685,315248,316125
STAT,(NULL),nEmpty,44,2701118,27447,72718,26716,71923,71586,71676,54681,51122,61800,59886,60748,61638,55396,55417,56323,57439,57757,56549,64620,59412,63884,62479,66388,61404,54554,76081,67360,63772,65737,75218,74448,64252,63103,61807,62548,45501,56251,60485,73204,70518,65506,54634,63680,73450
STAT,(NULL),nEmptyPop,44,901961,1686,23415,1541,23481,23586,23297,20711,20369,15154,20653,17303,20941,13431,20328,20223,22717,20593,20035,22264,20716,17007,15747,23414,23240,20951,23843,23653,21579,23477,24181,24239,23464,21526,21508,21596,20297,20939,21363,24079,23894,21008,20667,23444,24401
STAT,(NULL),nOverall,44,72002971,821736,1884744,791954,1890638,1895360,1891679,1518716,1449544,1633962,1574963,1637805,1657640,1488659,1521490,1518944,1589042,1533709,1494800,1640738,1620519,1666578,1632919,1751021,1632031,1556080,1957770,1774953,1727783,1750304,1944224,1954588,1677041,1666136,1661392,1670564,1307494,1497702,1609412,1935555,1787848,1715024,1483118,1667528,1919264
STAT,(NULL),nPop,44,31953107,363844,837261,350555,839566,842638,840811,673422,643226,724069,697825,725922,735363,660972,675052,672707,704236,681296,663776,727838,719374,739621,724895,778684,724829,690868,868477,786964,768321,775988,862750,867508,742804,738425,738325,739338,580893,664757,714854,857573,795071,761306,658795,740551,851757
STAT,(NULL),nPush,44,31953104,362825,837550,350805,840493,842187,840496,673925,643763,724539,699287,728075,735404,659850,674644,672757,703520,679305,663327,727893,718487,739285,724239,778670,725828,689597,868227,788933,767106,776887,863127,868529,742540,738414,737606,740996,579923,663580,713063,860034,793961,762030,658454,741008,851935
STAT,(NULL),nPushInit,44,3,1,1,1,0,0,0,0,0,0,0,0,0,0,0,0,0,0,0,0,0,0,0,0,0,0,0,0,0,0,0,0,0,0,0,0,0,0,0,0,0,0,0,0,0
==== BENCHMARK TOOK 11.685
==== BENCHMARK START ===
==== PARAMS kernel=4.9.5-64-net1 malloc=libc hostname=rack-castor threads=44 delta=4 prog=sssp-klsm256  ===
ERROR: ld.so: object '/specific/disk1/home/adamx/malloc/lib64/libjemalloc.so' from LD_PRELOAD cannot be preloaded (cannot open shared object file): ignored.
Galois Benchmark Suite v2.2.1 (r0)
Copyright (C) 2014 The University of Texas at Austin
http://iss.ices.utexas.edu/galois/

application: Single Source Shortest Path
Computes the shortest path from a source node to all nodes in a directed graph using a modified chaotic iteration algorithm
http://iss.ices.utexas.edu/?p=projects/galois/benchmarks/single_source_shortest_path

INFO: CommandLine ./build/debug/apps/sssp/sssp -noverify -t 44 -delta 4 -wl klsm256 -startNode 0 /specific/disk1/home/mad/Galois-PQ/inputs/road/USA-road-t.USA.gr
INFO: Hostname rack-castor
Read 23947347 nodes
Running Asynchronous with CAS version
INFO: Using delta-step of 1
WARNING: Performance varies considerably due to delta parameter.
WARNING: Do not expect the default to be good for your graph.
Node 1 has distance 5062
STATTYPE,LOOP,CATEGORY,n,sum,T0,T1,T2,T3,T4,T5,T6,T7,T8,T9,T10,T11,T12,T13,T14,T15,T16,T17,T18,T19,T20,T21,T22,T23,T24,T25,T26,T27,T28,T29,T30,T31,T32,T33,T34,T35,T36,T37,T38,T39,T40,T41,T42,T43
STAT,(NULL),BadWork,44,14229683361,523789332,331200236,421886274,306363467,307821584,303074764,331237094,318458310,325370924,317608528,342159246,332802869,339891734,328198483,319132772,290460763,304241584,321204912,284384573,304253502,293491902,307886609,335867200,315369699,331078453,293427510,342864097,342391940,292585973,321210461,310798753,300935730,282980828,341148837,295399951,335543907,319217028,289919632,325984113,314620700,306179549,318590367,335322137,323327034
STAT,(NULL),BarrierTime,44,16414303,990668,496630,958832,397109,334180,455449,481842,286951,334304,289588,262714,714272,714744,329538,356068,590151,601196,204943,190748,462366,553006,574118,153782,135476,558608,164916,531994,131761,557946,157773,558528,480235,88906,102543,115721,126753,103106,459926,67358,427268,406842,440141,25831,39472
STAT,(NULL),ConflictTime,44,0,0,0,0,0,0,0,0,0,0,0,0,0,0,0,0,0,0,0,0,0,0,0,0,0,0,0,0,0,0,0,0,0,0,0,0,0,0,0,0,0,0,0,0,0
STAT,(NULL),Conflicts,44,0,0,0,0,0,0,0,0,0,0,0,0,0,0,0,0,0,0,0,0,0,0,0,0,0,0,0,0,0,0,0,0,0,0,0,0,0,0,0,0,0,0,0,0,0
STAT,(NULL),EmptyPopTime,44,2669507520,20844344,60322697,19901576,60946241,58167486,57336529,64085534,67430868,64595358,70521224,69240804,66264613,62165211,65354394,63891227,62060478,61879171,68857570,65096831,63445950,65732273,59880390,66826848,65949328,58201623,53927074,64604633,56784625,69278029,54901851,53763069,65033802,61963442,62629034,62672323,65116580,66022155,64527996,54691041,60961075,60091314,55977715,68967964,58595230
STAT,(NULL),EmptyWork,44,1292089897,82666790,29420247,82100131,29970141,29454087,29986288,26716950,26002715,25407159,24433374,26799432,25682615,25185496,25240286,27269301,29306283,25726443,26336592,25684652,25821498,25410800,25622879,29115980,26604207,24389350,29749861,25830657,25595670,25355041,29356948,29149293,25633535,25839863,25119673,28415720,24915815,27559214,26646346,29458518,26839301,26033268,23859787,27049862,29327829
STAT,(NULL),GaloisTime,44,38288665162,1009405096,870716122,878316925,876888239,879901072,877390197,847927896,852618347,864230644,839216724,850425303,852691730,854891480,859583065,865199547,863461641,830584631,856682372,862572987,854372088,845661231,844230459,876136979,877027455,842413606,899750214,876340133,876322865,865928062,896405442,898852248,869193120,858776375,861243257,894930807,851069030,870078181,879974085,900191447,876915578,875787469,855605802,859700203,889055008
STAT,(NULL),InitPushTime,44,2322588,37504,10865,77716,37091,42448,37870,43536,45956,39548,42244,40504,38896,38944,64783,40012,47969,47635,47869,48012,62055,40372,35276,63294,62238,61806,60918,60815,59737,59994,95318,96242,58380,58615,57244,57919,56716,57214,57420,56716,55696,54699,54318,55279,54905
STAT,(NULL),Iterations,44,31951019,376154,844236,367125,847684,836937,836368,737268,726872,686154,656001,730863,684126,693362,690779,746837,801421,682079,716362,694103,691255,677031,707511,761545,721239,668488,861809,718748,735901,688264,858011,859405,690457,698517,730619,797796,694030,743366,706032,851945,749976,730768,636813,770494,846268
STAT,(NULL),LoopTime,44,10809771242,10809771242,0,0,0,0,0,0,0,0,0,0,0,0,0,0,0,0,0,0,0,0,0,0,0,0,0,0,0,0,0,0,0,0,0,0,0,0,0,0,0,0,0,0,0
STAT,(NULL),MeminfoPost,44,2244,51,51,51,51,51,51,51,51,51,51,51,51,51,51,51,51,51,51,51,51,51,51,51,51,51,51,51,51,51,51,51,51,51,51,51,51,51,51,51,51,51,51,51,51
STAT,(NULL),MeminfoPre,44,2244,51,51,51,51,51,51,51,51,51,51,51,51,51,51,51,51,51,51,51,51,51,51,51,51,51,51,51,51,51,51,51,51,51,51,51,51,51,51,51,51,51,51,51,51
STAT,(NULL),NumaPost,44,15191,8775,5591,657,168,0,0,0,0,0,0,0,0,0,0,0,0,0,0,0,0,0,0,0,0,0,0,0,0,0,0,0,0,0,0,0,0,0,0,0,0,0,0,0,0
STAT,(NULL),PopTime,44,249678794186,5652313449,5434631076,5999777580,5437174906,5436987529,5430723537,5762232105,5768424209,5741215705,5934200316,5751379301,5802249489,5760946783,5751030831,5564951771,5514481104,5909453787,5732024915,5708803835,5767108516,5840817167,5832066130,5594032070,5655965579,5966363159,5369440293,5709789317,5687360355,5768380915,5387899248,5357666218,5752240880,5791076606,5779519489,5476291534,5860027673,5661094247,5628807549,5390625698,5605166392,5678253379,5922078500,5721868684,5381852360
STAT,(NULL),PushTime,44,77618909872,1457158056,1900513783,1503801806,1885029075,1885362589,1903488836,1722270385,1714886495,1747924032,1637883214,1735760114,1706968671,1738421782,1747149568,1834574946,1868519388,1668522742,1755291070,1754726271,1738039199,1695653181,1681352460,1825136831,1785282864,1619095751,1928039416,1753656339,1762176591,1720881318,1913770644,1940738177,1727719464,1716206818,1721303753,1864254551,1676112874,1778831511,1801664760,1908787002,1819565808,1772185316,1640137904,1731123406,1928941111
STAT,(NULL),RusageSys,44,44000,44000,0,0,0,0,0,0,0,0,0,0,0,0,0,0,0,0,0,0,0,0,0,0,0,0,0,0,0,0,0,0,0,0,0,0,0,0,0,0,0,0,0,0,0
STAT,(NULL),RusageUser,44,202992000,202992000,0,0,0,0,0,0,0,0,0,0,0,0,0,0,0,0,0,0,0,0,0,0,0,0,0,0,0,0,0,0,0,0,0,0,0,0,0,0,0,0,0,0,0
STAT,(NULL),Threads,44,44,44,0,0,0,0,0,0,0,0,0,0,0,0,0,0,0,0,0,0,0,0,0,0,0,0,0,0,0,0,0,0,0,0,0,0,0,0,0,0,0,0,0,0,0
STAT,(NULL),Time,44,10884424637,10884424637,0,0,0,0,0,0,0,0,0,0,0,0,0,0,0,0,0,0,0,0,0,0,0,0,0,0,0,0,0,0,0,0,0,0,0,0,0,0,0,0,0,0,0
STAT,(NULL),TotalTime,44,22514929004,22514929004,0,0,0,0,0,0,0,0,0,0,0,0,0,0,0,0,0,0,0,0,0,0,0,0,0,0,0,0,0,0,0,0,0,0,0,0,0,0,0,0,0,0,0
STAT,(NULL),UserTime,44,87001022702,2153725126,2080511348,1892216986,2086107734,2086242349,2077189520,1952880652,1946752445,1932742518,1869863034,1942509791,1922258172,1934502864,1927752773,2020227040,2038287842,1879950482,1936922749,1959230424,1927326512,1902840360,1932965351,1984863400,1965282870,1865648375,2095204873,1945890351,1967872038,1926288037,2093777393,2095943047,1936290894,1922248292,1926296586,2049546767,1898869926,1972526284,1974491880,2092357757,1986663450,1963760728,1878452148,1967401628,2088339906
STAT,(NULL),Work,44,456563057004,10376204549,10376606513,10376192768,10376599936,10376611303,10376598175,10376566079,10376613913,10376579248,10376583234,10376609122,10376192942,10376194456,10376559771,10376588012,10376218449,10376209447,10376607468,10376618996,10376261001,10376217602,10376212949,10376585875,10376609562,10376185358,10376583555,10376216571,10376616456,10376185282,10376592530,10376185143,10376185132,10376580220,10376570320,10376556986,10376582610,10376566474,10376207724,10376604612,10376200423,10376221912,10376185486,10376600931,10376587909
STAT,(NULL),nBad,44,13651909,293426,331359,295470,306004,308464,304483,323476,314956,314959,307240,342674,323227,336459,318891,301425,290412,298629,315993,282436,295240,286711,301186,333410,304893,325259,292848,334052,328867,287009,315801,309263,296369,277024,336750,288129,328336,308546,284526,327473,310203,304956,305659,337550,321866
STAT,(NULL),nEmpty,44,2700085,30655,72769,28393,73770,71951,73609,62883,60896,56506,53839,62781,58102,57243,57007,62017,70132,58278,60040,56510,58819,56875,58463,66599,61261,56174,75563,60335,59846,56818,73427,73539,57584,59314,59974,68183,58993,61091,60029,74001,63316,60749,52425,66067,73259
STAT,(NULL),nEmptyPop,44,495132,1592,13059,1690,13076,13084,13060,12517,12486,11361,10960,12345,11473,10187,12286,11013,8813,8796,11574,11626,8176,8090,8494,13116,8868,11102,13555,11918,11791,11959,13506,13705,11820,11901,12702,12556,12525,12167,9379,13616,13161,12044,11363,12978,13642
STAT,(NULL),nOverall,44,71985250,851817,1902279,829123,1908441,1887140,1884344,1659965,1638648,1547448,1478573,1647470,1541810,1564739,1555967,1685303,1804472,1535387,1610213,1561893,1554745,1523662,1591854,1717039,1621305,1507511,1940576,1620234,1658183,1548422,1928813,1936878,1555215,1571854,1648857,1795312,1565831,1672467,1592607,1918025,1690585,1645185,1439567,1737251,1908240
STAT,(NULL),nPop,44,31951019,376154,844236,367125,847684,836937,836368,737268,726872,686154,656001,730863,684126,693362,690779,746837,801421,682079,716362,694103,691255,677031,707511,761545,721239,668488,861809,718748,735901,688264,858011,859405,690457,698517,730619,797796,694030,743366,706032,851945,749976,730768,636813,770494,846268
STAT,(NULL),nPush,44,31951016,376100,845087,366748,848801,838810,835136,736486,728659,686177,654927,730775,684007,694031,689642,747743,801122,681995,716091,693838,690450,677104,706327,761238,719980,668445,861753,718415,737638,686533,858334,861344,688069,697748,732753,797455,695122,742860,703819,853548,749590,730180,636971,771676,847489
STAT,(NULL),nPushInit,44,3,1,1,1,0,0,0,0,0,0,0,0,0,0,0,0,0,0,0,0,0,0,0,0,0,0,0,0,0,0,0,0,0,0,0,0,0,0,0,0,0,0,0,0,0
==== BENCHMARK TOOK 11.311
==== BENCHMARK START ===
==== PARAMS kernel=4.9.5-64-net1 malloc=libc hostname=rack-castor threads=44 delta=4 prog=sssp-klsm256  ===
ERROR: ld.so: object '/specific/disk1/home/adamx/malloc/lib64/libjemalloc.so' from LD_PRELOAD cannot be preloaded (cannot open shared object file): ignored.
Galois Benchmark Suite v2.2.1 (r0)
Copyright (C) 2014 The University of Texas at Austin
http://iss.ices.utexas.edu/galois/

application: Single Source Shortest Path
Computes the shortest path from a source node to all nodes in a directed graph using a modified chaotic iteration algorithm
http://iss.ices.utexas.edu/?p=projects/galois/benchmarks/single_source_shortest_path

INFO: CommandLine ./build/debug/apps/sssp/sssp -noverify -t 44 -delta 4 -wl klsm256 -startNode 0 /specific/disk1/home/mad/Galois-PQ/inputs/road/USA-road-t.USA.gr
INFO: Hostname rack-castor
Read 23947347 nodes
Running Asynchronous with CAS version
INFO: Using delta-step of 1
WARNING: Performance varies considerably due to delta parameter.
WARNING: Do not expect the default to be good for your graph.
Node 1 has distance 5062
STATTYPE,LOOP,CATEGORY,n,sum,T0,T1,T2,T3,T4,T5,T6,T7,T8,T9,T10,T11,T12,T13,T14,T15,T16,T17,T18,T19,T20,T21,T22,T23,T24,T25,T26,T27,T28,T29,T30,T31,T32,T33,T34,T35,T36,T37,T38,T39,T40,T41,T42,T43
STAT,N³,BarrierTime,44,70022476,0,0,70022476,0,0,0,0,0,0,0,0,0,0,0,0,0,0,0,0,0,0,0,0,0,0,0,0,0,0,0,0,0,0,0,0,0,0,0,0,0,0,0,0,0
STAT,(NULL),BadWork,44,14453549968,414323429,295293930,473053660,320904074,311056392,342019989,287442430,344601466,334147668,348448123,329167784,301329173,312964075,293751932,334262361,303107057,343349275,315572536,326334387,280433417,313962015,315690539,358529773,316426907,333053538,335789405,371202654,299354822,319648691,351612042,328330383,326774083,316441445,377426897,308697153,341023072,305504807,310922272,342294758,319358619,278523874,316899447,312960713,341558901
STAT,(NULL),BarrierTime,44,1463252411,456936,35043139,422268,34985923,35289499,35007705,34907665,34846860,34793347,35206100,34894716,35130880,34850338,35177372,35168308,34765495,34746876,34782452,34819721,34746978,34757514,34797296,34661628,34699543,34969198,34688549,34651416,34668412,34994759,34690150,34715898,34924413,34619443,34601329,34586115,34926000,34595899,34678143,34636644,34594091,34598162,34627424,34926801,34601006
STAT,(NULL),ConflictTime,44,0,0,0,0,0,0,0,0,0,0,0,0,0,0,0,0,0,0,0,0,0,0,0,0,0,0,0,0,0,0,0,0,0,0,0,0,0,0,0,0,0,0,0,0,0
STAT,(NULL),Conflicts,44,0,0,0,0,0,0,0,0,0,0,0,0,0,0,0,0,0,0,0,0,0,0,0,0,0,0,0,0,0,0,0,0,0,0,0,0,0,0,0,0,0,0,0,0,0
STAT,(NULL),EmptyPopTime,44,3685171028,142354669,76743523,126561125,77526241,76808099,76537355,87009699,82931871,82846090,81437635,84086892,85492211,81256708,83691329,83171737,84647066,79389090,89807520,91380278,86363767,85868214,87300354,75001610,77745716,85468982,76817869,77632872,84002790,80741918,72439586,73248053,84740379,74887763,85543321,82036295,76667476,77177846,86583407,78632135,81256234,85146474,73336857,88715091,74136881
STAT,(NULL),EmptyWork,44,1161232080,11759266,30318004,11888525,30185390,30645692,29626835,26770913,24184980,26217814,25535042,26243823,25758231,25717435,26512866,25626658,26230866,27342294,26996017,26149883,26518677,25721315,26712458,28180852,25442912,24215910,29743559,28031531,26277076,26391179,30009188,30261610,26180846,26749965,25926315,27261534,26727494,28171911,27491842,29870470,28187793,24742815,22749070,26384770,29570454
STAT,(NULL),GaloisTime,44,38551371681,700277658,880442010,908698839,892120765,890537570,896311973,862596305,851420982,870023288,847930534,865687018,866837806,861107073,878585169,860287097,874192269,875795727,860597544,848169656,863250228,864054968,859328617,901505654,861882494,849994923,918535192,899242097,881926478,892575633,913936244,913614216,883772153,911451540,882949338,884847059,887644852,902677863,874438832,902318457,902843449,868322050,847800334,877778644,913061083
STAT,(NULL),InitPushTime,44,2589509,39364,67583,80456,39467,38787,39387,56828,68544,67298,40152,39596,39180,39472,35121,40184,52458,49346,43516,35255,71618,43904,41484,100071,99748,99396,98971,99579,71155,69036,71126,71156,59693,58161,58256,57449,57677,57889,57655,57105,55843,54993,54574,55587,55389
STAT,(NULL),Iterations,44,32033117,364694,848891,361014,848783,856191,853837,686563,650187,686076,703130,690932,664888,678047,705399,669455,696488,742883,679513,673212,686162,671463,710037,823184,688579,669403,871182,784505,721861,738816,876451,883084,716149,776716,727113,771873,766767,779461,752267,869539,797560,672282,627003,723486,867991
STAT,(NULL),LoopTime,44,10977842760,10977842760,0,0,0,0,0,0,0,0,0,0,0,0,0,0,0,0,0,0,0,0,0,0,0,0,0,0,0,0,0,0,0,0,0,0,0,0,0,0,0,0,0,0,0
STAT,(NULL),MeminfoPost,44,2244,51,51,51,51,51,51,51,51,51,51,51,51,51,51,51,51,51,51,51,51,51,51,51,51,51,51,51,51,51,51,51,51,51,51,51,51,51,51,51,51,51,51,51,51
STAT,(NULL),MeminfoPre,44,2244,51,51,51,51,51,51,51,51,51,51,51,51,51,51,51,51,51,51,51,51,51,51,51,51,51,51,51,51,51,51,51,51,51,51,51,51,51,51,51,51,51,51,51,51
STAT,(NULL),NumaPost,44,15220,8792,5586,674,168,0,0,0,0,0,0,0,0,0,0,0,0,0,0,0,0,0,0,0,0,0,0,0,0,0,0,0,0,0,0,0,0,0,0,0,0,0,0,0,0
STAT,(NULL),PopTime,44,251152953274,5896427653,5447323895,5859112296,5443138062,5460361361,5416961095,5826474607,5982093112,5817481408,5894536609,5847756361,5892531875,5852418375,5736987320,5836897206,5758626372,5657605683,5864691766,5886355906,5824549288,5794402559,5786569167,5499345790,5932910469,6057631702,5364171956,5555493053,5771964953,5698444623,5381570166,5368817595,5722175268,5556793998,5773171017,5742759918,5722770474,5532013500,5676649998,5382138167,5554392308,5875968768,6071361338,5734819496,5394286741
STAT,(NULL),PushTime,44,79748609927,1834730859,1959867806,1575294580,1941626243,1927817559,1968344418,1757314877,1671931740,1749215457,1727009791,1722175545,1700693761,1746447261,1776293244,1754443014,1781975056,1848935831,1737362853,1743453749,1748853220,1777914713,1790414935,1924402216,1699192626,1618897773,1992206767,1900507139,1770505689,1808384785,1980981091,1984376848,1823348871,1874135021,1778482401,1772852964,1790181192,1887304719,1846953854,1992026754,1880450973,1738575034,1655671694,1816569173,1970485831
STAT,(NULL),RusageSys,44,28000,28000,0,0,0,0,0,0,0,0,0,0,0,0,0,0,0,0,0,0,0,0,0,0,0,0,0,0,0,0,0,0,0,0,0,0,0,0,0,0,0,0,0,0,0
STAT,(NULL),RusageUser,44,205764000,205764000,0,0,0,0,0,0,0,0,0,0,0,0,0,0,0,0,0,0,0,0,0,0,0,0,0,0,0,0,0,0,0,0,0,0,0,0,0,0,0,0,0,0,0
STAT,(NULL),Threads,44,44,44,0,0,0,0,0,0,0,0,0,0,0,0,0,0,0,0,0,0,0,0,0,0,0,0,0,0,0,0,0,0,0,0,0,0,0,0,0,0,0,0,0,0,0
STAT,(NULL),Time,44,11047228100,11047228100,0,0,0,0,0,0,0,0,0,0,0,0,0,0,0,0,0,0,0,0,0,0,0,0,0,0,0,0,0,0,0,0,0,0,0,0,0,0,0,0,0,0,0
STAT,(NULL),TotalTime,44,23603128344,23603128344,0,0,0,0,0,0,0,0,0,0,0,0,0,0,0,0,0,0,0,0,0,0,0,0,0,0,0,0,0,0,0,0,0,0,0,0,0,0,0,0,0,0,0
STAT,(NULL),UserTime,44,87823283573,1917236107,2108093475,2021232967,2118191593,2116618089,2115006855,1942621001,1890223276,1957001143,1926339111,1956837797,1931473166,1935842352,2000718698,1942362128,1977115717,2013719727,1923332494,1907278991,1953251454,1954826337,1952462274,2074349703,1905611561,1866576725,2121310165,2041879468,1968109202,1996247716,2123849784,2132467470,1962569060,2058767903,1956712993,1993028205,1998794029,2075440183,1990668096,2117800127,2055655431,1910030601,1831866285,1958518988,2121245126
STAT,(NULL),Work,44,462171389660,10537785684,10503182382,10502870452,10503179594,10502870623,10503158243,10503211888,10503169408,10503225818,10502870414,10503184760,10502951978,10503227866,10502870312,10502869568,10503173349,10503202866,10503177662,10503152223,10503154718,10503197532,10503165763,10503205288,10503166755,10502893096,10503177116,10503211678,10503197312,10502867904,10503175878,10503150947,10502868408,10503175563,10503193022,10503210980,10502868081,10503198045,10503175167,10503158303,10503202682,10503202279,10503174523,10502868074,10503195456
STAT,(NULL),nBad,44,13834575,285798,291863,305246,317587,305445,339478,280003,330061,317256,343938,321557,291000,302502,286513,319122,296926,335492,309986,317945,267437,302275,309363,353587,306075,321722,332394,367943,291663,308316,345658,323166,318379,309442,359137,303872,337171,294382,306631,341461,315065,269239,304288,309295,338896
STAT,(NULL),nEmpty,44,2709799,27684,73896,28422,73896,74856,73250,58587,53002,57574,59493,58315,55710,57236,58687,55822,57401,62168,57504,58362,57664,55260,61151,69265,58760,55694,75391,67341,61183,61821,76020,77175,60472,62379,60972,66289,65427,65684,65314,75467,68176,55687,49775,61163,74404
STAT,(NULL),nEmptyPop,44,1230347,15515,32957,6096,32955,32916,32917,17742,28381,28764,28691,28562,28533,17380,28850,28431,28546,28793,28447,28561,28382,17545,31542,29319,28618,17405,32901,19437,29124,32693,33094,33120,32423,29624,29127,29623,32721,29867,29613,33523,26523,29083,28756,29559,33688
STAT,(NULL),nOverall,44,72167916,821999,1909322,816982,1914066,1925312,1924259,1549402,1467659,1548157,1588775,1554490,1495132,1525824,1589424,1511995,1568722,1674082,1532800,1514788,1543441,1511086,1598674,1855106,1552557,1505147,1963976,1765372,1628215,1660367,1976291,1987496,1611794,1747250,1636801,1739023,1729160,1758193,1697059,1961364,1794652,1515589,1409110,1632172,1954831
STAT,(NULL),nPop,44,32033117,364694,848891,361014,848783,856191,853837,686563,650187,686076,703130,690932,664888,678047,705399,669455,696488,742883,679513,673212,686162,671463,710037,823184,688579,669403,871182,784505,721861,738816,876451,883084,716149,776716,727113,771873,766767,779461,752267,869539,797560,672282,627003,723486,867991
STAT,(NULL),nPush,44,32033114,363825,847897,361227,851347,856714,856136,686477,649802,686368,704511,689071,662849,677675,705052,670271,696843,742115,677539,672332,684824,668930,708513,825001,688016,670508,873894,782895,722309,737579,877637,884287,714821,775812,727003,771663,767942,779195,753707,872102,797570,672609,625986,723719,868541
STAT,(NULL),nPushInit,44,3,1,1,1,0,0,0,0,0,0,0,0,0,0,0,0,0,0,0,0,0,0,0,0,0,0,0,0,0,0,0,0,0,0,0,0,0,0,0,0,0,0,0,0,0
==== BENCHMARK TOOK 11.739
==== BENCHMARK START ===
==== PARAMS kernel=4.9.5-64-net1 malloc=libc hostname=rack-castor threads=44 delta=4 prog=sssp-klsm256  ===
ERROR: ld.so: object '/specific/disk1/home/adamx/malloc/lib64/libjemalloc.so' from LD_PRELOAD cannot be preloaded (cannot open shared object file): ignored.
Galois Benchmark Suite v2.2.1 (r0)
Copyright (C) 2014 The University of Texas at Austin
http://iss.ices.utexas.edu/galois/

application: Single Source Shortest Path
Computes the shortest path from a source node to all nodes in a directed graph using a modified chaotic iteration algorithm
http://iss.ices.utexas.edu/?p=projects/galois/benchmarks/single_source_shortest_path

INFO: CommandLine ./build/debug/apps/sssp/sssp -noverify -t 44 -delta 4 -wl klsm256 -startNode 0 /specific/disk1/home/mad/Galois-PQ/inputs/road/USA-road-t.USA.gr
INFO: Hostname rack-castor
Read 23947347 nodes
Running Asynchronous with CAS version
INFO: Using delta-step of 1
WARNING: Performance varies considerably due to delta parameter.
WARNING: Do not expect the default to be good for your graph.
Node 1 has distance 5062
STATTYPE,LOOP,CATEGORY,n,sum,T0,T1,T2,T3,T4,T5,T6,T7,T8,T9,T10,T11,T12,T13,T14,T15,T16,T17,T18,T19,T20,T21,T22,T23,T24,T25,T26,T27,T28,T29,T30,T31,T32,T33,T34,T35,T36,T37,T38,T39,T40,T41,T42,T43
STAT,(NULL),BadWork,44,14111864643,456199659,339988409,416075032,320581555,307365246,311799230,308150634,340200646,314474685,344432395,317688149,310107282,314761085,309873093,276818098,303208143,326280611,331727638,315627297,324922193,309168918,292049359,300727427,327421244,316520117,327802045,313001992,298475273,308325568,353976762,317127877,306570150,313933180,328974363,276674718,291938895,311959582,286231768,337813099,325697867,297975250,325729664,324473747,329014698
STAT,(NULL),BarrierTime,44,2085639083,36262298,35762566,26387726,35182876,35192183,60223076,60179407,68989636,35127143,68925151,35095892,26249592,60123208,60082256,60072582,68899082,34985924,34919063,68897852,34931040,34877572,35044280,34794739,60075185,26181512,60019840,26091006,26051748,59990284,26160786,26154349,68735206,68736020,68735551,34770517,34844618,68720352,68652930,34787512,68724533,34778203,68724892,34818461,68680434
STAT,(NULL),ConflictTime,44,0,0,0,0,0,0,0,0,0,0,0,0,0,0,0,0,0,0,0,0,0,0,0,0,0,0,0,0,0,0,0,0,0,0,0,0,0,0,0,0,0,0,0,0,0
STAT,(NULL),Conflicts,44,0,0,0,0,0,0,0,0,0,0,0,0,0,0,0,0,0,0,0,0,0,0,0,0,0,0,0,0,0,0,0,0,0,0,0,0,0,0,0,0,0,0,0,0,0
STAT,(NULL),EmptyPopTime,44,2321668950,60097559,48179060,56309519,49351498,48213000,49783280,53944339,59918722,52850051,55408792,50986102,53483879,47991045,59315332,58205820,52019287,51998552,56810192,58723698,55274492,56083659,54764288,49911524,51115630,43225480,50414643,54200968,54217222,57580092,48396762,46806256,47710234,54311315,48091729,55996293,47843085,56740353,58961445,48520486,53240820,53305876,53036792,50679376,47650403
STAT,(NULL),EmptyWork,44,1195142427,12664619,29703181,47076777,29892053,30151748,29789828,28632003,25939404,25321627,26336391,25394822,27784270,26021385,25143394,24941538,27883535,25291937,26511241,26464299,23313250,26037774,25030484,26462895,28313703,27778597,28981028,27059240,26534483,24308876,29462102,29165090,29802692,24827910,27710106,26977346,25829070,25855551,27013866,31042696,26151747,25869963,24668708,26747703,29253495
STAT,(NULL),GaloisTime,44,38073495443,802579369,872139619,976569931,874437244,877964256,875873500,865363227,848411823,845914843,860601075,846245920,872072180,854598425,844278208,841826610,854817167,839983437,846560149,849449121,835600247,844417279,826521012,883994631,883158332,860352313,890267269,861212069,881469924,842049796,886880806,899979478,880753284,860478279,884203274,872674928,874054224,863796636,866135381,886570183,864671053,868942462,843755688,869628633,892242158
STAT,(NULL),InitPushTime,44,2195421,37152,47604,73728,83052,76303,36463,41108,40860,49177,35673,39108,39292,43728,38512,39628,35916,35561,64394,37684,39044,39496,39084,103738,34845,37444,44495,35804,35476,36624,32575,31422,66051,65575,65612,65156,65340,57464,64878,64731,55257,55088,54516,55293,55470
STAT,(NULL),Iterations,44,32011776,411026,847550,369797,846432,851336,848611,782754,710173,680968,731686,686369,736208,713132,667916,636518,757320,682137,721049,689981,621281,684500,658029,729376,823870,733565,820495,752165,707750,677013,857635,851432,800628,680215,798960,724967,702698,710965,712543,858703,709117,721548,673925,767108,862325
STAT,(NULL),LoopTime,44,11066998314,11066998314,0,0,0,0,0,0,0,0,0,0,0,0,0,0,0,0,0,0,0,0,0,0,0,0,0,0,0,0,0,0,0,0,0,0,0,0,0,0,0,0,0,0,0
STAT,(NULL),MeminfoPost,44,2244,51,51,51,51,51,51,51,51,51,51,51,51,51,51,51,51,51,51,51,51,51,51,51,51,51,51,51,51,51,51,51,51,51,51,51,51,51,51,51,51,51,51,51,51
STAT,(NULL),MeminfoPre,44,2244,51,51,51,51,51,51,51,51,51,51,51,51,51,51,51,51,51,51,51,51,51,51,51,51,51,51,51,51,51,51,51,51,51,51,51,51,51,51,51,51,51,51,51,51
STAT,(NULL),NumaPost,44,15191,8781,5587,655,168,0,0,0,0,0,0,0,0,0,0,0,0,0,0,0,0,0,0,0,0,0,0,0,0,0,0,0,0,0,0,0,0,0,0,0,0,0,0,0,0
STAT,(NULL),PopTime,44,248886410836,5759024244,5435177595,5426386295,5427826011,5448278268,5426208033,5508511992,5784872290,5830983595,5703105571,5818042002,5598644739,5695114548,5892597225,5815186432,5582307953,5859161122,5716205931,5823544748,6000142077,5770775920,5898839691,5588067268,5489457395,5752537121,5444922139,5686638360,5644184223,5931428148,5362538723,5371821204,5520840392,5814593005,5550767579,5635104418,5707123392,5721736829,5664545801,5376136869,5750059030,5788328189,5880609325,5591154086,5392881058
STAT,(NULL),PushTime,44,81711390586,1676635613,1965511074,1942376630,1968145156,1934028645,1967507480,1962084475,1797076896,1774853846,1825670074,1776130370,1885196198,1843764301,1716815927,1802840014,1916548088,1746597127,1851317733,1769294714,1676532385,1816912190,1766029550,1901658615,1939693259,1806518120,1964064576,1861201163,1864594848,1717395070,2028763317,1998816123,1925137637,1777446946,1910069154,1884895730,1818467121,1823233547,1861346194,2009814924,1804356660,1768642386,1768520554,1915447069,1979439087
STAT,(NULL),RusageSys,44,36000,36000,0,0,0,0,0,0,0,0,0,0,0,0,0,0,0,0,0,0,0,0,0,0,0,0,0,0,0,0,0,0,0,0,0,0,0,0,0,0,0,0,0,0,0
STAT,(NULL),RusageUser,44,203628000,203628000,0,0,0,0,0,0,0,0,0,0,0,0,0,0,0,0,0,0,0,0,0,0,0,0,0,0,0,0,0,0,0,0,0,0,0,0,0,0,0,0,0,0,0
STAT,(NULL),Threads,44,44,44,0,0,0,0,0,0,0,0,0,0,0,0,0,0,0,0,0,0,0,0,0,0,0,0,0,0,0,0,0,0,0,0,0,0,0,0,0,0,0,0,0,0,0
STAT,(NULL),Time,44,11101727690,11101727690,0,0,0,0,0,0,0,0,0,0,0,0,0,0,0,0,0,0,0,0,0,0,0,0,0,0,0,0,0,0,0,0,0,0,0,0,0,0,0,0,0,0,0
STAT,(NULL),TotalTime,44,21907548866,21907548866,0,0,0,0,0,0,0,0,0,0,0,0,0,0,0,0,0,0,0,0,0,0,0,0,0,0,0,0,0,0,0,0,0,0,0,0,0,0,0,0,0,0,0
STAT,(NULL),UserTime,44,86963660415,2124262093,2084557504,1986549271,2085616734,2096631690,2086106639,2016731279,1919049755,1905342855,1964145729,1918469776,1998086868,1967778997,1897117808,1892268428,2001693137,1912234646,1937860821,1907791306,1844405147,1921040884,1864082603,1985170111,2043529279,1944855889,2056617625,1944955451,1964266790,1862505532,2079225893,2088679748,2031023422,1903610429,2014423183,1959618913,1961951026,1943904944,1957261379,2083182556,1936787826,1930178099,1864676649,1981609860,2093801841
STAT,(NULL),Work,44,459968016972,10468355351,10468792766,10469225438,10469213606,10469199930,10435358517,10435356915,10435357835,10469204424,10435397730,10469216962,10469243032,10435358001,10435359702,10435367751,10435358730,10469275597,10469281633,10435357310,10469289484,10469336626,10469176852,10469293608,10435351680,10469208596,10435351638,10469303612,10469297902,10435354050,10469194613,10469204067,10435351037,10435352968,10435348244,10469311578,10469243637,10435355508,10435431030,10469305330,10435353136,10469303152,10435355780,10469261075,10435400539
STAT,(NULL),nBad,44,13809296,304430,340992,319446,321813,307892,313235,309418,336629,313658,339922,310684,313043,310844,304498,269108,301244,322489,332948,313556,314755,307265,287868,297896,330689,311962,327811,314351,296241,306575,351741,322592,311820,310160,327650,278910,288404,310387,285537,341109,323146,295096,321370,327124,332988
STAT,(NULL),nEmpty,44,2732294,32608,73304,29395,73664,74222,73643,68811,61023,57144,61110,56923,63317,58644,56452,52978,64804,56720,62444,60155,49903,58156,55699,61308,70458,62822,72275,65885,60433,56463,74641,73844,70344,56499,69032,62183,58489,59890,61963,75135,60868,61613,57229,65404,74397
STAT,(NULL),nEmptyPop,44,199861,2093,4907,1762,5039,4929,4911,4810,4196,4154,4497,4052,4640,4466,4043,4372,4665,4137,4311,4244,3835,4264,3963,4972,5172,4457,5265,4599,4808,4208,5581,5412,5188,4319,4866,4973,4709,4859,4781,5507,4569,4552,4204,4979,5591
STAT,(NULL),nOverall,44,72142637,926808,1908769,839286,1905237,1916541,1909840,1763458,1600588,1532111,1651335,1544990,1659736,1604765,1506269,1433063,1703185,1536348,1626202,1556506,1399524,1544889,1482081,1643525,1854139,1655373,1851582,1697765,1593824,1524345,1932511,1920106,1801571,1537187,1800218,1632466,1584715,1604317,1607344,1930256,1599405,1626925,1517428,1732425,1943679
STAT,(NULL),nPop,44,32011776,411026,847550,369797,846432,851336,848611,782754,710173,680968,731686,686369,736208,713132,667916,636518,757320,682137,721049,689981,621281,684500,658029,729376,823870,733565,820495,752165,707750,677013,857635,851432,800628,680215,798960,724967,702698,710965,712543,858703,709117,721548,673925,767108,862325
STAT,(NULL),nPush,44,32011773,409901,846898,369006,847889,851440,849495,782562,710965,679898,732726,686271,736342,711839,669161,634317,755947,681812,721460,690209,621109,684145,657797,730900,824969,734522,819920,752916,706269,677843,859316,852483,799974,678384,799800,724508,703132,710214,710933,857235,707956,723089,672920,768725,864576
STAT,(NULL),nPushInit,44,3,1,1,1,0,0,0,0,0,0,0,0,0,0,0,0,0,0,0,0,0,0,0,0,0,0,0,0,0,0,0,0,0,0,0,0,0,0,0,0,0,0,0,0,0
==== BENCHMARK TOOK 11.024
==== BENCHMARK START ===
==== PARAMS kernel=4.9.5-64-net1 malloc=libc hostname=rack-castor threads=44 delta=4 prog=sssp-klsm256  ===
ERROR: ld.so: object '/specific/disk1/home/adamx/malloc/lib64/libjemalloc.so' from LD_PRELOAD cannot be preloaded (cannot open shared object file): ignored.
Galois Benchmark Suite v2.2.1 (r0)
Copyright (C) 2014 The University of Texas at Austin
http://iss.ices.utexas.edu/galois/

application: Single Source Shortest Path
Computes the shortest path from a source node to all nodes in a directed graph using a modified chaotic iteration algorithm
http://iss.ices.utexas.edu/?p=projects/galois/benchmarks/single_source_shortest_path

INFO: CommandLine ./build/debug/apps/sssp/sssp -noverify -t 44 -delta 4 -wl klsm256 -startNode 0 /specific/disk1/home/mad/Galois-PQ/inputs/road/USA-road-t.USA.gr
INFO: Hostname rack-castor
Read 23947347 nodes
Running Asynchronous with CAS version
INFO: Using delta-step of 1
WARNING: Performance varies considerably due to delta parameter.
WARNING: Do not expect the default to be good for your graph.
Node 1 has distance 5062
STATTYPE,LOOP,CATEGORY,n,sum,T0,T1,T2,T3,T4,T5,T6,T7,T8,T9,T10,T11,T12,T13,T14,T15,T16,T17,T18,T19,T20,T21,T22,T23,T24,T25,T26,T27,T28,T29,T30,T31,T32,T33,T34,T35,T36,T37,T38,T39,T40,T41,T42,T43
STAT,(NULL),BadWork,44,14027265915,418900850,336237010,345079761,309439571,344849842,322008047,318491610,329416313,336135132,316782579,354617204,309999827,292391746,314333334,331114434,286485594,300071226,295043333,315530542,306780007,322732612,313726725,288586466,316710142,307756958,349479511,268282790,347125141,300134733,345412925,327903234,302609769,301566836,313515212,330761036,337865361,296444602,286699881,328550797,334374459,276473952,319329356,317341358,310174097
STAT,(NULL),BarrierTime,44,462034661,1924442,32088629,39358576,32048999,426184,32049073,495288,439579,31917656,416104,309709,352990,31858736,361871,301492,298196,31881716,200356,291176,31828624,257244,205753,146726,202410,31741443,129600,76105,196652,201489,158184,31744787,202690,31740151,31708982,199823,132862,64883,150014,162810,130558,31657363,132395,158581,31683760
STAT,(NULL),ConflictTime,44,0,0,0,0,0,0,0,0,0,0,0,0,0,0,0,0,0,0,0,0,0,0,0,0,0,0,0,0,0,0,0,0,0,0,0,0,0,0,0,0,0,0,0,0,0
STAT,(NULL),Conflicts,44,0,0,0,0,0,0,0,0,0,0,0,0,0,0,0,0,0,0,0,0,0,0,0,0,0,0,0,0,0,0,0,0,0,0,0,0,0,0,0,0,0,0,0,0,0
STAT,(NULL),EmptyPopTime,44,2336471117,59162612,49699480,54056512,47164762,47771434,47752538,60791846,54840393,54947032,50379114,49182762,53825942,56893151,53223861,56459704,54909190,53903148,55931206,54793383,57364843,52761712,53474434,61835000,56765989,53555775,43219879,54747590,51545376,56384869,47840083,43311355,57043981,47442666,52972082,54153293,52729493,52605093,57635308,49124803,52076239,52175337,48860177,59884057,51273613
STAT,(NULL),EmptyWork,44,1234213672,12316271,30000140,82022266,31198626,29812030,30483132,25069885,25513022,26547064,26955150,26673739,28019637,26549644,26194022,26987764,26274817,25219768,26137039,24824814,25968095,24427114,26927019,27216157,27066049,25194646,29297655,26360197,27831131,25983107,29275539,29846227,27299909,27278373,26827957,26525820,23481915,26889458,26548107,31092760,27478194,27329403,24984177,26776607,29509226
STAT,(NULL),GaloisTime,44,38473469347,872650490,876651040,981565622,884936444,884713173,891108047,849688539,849068664,841694558,862207496,854074012,872100850,851924655,847380319,867203114,852444717,858686872,865203908,856601123,868052028,843844910,849301245,884662314,876674453,845202635,905306231,872528624,895066569,860142418,895324579,905385876,879691998,886286636,877815256,873514899,853074533,878279041,873218761,901291819,900703139,889575401,863406733,879643731,895571875
STAT,(NULL),InitPushTime,44,2475948,43548,71448,89308,40077,39145,39363,46364,37236,46788,39904,39852,39076,65310,50395,41532,50271,39532,42952,41320,40772,41318,43363,64497,96477,95678,65157,64864,66022,63990,95377,94762,58931,58388,57758,58901,57361,57692,57618,57310,55550,55073,54377,55814,55477
STAT,(NULL),Iterations,44,31932737,384922,850229,363021,855891,846905,857957,666304,694611,672240,724919,747705,770263,685161,714238,713553,676342,659890,677190,663104,692489,650037,738588,727086,704131,680510,858333,705254,798038,693807,867586,876086,733001,738396,740609,740418,641187,739076,732494,867871,769626,728103,694574,734112,856880
STAT,(NULL),LoopTime,44,10890976222,10890976222,0,0,0,0,0,0,0,0,0,0,0,0,0,0,0,0,0,0,0,0,0,0,0,0,0,0,0,0,0,0,0,0,0,0,0,0,0,0,0,0,0,0,0
STAT,(NULL),MeminfoPost,44,2244,51,51,51,51,51,51,51,51,51,51,51,51,51,51,51,51,51,51,51,51,51,51,51,51,51,51,51,51,51,51,51,51,51,51,51,51,51,51,51,51,51,51,51,51
STAT,(NULL),MeminfoPre,44,2244,51,51,51,51,51,51,51,51,51,51,51,51,51,51,51,51,51,51,51,51,51,51,51,51,51,51,51,51,51,51,51,51,51,51,51,51,51,51,51,51,51,51,51,51
STAT,(NULL),NumaPost,44,15199,8789,5569,673,168,0,0,0,0,0,0,0,0,0,0,0,0,0,0,0,0,0,0,0,0,0,0,0,0,0,0,0,0,0,0,0,0,0,0,0,0,0,0,0,0
STAT,(NULL),PopTime,44,249862714805,5737116349,5425075020,5793768145,5414273827,5426020175,5431436942,5781867004,5796346223,5916663486,5691876483,5810690834,5598748130,5756987588,5879610312,5707911387,5801174020,5812077365,5771047229,5844896234,5780349249,5952426120,5752528879,5659289026,5717726809,5962893479,5348784494,5729819376,5485674762,5802823090,5353660962,5356875443,5700233775,5647266067,5661772328,5771325751,5958010763,5666304278,5702998239,5360295950,5550917155,5590332681,5873459132,5696138073,5383222171
STAT,(NULL),PushTime,44,79131567189,1717540085,1935163005,1553353312,1936395994,1922198379,1905186589,1782399555,1771112678,1678398580,1810632392,1721264879,1840816722,1787150617,1689044529,1783888441,1751421443,1743918246,1755414403,1728530015,1729580418,1655112926,1776031993,1803719632,1785887225,1658681728,1996395522,1789559297,1921817463,1748108206,1988792354,1962084492,1782305248,1808436526,1819832674,1731406352,1664983059,1808531119,1786702930,1967766835,1852557262,1855775472,1689727083,1780786427,1953155082
STAT,(NULL),RusageSys,44,40000,40000,0,0,0,0,0,0,0,0,0,0,0,0,0,0,0,0,0,0,0,0,0,0,0,0,0,0,0,0,0,0,0,0,0,0,0,0,0,0,0,0,0,0,0
STAT,(NULL),RusageUser,44,203696000,203696000,0,0,0,0,0,0,0,0,0,0,0,0,0,0,0,0,0,0,0,0,0,0,0,0,0,0,0,0,0,0,0,0,0,0,0,0,0,0,0,0,0,0,0
STAT,(NULL),Threads,44,44,44,0,0,0,0,0,0,0,0,0,0,0,0,0,0,0,0,0,0,0,0,0,0,0,0,0,0,0,0,0,0,0,0,0,0,0,0,0,0,0,0,0,0,0
STAT,(NULL),Time,44,10968670904,10968670904,0,0,0,0,0,0,0,0,0,0,0,0,0,0,0,0,0,0,0,0,0,0,0,0,0,0,0,0,0,0,0,0,0,0,0,0,0,0,0,0,0,0,0
STAT,(NULL),TotalTime,44,23296033070,23296033070,0,0,0,0,0,0,0,0,0,0,0,0,0,0,0,0,0,0,0,0,0,0,0,0,0,0,0,0,0,0,0,0,0,0,0,0,0,0,0,0,0,0,0
STAT,(NULL),UserTime,44,87433780263,2021033893,2103236804,1955058876,2105855436,2109310304,2113857240,1920006241,1922942535,1901573446,1977773563,1957938443,2026313278,1940314385,1924370102,1977373864,1933600140,1926019649,1946091491,1910177813,1958509971,1891252088,1961561069,1983099767,1955701383,1874293914,2096818151,1946808330,2037886300,1926379892,2104928270,2122319015,1973247284,2003111920,1980601547,1962896133,1867542295,1987213616,1972718695,2110250449,2036089854,2004633829,1919385224,1976593051,2107090713
STAT,(NULL),Work,44,459421745501,10450099890,10419932897,10419906763,10419906793,10451534227,10419906680,10451441582,10451452348,10419906086,10451426930,10451532542,10451494679,10419923499,10451456354,10451539634,10451469830,10419906920,10451539306,10451446306,10419906612,10451477853,10451534325,10451500246,10451448798,10419908483,10451522125,10451571848,10451455053,10451449668,10451492903,10419901384,10451442319,10419901294,10419934998,10451446416,10451457632,10451517073,10451439508,10451426212,10451461564,10419931104,10451460290,10451433056,10419901471
STAT,(NULL),nBad,44,13605947,300489,334016,285779,307884,342892,318201,302122,320282,327224,306280,343239,309895,281973,306977,322888,279510,287707,286497,308388,300529,307600,311932,284878,308190,303338,343509,265530,342614,296426,345738,327418,299462,295395,307521,324598,331781,291581,282896,328194,328332,269713,312396,314079,310054
STAT,(NULL),nEmpty,44,2712480,30956,73007,28190,73884,73123,75311,55321,58420,57104,62083,63392,65260,59301,61000,61454,57417,53495,56952,54128,57251,52895,62928,62573,59444,58242,73777,60621,68269,59669,74449,75856,63874,63132,63700,63258,52667,62969,62233,75213,64762,61978,56933,62593,73396
STAT,(NULL),nEmptyPop,44,211107,2249,5359,2038,5411,5201,5440,4494,4498,4481,4704,4405,4894,4403,4481,4702,4311,4625,4619,4484,4489,4085,4490,5098,4916,4404,5630,4797,5436,4821,5799,5595,5131,5169,4756,4936,4302,5170,5260,5785,5330,5174,4575,5184,5976
STAT,(NULL),nOverall,44,71939288,866245,1912521,819137,1926399,1906286,1932400,1506139,1563763,1513522,1637450,1684712,1736758,1548085,1606098,1608416,1522594,1484549,1528217,1492702,1557409,1464371,1661488,1636651,1587844,1529091,1933852,1591677,1799263,1563989,1955873,1974029,1649858,1661470,1672471,1667357,1446637,1663855,1649123,1957447,1733723,1640217,1564197,1651285,1930118
STAT,(NULL),nPop,44,31932737,384922,850229,363021,855891,846905,857957,666304,694611,672240,724919,747705,770263,685161,714238,713553,676342,659890,677190,663104,692489,650037,738588,727086,704131,680510,858333,705254,798038,693807,867586,876086,733001,738396,740609,740418,641187,739076,732494,867871,769626,728103,694574,734112,856880
STAT,(NULL),nPush,44,31932734,383663,851655,362904,856206,848050,857586,667879,695487,671246,726659,748396,770840,685783,713988,713114,675710,658972,677501,664265,690428,648809,739450,726300,703074,678088,859033,704922,798424,693130,869185,877796,732246,737364,741413,740375,639322,738668,732250,870636,769038,727110,694187,733367,858215
STAT,(NULL),nPushInit,44,3,1,1,1,0,0,0,0,0,0,0,0,0,0,0,0,0,0,0,0,0,0,0,0,0,0,0,0,0,0,0,0,0,0,0,0,0,0,0,0,0,0,0,0,0
==== BENCHMARK TOOK 11.555
==== BENCHMARK START ===
==== PARAMS kernel=4.9.5-64-net1 malloc=libc hostname=rack-castor threads=44 delta=4 prog=sssp-klsm256  ===
ERROR: ld.so: object '/specific/disk1/home/adamx/malloc/lib64/libjemalloc.so' from LD_PRELOAD cannot be preloaded (cannot open shared object file): ignored.
Galois Benchmark Suite v2.2.1 (r0)
Copyright (C) 2014 The University of Texas at Austin
http://iss.ices.utexas.edu/galois/

application: Single Source Shortest Path
Computes the shortest path from a source node to all nodes in a directed graph using a modified chaotic iteration algorithm
http://iss.ices.utexas.edu/?p=projects/galois/benchmarks/single_source_shortest_path

INFO: CommandLine ./build/debug/apps/sssp/sssp -noverify -t 44 -delta 4 -wl klsm256 -startNode 0 /specific/disk1/home/mad/Galois-PQ/inputs/road/USA-road-t.USA.gr
INFO: Hostname rack-castor
Read 23947347 nodes
Running Asynchronous with CAS version
INFO: Using delta-step of 1
WARNING: Performance varies considerably due to delta parameter.
WARNING: Do not expect the default to be good for your graph.
Node 1 has distance 5062
STATTYPE,LOOP,CATEGORY,n,sum,T0,T1,T2,T3,T4,T5,T6,T7,T8,T9,T10,T11,T12,T13,T14,T15,T16,T17,T18,T19,T20,T21,T22,T23,T24,T25,T26,T27,T28,T29,T30,T31,T32,T33,T34,T35,T36,T37,T38,T39,T40,T41,T42,T43
STAT,(NULL),BadWork,44,14475139866,471724841,311207620,500103019,319252035,332649167,323139616,316781143,305418601,366555244,323146637,301574206,295454192,310166265,312636656,324858644,296413652,342897311,330601186,295577395,325299424,342297196,291448604,334168192,307957538,327870036,328904928,328403019,315797793,311435110,331422540,353506155,307038751,346516782,308120507,323407297,331924485,320962387,342070291,331448705,316510043,291227205,289246015,344266130,343733303
STAT,(NULL),BarrierTime,44,1469437806,593240,35132043,555348,34981665,35049350,35124499,35056063,34941584,34887268,35294014,35314260,35384716,34981182,34952916,34928216,35228521,35191614,35175912,34791004,35227452,35227372,34874827,35190452,34770106,35190232,34786682,35190141,34788826,34803326,34777779,34800947,35081807,34721319,34719093,34682369,34717686,34660854,34687340,35008674,34720987,34721708,35086480,34702456,34735476
STAT,(NULL),ConflictTime,44,0,0,0,0,0,0,0,0,0,0,0,0,0,0,0,0,0,0,0,0,0,0,0,0,0,0,0,0,0,0,0,0,0,0,0,0,0,0,0,0,0,0,0,0,0
STAT,(NULL),Conflicts,44,0,0,0,0,0,0,0,0,0,0,0,0,0,0,0,0,0,0,0,0,0,0,0,0,0,0,0,0,0,0,0,0,0,0,0,0,0,0,0,0,0,0,0,0,0
STAT,(NULL),EmptyPopTime,44,9152697090,247163923,209176630,119377381,208400395,206317458,205501012,212365995,211396348,215772945,205184514,211819839,218814275,212051740,211112822,210342916,212924494,211374319,207716157,210779344,208011370,214454171,213901902,211904929,211252236,204013532,203390597,209992995,199361618,206240409,205767084,202260418,210246449,215203634,214230758,210518751,202974129,216774590,205713429,198334428,211192741,206212084,210173310,212090622,200888397
STAT,(NULL),EmptyWork,44,1199364690,11112926,29884167,47831704,29895937,29661290,29887987,26305596,24702268,25908725,26673248,25576128,26844682,25496511,25350308,26779900,27852396,25936701,27170767,25809802,27119419,26331381,26740021,27184263,25699705,25965628,29662471,28128860,28876050,26384758,29868392,31048900,26785370,25510926,26138281,27656356,24349175,26331784,27346857,29965245,26473413,24720805,24503327,28070605,29821655
STAT,(NULL),GaloisTime,44,38973851670,884174591,887217407,925990432,897483083,893960668,896293347,865681079,855123125,871928039,877329874,872180098,890309454,877026063,872319628,880609358,871446661,867315259,878668011,878258413,871023370,865786266,862883265,881998276,880301155,888583070,917781860,901522283,910855305,886779388,910350695,919658147,900448001,888032914,884399154,892457280,841042275,880772045,892033038,909537200,890254106,861416597,880657343,900400569,911563478
STAT,(NULL),InitPushTime,44,2548431,35204,12273,69080,64280,37142,74532,68801,41100,41424,63072,46668,44104,65436,56660,45056,51668,61388,37700,37540,52964,50796,51447,63639,98545,98897,98332,98260,60536,60375,61680,60464,58469,58535,58095,58058,57728,57801,57581,56811,55623,55044,54640,55660,55323
STAT,(NULL),Iterations,44,32040346,367843,842754,382609,852175,843811,850259,706813,647049,727305,707420,672916,710589,659434,681644,713326,743313,667661,712934,694005,747982,703686,713657,766946,688836,724312,869360,738357,820702,724237,864875,871609,745590,730288,710422,774250,620049,714865,776250,861270,727098,656226,651168,800547,853904
STAT,(NULL),LoopTime,44,11113806676,11113806676,0,0,0,0,0,0,0,0,0,0,0,0,0,0,0,0,0,0,0,0,0,0,0,0,0,0,0,0,0,0,0,0,0,0,0,0,0,0,0,0,0,0,0
STAT,(NULL),MeminfoPost,44,2244,51,51,51,51,51,51,51,51,51,51,51,51,51,51,51,51,51,51,51,51,51,51,51,51,51,51,51,51,51,51,51,51,51,51,51,51,51,51,51,51,51,51,51,51
STAT,(NULL),MeminfoPre,44,2244,51,51,51,51,51,51,51,51,51,51,51,51,51,51,51,51,51,51,51,51,51,51,51,51,51,51,51,51,51,51,51,51,51,51,51,51,51,51,51,51,51,51,51,51
STAT,(NULL),NumaPost,44,15197,8786,5599,644,168,0,0,0,0,0,0,0,0,0,0,0,0,0,0,0,0,0,0,0,0,0,0,0,0,0,0,0,0,0,0,0,0,0,0,0,0,0,0,0,0
STAT,(NULL),PopTime,44,249036611464,5839916425,5422175279,5438619891,5422032022,5423342085,5411579620,5768868168,5933345067,5739753357,5702879271,5800245186,5653922936,5765009066,5747552764,5666653862,5697641946,5841811990,5752722482,5684913627,5693542611,5752166849,5739235563,5651314623,5799359155,5731313352,5357946869,5576461737,5475739490,5690907817,5361914655,5358331300,5624325885,5736193874,5755550132,5622179101,6186068406,5722381147,5571583970,5365197306,5716007368,6003915719,5886896039,5559796938,5385296514
STAT,(NULL),PushTime,44,78705814056,1459385523,1934160261,1923562874,1904721670,1922866545,1922661583,1750077056,1652001044,1750015451,1771437209,1717744694,1785824630,1748393373,1766775985,1792673926,1766466213,1700633225,1732857275,1792886024,1783817127,1755822522,1768844210,1809421625,1719778577,1741788417,1941406744,1838215115,1877385310,1793783482,1949933497,1936829378,1810183644,1751097971,1730340515,1815760293,1507065831,1769376199,1847857469,1962466165,1752730224,1603758053,1668508835,1836416794,1938081498
STAT,(NULL),RusageSys,44,16000,16000,0,0,0,0,0,0,0,0,0,0,0,0,0,0,0,0,0,0,0,0,0,0,0,0,0,0,0,0,0,0,0,0,0,0,0,0,0,0,0,0,0,0,0
STAT,(NULL),RusageUser,44,206928000,206928000,0,0,0,0,0,0,0,0,0,0,0,0,0,0,0,0,0,0,0,0,0,0,0,0,0,0,0,0,0,0,0,0,0,0,0,0,0,0,0,0,0,0,0
STAT,(NULL),Threads,44,44,44,0,0,0,0,0,0,0,0,0,0,0,0,0,0,0,0,0,0,0,0,0,0,0,0,0,0,0,0,0,0,0,0,0,0,0,0,0,0,0,0,0,0,0
STAT,(NULL),Time,44,11184808596,11184808596,0,0,0,0,0,0,0,0,0,0,0,0,0,0,0,0,0,0,0,0,0,0,0,0,0,0,0,0,0,0,0,0,0,0,0,0,0,0,0,0,0,0,0
STAT,(NULL),TotalTime,44,22872576773,22872576773,0,0,0,0,0,0,0,0,0,0,0,0,0,0,0,0,0,0,0,0,0,0,0,0,0,0,0,0,0,0,0,0,0,0,0,0,0,0,0,0,0,0,0
STAT,(NULL),UserTime,44,87288963800,2111825068,2070965450,2098197834,2091008775,2077433094,2087657214,1930243390,1877013486,1950202253,1970075168,1926015871,1977824339,1925601881,1930429803,1976521276,1977207050,1906505980,1954446074,1960933856,1970069011,1939018703,1941976217,1971754816,1917188443,1961914883,2103390426,1999257973,2061361108,1949482467,2095744249,2105450416,1981589692,1937539292,1942919649,1985006942,1792079234,1937943320,2009044002,2088078392,1956920712,1853555009,1882839926,2016803266,2087927790
STAT,(NULL),Work,44,464371808824,10553672388,10554056812,10553662196,10554032753,10554060358,10554016721,10553986232,10554067226,10554080445,10553661276,10553679600,10553621671,10554023806,10554021136,10554070470,10553620256,10553659404,10553692638,10554076114,10553664688,10553661552,10554023742,10553649197,10554069687,10553647695,10554058072,10553649102,10554056076,10554040281,10554066906,10554042414,10553647648,10554013643,10554019763,10554056075,10554019228,10554073807,10554047891,10553695053,10554077291,10554018121,10553651518,10554035848,10554062024
STAT,(NULL),nBad,44,13889814,339723,312267,273218,319450,335028,325773,313002,301511,356777,315593,292333,293817,294554,305867,316956,294912,336088,318836,282565,318982,326765,283678,331107,302649,321062,328398,318640,312683,304654,330001,354861,307176,342574,297034,321644,321393,316292,325959,329562,307479,284006,282035,346814,346096
STAT,(NULL),nEmpty,44,2732909,26924,73904,30134,73748,73395,74202,59735,53891,60719,60271,56734,60132,55788,56753,60199,65638,57499,61915,57014,63344,59555,59976,65992,59246,60615,75332,62609,70908,63098,76087,75925,62806,60810,60534,67973,51135,61162,65593,75899,61667,56165,54069,69183,74631
STAT,(NULL),nEmptyPop,44,6145475,77348,156429,60603,156237,155978,156140,136969,136729,154712,136805,136125,137168,136488,136035,135713,152957,134911,135632,135410,135620,134619,134756,135144,76188,153245,153986,136151,136831,153257,154766,155154,154758,154997,137717,156024,136621,137378,155584,156418,138449,137603,137820,156613,157387
STAT,(NULL),nOverall,44,72223155,827126,1894817,865064,1917219,1901591,1913485,1592795,1458181,1638343,1599000,1518726,1601753,1487284,1537303,1611428,1675702,1505086,1606973,1564321,1686228,1585539,1606752,1726578,1554563,1637876,1962042,1667889,1850221,1636970,1951896,1965668,1680986,1643191,1598708,1747407,1394546,1612139,1748855,1935445,1638259,1475674,1464278,1805301,1929947
STAT,(NULL),nPop,44,32040346,367843,842754,382609,852175,843811,850259,706813,647049,727305,707420,672916,710589,659434,681644,713326,743313,667661,712934,694005,747982,703686,713657,766946,688836,724312,869360,738357,820702,724237,864875,871609,745590,730288,710422,774250,620049,714865,776250,861270,727098,656226,651168,800547,853904
STAT,(NULL),nPush,44,32040343,366580,842324,382489,851421,845601,850576,707394,645460,726761,708360,672407,709217,658250,681523,714289,743437,667008,712315,694493,747675,702225,714028,766647,688510,725668,871818,737842,820171,725869,868039,873675,745136,731237,710264,775170,618594,713558,776133,859844,728556,654172,649340,799907,856360
STAT,(NULL),nPushInit,44,3,1,1,1,0,0,0,0,0,0,0,0,0,0,0,0,0,0,0,0,0,0,0,0,0,0,0,0,0,0,0,0,0,0,0,0,0,0,0,0,0,0,0,0,0
STAT,¨M³,BarrierTime,44,69787504,0,0,69787504,0,0,0,0,0,0,0,0,0,0,0,0,0,0,0,0,0,0,0,0,0,0,0,0,0,0,0,0,0,0,0,0,0,0,0,0,0,0,0,0,0
==== BENCHMARK TOOK 11.412
==== BENCHMARK START ===
==== PARAMS kernel=4.9.5-64-net1 malloc=libc hostname=rack-castor threads=44 delta=4 prog=sssp-klsm256  ===
ERROR: ld.so: object '/specific/disk1/home/adamx/malloc/lib64/libjemalloc.so' from LD_PRELOAD cannot be preloaded (cannot open shared object file): ignored.
Galois Benchmark Suite v2.2.1 (r0)
Copyright (C) 2014 The University of Texas at Austin
http://iss.ices.utexas.edu/galois/

application: Single Source Shortest Path
Computes the shortest path from a source node to all nodes in a directed graph using a modified chaotic iteration algorithm
http://iss.ices.utexas.edu/?p=projects/galois/benchmarks/single_source_shortest_path

INFO: CommandLine ./build/debug/apps/sssp/sssp -noverify -t 44 -delta 4 -wl klsm256 -startNode 0 /specific/disk1/home/mad/Galois-PQ/inputs/road/USA-road-t.USA.gr
INFO: Hostname rack-castor
Read 23947347 nodes
Running Asynchronous with CAS version
INFO: Using delta-step of 1
WARNING: Performance varies considerably due to delta parameter.
WARNING: Do not expect the default to be good for your graph.
Node 1 has distance 5062
STATTYPE,LOOP,CATEGORY,n,sum,T0,T1,T2,T3,T4,T5,T6,T7,T8,T9,T10,T11,T12,T13,T14,T15,T16,T17,T18,T19,T20,T21,T22,T23,T24,T25,T26,T27,T28,T29,T30,T31,T32,T33,T34,T35,T36,T37,T38,T39,T40,T41,T42,T43
STAT,(NULL),BadWork,44,14189021905,504121127,326173525,488357727,334762227,336508841,317297263,310876780,294171508,276887198,319873001,355440238,315514411,267127269,306839414,305360162,319445729,304565739,318968379,330030371,318116836,292466214,333604023,298013633,302258483,321810766,315065243,284685404,302332128,290719243,322521992,318087343,316832915,284012021,308710566,377540193,297069216,331841203,306086063,329539440,318497228,298385418,346004628,326445036,316055761
STAT,(NULL),BarrierTime,44,4812917091,113214173,113376676,70225456,113061511,113292456,105018960,105168372,112952368,112931848,113152731,113158450,105155453,104867060,104813914,104823086,113109311,112847131,112933623,112919427,112792383,112868528,113110035,112718982,104818321,104769837,104822105,104798212,104753164,104757471,104770042,104769571,112741322,112965810,112966104,112682142,112725704,112720452,112723202,112719071,112960020,112921383,112654357,112680515,112686352
STAT,(NULL),ConflictTime,44,0,0,0,0,0,0,0,0,0,0,0,0,0,0,0,0,0,0,0,0,0,0,0,0,0,0,0,0,0,0,0,0,0,0,0,0,0,0,0,0,0,0,0,0,0
STAT,(NULL),Conflicts,44,0,0,0,0,0,0,0,0,0,0,0,0,0,0,0,0,0,0,0,0,0,0,0,0,0,0,0,0,0,0,0,0,0,0,0,0,0,0,0,0,0,0,0,0,0
STAT,(NULL),EmptyPopTime,44,11616410520,257649442,259262678,345115794,259650311,258681360,260514572,260063279,261477157,263883306,266289781,260464095,271952244,264757048,263702698,263676167,266939879,267105482,264913025,263597722,263920318,266379686,259384577,262131881,264559922,265172674,258100256,270403676,261589796,261456771,256265055,255153592,262464727,265897664,266106301,264647233,257826823,263363383,265447992,255301064,257157964,251541429,264194007,258404775,259842914
STAT,(NULL),EmptyWork,44,1143951571,12113579,29149853,11694256,29224414,29448914,29663453,26757478,22807871,26030951,27073431,24220350,26202085,25933238,26094969,27713338,24888575,23962128,25789095,26184281,25598860,25975246,26687714,25672782,26724087,25817833,29132692,25110331,25354085,25597757,29123036,29182080,28172917,26209654,25648835,24531985,24345723,25282483,26987723,29140510,25181369,30062390,26180958,28241281,29036981
STAT,(NULL),GaloisTime,44,39068462680,917004312,897478135,841001549,900197452,899035467,897566377,871478585,860253424,875119269,874212662,884841555,887206093,878770458,871101402,875626058,864619792,846290662,863975437,876124933,873868421,868577649,863692054,900216383,893298947,876403258,924175225,889262837,880695654,890539931,920497855,931004897,910070230,888675325,894796134,887719869,883640980,873537229,894811322,919482807,900563371,901232083,891426253,909874199,918496145
STAT,(NULL),InitPushTime,44,2556313,57460,51061,66000,81861,72262,36098,40520,67283,65788,61202,65091,34399,52810,63925,39080,53675,52951,33455,36864,77000,38036,34111,100298,62370,60926,31944,31911,34900,32426,32208,31037,71904,72622,72431,72754,98890,98509,98567,98464,55492,55030,53717,54678,54303
STAT,(NULL),Iterations,44,31917101,387375,841759,360271,847202,848215,847731,710576,596224,655842,745414,665705,732853,687098,690206,732166,649801,650806,712008,732429,700271,686904,754939,734535,736568,672695,871813,691108,691173,701986,867232,873320,814386,732469,721482,681856,665043,695577,753179,864287,709758,787571,744155,808574,862539
STAT,(NULL),LoopTime,44,11126261713,11126261713,0,0,0,0,0,0,0,0,0,0,0,0,0,0,0,0,0,0,0,0,0,0,0,0,0,0,0,0,0,0,0,0,0,0,0,0,0,0,0,0,0,0,0
STAT,(NULL),MeminfoPost,44,2244,51,51,51,51,51,51,51,51,51,51,51,51,51,51,51,51,51,51,51,51,51,51,51,51,51,51,51,51,51,51,51,51,51,51,51,51,51,51,51,51,51,51,51,51
STAT,(NULL),MeminfoPre,44,2244,51,51,51,51,51,51,51,51,51,51,51,51,51,51,51,51,51,51,51,51,51,51,51,51,51,51,51,51,51,51,51,51,51,51,51,51,51,51,51,51,51,51,51,51
STAT,(NULL),NumaPost,44,15213,8780,5610,655,168,0,0,0,0,0,0,0,0,0,0,0,0,0,0,0,0,0,0,0,0,0,0,0,0,0,0,0,0,0,0,0,0,0,0,0,0,0,0,0,0
STAT,(NULL),PopTime,44,248599548878,5674352913,5396851009,5766233322,5396267854,5402450781,5401359212,5756125830,5975047259,5815774715,5687701384,5763531248,5562831940,5721364085,5780413323,5689045745,5825062618,5901998141,5772440757,5689933117,5698263145,5742670042,5744316066,5646760729,5640865634,5822160180,5341463124,5729680744,5888589547,5708418497,5360008028,5341270252,5451506137,5703956842,5739237636,5776006805,5845275223,5847825043,5592402141,5364776139,5655128066,5477040751,5702375979,5433205597,5367561278
STAT,(NULL),PushTime,44,78802786487,1626355177,1936775473,1600333606,1926434990,1916046634,1917500958,1740351158,1640674072,1704440227,1779289367,1739490779,1859424325,1754821090,1730666919,1784779787,1718931039,1692158171,1749890857,1790757384,1788299123,1766920926,1741913682,1784394854,1808366383,1709058924,1941196629,1765904863,1649799496,1775307126,1926497619,1936822808,1901798313,1767761662,1725018849,1734365614,1682340080,1691954171,1834646545,1940218925,1805056809,1914927579,1761961313,1913098513,1926033668
STAT,(NULL),RusageSys,44,20000,20000,0,0,0,0,0,0,0,0,0,0,0,0,0,0,0,0,0,0,0,0,0,0,0,0,0,0,0,0,0,0,0,0,0,0,0,0,0,0,0,0,0,0,0
STAT,(NULL),RusageUser,44,208904000,208904000,0,0,0,0,0,0,0,0,0,0,0,0,0,0,0,0,0,0,0,0,0,0,0,0,0,0,0,0,0,0,0,0,0,0,0,0,0,0,0,0,0,0,0
STAT,(NULL),Threads,44,44,44,0,0,0,0,0,0,0,0,0,0,0,0,0,0,0,0,0,0,0,0,0,0,0,0,0,0,0,0,0,0,0,0,0,0,0,0,0,0,0,0,0,0,0
STAT,(NULL),Time,44,11160927153,11160927153,0,0,0,0,0,0,0,0,0,0,0,0,0,0,0,0,0,0,0,0,0,0,0,0,0,0,0,0,0,0,0,0,0,0,0,0,0,0,0,0,0,0,0
STAT,(NULL),TotalTime,44,23206931997,23206931997,0,0,0,0,0,0,0,0,0,0,0,0,0,0,0,0,0,0,0,0,0,0,0,0,0,0,0,0,0,0,0,0,0,0,0,0,0,0,0,0,0,0,0
STAT,(NULL),UserTime,44,86789990694,2103910953,2071875101,2027009549,2079616265,2085729260,2084787580,1936615967,1831129922,1906141247,1956822522,1918840685,1983775448,1945745063,1919410177,1950551356,1890947552,1859875420,1914382820,1944794696,1941439055,1920868995,1955398765,1972212441,1957571129,1892773161,2097321480,1911028741,1885361534,1930069650,2098998291,2097956035,2037375679,1938885959,1940582369,1904118658,1897957439,1889427283,1977091326,2082470176,1948298287,2016586083,1945251766,2048565402,2090419407
STAT,(NULL),Work,44,466032811863,10591708936,10591553656,10591463666,10591723760,10591482082,10591706646,10591506170,10591725609,10591746078,10591494080,10591477620,10591491594,10591739686,10591718450,10591762453,10591495455,10591755136,10591718134,10591726448,10591724238,10591717488,10591484974,10591722840,10591698025,10591711363,10591726013,10591746593,10591722692,10591721520,10591712112,10591714638,10591700266,10591469390,10591475484,10591760572,10591714140,10591722424,10591717522,10591724979,10591469562,10591477518,10591745587,10591720389,10591715875
STAT,(NULL),nBad,44,13559207,315244,320010,321898,334364,335310,315704,307172,279562,267392,320533,337248,313376,263980,293911,301068,303150,300991,313320,324916,314668,285438,326692,294749,304099,316433,315318,280179,294410,287288,323399,315467,308534,282191,301086,331886,287459,324157,302717,327617,305136,292370,331193,325199,312373
STAT,(NULL),nEmpty,44,2681867,30391,71545,28606,72725,72977,73093,58555,47453,53660,63572,53128,59901,57359,58637,61571,54537,53297,59902,61516,58063,57851,64032,60341,63643,56515,74394,57292,59187,58484,74122,74592,69851,62228,60182,56149,54403,59088,64148,73900,58244,67221,63639,68504,73369
STAT,(NULL),nEmptyPop,44,7633121,92536,203241,94241,203435,202941,202579,175431,101404,138230,195340,177578,176709,176183,176924,196573,173892,173225,188845,198930,176330,175528,197098,175585,198991,199135,200803,174718,154477,176644,201351,202387,164575,110907,140849,178212,102661,178582,202719,203259,179144,203800,101277,180946,204906
STAT,(NULL),nOverall,44,71892548,870616,1892717,810593,1909949,1908189,1909272,1602382,1343946,1476637,1673994,1496327,1652259,1544756,1552898,1648121,1463444,1468500,1600360,1649356,1579467,1545585,1703211,1652924,1665063,1517720,1964470,1556737,1558738,1581266,1953247,1966128,1829106,1648345,1626954,1538921,1500737,1570051,1696836,1944137,1600022,1774664,1680115,1824245,1939543
STAT,(NULL),nPop,44,31917101,387375,841759,360271,847202,848215,847731,710576,596224,655842,745414,665705,732853,687098,690206,732166,649801,650806,712008,732429,700271,686904,754939,734535,736568,672695,871813,691108,691173,701986,867232,873320,814386,732469,721482,681856,665043,695577,753179,864287,709758,787571,744155,808574,862539
STAT,(NULL),nPush,44,31917098,386294,842858,358353,847657,848451,847099,710963,596192,653809,744349,665142,732659,685180,689949,731554,648650,651149,711370,732761,700253,685583,756448,734948,738159,673356,872307,690332,691074,702346,868319,874190,813940,731985,722486,683491,665945,696087,753221,865883,709643,786238,745008,809214,862203
STAT,(NULL),nPushInit,44,3,1,1,1,0,0,0,0,0,0,0,0,0,0,0,0,0,0,0,0,0,0,0,0,0,0,0,0,0,0,0,0,0,0,0,0,0,0,0,0,0,0,0,0,0
STAT,¨M³,BarrierTime,44,70231286,0,0,70231286,0,0,0,0,0,0,0,0,0,0,0,0,0,0,0,0,0,0,0,0,0,0,0,0,0,0,0,0,0,0,0,0,0,0,0,0,0,0,0,0,0
==== BENCHMARK TOOK 11.494
