==== BENCHMARK START ===
==== PARAMS kernel=4.9.5-64-net1 malloc=libc hostname=rack-castor threads=22 delta=4 prog=sssp-klsm1024  ===
ERROR: ld.so: object '/specific/disk1/home/adamx/malloc/lib64/libjemalloc.so' from LD_PRELOAD cannot be preloaded (cannot open shared object file): ignored.
Galois Benchmark Suite v2.2.1 (r0)
Copyright (C) 2014 The University of Texas at Austin
http://iss.ices.utexas.edu/galois/

application: Single Source Shortest Path
Computes the shortest path from a source node to all nodes in a directed graph using a modified chaotic iteration algorithm
http://iss.ices.utexas.edu/?p=projects/galois/benchmarks/single_source_shortest_path

INFO: CommandLine ./build/debug/apps/sssp/sssp -noverify -t 22 -delta 4 -wl klsm1024 -startNode 0 /specific/disk1/home/mad/Galois-PQ/inputs/ljournal-2008.gr
INFO: Hostname rack-castor
Read 5363260 nodes
Running Asynchronous with CAS version
INFO: Using delta-step of 1
WARNING: Performance varies considerably due to delta parameter.
WARNING: Do not expect the default to be good for your graph.
Node 1 has distance 126
STATTYPE,LOOP,CATEGORY,n,sum,T0,T1,T2,T3,T4,T5,T6,T7,T8,T9,T10,T11,T12,T13,T14,T15,T16,T17,T18,T19,T20,T21
STAT,(NULL),BadWork,22,76495846,2436697,4911059,3420629,8249289,4354440,8330781,3278823,1401226,4001532,2328857,3873845,3603712,2793872,2165909,1909487,3250857,1741260,5710180,2565116,2102506,1394206,2671563
STAT,(NULL),BarrierTime,22,3370773,429115,316624,266774,219127,272589,181602,155734,173413,188009,60456,151276,159120,85156,158940,96352,34912,93952,87481,96452,87909,34066,21714
STAT,(NULL),ConflictTime,22,0,0,0,0,0,0,0,0,0,0,0,0,0,0,0,0,0,0,0,0,0,0,0
STAT,(NULL),Conflicts,22,0,0,0,0,0,0,0,0,0,0,0,0,0,0,0,0,0,0,0,0,0,0,0
STAT,(NULL),EmptyPopTime,22,14073364549,1234794422,106937117,1084196344,113454409,225700641,101435899,872858948,664301957,432159123,340798435,184352666,32543831,1412832389,382554050,1303857920,64028273,608506025,2092337510,1413402036,214621212,1068747841,118943501
STAT,(NULL),EmptyWork,22,2071779891,69220937,153935002,71153189,189830781,185160249,195176800,61819147,64190624,61664087,92641429,100494315,82074625,82298139,96471462,61697944,59212134,60898305,84000242,79064476,99302673,61153798,60319533
STAT,(NULL),GaloisTime,22,5104736442,153201204,415763358,183482076,531360581,511879484,535665844,156671363,140038110,145426698,214631785,208916739,175425015,180181904,209190103,136131999,136243394,135993204,222912151,195693719,227531090,152776636,135619985
STAT,(NULL),InitPushTime,22,978577,5427,119888,72499,40612,40476,36144,36763,41040,39328,65964,35197,38628,39176,38868,65465,39584,39136,37432,37152,36860,34806,38132
STAT,(NULL),Iterations,22,9415494,314252,731974,317159,881888,862986,876950,284306,278228,290270,449065,424174,352070,349671,428513,277659,271656,273812,397638,374550,419891,283671,275111
STAT,(NULL),LoopTime,22,117121179781,117121179781,0,0,0,0,0,0,0,0,0,0,0,0,0,0,0,0,0,0,0,0,0
STAT,(NULL),MeminfoPost,22,528,24,24,24,24,24,24,24,24,24,24,24,24,24,24,24,24,24,24,24,24,24,24
STAT,(NULL),MeminfoPre,22,528,24,24,24,24,24,24,24,24,24,24,24,24,24,24,24,24,24,24,24,24,24,24
STAT,(NULL),NumaPost,22,64447,62815,788,744,100,0,0,0,0,0,0,0,0,0,0,0,0,0,0,0,0,0,0
STAT,(NULL),PopTime,22,379139810306,16721951008,20561730593,16688026643,21129291886,20910228509,20883978003,16489763029,15300353102,15800156770,17507110201,18305435055,16733653156,16647831339,19298478241,16524030820,16525017947,14909355921,15106467688,16389671674,17328862902,14705071431,14673344388
STAT,(NULL),PushTime,22,2117299496895,97382233461,90703417236,96901371369,88177898495,88625537613,88312349100,97758368339,99673324089,99306614384,96745510954,96258075943,98437302985,96807698996,95133667121,97624937123,98871176122,99979358938,96856021572,96791429557,96784097734,99502325282,100666780482
STAT,(NULL),RusageSys,22,5184000,5184000,0,0,0,0,0,0,0,0,0,0,0,0,0,0,0,0,0,0,0,0,0
STAT,(NULL),RusageUser,22,1165732000,1165732000,0,0,0,0,0,0,0,0,0,0,0,0,0,0,0,0,0,0,0,0,0
STAT,(NULL),Threads,22,22,22,0,0,0,0,0,0,0,0,0,0,0,0,0,0,0,0,0,0,0,0,0
STAT,(NULL),Time,22,117997013846,117997013846,0,0,0,0,0,0,0,0,0,0,0,0,0,0,0,0,0,0,0,0,0
STAT,(NULL),TotalTime,22,123632649054,123632649054,0,0,0,0,0,0,0,0,0,0,0,0,0,0,0,0,0,0,0,0,0
STAT,(NULL),UserTime,22,55551411614,1404078774,5023697744,2037253231,6823644494,6506975106,6936876394,1626002604,1123275664,1219460596,2064788030,1908207276,1504482706,1834638437,1845121563,1314823767,1309803534,1271369205,2603742626,2096221028,2311065916,1475408246,1310474673
STAT,(NULL),Work,22,2573243116733,116965621717,116965559278,116965586565,116965558920,116965560101,116965634070,116965652147,116965587070,116965577002,116965639128,116965626843,116965559550,116965636304,116965562924,116965557509,116965626320,116965567638,116965576429,116965570676,116965581055,116965636228,116965639259
STAT,(NULL),nBad,22,102751,3647,6588,4562,10775,5551,10803,4114,2227,5535,3128,4537,5370,3724,3310,2705,4323,2714,7027,3539,3017,1933,3622
STAT,(NULL),nEmpty,22,4598076,163571,335594,156215,385949,379061,381281,144578,148609,156042,235112,217046,183768,179876,221409,145008,139755,145105,196143,187771,205565,143103,147515
STAT,(NULL),nEmptyPop,22,8696,205,267,410,357,834,921,347,441,259,295,332,299,483,620,315,304,273,269,399,516,222,328
STAT,(NULL),nOverall,22,77982509,1792244,7357667,2906886,10213730,9692205,10406799,2243819,1344460,1473002,2730642,2492677,1899212,2530519,2347330,1733953,1707544,1646381,3783325,2876431,3136107,1916431,1751145
STAT,(NULL),nPop,22,9415494,314252,731974,317159,881888,862986,876950,284306,278228,290270,449065,424174,352070,349671,428513,277659,271656,273812,397638,374550,419891,283671,275111
STAT,(NULL),nPush,22,9415493,201438,837295,410879,1225498,1122083,1258903,280300,154452,172054,304514,324464,211570,310815,263104,201117,236918,211460,523550,328327,379391,232473,224888
STAT,(NULL),nPushInit,22,1,0,1,0,0,0,0,0,0,0,0,0,0,0,0,0,0,0,0,0,0,0,0
==== BENCHMARK TOOK 57.046
==== BENCHMARK START ===
==== PARAMS kernel=4.9.5-64-net1 malloc=libc hostname=rack-castor threads=22 delta=4 prog=sssp-klsm1024  ===
ERROR: ld.so: object '/specific/disk1/home/adamx/malloc/lib64/libjemalloc.so' from LD_PRELOAD cannot be preloaded (cannot open shared object file): ignored.
Galois Benchmark Suite v2.2.1 (r0)
Copyright (C) 2014 The University of Texas at Austin
http://iss.ices.utexas.edu/galois/

application: Single Source Shortest Path
Computes the shortest path from a source node to all nodes in a directed graph using a modified chaotic iteration algorithm
http://iss.ices.utexas.edu/?p=projects/galois/benchmarks/single_source_shortest_path

INFO: CommandLine ./build/debug/apps/sssp/sssp -noverify -t 22 -delta 4 -wl klsm1024 -startNode 0 /specific/disk1/home/mad/Galois-PQ/inputs/ljournal-2008.gr
INFO: Hostname rack-castor
Read 5363260 nodes
Running Asynchronous with CAS version
INFO: Using delta-step of 1
WARNING: Performance varies considerably due to delta parameter.
WARNING: Do not expect the default to be good for your graph.
Node 1 has distance 126
STATTYPE,LOOP,CATEGORY,n,sum,T0,T1,T2,T3,T4,T5,T6,T7,T8,T9,T10,T11,T12,T13,T14,T15,T16,T17,T18,T19,T20,T21
STAT,(NULL),BadWork,22,56337885,2529648,3546513,3199815,3503671,5473462,4892030,1221579,2098694,2189176,1850778,2571921,2846534,3654095,2213990,415854,1881733,1581734,2737683,3874237,1516684,481830,2056224
STAT,(NULL),BarrierTime,22,5556099,616039,371454,368662,365189,320976,341243,219088,219578,263935,190652,211840,243576,249760,249927,181362,75554,159098,197501,195303,126946,194267,194149
STAT,(NULL),ConflictTime,22,0,0,0,0,0,0,0,0,0,0,0,0,0,0,0,0,0,0,0,0,0,0,0
STAT,(NULL),Conflicts,22,0,0,0,0,0,0,0,0,0,0,0,0,0,0,0,0,0,0,0,0,0,0,0
STAT,(NULL),EmptyPopTime,22,11857113074,1539416424,613994,2104440543,75659178,334762438,196269733,488584231,859765183,107711108,529196340,1665438349,271840107,90191610,408727844,399700333,86564453,1062146701,1126507,42137386,142641537,342739157,1107439918
STAT,(NULL),EmptyWork,22,2041227662,93663422,147212130,76820828,185938572,181522102,187556225,81215691,67524373,87085405,75947254,68361625,78249296,85713982,77069618,66756462,59662455,69345579,76380375,72546919,73976881,59481095,69197373
STAT,(NULL),GaloisTime,22,5074225569,208745027,386843595,167845328,499307383,485016690,509601400,175237822,149641935,216844439,196836536,179608063,198201237,202130432,205769125,153305047,130760926,150434208,202468078,175050229,189373825,138455004,152749240
STAT,(NULL),InitPushTime,22,1055285,5312,159681,69320,40308,40092,39784,67357,62544,39576,51294,38720,38240,34611,34280,65156,65069,35179,33479,33222,33018,34790,34253
STAT,(NULL),Iterations,22,9401374,425628,690061,339265,845982,837066,857422,341331,312869,429644,339669,317166,350975,376162,361803,320595,270014,320663,355661,335166,358611,304391,311230
STAT,(NULL),LoopTime,22,116789764745,116789764745,0,0,0,0,0,0,0,0,0,0,0,0,0,0,0,0,0,0,0,0,0
STAT,(NULL),MeminfoPost,22,528,24,24,24,24,24,24,24,24,24,24,24,24,24,24,24,24,24,24,24,24,24,24
STAT,(NULL),MeminfoPre,22,528,24,24,24,24,24,24,24,24,24,24,24,24,24,24,24,24,24,24,24,24,24,24
STAT,(NULL),NumaPost,22,64512,62865,789,575,283,0,0,0,0,0,0,0,0,0,0,0,0,0,0,0,0,0,0
STAT,(NULL),PopTime,22,444256100483,17025959578,23211344840,17724063214,23702386686,23578728354,23717744550,18596389383,19098536162,17887192499,20617078284,17955631559,22174504070,19792122987,21534619057,20534330633,20875541458,19146744964,18681565630,18802676194,20640262665,20265471980,18693205736
STAT,(NULL),PushTime,22,2046804765572,95593109104,88162049942,95061024259,85931144810,85996551062,85598834985,95615251102,95145953545,96133859069,93073272089,94895588310,91674474997,94267824836,92051471941,94052024484,94262360587,94811364580,95411011743,95691183138,93615933030,94550106917,95210371042
STAT,(NULL),RusageSys,22,5256000,5256000,0,0,0,0,0,0,0,0,0,0,0,0,0,0,0,0,0,0,0,0,0
STAT,(NULL),RusageUser,22,1162128000,1162128000,0,0,0,0,0,0,0,0,0,0,0,0,0,0,0,0,0,0,0,0,0
STAT,(NULL),Threads,22,22,22,0,0,0,0,0,0,0,0,0,0,0,0,0,0,0,0,0,0,0,0,0
STAT,(NULL),Time,22,117770493081,117770493081,0,0,0,0,0,0,0,0,0,0,0,0,0,0,0,0,0,0,0,0,0
STAT,(NULL),TotalTime,22,123748026048,123748026048,0,0,0,0,0,0,0,0,0,0,0,0,0,0,0,0,0,0,0,0,0
STAT,(NULL),UserTime,22,55467454652,2152783135,4705612917,1479484449,6219240470,6037097533,6403669790,1656995062,1292253266,2180984527,2121346193,1849048898,2216406899,2175693686,2336019907,1407558075,1198784629,1373641654,2241125874,1830084359,1951488768,1257420193,1380714368
STAT,(NULL),Work,22,2565503064520,116613760654,116613759200,116613783574,116613758290,116613809454,116613758109,116613815028,116613757899,116613776226,116613815592,116613830104,116613759510,116613758512,116613762414,116613759670,116613756122,116613761640,116613761617,116613766323,116613834010,116613759182,116613761390
STAT,(NULL),nBad,22,76071,4040,4544,4139,4416,6900,6060,1574,2536,3179,2565,3647,4242,5162,2764,701,2277,2187,4189,5143,2131,873,2802
STAT,(NULL),nEmpty,22,4584058,216613,316685,178461,374949,373491,376927,172491,168076,215449,166039,155151,172895,187423,175295,167666,141805,170483,173056,174066,181398,164946,160693
STAT,(NULL),nEmptyPop,22,15276,613,332,578,434,1986,2106,522,374,564,317,450,1449,1051,712,345,270,433,237,414,1317,304,468
STAT,(NULL),nOverall,22,77955829,2932162,6878775,1857062,9172573,8925889,9493858,2183153,1592092,2914246,3040016,2537228,3188347,3064824,3344883,1805550,1536389,1745938,3187141,2546863,2644793,1603560,1760487
STAT,(NULL),nPop,22,9401374,425628,690061,339265,845982,837066,857422,341331,312869,429644,339669,317166,350975,376162,361803,320595,270014,320663,355661,335166,358611,304391,311230
STAT,(NULL),nPush,22,9401373,356690,830700,208112,1067973,1030148,1101505,276324,182543,325325,369724,311836,382895,417756,389566,195056,175828,218190,441412,384404,330922,191101,213363
STAT,(NULL),nPushInit,22,1,0,1,0,0,0,0,0,0,0,0,0,0,0,0,0,0,0,0,0,0,0,0
==== BENCHMARK TOOK 57.065
==== BENCHMARK START ===
==== PARAMS kernel=4.9.5-64-net1 malloc=libc hostname=rack-castor threads=22 delta=4 prog=sssp-klsm1024  ===
ERROR: ld.so: object '/specific/disk1/home/adamx/malloc/lib64/libjemalloc.so' from LD_PRELOAD cannot be preloaded (cannot open shared object file): ignored.
Galois Benchmark Suite v2.2.1 (r0)
Copyright (C) 2014 The University of Texas at Austin
http://iss.ices.utexas.edu/galois/

application: Single Source Shortest Path
Computes the shortest path from a source node to all nodes in a directed graph using a modified chaotic iteration algorithm
http://iss.ices.utexas.edu/?p=projects/galois/benchmarks/single_source_shortest_path

INFO: CommandLine ./build/debug/apps/sssp/sssp -noverify -t 22 -delta 4 -wl klsm1024 -startNode 0 /specific/disk1/home/mad/Galois-PQ/inputs/ljournal-2008.gr
INFO: Hostname rack-castor
Read 5363260 nodes
Running Asynchronous with CAS version
INFO: Using delta-step of 1
WARNING: Performance varies considerably due to delta parameter.
WARNING: Do not expect the default to be good for your graph.
Node 1 has distance 126
STATTYPE,LOOP,CATEGORY,n,sum,T0,T1,T2,T3,T4,T5,T6,T7,T8,T9,T10,T11,T12,T13,T14,T15,T16,T17,T18,T19,T20,T21
STAT,(NULL),BadWork,22,77796423,3291934,7222385,1319819,6530352,3647815,6383875,1971464,1846949,3239055,2482097,4823830,3302843,2229149,1983921,917183,1091588,4414342,3668736,5569311,6792888,2522092,2544795
STAT,(NULL),BarrierTime,22,4454058,517092,331775,289846,339644,234940,282067,281748,155306,183008,164027,140567,201420,208847,156907,192640,162437,132459,166658,74928,111323,108059,18360
STAT,(NULL),ConflictTime,22,0,0,0,0,0,0,0,0,0,0,0,0,0,0,0,0,0,0,0,0,0,0,0
STAT,(NULL),Conflicts,22,0,0,0,0,0,0,0,0,0,0,0,0,0,0,0,0,0,0,0,0,0,0,0
STAT,(NULL),EmptyPopTime,22,6369510347,191740082,80070611,527498467,78526747,80571682,260526211,204914732,540892239,79345228,196326094,588667,557313964,35901902,300993179,1217894312,446861035,30983543,202147240,67605452,276808587,538991344,453009029
STAT,(NULL),EmptyWork,22,2055697321,85534925,154510949,73955381,180900024,188010371,188515725,76492797,68314883,99186047,82890838,94565035,83389684,77574159,86293215,62245322,50501157,59223973,57516752,81914181,74987835,66073789,63100279
STAT,(NULL),GaloisTime,22,5134107552,210498777,392499223,170972906,513661218,490057597,503819079,183687133,161911571,228047370,215330444,226654699,221752088,195449423,207257913,131089232,118719561,141411573,157515523,176710869,199359298,141023391,146678664
STAT,(NULL),InitPushTime,22,960396,5600,163588,42436,36323,40140,39732,40248,58757,62040,39612,38800,38192,34427,34071,39384,35716,35395,33558,37192,32839,34490,37856
STAT,(NULL),Iterations,22,9417395,405538,721212,309830,884644,866262,860739,347490,313663,422056,379585,422973,377377,375731,363702,259387,251029,266339,284123,354079,339641,293114,318881
STAT,(NULL),LoopTime,22,115653770472,115653770472,0,0,0,0,0,0,0,0,0,0,0,0,0,0,0,0,0,0,0,0,0
STAT,(NULL),MeminfoPost,22,528,24,24,24,24,24,24,24,24,24,24,24,24,24,24,24,24,24,24,24,24,24,24
STAT,(NULL),MeminfoPre,22,528,24,24,24,24,24,24,24,24,24,24,24,24,24,24,24,24,24,24,24,24,24,24
STAT,(NULL),NumaPost,22,64700,63047,782,588,283,0,0,0,0,0,0,0,0,0,0,0,0,0,0,0,0,0,0
STAT,(NULL),PopTime,22,322662084327,15496514890,17233099050,11364720544,18067364380,17981417838,17856118611,14289497819,14917823726,14984381390,15173238354,15379477372,15161530193,14723122422,15636948146,11632922065,11084526973,12507766017,12874515530,14581941106,15694668008,12454851981,13565637912
STAT,(NULL),PushTime,22,2149723472611,97475718054,92972852022,101632137589,90249964570,90747318051,90392959152,99060069849,98282228738,97929986905,97536186899,97550883067,97064522480,98572120743,97091973149,101367676158,102829673303,101396590178,100513519067,99068539719,97078362142,100984536209,99925654567
STAT,(NULL),RusageSys,22,4936000,4936000,0,0,0,0,0,0,0,0,0,0,0,0,0,0,0,0,0,0,0,0,0
STAT,(NULL),RusageUser,22,1151604000,1151604000,0,0,0,0,0,0,0,0,0,0,0,0,0,0,0,0,0,0,0,0,0
STAT,(NULL),Threads,22,22,22,0,0,0,0,0,0,0,0,0,0,0,0,0,0,0,0,0,0,0,0,0
STAT,(NULL),Time,22,116666325716,116666325716,0,0,0,0,0,0,0,0,0,0,0,0,0,0,0,0,0,0,0,0,0
STAT,(NULL),TotalTime,22,122456054174,122456054174,0,0,0,0,0,0,0,0,0,0,0,0,0,0,0,0,0,0,0,0,0
STAT,(NULL),UserTime,22,55697482552,2069189500,4696166123,1759909697,6438781686,6041821945,6327259155,1714535839,1558026904,2208250494,2325226832,2277028666,2440690153,1925029222,2205733169,1117371687,998916509,1393223245,1723984182,1552487129,2205012309,1343721225,1375116881
STAT,(NULL),Work,22,2541644784125,115529340080,115529275376,115529369842,115529276765,115529327360,115529275077,115529275176,115529362143,115529330642,115529301569,115529332796,115529278106,115529275610,115529331884,115529283828,115529277666,115529310050,115529278168,115529362884,115529278993,115529278498,115529361612
STAT,(NULL),nBad,22,104920,4664,9673,1918,9139,5125,8604,2867,2869,4507,3103,4800,4752,3248,2996,1286,1636,5556,5342,7801,7892,3595,3547
STAT,(NULL),nEmpty,22,4599892,205207,339719,154731,398725,394786,383252,174260,163387,211890,185646,208481,179478,189711,174946,136872,135432,140275,145595,184627,166349,155661,170862
STAT,(NULL),nEmptyPop,22,8708,464,289,250,253,833,849,805,269,234,966,260,400,320,283,230,277,215,305,273,273,398,262
STAT,(NULL),nOverall,22,77984678,2734814,6814873,2422817,9499213,8890533,9331247,2257690,2061873,2929676,3285661,3093769,3449184,2574665,3096514,1359039,1219264,1901611,2414662,1959519,3166596,1765760,1755698
STAT,(NULL),nPop,22,9417395,405538,721212,309830,884644,866262,860739,347490,313663,422056,379585,422973,377377,375731,363702,259387,251029,266339,284123,354079,339641,293114,318881
STAT,(NULL),nPush,22,9417394,311244,827472,265891,1130771,1027001,1087994,252873,248803,356471,411884,342610,399024,328961,353550,163158,147329,279048,372337,231446,401048,233373,245106
STAT,(NULL),nPushInit,22,1,0,1,0,0,0,0,0,0,0,0,0,0,0,0,0,0,0,0,0,0,0,0
==== BENCHMARK TOOK 56.472
==== BENCHMARK START ===
==== PARAMS kernel=4.9.5-64-net1 malloc=libc hostname=rack-castor threads=22 delta=4 prog=sssp-klsm1024  ===
ERROR: ld.so: object '/specific/disk1/home/adamx/malloc/lib64/libjemalloc.so' from LD_PRELOAD cannot be preloaded (cannot open shared object file): ignored.
Galois Benchmark Suite v2.2.1 (r0)
Copyright (C) 2014 The University of Texas at Austin
http://iss.ices.utexas.edu/galois/

application: Single Source Shortest Path
Computes the shortest path from a source node to all nodes in a directed graph using a modified chaotic iteration algorithm
http://iss.ices.utexas.edu/?p=projects/galois/benchmarks/single_source_shortest_path

INFO: CommandLine ./build/debug/apps/sssp/sssp -noverify -t 22 -delta 4 -wl klsm1024 -startNode 0 /specific/disk1/home/mad/Galois-PQ/inputs/ljournal-2008.gr
INFO: Hostname rack-castor
Read 5363260 nodes
Running Asynchronous with CAS version
INFO: Using delta-step of 1
WARNING: Performance varies considerably due to delta parameter.
WARNING: Do not expect the default to be good for your graph.
Node 1 has distance 126
STATTYPE,LOOP,CATEGORY,n,sum,T0,T1,T2,T3,T4,T5,T6,T7,T8,T9,T10,T11,T12,T13,T14,T15,T16,T17,T18,T19,T20,T21
STAT,(NULL),BadWork,22,95688877,3133846,5958211,3041941,6911091,9596180,11689014,2291394,3320000,3492848,3985221,2566543,7203721,4848884,4056655,2244818,1812355,2396234,2914824,5853769,5342052,1251026,1778250
STAT,(NULL),BarrierTime,22,4582110,490387,275307,364620,311696,297553,323988,269364,194520,196680,195404,196726,262946,265455,212077,151640,99627,92576,42186,47220,103044,68958,120136
STAT,(NULL),ConflictTime,22,0,0,0,0,0,0,0,0,0,0,0,0,0,0,0,0,0,0,0,0,0,0,0
STAT,(NULL),Conflicts,22,0,0,0,0,0,0,0,0,0,0,0,0,0,0,0,0,0,0,0,0,0,0,0
STAT,(NULL),EmptyPopTime,22,12546040955,1641381003,92999343,1680623922,85498443,453318729,56529815,365586908,13969038,73188206,689364744,781631422,169836307,401350355,279283070,484728529,826190215,1104541931,1916494139,772544809,414622687,12500255,229857085
STAT,(NULL),EmptyWork,22,2063904556,93333027,144667259,80771509,179039097,175557533,178960861,58753151,66093928,73708037,84191761,83917375,77255713,91495862,80715293,75587956,53273478,76954491,69850928,80250142,111830592,64847682,62848881
STAT,(NULL),GaloisTime,22,5067160330,202553909,358330145,185747393,482907247,461819907,483522451,145410931,166527554,194293678,212118821,209297374,181309785,215990919,186756170,161393207,117159725,161457459,177710339,215310142,277913433,135211696,134418045
STAT,(NULL),InitPushTime,22,976638,5914,152260,101812,36141,40744,39816,40492,40528,39264,39500,35767,34511,34459,34096,39376,35901,39008,33379,36772,32818,49253,34827
STAT,(NULL),Iterations,22,9440671,432338,653310,365505,829771,795821,824546,276431,321508,340010,369607,385798,362671,389660,351244,332569,257651,353626,304316,376940,527005,312444,277900
STAT,(NULL),LoopTime,22,115854896645,115854896645,0,0,0,0,0,0,0,0,0,0,0,0,0,0,0,0,0,0,0,0,0
STAT,(NULL),MeminfoPost,22,528,24,24,24,24,24,24,24,24,24,24,24,24,24,24,24,24,24,24,24,24,24,24
STAT,(NULL),MeminfoPre,22,528,24,24,24,24,24,24,24,24,24,24,24,24,24,24,24,24,24,24,24,24,24,24
STAT,(NULL),NumaPost,22,64672,63019,965,588,100,0,0,0,0,0,0,0,0,0,0,0,0,0,0,0,0,0,0
STAT,(NULL),PopTime,22,388399434867,15995267682,20412523454,16428423260,21134684936,20551165285,20686573342,14522572632,17324064536,18591395521,17335752947,17032160450,17034399177,16810376919,17411244753,17890632640,15883913933,16924035603,16109969648,16748602003,19872099252,17576308917,16123267977
STAT,(NULL),PushTime,22,2081574279175,95787379603,90367395846,95403246093,87713013479,88208645707,88091054606,99133997481,96378912372,94685782700,95055599068,95459297370,96423391716,95982153880,95958368074,95552097765,97848397026,96051970474,95488567084,95407643192,91914137043,96777915757,97885312839
STAT,(NULL),RusageSys,22,5000000,5000000,0,0,0,0,0,0,0,0,0,0,0,0,0,0,0,0,0,0,0,0,0
STAT,(NULL),RusageUser,22,1153120000,1153120000,0,0,0,0,0,0,0,0,0,0,0,0,0,0,0,0,0,0,0,0,0
STAT,(NULL),Threads,22,22,22,0,0,0,0,0,0,0,0,0,0,0,0,0,0,0,0,0,0,0,0,0
STAT,(NULL),Time,22,116933415808,116933415808,0,0,0,0,0,0,0,0,0,0,0,0,0,0,0,0,0,0,0,0,0
STAT,(NULL),TotalTime,22,123858319916,123858319916,0,0,0,0,0,0,0,0,0,0,0,0,0,0,0,0,0,0,0,0,0
STAT,(NULL),UserTime,22,55449527939,1966462938,4310463637,1907567237,6091236805,5835872389,6189738563,1460059452,1736810550,2068011182,2309352187,2120075274,1800187482,2185011597,1770011816,1521939467,957444900,1367419772,1923787530,2462030376,3095776275,1119593699,1250674811
STAT,(NULL),Work,22,2545102474072,115686488310,115686520713,115686462798,115686479523,115686458589,115686458806,115686487378,115686458698,115686463712,115686463108,115686470691,115686460699,115686463493,115686461406,115686511212,115686462844,115686462490,115686522914,115686511707,115686466238,115686457015,115686481728
STAT,(NULL),nBad,22,136087,5280,8340,4041,9981,13262,16385,3354,4894,5190,5900,3650,10480,7061,5322,3243,2545,3579,4100,7762,7453,1807,2458
STAT,(NULL),nEmpty,22,4622684,226933,308700,185478,374512,359563,367607,140191,162547,162080,180507,191455,189388,188615,175935,172803,141568,189100,145521,182732,257920,171524,148005
STAT,(NULL),nEmptyPop,22,12895,411,347,328,2517,1963,723,285,377,348,967,369,313,310,994,257,325,376,397,322,377,320,269
STAT,(NULL),nOverall,22,78015845,2604692,6321461,2615825,9096922,8685065,9196452,1973868,2383052,2906392,3295811,2846580,2382653,2997875,2350496,1998991,1151314,1669664,2698720,3515250,4382544,1325819,1616399
STAT,(NULL),nPop,22,9440671,432338,653310,365505,829771,795821,824546,276431,321508,340010,369607,385798,362671,389660,351244,332569,257651,353626,304316,376940,527005,312444,277900
STAT,(NULL),nPush,22,9440670,309497,745615,304476,1102443,1029805,1086318,239876,303207,348292,401296,341559,294987,384214,303609,231227,140665,188932,315785,463055,534080,146494,225238
STAT,(NULL),nPushInit,22,1,0,1,0,0,0,0,0,0,0,0,0,0,0,0,0,0,0,0,0,0,0,0
==== BENCHMARK TOOK 57.099
==== BENCHMARK START ===
==== PARAMS kernel=4.9.5-64-net1 malloc=libc hostname=rack-castor threads=22 delta=4 prog=sssp-klsm1024  ===
ERROR: ld.so: object '/specific/disk1/home/adamx/malloc/lib64/libjemalloc.so' from LD_PRELOAD cannot be preloaded (cannot open shared object file): ignored.
Galois Benchmark Suite v2.2.1 (r0)
Copyright (C) 2014 The University of Texas at Austin
http://iss.ices.utexas.edu/galois/

application: Single Source Shortest Path
Computes the shortest path from a source node to all nodes in a directed graph using a modified chaotic iteration algorithm
http://iss.ices.utexas.edu/?p=projects/galois/benchmarks/single_source_shortest_path

INFO: CommandLine ./build/debug/apps/sssp/sssp -noverify -t 22 -delta 4 -wl klsm1024 -startNode 0 /specific/disk1/home/mad/Galois-PQ/inputs/ljournal-2008.gr
INFO: Hostname rack-castor
Read 5363260 nodes
Running Asynchronous with CAS version
INFO: Using delta-step of 1
WARNING: Performance varies considerably due to delta parameter.
WARNING: Do not expect the default to be good for your graph.
Node 1 has distance 126
STATTYPE,LOOP,CATEGORY,n,sum,T0,T1,T2,T3,T4,T5,T6,T7,T8,T9,T10,T11,T12,T13,T14,T15,T16,T17,T18,T19,T20,T21
STAT,(NULL),BadWork,22,79431898,5994963,5315700,2674576,4265039,4248653,8906510,2753407,3211380,2544587,3049506,2817743,3361698,3048189,2383199,3782798,1238954,3958491,3083792,3940374,3659276,1533461,3659602
STAT,(NULL),BarrierTime,22,4474698,528768,365344,272840,275858,203988,313629,290124,264740,165316,183124,90424,219842,224951,226056,222485,177740,126727,66866,188517,22230,13101,32028
STAT,(NULL),ConflictTime,22,0,0,0,0,0,0,0,0,0,0,0,0,0,0,0,0,0,0,0,0,0,0,0
STAT,(NULL),Conflicts,22,0,0,0,0,0,0,0,0,0,0,0,0,0,0,0,0,0,0,0,0,0,0,0
STAT,(NULL),EmptyPopTime,22,10600079278,343504226,125344738,799460142,6493974,295465536,159070680,95119280,899768192,381715831,1823806724,191238167,686431038,341811428,768982276,308946167,358747871,953163815,454659753,551419462,294743923,502500887,257685168
STAT,(NULL),EmptyWork,22,2085176914,78047178,147051729,67179754,180255959,185584485,189738579,66473665,65951818,72866064,77466891,76698334,91994173,107454252,91406062,68704423,54556354,62129090,96518655,76607711,81157525,75374706,71959507
STAT,(NULL),GaloisTime,22,5120607083,202220186,360474314,160580405,486218408,472796624,492804576,157063685,149787962,169229574,196380580,201183229,214701906,248157937,227883361,145380309,128347574,148652481,233734196,202579789,212494727,148641485,161293775
STAT,(NULL),InitPushTime,22,878873,6624,103928,46000,40296,40352,39956,40548,41044,35233,35561,38848,34836,34644,34335,36377,39584,50742,37272,33464,32833,38272,38124
STAT,(NULL),Iterations,22,9412011,402987,663998,285765,836826,826471,846145,314163,281849,325874,361180,335066,397331,485987,410181,317547,245605,287546,409128,353802,387715,334094,302751
STAT,(NULL),LoopTime,22,114714622686,114714622686,0,0,0,0,0,0,0,0,0,0,0,0,0,0,0,0,0,0,0,0,0
STAT,(NULL),MeminfoPost,22,528,24,24,24,24,24,24,24,24,24,24,24,24,24,24,24,24,24,24,24,24,24,24
STAT,(NULL),MeminfoPre,22,528,24,24,24,24,24,24,24,24,24,24,24,24,24,24,24,24,24,24,24,24,24,24
STAT,(NULL),NumaPost,22,64434,62790,786,575,283,0,0,0,0,0,0,0,0,0,0,0,0,0,0,0,0,0,0
STAT,(NULL),PopTime,22,395467211534,17636508088,21736845100,17235537492,22829735074,22543015183,22538465405,16814813251,13683221532,14743505946,13466712792,18967294582,17120383066,18308588075,19959370314,15605750263,16446130177,14348025739,19627059902,19358519443,18851640191,17225652305,16420437614
STAT,(NULL),PushTime,22,2052084522432,94123057166,87905626173,94762107284,85047294729,85253273437,85015861452,96021138429,98226415767,97580653574,96990662864,92884449419,94335787679,93102388414,90914653693,97245467858,96479859466,97692291036,91713542033,92208896492,92993902667,95386457563,96200735237
STAT,(NULL),RusageSys,22,5064000,5064000,0,0,0,0,0,0,0,0,0,0,0,0,0,0,0,0,0,0,0,0,0
STAT,(NULL),RusageUser,22,1142060000,1142060000,0,0,0,0,0,0,0,0,0,0,0,0,0,0,0,0,0,0,0,0,0
STAT,(NULL),Threads,22,22,22,0,0,0,0,0,0,0,0,0,0,0,0,0,0,0,0,0,0,0,0,0
STAT,(NULL),Time,22,115607760752,115607760752,0,0,0,0,0,0,0,0,0,0,0,0,0,0,0,0,0,0,0,0,0
STAT,(NULL),TotalTime,22,121096277536,121096277536,0,0,0,0,0,0,0,0,0,0,0,0,0,0,0,0,0,0,0,0,0
STAT,(NULL),UserTime,22,55584273225,2204928806,4312924518,1563401719,6038268223,5838130808,6192326162,1433658046,1563121563,1640295674,2033238158,2267404557,2138969754,2479867094,2625971062,1214018464,1120626162,1384004785,2462752020,2190243846,2154327566,1249639635,1476154603
STAT,(NULL),Work,22,2520944659318,114588359962,114588345927,114588470584,114588424001,114588462868,114588345372,114588373532,114588345418,114588464335,114588386271,114588469047,114588355772,114588348951,114588345565,114588345534,114588348552,114588370879,114588466761,114588348377,114588467710,114588465640,114588348260
STAT,(NULL),nBad,22,99848,5149,5485,4161,6185,6128,8168,2395,4696,3662,4620,4030,4843,4684,3501,3497,1697,4002,4756,5250,5332,2466,5141
STAT,(NULL),nEmpty,22,4594420,204424,311314,144016,378217,375729,378870,160715,140953,167882,182029,162124,198791,244222,199974,170510,128853,149848,198462,170417,193617,178795,154658
STAT,(NULL),nEmptyPop,22,9524,290,383,365,344,357,292,436,463,491,421,279,522,313,408,303,412,364,384,905,932,428,432
STAT,(NULL),nOverall,22,77979606,3112308,6286182,2086177,8938451,8621604,9170925,1834972,2172421,2173264,2815252,3269888,2874809,3348243,3757449,1481624,1403618,1804772,3409298,3072200,2908992,1517288,1919869
STAT,(NULL),nPop,22,9412011,402987,663998,285765,836826,826471,846145,314163,281849,325874,361180,335066,397331,485987,410181,317547,245605,287546,409128,353802,387715,334094,302751
STAT,(NULL),nPush,22,9412010,393346,725837,258589,1030912,993839,1065845,207131,288043,270455,358034,398739,357253,416975,514943,200457,167356,209140,419847,401414,334771,161881,237203
STAT,(NULL),nPushInit,22,1,0,1,0,0,0,0,0,0,0,0,0,0,0,0,0,0,0,0,0,0,0,0
==== BENCHMARK TOOK 55.915
==== BENCHMARK START ===
==== PARAMS kernel=4.9.5-64-net1 malloc=libc hostname=rack-castor threads=22 delta=4 prog=sssp-klsm1024  ===
ERROR: ld.so: object '/specific/disk1/home/adamx/malloc/lib64/libjemalloc.so' from LD_PRELOAD cannot be preloaded (cannot open shared object file): ignored.
Galois Benchmark Suite v2.2.1 (r0)
Copyright (C) 2014 The University of Texas at Austin
http://iss.ices.utexas.edu/galois/

application: Single Source Shortest Path
Computes the shortest path from a source node to all nodes in a directed graph using a modified chaotic iteration algorithm
http://iss.ices.utexas.edu/?p=projects/galois/benchmarks/single_source_shortest_path

INFO: CommandLine ./build/debug/apps/sssp/sssp -noverify -t 22 -delta 4 -wl klsm1024 -startNode 0 /specific/disk1/home/mad/Galois-PQ/inputs/ljournal-2008.gr
INFO: Hostname rack-castor
Read 5363260 nodes
Running Asynchronous with CAS version
INFO: Using delta-step of 1
WARNING: Performance varies considerably due to delta parameter.
WARNING: Do not expect the default to be good for your graph.
Node 1 has distance 126
STATTYPE,LOOP,CATEGORY,n,sum,T0,T1,T2,T3,T4,T5,T6,T7,T8,T9,T10,T11,T12,T13,T14,T15,T16,T17,T18,T19,T20,T21
STAT,(NULL),BadWork,22,86578989,4281172,6220930,3647781,7605210,7601132,8452676,4495467,766021,3191269,3250996,1956618,4407911,2647872,3124997,2738950,2146914,2429382,2733674,5602505,3048552,3822110,2406850
STAT,(NULL),BarrierTime,22,5757153,660660,420695,344678,419847,394587,395447,331741,329791,142951,180239,207004,300217,286671,188106,288676,235275,78996,80748,197895,61703,79991,131235
STAT,(NULL),ConflictTime,22,0,0,0,0,0,0,0,0,0,0,0,0,0,0,0,0,0,0,0,0,0,0,0
STAT,(NULL),Conflicts,22,0,0,0,0,0,0,0,0,0,0,0,0,0,0,0,0,0,0,0,0,0,0,0
STAT,(NULL),EmptyPopTime,22,12606552150,922402577,151202433,1404745205,122143076,59210736,75526584,350075257,326174858,409613936,602385011,347114702,481107638,721554839,849801174,1108936441,894920865,461030873,709136432,516049239,506890343,1319126875,267403056
STAT,(NULL),EmptyWork,22,2048639258,83277231,150826059,66544056,171692724,190829829,193656775,63956078,63924279,76022364,77632184,89851627,71955944,73890070,85767347,60645117,66182271,67513944,72808449,106268439,89329654,51589968,74474849
STAT,(NULL),GaloisTime,22,5082746342,188752985,391874980,163148172,508530563,500120738,514424886,162946460,134082464,180452608,193229253,201033138,191349314,189846767,201772280,135231699,141217542,160419156,182017678,252566286,201003627,134130958,154594788
STAT,(NULL),InitPushTime,22,1095972,6138,155488,99736,40336,40496,39980,36730,40252,66300,39392,39172,39024,36010,38456,36044,53316,77704,39004,33598,36888,38496,63412
STAT,(NULL),Iterations,22,9423917,384651,706761,313492,857657,853833,871910,308148,267100,340360,352259,429068,338757,346732,385522,260369,287709,314742,338933,470884,408795,252683,333552
STAT,(NULL),LoopTime,22,115959723087,115959723087,0,0,0,0,0,0,0,0,0,0,0,0,0,0,0,0,0,0,0,0,0
STAT,(NULL),MeminfoPost,22,528,24,24,24,24,24,24,24,24,24,24,24,24,24,24,24,24,24,24,24,24,24,24
STAT,(NULL),MeminfoPre,22,528,24,24,24,24,24,24,24,24,24,24,24,24,24,24,24,24,24,24,24,24,24,24
STAT,(NULL),NumaPost,22,64466,62820,787,576,283,0,0,0,0,0,0,0,0,0,0,0,0,0,0,0,0,0,0
STAT,(NULL),PopTime,22,315925315490,13884962184,16567842771,12798143215,16966007633,17279751358,17165301901,14704208960,13754310188,14191598990,14094886697,15105929068,14356147858,13318656273,14866276862,13615374268,12078934141,12638866414,13078838625,15166026606,13915937965,11992613116,14384700397
STAT,(NULL),PushTime,22,2156246533608,98749692839,93795710296,99699472580,91634209515,91459602592,91228903047,98780320964,100415228667,99115796414,98841406273,98277781530,98593089968,99528366615,97833855245,99604907299,101251597028,100860085029,99958252065,97085917041,99155273170,100893550190,99483515241
STAT,(NULL),RusageSys,22,5212000,5212000,0,0,0,0,0,0,0,0,0,0,0,0,0,0,0,0,0,0,0,0,0
STAT,(NULL),RusageUser,22,1154004000,1154004000,0,0,0,0,0,0,0,0,0,0,0,0,0,0,0,0,0,0,0,0,0
STAT,(NULL),Threads,22,22,22,0,0,0,0,0,0,0,0,0,0,0,0,0,0,0,0,0,0,0,0,0
STAT,(NULL),Time,22,116817494646,116817494646,0,0,0,0,0,0,0,0,0,0,0,0,0,0,0,0,0,0,0,0,0
STAT,(NULL),TotalTime,22,122722498144,122722498144,0,0,0,0,0,0,0,0,0,0,0,0,0,0,0,0,0,0,0,0,0
STAT,(NULL),UserTime,22,55613633505,1967430469,4739062567,1664466548,6393935231,6307003964,6618706450,1735011869,1102799761,1823032617,1986978333,1774809989,2102869135,1964204559,1959046324,1271425290,1363667845,1608601618,1795466127,2669692719,1928085353,1405508622,1431828115
STAT,(NULL),Work,22,2547526474173,115796611762,115796609588,115796721555,115796608999,115796609356,115796609504,115796684330,115796615511,115796732058,115796726622,115796616950,115796614921,115796635951,115796728877,115796630738,115796609573,115796710488,115796721272,115796610078,115796739760,115796719410,115796606870
STAT,(NULL),nBad,22,121399,6060,8482,5587,10673,10216,11422,6514,1275,4360,4433,2945,5606,3850,4768,3819,2997,3532,4322,8054,4181,4510,3793
STAT,(NULL),nEmpty,22,4606161,198236,328652,161130,382694,383647,387803,158650,140602,170262,174452,227653,168264,175844,193086,133699,149246,159023,167882,231348,212270,126872,174846
STAT,(NULL),nEmptyPop,22,11672,559,258,776,430,463,363,429,397,575,428,551,410,919,602,312,408,934,535,460,403,492,968
STAT,(NULL),nOverall,22,78001157,2651316,6914239,2252953,9502178,9395236,9861720,2411903,1350898,2447941,2743710,2231395,2980715,2714413,2587638,1677566,1802434,2140557,2402015,3670447,2513162,1909357,1839364
STAT,(NULL),nPop,22,9423917,384651,706761,313492,857657,853833,871910,308148,267100,340360,352259,429068,338757,346732,385522,260369,287709,314742,338933,470884,408795,252683,333552
STAT,(NULL),nPush,22,9423916,356218,811176,283914,1114382,1129629,1156986,331176,155265,284115,329152,260032,367149,350132,308088,213420,216254,246503,285480,462270,300806,242505,219264
STAT,(NULL),nPushInit,22,1,0,1,0,0,0,0,0,0,0,0,0,0,0,0,0,0,0,0,0,0,0,0
==== BENCHMARK TOOK 56.568
==== BENCHMARK START ===
==== PARAMS kernel=4.9.5-64-net1 malloc=libc hostname=rack-castor threads=22 delta=4 prog=sssp-klsm1024  ===
ERROR: ld.so: object '/specific/disk1/home/adamx/malloc/lib64/libjemalloc.so' from LD_PRELOAD cannot be preloaded (cannot open shared object file): ignored.
Galois Benchmark Suite v2.2.1 (r0)
Copyright (C) 2014 The University of Texas at Austin
http://iss.ices.utexas.edu/galois/

application: Single Source Shortest Path
Computes the shortest path from a source node to all nodes in a directed graph using a modified chaotic iteration algorithm
http://iss.ices.utexas.edu/?p=projects/galois/benchmarks/single_source_shortest_path

INFO: CommandLine ./build/debug/apps/sssp/sssp -noverify -t 22 -delta 4 -wl klsm1024 -startNode 0 /specific/disk1/home/mad/Galois-PQ/inputs/ljournal-2008.gr
INFO: Hostname rack-castor
Read 5363260 nodes
Running Asynchronous with CAS version
INFO: Using delta-step of 1
WARNING: Performance varies considerably due to delta parameter.
WARNING: Do not expect the default to be good for your graph.
Node 1 has distance 126
STATTYPE,LOOP,CATEGORY,n,sum,T0,T1,T2,T3,T4,T5,T6,T7,T8,T9,T10,T11,T12,T13,T14,T15,T16,T17,T18,T19,T20,T21
STAT,(NULL),BadWork,22,89215303,5214696,4455055,4788232,11228743,5543487,6001579,2742079,4267733,6064491,2026067,5490888,4041050,3603543,3969771,2690784,2476765,3574012,1364673,2141101,4118357,1374489,2037708
STAT,(NULL),BarrierTime,22,4851766,592508,359517,393500,367033,265646,338516,344929,145898,283573,234110,170624,175360,141526,148806,244884,102296,37115,118324,113410,20525,134780,118886
STAT,(NULL),ConflictTime,22,0,0,0,0,0,0,0,0,0,0,0,0,0,0,0,0,0,0,0,0,0,0,0
STAT,(NULL),Conflicts,22,0,0,0,0,0,0,0,0,0,0,0,0,0,0,0,0,0,0,0,0,0,0,0
STAT,(NULL),EmptyPopTime,22,8252010356,261697603,110417393,558658633,80265053,93965050,73563231,146464450,529589062,170919162,239976394,965530031,8639150,253616161,292626788,2199384914,596671526,707208690,122513061,16291351,613307738,126827021,83877894
STAT,(NULL),EmptyWork,22,2080416976,71168983,137762676,68765316,178364750,184483118,185901287,64874406,75547504,95544559,82648767,76218176,97601049,86019401,93770739,69634042,57118638,69445007,81727459,92818942,78662368,69413535,62926254
STAT,(NULL),GaloisTime,22,5116463489,167528192,373975823,171565022,502372897,489749178,511524017,153025767,190767730,213343388,199050241,194947170,237176014,202179500,209782631,159091978,135244697,163784061,178039681,199287385,185068789,148849182,130110146
STAT,(NULL),InitPushTime,22,1026684,5978,162352,101212,36365,40156,39924,36759,68031,39348,42562,38960,38500,34532,34268,39376,39580,39284,37348,37184,33049,43692,38224
STAT,(NULL),Iterations,22,9425419,348107,679119,304395,849330,843033,873077,303241,345505,404396,368201,323897,453504,344300,402954,316425,256972,301760,337698,406319,326540,337990,298656
STAT,(NULL),LoopTime,22,117424417969,117424417969,0,0,0,0,0,0,0,0,0,0,0,0,0,0,0,0,0,0,0,0,0
STAT,(NULL),MeminfoPost,22,528,24,24,24,24,24,24,24,24,24,24,24,24,24,24,24,24,24,24,24,24,24,24
STAT,(NULL),MeminfoPre,22,528,24,24,24,24,24,24,24,24,24,24,24,24,24,24,24,24,24,24,24,24,24,24
STAT,(NULL),NumaPost,22,64737,63090,789,575,283,0,0,0,0,0,0,0,0,0,0,0,0,0,0,0,0,0,0
STAT,(NULL),PopTime,22,471160061534,20344655473,25024615262,20668253207,25631899146,25561044389,25857663760,17446088452,21256006133,20130232019,20632704251,20248299907,23526564014,23069135929,22910923259,15217939671,21063200918,21446938666,23960264228,20120414477,20108417251,16741085589,20193715533
STAT,(NULL),PushTime,22,2038553796933,94775312171,87033510445,94008458502,84432631408,84830023320,84112207065,97944758945,93198893166,94674614108,94277284830,93632304812,90929913127,91665661025,91831927617,98164636196,94136650363,93336563802,91372091458,95061246556,94458728036,98918198467,95758181514
STAT,(NULL),RusageSys,22,4912000,4912000,0,0,0,0,0,0,0,0,0,0,0,0,0,0,0,0,0,0,0,0,0
STAT,(NULL),RusageUser,22,1169436000,1169436000,0,0,0,0,0,0,0,0,0,0,0,0,0,0,0,0,0,0,0,0,0
STAT,(NULL),Threads,22,22,22,0,0,0,0,0,0,0,0,0,0,0,0,0,0,0,0,0,0,0,0,0
STAT,(NULL),Time,22,118266011712,118266011712,0,0,0,0,0,0,0,0,0,0,0,0,0,0,0,0,0,0,0,0,0
STAT,(NULL),TotalTime,22,124408779830,124408779830,0,0,0,0,0,0,0,0,0,0,0,0,0,0,0,0,0,0,0,0,0
STAT,(NULL),UserTime,22,55597761151,1686931991,4627014382,1831595444,6481762577,6148030934,6566436796,1552083507,2056488907,2022643093,1875630273,2189996018,2507402024,2030684779,1968267128,1496608955,1318410222,1583355585,1592659713,1817238569,1863112263,1302922488,1078485503
STAT,(NULL),Work,22,2580763157540,117307394366,117307374185,117307378184,117307374117,117307449769,117307373945,117307378133,117307390880,117307374295,117307378742,117307454538,117307452518,117307493776,117307487328,117307381032,117307401653,117307483164,117307450636,117307402896,117307506231,117307373606,117307403546
STAT,(NULL),nBad,22,122551,7353,5905,6563,14437,7239,8202,4003,5949,8322,2895,7491,5862,5136,5741,3964,3346,4844,2013,2926,5444,1952,2964
STAT,(NULL),nEmpty,22,4607793,181901,315564,152010,377662,379263,389366,156974,169540,201436,182124,152805,224125,164202,205837,166116,134686,155959,170966,213675,163003,183920,166659
STAT,(NULL),nEmptyPop,22,8166,417,271,396,399,391,359,384,415,307,541,592,429,273,343,345,266,153,362,351,474,397,301
STAT,(NULL),nOverall,22,78002309,2288301,6793747,2604368,9668722,9139269,9775297,2093704,2883447,2652538,2461765,3155008,3464757,2773806,2582357,1944779,1753001,2116315,2064510,2346788,2534417,1604691,1300722
STAT,(NULL),nPop,22,9425419,348107,679119,304395,849330,843033,873077,303241,345505,404396,368201,323897,453504,344300,402954,316425,256972,301760,337698,406319,326540,337990,298656
STAT,(NULL),nPush,22,9425418,293699,788369,355805,1158128,1055811,1135425,272767,359131,303720,270633,422129,395575,359482,333348,215859,239041,294033,222939,258097,357693,180487,153247
STAT,(NULL),nPushInit,22,1,0,1,0,0,0,0,0,0,0,0,0,0,0,0,0,0,0,0,0,0,0,0
==== BENCHMARK TOOK 57.373
==== BENCHMARK START ===
==== PARAMS kernel=4.9.5-64-net1 malloc=libc hostname=rack-castor threads=22 delta=4 prog=sssp-klsm1024  ===
ERROR: ld.so: object '/specific/disk1/home/adamx/malloc/lib64/libjemalloc.so' from LD_PRELOAD cannot be preloaded (cannot open shared object file): ignored.
Galois Benchmark Suite v2.2.1 (r0)
Copyright (C) 2014 The University of Texas at Austin
http://iss.ices.utexas.edu/galois/

application: Single Source Shortest Path
Computes the shortest path from a source node to all nodes in a directed graph using a modified chaotic iteration algorithm
http://iss.ices.utexas.edu/?p=projects/galois/benchmarks/single_source_shortest_path

INFO: CommandLine ./build/debug/apps/sssp/sssp -noverify -t 22 -delta 4 -wl klsm1024 -startNode 0 /specific/disk1/home/mad/Galois-PQ/inputs/ljournal-2008.gr
INFO: Hostname rack-castor
Read 5363260 nodes
Running Asynchronous with CAS version
INFO: Using delta-step of 1
WARNING: Performance varies considerably due to delta parameter.
WARNING: Do not expect the default to be good for your graph.
Node 1 has distance 126
STATTYPE,LOOP,CATEGORY,n,sum,T0,T1,T2,T3,T4,T5,T6,T7,T8,T9,T10,T11,T12,T13,T14,T15,T16,T17,T18,T19,T20,T21
STAT,(NULL),BadWork,22,98730199,3470086,5598869,2799669,7906870,10237893,5908081,3012193,5227649,5992889,4091049,2555283,4927036,2556773,6804399,2484052,3811509,1265838,8472244,3717462,4689165,1049672,2151518
STAT,(NULL),BarrierTime,22,4569351,529624,309326,309949,262648,269408,291359,287140,178454,178716,231865,196244,163679,200968,210565,199932,104316,131328,135112,59232,136272,83600,99614
STAT,(NULL),ConflictTime,22,0,0,0,0,0,0,0,0,0,0,0,0,0,0,0,0,0,0,0,0,0,0,0
STAT,(NULL),Conflicts,22,0,0,0,0,0,0,0,0,0,0,0,0,0,0,0,0,0,0,0,0,0,0,0
STAT,(NULL),EmptyPopTime,22,11454725219,54595036,528972,181153808,3811029,121021607,102924907,13300970,403489254,203540787,339289127,1169360849,264180712,1716522774,950876820,663557135,523524585,1469862246,6569763,564258602,511288572,604337847,1586729817
STAT,(NULL),EmptyWork,22,2060448857,72181679,153615482,89605143,173850687,174853636,196661895,63790940,70063197,85243830,59595800,71383778,107060539,73339857,83981392,68868877,59438174,61163959,80969871,87420389,85820933,71733605,69805194
STAT,(NULL),GaloisTime,22,5075284387,172732445,386621528,208390885,493921278,489747898,510734932,157284341,167726580,219979924,128663849,172352587,244639773,167929141,197583716,152510853,123704349,144082653,198114716,211851858,205119749,158278580,163312752
STAT,(NULL),InitPushTime,22,1030407,4748,122296,95275,40652,36927,40200,40760,67166,46408,39532,39080,38756,39204,34411,39432,39640,39212,37360,62290,36784,52214,38060
STAT,(NULL),Iterations,22,9433310,330294,706492,426690,844040,847159,873378,313707,333443,385181,272643,351269,468200,309674,380462,299662,243064,279587,355931,400324,365242,327913,318955
STAT,(NULL),LoopTime,22,117315765848,117315765848,0,0,0,0,0,0,0,0,0,0,0,0,0,0,0,0,0,0,0,0,0
STAT,(NULL),MeminfoPost,22,528,24,24,24,24,24,24,24,24,24,24,24,24,24,24,24,24,24,24,24,24,24,24
STAT,(NULL),MeminfoPre,22,528,24,24,24,24,24,24,24,24,24,24,24,24,24,24,24,24,24,24,24,24,24,24
STAT,(NULL),NumaPost,22,64643,63012,970,561,100,0,0,0,0,0,0,0,0,0,0,0,0,0,0,0,0,0,0
STAT,(NULL),PopTime,22,446968941140,19957369315,23453798614,21441530858,23943983256,23780587933,23961732138,18375080443,19976778755,18541563993,17907075468,17047666667,21596404151,19796968793,21666134169,18787100689,20669095558,19782574914,18097725002,19220698592,19423614679,19322022174,20219434979
STAT,(NULL),PushTime,22,2056981240769,95078698585,88491098058,93159746563,86257641502,86423794837,85923058931,96944700139,94965465677,95744512618,97646814241,97068223566,92400262588,93840480136,92327270266,96028141479,94728287712,94397567430,96769283572,94925092276,94747341947,95521014767,93592743879
STAT,(NULL),RusageSys,22,5040000,5040000,0,0,0,0,0,0,0,0,0,0,0,0,0,0,0,0,0,0,0,0,0
STAT,(NULL),RusageUser,22,1168116000,1168116000,0,0,0,0,0,0,0,0,0,0,0,0,0,0,0,0,0,0,0,0,0
STAT,(NULL),Threads,22,22,22,0,0,0,0,0,0,0,0,0,0,0,0,0,0,0,0,0,0,0,0,0
STAT,(NULL),Time,22,118331126818,118331126818,0,0,0,0,0,0,0,0,0,0,0,0,0,0,0,0,0,0,0,0,0
STAT,(NULL),TotalTime,22,124369954972,124369954972,0,0,0,0,0,0,0,0,0,0,0,0,0,0,0,0,0,0,0,0,0
STAT,(NULL),UserTime,22,55624286609,1853736832,4703653078,2108884559,6316108012,6199309518,6494202909,1635158345,1605789252,2394473376,1107877267,1660327836,2576766450,1594075243,1963469156,1489136429,1085265836,1334063728,2036652370,2179989927,2216129882,1511927737,1557288867
STAT,(NULL),Work,22,2578166978433,117189403408,117189449863,117189390662,117189452158,117189451750,117189393794,117189398178,117189391958,117189445832,117189410137,117189393360,117189436177,117189397592,117189393389,117189398790,117189405525,117189392554,117189393130,117189390268,117189393250,117189403311,117189393347
STAT,(NULL),nBad,22,124782,4369,6979,3544,9706,12778,7706,3675,6390,7060,5585,3496,6208,3308,8526,3165,4392,1727,10584,4433,6736,1656,2759
STAT,(NULL),nEmpty,22,4615521,166840,331906,218041,377000,384647,393064,162480,172803,184928,147036,186304,233219,156410,192133,153351,128236,143635,175513,200382,176248,170957,160388
STAT,(NULL),nEmptyPop,22,9298,406,225,236,311,286,294,331,529,340,289,495,212,1263,312,389,214,360,413,424,549,329,1091
STAT,(NULL),nOverall,22,78004540,2592359,6860033,2858988,9373064,9217349,9657697,2239806,2121371,3352633,1357992,2192059,3540888,2091876,2616530,1968880,1359083,1725974,2819329,2995172,3074235,1954761,2034461
STAT,(NULL),nPop,22,9433310,330294,706492,426690,844040,847159,873378,313707,333443,385181,272643,351269,468200,309674,380462,299662,243064,279587,355931,400324,365242,327913,318955
STAT,(NULL),nPush,22,9433309,319998,819862,330250,1115155,1135674,1141397,269182,283242,419278,170789,262594,430634,245094,359721,225667,165996,197933,366529,352713,369521,215604,236476
STAT,(NULL),nPushInit,22,1,0,1,0,0,0,0,0,0,0,0,0,0,0,0,0,0,0,0,0,0,0,0
==== BENCHMARK TOOK 57.369
==== BENCHMARK START ===
==== PARAMS kernel=4.9.5-64-net1 malloc=libc hostname=rack-castor threads=22 delta=4 prog=sssp-klsm1024  ===
ERROR: ld.so: object '/specific/disk1/home/adamx/malloc/lib64/libjemalloc.so' from LD_PRELOAD cannot be preloaded (cannot open shared object file): ignored.
Galois Benchmark Suite v2.2.1 (r0)
Copyright (C) 2014 The University of Texas at Austin
http://iss.ices.utexas.edu/galois/

application: Single Source Shortest Path
Computes the shortest path from a source node to all nodes in a directed graph using a modified chaotic iteration algorithm
http://iss.ices.utexas.edu/?p=projects/galois/benchmarks/single_source_shortest_path

INFO: CommandLine ./build/debug/apps/sssp/sssp -noverify -t 22 -delta 4 -wl klsm1024 -startNode 0 /specific/disk1/home/mad/Galois-PQ/inputs/ljournal-2008.gr
INFO: Hostname rack-castor
Read 5363260 nodes
Running Asynchronous with CAS version
INFO: Using delta-step of 1
WARNING: Performance varies considerably due to delta parameter.
WARNING: Do not expect the default to be good for your graph.
Node 1 has distance 126
STATTYPE,LOOP,CATEGORY,n,sum,T0,T1,T2,T3,T4,T5,T6,T7,T8,T9,T10,T11,T12,T13,T14,T15,T16,T17,T18,T19,T20,T21
STAT,(NULL),BadWork,22,78077197,4580279,2060013,2671051,5700272,4987473,6205319,3927143,2779048,2102004,3349446,5761402,3209487,2724516,4347863,2624953,5019103,2834674,2340367,4601471,1745941,997001,3508371
STAT,(NULL),BarrierTime,22,5099120,580845,346885,340304,349118,323137,321163,287036,254660,267626,163560,192371,227524,216068,235249,232826,130456,95343,57173,182239,89688,80484,125365
STAT,(NULL),ConflictTime,22,0,0,0,0,0,0,0,0,0,0,0,0,0,0,0,0,0,0,0,0,0,0,0
STAT,(NULL),Conflicts,22,0,0,0,0,0,0,0,0,0,0,0,0,0,0,0,0,0,0,0,0,0,0,0
STAT,(NULL),EmptyPopTime,22,11426884786,136659102,261897804,77427775,3085536,166164732,74764610,690702753,1415597016,152936934,768692,119277316,207918056,990071534,132434689,135850661,1259357046,1907099973,58609143,138862707,1052336071,1193968815,1251093821
STAT,(NULL),EmptyWork,22,2048234131,94183294,136329170,73714938,174526334,172204712,169260426,75260261,67249849,78165074,102301975,88668390,105156048,78813766,86241977,64481176,51937921,56265565,82624708,88442736,83892929,58777432,59735450
STAT,(NULL),GaloisTime,22,5077568640,229992588,350625714,173066034,478459115,461111846,489806904,178364984,153534232,218079772,230138128,198748686,261748368,188204684,205867238,141417936,134859172,135401526,183976107,218823908,201411483,126409676,117520539
STAT,(NULL),InitPushTime,22,1045663,5242,156828,103558,40600,40648,40232,40596,40528,35467,39560,51255,38628,38680,34493,36101,39792,39132,62994,34123,36724,55774,34708
STAT,(NULL),Iterations,22,9418420,427960,637732,321263,810954,790084,833581,310426,308896,372564,448876,367017,475567,362724,417084,303492,255983,249672,364846,404701,418510,275192,261296
STAT,(NULL),LoopTime,22,115469667965,115469667965,0,0,0,0,0,0,0,0,0,0,0,0,0,0,0,0,0,0,0,0,0
STAT,(NULL),MeminfoPost,22,528,24,24,24,24,24,24,24,24,24,24,24,24,24,24,24,24,24,24,24,24,24,24
STAT,(NULL),MeminfoPre,22,528,24,24,24,24,24,24,24,24,24,24,24,24,24,24,24,24,24,24,24,24,24,24
STAT,(NULL),NumaPost,22,64483,62831,791,579,282,0,0,0,0,0,0,0,0,0,0,0,0,0,0,0,0,0,0
STAT,(NULL),PopTime,22,423309694403,19787288958,21063300859,19678969622,22607213516,21915895360,22827395268,19789715068,17785641810,20070824287,19373993337,19812782666,21635434956,19614978476,19036457205,18920446007,17101741892,17363952444,16008809423,19151167278,18389999405,14012829806,17360856760
STAT,(NULL),PushTime,22,2039861912502,92555358901,89196356923,93597670995,85977424074,86740269982,85472716160,92872897971,94553547381,92414637843,93350967032,93054394454,90348650153,92492985417,93715847255,94848683292,95395991357,94589454884,97216658908,93374306500,93659992506,98858265453,95574835061
STAT,(NULL),RusageSys,22,4972000,4972000,0,0,0,0,0,0,0,0,0,0,0,0,0,0,0,0,0,0,0,0,0
STAT,(NULL),RusageUser,22,1149604000,1149604000,0,0,0,0,0,0,0,0,0,0,0,0,0,0,0,0,0,0,0,0,0
STAT,(NULL),Threads,22,22,22,0,0,0,0,0,0,0,0,0,0,0,0,0,0,0,0,0,0,0,0,0
STAT,(NULL),Time,22,116502085623,116502085623,0,0,0,0,0,0,0,0,0,0,0,0,0,0,0,0,0,0,0,0,0
STAT,(NULL),TotalTime,22,123341597490,123341597490,0,0,0,0,0,0,0,0,0,0,0,0,0,0,0,0,0,0,0,0,0
STAT,(NULL),UserTime,22,55592746875,2529108906,4324082551,1731743432,6091884436,5876946356,6298649824,1725652263,1357022086,2397949760,2274423666,2058720547,2773685269,1967538581,2155745596,1221713424,1388705224,1280419828,1781912183,2360990212,1944961484,1082339448,968551799
STAT,(NULL),Work,22,2537319182960,115332684428,115332673336,115332714522,115332674429,115332673557,115332673991,115332714320,115332674690,115332674818,115332734372,115332676058,115332678262,115332691114,115332676514,115332676506,115332719400,115332751380,115332675246,115332674371,115332715215,115332675492,115332680939
STAT,(NULL),nBad,22,106312,6492,2849,3213,7954,7030,8360,5314,3652,2903,4387,7810,4707,3856,5528,3788,6163,3980,3381,5935,2719,1596,4695
STAT,(NULL),nEmpty,22,4600788,209855,298635,157613,362860,354055,371995,150622,160375,181336,227340,180075,226927,182685,214489,161472,133435,131773,185911,198069,216356,150727,144183
STAT,(NULL),nEmptyPop,22,8245,409,293,389,316,262,319,282,357,322,195,318,298,300,437,296,238,865,310,431,339,260,1009
STAT,(NULL),nOverall,22,77986070,3535725,6353990,2340244,9062159,8779245,9354637,2299714,1722252,3404825,3060374,2856292,3814017,2716770,2916959,1515339,1895224,1699172,2369942,3264753,2517545,1331662,1175230
STAT,(NULL),nPop,22,9418420,427960,637732,321263,810954,790084,833581,310426,308896,372564,448876,367017,475567,362724,417084,303492,255983,249672,364846,404701,418510,275192,261296
STAT,(NULL),nPush,22,9418419,436141,742373,266685,1063800,1021705,1087750,265273,201203,427564,340586,398914,419943,320118,378275,207689,252513,252785,266740,433629,293115,163118,178500
STAT,(NULL),nPushInit,22,1,0,1,0,0,0,0,0,0,0,0,0,0,0,0,0,0,0,0,0,0,0,0
==== BENCHMARK TOOK 56.831
==== BENCHMARK START ===
==== PARAMS kernel=4.9.5-64-net1 malloc=libc hostname=rack-castor threads=22 delta=4 prog=sssp-klsm1024  ===
ERROR: ld.so: object '/specific/disk1/home/adamx/malloc/lib64/libjemalloc.so' from LD_PRELOAD cannot be preloaded (cannot open shared object file): ignored.
Galois Benchmark Suite v2.2.1 (r0)
Copyright (C) 2014 The University of Texas at Austin
http://iss.ices.utexas.edu/galois/

application: Single Source Shortest Path
Computes the shortest path from a source node to all nodes in a directed graph using a modified chaotic iteration algorithm
http://iss.ices.utexas.edu/?p=projects/galois/benchmarks/single_source_shortest_path

INFO: CommandLine ./build/debug/apps/sssp/sssp -noverify -t 22 -delta 4 -wl klsm1024 -startNode 0 /specific/disk1/home/mad/Galois-PQ/inputs/ljournal-2008.gr
INFO: Hostname rack-castor
Read 5363260 nodes
Running Asynchronous with CAS version
INFO: Using delta-step of 1
WARNING: Performance varies considerably due to delta parameter.
WARNING: Do not expect the default to be good for your graph.
Node 1 has distance 126
STATTYPE,LOOP,CATEGORY,n,sum,T0,T1,T2,T3,T4,T5,T6,T7,T8,T9,T10,T11,T12,T13,T14,T15,T16,T17,T18,T19,T20,T21
STAT,(NULL),BadWork,22,84972459,2876271,5147456,2047371,5209017,9838485,6858477,4982840,1145046,3470256,4803195,5563388,3377406,5467461,4282574,2256995,1553420,4408091,4083979,1327630,2573026,2309613,1390462
STAT,(NULL),BarrierTime,22,4169498,439432,247163,269183,312589,241528,272386,177628,126790,237548,244928,177037,203084,200272,118208,199456,129988,25140,143112,15095,137187,125464,126280
STAT,(NULL),ConflictTime,22,0,0,0,0,0,0,0,0,0,0,0,0,0,0,0,0,0,0,0,0,0,0,0
STAT,(NULL),Conflicts,22,0,0,0,0,0,0,0,0,0,0,0,0,0,0,0,0,0,0,0,0,0,0,0
STAT,(NULL),EmptyPopTime,22,8360368823,311454134,1467453,721357933,73699562,176885305,70779592,485892925,400383791,162812786,563160664,431576326,642127534,232344858,270249189,373783361,322660440,676451325,1474671828,493828346,52233420,326498939,96049112
STAT,(NULL),EmptyWork,22,2047199820,75543772,130819327,64119615,168743257,163427111,170417162,91184082,74503130,113465992,88563211,76119581,90079744,92586368,70890069,57982898,60412612,58261215,69775442,91237363,104234610,71546924,63286335
STAT,(NULL),GaloisTime,22,5090724360,163782504,337104372,161164042,456993189,443025978,471167717,203638095,179516025,273545246,209430230,207537598,227325579,239886473,173568016,129748669,120536511,145233916,187415950,220738368,240091673,162008241,137265968
STAT,(NULL),InitPushTime,22,926588,5868,98152,41216,40440,40260,39880,40324,40080,39096,35613,65332,38576,38368,34123,39408,44560,39220,37268,40008,39528,44708,44560
STAT,(NULL),Iterations,22,9421316,338149,625130,315336,786355,766415,812018,404982,353539,509802,391811,374985,399128,414319,306098,277555,259916,265934,319373,436089,448972,338328,277082
STAT,(NULL),LoopTime,22,116412397708,116412397708,0,0,0,0,0,0,0,0,0,0,0,0,0,0,0,0,0,0,0,0,0
STAT,(NULL),MeminfoPost,22,528,24,24,24,24,24,24,24,24,24,24,24,24,24,24,24,24,24,24,24,24,24,24
STAT,(NULL),MeminfoPre,22,528,24,24,24,24,24,24,24,24,24,24,24,24,24,24,24,24,24,24,24,24,24,24
STAT,(NULL),NumaPost,22,64517,62851,780,603,283,0,0,0,0,0,0,0,0,0,0,0,0,0,0,0,0,0,0
STAT,(NULL),PopTime,22,606168537558,25058791959,31756753363,24942469150,33197352024,33083538360,32905649900,27263665163,26350757240,28540019362,25866625327,28393403453,25689213899,29993330648,26508081066,24460694169,21201248000,22464385546,26326004900,30112293074,28841337186,27088600882,26124322887
STAT,(NULL),PushTime,22,1880806617767,89164502998,80021123711,88745631541,76688183825,76852999871,76726913535,86187143693,87458605236,84320644124,87309057011,84807043471,87117051767,82926091925,87686731856,90056409267,93582923645,91551482625,86153750654,83159966019,84451485044,87149439920,88689436029
STAT,(NULL),RusageSys,22,5088000,5088000,0,0,0,0,0,0,0,0,0,0,0,0,0,0,0,0,0,0,0,0,0
STAT,(NULL),RusageUser,22,1158844000,1158844000,0,0,0,0,0,0,0,0,0,0,0,0,0,0,0,0,0,0,0,0,0
STAT,(NULL),Threads,22,22,22,0,0,0,0,0,0,0,0,0,0,0,0,0,0,0,0,0,0,0,0,0
STAT,(NULL),Time,22,117305219566,117305219566,0,0,0,0,0,0,0,0,0,0,0,0,0,0,0,0,0,0,0,0,0
STAT,(NULL),TotalTime,22,123500293164,123500293164,0,0,0,0,0,0,0,0,0,0,0,0,0,0,0,0,0,0,0,0,0
STAT,(NULL),UserTime,22,55402877203,1493028983,4019837777,1632362518,5682134074,5547229257,5922177274,2035580879,1803340171,2856618560,2230269896,2351422806,2501307397,2782865832,1557586744,1188488466,979324206,1371290681,2055487410,2189043831,2577724684,1469010610,1156745147
STAT,(NULL),Work,22,2557879280995,116267280550,116267323197,116267305763,116267222048,116267292477,116267224198,116267312256,116267313590,116267197666,116267204499,116267194606,116267197684,116267197880,116267198016,116267197798,116267196538,116267310036,116267197776,116267322982,116267197589,116267197000,116267196846
STAT,(NULL),nBad,22,114910,5015,6957,2812,6792,12398,8851,6357,2014,4455,7382,6463,4759,6921,5359,3233,1925,5481,5821,1883,4188,3391,2453
STAT,(NULL),nEmpty,22,4603736,177901,296306,161751,356521,350593,366881,207313,179515,246082,194554,184588,189719,196582,153314,149455,139603,136865,154136,219799,219551,175463,147244
STAT,(NULL),nEmptyPop,22,11689,463,543,417,672,397,722,478,552,744,501,477,727,498,663,573,559,344,619,378,711,310,341
STAT,(NULL),nOverall,22,77994668,1937225,5853888,2241021,8461223,8269526,8776555,2741105,2463830,3942447,3157306,3333365,3535309,3994225,2008916,1509793,1216798,1836353,2917144,2890488,3564112,1897719,1446320
STAT,(NULL),nPop,22,9421316,338149,625130,315336,786355,766415,812018,404982,353539,509802,391811,374985,399128,414319,306098,277555,259916,265934,319373,436089,448972,338328,277082
STAT,(NULL),nPush,22,9421315,229285,688831,255087,1002257,988174,1038425,307338,296706,443752,426521,463285,433066,525799,240413,187469,137067,267630,380923,312460,414233,208450,174144
STAT,(NULL),nPushInit,22,1,0,1,0,0,0,0,0,0,0,0,0,0,0,0,0,0,0,0,0,0,0,0
==== BENCHMARK TOOK 56.882
