==== BENCHMARK START ===
==== PARAMS kernel=4.9.5-64-net1 malloc=libc hostname=rack-castor threads=44 delta=4 prog=sssp-klsm256  ===
ERROR: ld.so: object '/specific/disk1/home/adamx/malloc/lib64/libjemalloc.so' from LD_PRELOAD cannot be preloaded (cannot open shared object file): ignored.
Galois Benchmark Suite v2.2.1 (r0)
Copyright (C) 2014 The University of Texas at Austin
http://iss.ices.utexas.edu/galois/

application: Single Source Shortest Path
Computes the shortest path from a source node to all nodes in a directed graph using a modified chaotic iteration algorithm
http://iss.ices.utexas.edu/?p=projects/galois/benchmarks/single_source_shortest_path

INFO: CommandLine ./build/debug/apps/sssp/sssp -noverify -t 44 -delta 4 -wl klsm256 -startNode 0 /specific/disk1/home/mad/Galois-PQ/inputs/road/USA-road-d.USA.gr
INFO: Hostname rack-castor
Read 23947347 nodes
Running Asynchronous with CAS version
INFO: Using delta-step of 1
WARNING: Performance varies considerably due to delta parameter.
WARNING: Do not expect the default to be good for your graph.
Node 1 has distance 2025
STATTYPE,LOOP,CATEGORY,n,sum,T0,T1,T2,T3,T4,T5,T6,T7,T8,T9,T10,T11,T12,T13,T14,T15,T16,T17,T18,T19,T20,T21,T22,T23,T24,T25,T26,T27,T28,T29,T30,T31,T32,T33,T34,T35,T36,T37,T38,T39,T40,T41,T42,T43
STAT,(NULL),BadWork,44,43017800305,1217164644,1029130690,1093443542,1046877673,960127807,991987578,932079881,1009559615,837168737,987489554,890956333,938482620,1032212772,876075812,987537203,982413095,1005793467,925936067,924317632,1063256979,896278274,955918539,970816575,969382953,929012584,962592785,1035022721,961329407,939105666,1008476097,1003397230,1001850287,968955673,912782111,995161797,979948828,999333857,912682031,1004297121,922833976,949168924,1068600872,918476658,1020363638
STAT,(NULL),BarrierTime,44,16611172,996432,506646,1221816,428387,394604,474075,1097130,370013,276302,960660,295708,1045896,362508,404948,314336,241040,763932,146506,137274,230480,180530,197256,153091,134993,182869,195998,193558,147461,826490,203648,170216,780952,156106,156984,133045,15210,560508,533801,49277,51136,88209,76275,39444,715422
STAT,(NULL),ConflictTime,44,0,0,0,0,0,0,0,0,0,0,0,0,0,0,0,0,0,0,0,0,0,0,0,0,0,0,0,0,0,0,0,0,0,0,0,0,0,0,0,0,0,0,0,0,0
STAT,(NULL),Conflicts,44,0,0,0,0,0,0,0,0,0,0,0,0,0,0,0,0,0,0,0,0,0,0,0,0,0,0,0,0,0,0,0,0,0,0,0,0,0,0,0,0,0,0,0,0,0
STAT,(NULL),EmptyPopTime,44,2271610423,45941414,53041855,46773855,52528310,51674202,52658498,52973960,53254707,52754991,50380659,53625399,52139295,51435785,51255615,51385397,52046441,50921581,52080488,52332832,50160087,51575728,51534917,51385846,52092610,50018111,51095165,51549429,49897577,54804578,52582366,51200646,51159280,53182817,51689006,52292307,51032309,52904013,50888470,52056296,52306530,52870624,48530585,53556470,52039372
STAT,(NULL),EmptyWork,44,1769418960,16251239,42007944,154110063,42206599,40839523,42345427,34913704,39151394,40011001,35233110,38300456,36249723,35674216,37947120,34229890,37111363,37870321,36465564,38381234,37570448,37150466,35655016,38047041,35471660,33552132,41453634,37596277,36337740,37561597,40762672,41824694,37204105,38340418,39106983,40241076,35781786,38327380,39682417,41340012,37802542,39698967,29535525,39165377,40909104
STAT,(NULL),GaloisTime,44,54179099016,1198576451,1215566789,1240985668,1210863299,1222636827,1209851505,1230403912,1222785958,1224955308,1222892825,1227502070,1231592754,1236359933,1222181717,1238305727,1225387647,1218152520,1236459210,1230530973,1236721875,1231428716,1236652086,1244692033,1237193138,1241269200,1233699435,1233131948,1239479960,1233162004,1223605820,1235397803,1238631880,1243952008,1230871759,1236572856,1244934542,1227768980,1231042645,1222473627,1239969415,1245597060,1253396088,1240595047,1230867998
STAT,(NULL),InitPushTime,44,2459881,40980,11681,71756,36590,36829,39773,43012,40744,67210,35589,39184,39500,38724,38444,65846,52484,51356,63389,62583,37760,63096,38212,64218,101266,99543,60954,60999,100020,99469,60207,58975,59092,58462,57816,58242,57083,57544,57625,56936,56196,55132,55037,55374,54949
STAT,(NULL),Iterations,44,44637145,538646,1175981,481514,1177187,1180485,1165696,959660,1052367,1003017,957000,981267,972482,958917,975887,928211,997583,1061109,972116,1020482,971869,909279,934593,1019318,977214,878053,1192081,1025870,964788,1002151,1190318,1195712,1055329,1052827,1097768,1159105,960084,1079221,1099712,1183629,1030970,1034119,869182,1012905,1181441
STAT,(NULL),LoopTime,44,9068701526,9068701526,0,0,0,0,0,0,0,0,0,0,0,0,0,0,0,0,0,0,0,0,0,0,0,0,0,0,0,0,0,0,0,0,0,0,0,0,0,0,0,0,0,0,0
STAT,(NULL),MeminfoPost,44,2244,51,51,51,51,51,51,51,51,51,51,51,51,51,51,51,51,51,51,51,51,51,51,51,51,51,51,51,51,51,51,51,51,51,51,51,51,51,51,51,51,51,51,51,51
STAT,(NULL),MeminfoPre,44,2244,51,51,51,51,51,51,51,51,51,51,51,51,51,51,51,51,51,51,51,51,51,51,51,51,51,51,51,51,51,51,51,51,51,51,51,51,51,51,51,51,51,51,51,51
STAT,(NULL),NumaPost,44,12581,7469,4117,827,168,0,0,0,0,0,0,0,0,0,0,0,0,0,0,0,0,0,0,0,0,0,0,0,0,0,0,0,0,0,0,0,0,0,0,0,0,0,0,0,0
STAT,(NULL),PopTime,44,133561645270,3431616490,2963488330,2967889486,2943726593,2958706557,2958136480,3081995023,3022713147,3027634256,3131053857,3032612034,3053589349,3093344508,3068026193,3115448888,3083200753,3037576932,3054656899,3035836754,3106167042,3115458126,3101914957,3020842074,3073263553,3171750106,2927867010,2998165724,3095090691,3032815208,2930390672,2923502669,3026195762,3010372570,2969575618,2941401508,3106182694,2984431673,2948572970,2928890612,3030157207,2995549514,3147030581,3001636820,2913167380
STAT,(NULL),PushTime,44,73886019138,1571481015,1690588599,1744647432,1721384251,1686898729,1714349715,1640185889,1681034907,1685470287,1638227541,1680092064,1670251264,1640334211,1682737679,1638084826,1639260212,1689554419,1666029853,1672025272,1630826236,1626766588,1633188104,1672819400,1665493409,1621059673,1721458739,1724280628,1655678024,1686377038,1732651212,1717063905,1681726037,1678953760,1712829264,1713825282,1633473675,1716307272,1728871327,1739456574,1677325192,1691794261,1626274690,1689625099,1755255584
STAT,(NULL),RusageSys,44,8000,8000,0,0,0,0,0,0,0,0,0,0,0,0,0,0,0,0,0,0,0,0,0,0,0,0,0,0,0,0,0,0,0,0,0,0,0,0,0,0,0,0,0,0,0
STAT,(NULL),RusageUser,44,168260000,168260000,0,0,0,0,0,0,0,0,0,0,0,0,0,0,0,0,0,0,0,0,0,0,0,0,0,0,0,0,0,0,0,0,0,0,0,0,0,0,0,0,0,0,0
STAT,(NULL),Threads,44,44,44,0,0,0,0,0,0,0,0,0,0,0,0,0,0,0,0,0,0,0,0,0,0,0,0,0,0,0,0,0,0,0,0,0,0,0,0,0,0,0,0,0,0,0
STAT,(NULL),Time,44,9137656212,9137656212,0,0,0,0,0,0,0,0,0,0,0,0,0,0,0,0,0,0,0,0,0,0,0,0,0,0,0,0,0,0,0,0,0,0,0,0,0,0,0,0,0,0,0
STAT,(NULL),TotalTime,44,20261207646,20261207646,0,0,0,0,0,0,0,0,0,0,0,0,0,0,0,0,0,0,0,0,0,0,0,0,0,0,0,0,0,0,0,0,0,0,0,0,0,0,0,0,0,0,0
STAT,(NULL),UserTime,44,113563982508,2355050481,2654225588,2464510684,2648210179,2658163297,2641575338,2578444572,2599979203,2588089053,2541130139,2586787081,2575094879,2561768963,2556769340,2541459757,2581911858,2584843129,2573222377,2589817192,2557468315,2556535684,2559971888,2591093082,2555367338,2501265175,2643307307,2574157936,2542430782,2574194356,2638889324,2649891936,2583964136,2594080283,2614842037,2634547775,2547477374,2599142138,2619823005,2634664206,2581353705,2593370262,2514113323,2594335883,2626642148
STAT,(NULL),Work,44,379257508351,8619271137,8619672685,8619010392,8619679557,8619677234,8619684699,8619025112,8619642473,8619673779,8619012778,8619675956,8619010836,8619652600,8619657068,8619641118,8619664186,8619142522,8619678230,8619695608,8619679169,8619008982,8619684300,8619634688,8619662444,8619648068,8619600475,8619604809,8619683580,8618997490,8619594074,8619627095,8618962357,8619596893,8619630754,8619617478,8619669025,8619124932,8619149496,8619636434,8619670552,8619601020,8619612300,8619681174,8618962792
STAT,(NULL),nBad,44,42130815,797905,1041945,796381,1059164,977861,1009402,930455,1009809,847286,949026,890093,926389,1015290,869631,970180,980844,1013245,916773,923738,1048557,879002,938736,955180,949615,901450,959212,993264,952256,936266,1016664,1016853,983317,983385,907940,1009613,969693,1003406,916495,1013580,931898,956843,1034100,907665,1040408
STAT,(NULL),nEmpty,44,4250780,47614,117993,36965,118404,114290,113178,86786,102468,99725,88222,94823,89129,88985,92075,85351,93837,101762,90650,97046,89365,84359,85341,98153,89621,77115,119061,97752,93013,95044,116493,121194,98845,101779,106583,113886,91856,102397,107185,118297,98623,100683,70185,97058,117589
STAT,(NULL),nEmptyPop,44,1545584,8027,40132,8316,40130,39885,40217,21596,39552,39293,34978,35262,35066,34932,34844,38770,34545,34749,34862,34906,38794,34426,34522,34861,34830,34505,39714,35139,34991,35327,39733,39948,39650,39714,40071,40144,20072,35620,40108,40226,35716,35811,35305,35761,40534
STAT,(NULL),nOverall,44,100464156,1225530,2651086,1082214,2649707,2659692,2617736,2150979,2378566,2256813,2154351,2206454,2184899,2156954,2197082,2093033,2246248,2392196,2183480,2301784,2190719,2049369,2099809,2295534,2201211,1963475,2678783,2312923,2171025,2248491,2672723,2691269,2373801,2371618,2467394,2605056,2163152,2425889,2473401,2667972,2318267,2328371,1960812,2280343,2663945
STAT,(NULL),nPop,44,44637145,538646,1175981,481514,1177187,1180485,1165696,959660,1052367,1003017,957000,981267,972482,958917,975887,928211,997583,1061109,972116,1020482,971869,909279,934593,1019318,977214,878053,1192081,1025870,964788,1002151,1190318,1195712,1055329,1052827,1097768,1159105,960084,1079221,1099712,1183629,1030970,1034119,869182,1012905,1181441
STAT,(NULL),nPush,44,44637142,538792,1180912,481334,1178516,1184764,1167096,957758,1055104,999545,956248,979389,969673,959310,975763,926047,995973,1062056,971445,1019776,970886,907525,932214,1017465,978393,874330,1195583,1024805,964302,1000151,1192635,1197800,1054818,1052530,1098434,1160958,959780,1078917,1100383,1186754,1029493,1034504,867827,1013879,1183275
STAT,(NULL),nPushInit,44,3,1,1,1,0,0,0,0,0,0,0,0,0,0,0,0,0,0,0,0,0,0,0,0,0,0,0,0,0,0,0,0,0,0,0,0,0,0,0,0,0,0,0,0,0
==== BENCHMARK TOOK 10.167
==== BENCHMARK START ===
==== PARAMS kernel=4.9.5-64-net1 malloc=libc hostname=rack-castor threads=44 delta=4 prog=sssp-klsm256  ===
ERROR: ld.so: object '/specific/disk1/home/adamx/malloc/lib64/libjemalloc.so' from LD_PRELOAD cannot be preloaded (cannot open shared object file): ignored.
Galois Benchmark Suite v2.2.1 (r0)
Copyright (C) 2014 The University of Texas at Austin
http://iss.ices.utexas.edu/galois/

application: Single Source Shortest Path
Computes the shortest path from a source node to all nodes in a directed graph using a modified chaotic iteration algorithm
http://iss.ices.utexas.edu/?p=projects/galois/benchmarks/single_source_shortest_path

INFO: CommandLine ./build/debug/apps/sssp/sssp -noverify -t 44 -delta 4 -wl klsm256 -startNode 0 /specific/disk1/home/mad/Galois-PQ/inputs/road/USA-road-d.USA.gr
INFO: Hostname rack-castor
Read 23947347 nodes
Running Asynchronous with CAS version
INFO: Using delta-step of 1
WARNING: Performance varies considerably due to delta parameter.
WARNING: Do not expect the default to be good for your graph.
Node 1 has distance 2025
STATTYPE,LOOP,CATEGORY,n,sum,T0,T1,T2,T3,T4,T5,T6,T7,T8,T9,T10,T11,T12,T13,T14,T15,T16,T17,T18,T19,T20,T21,T22,T23,T24,T25,T26,T27,T28,T29,T30,T31,T32,T33,T34,T35,T36,T37,T38,T39,T40,T41,T42,T43
STAT,(NULL),BadWork,44,41611288729,1165799205,913538188,1372069374,905017262,995421752,925121306,944093525,972828469,919825977,868030815,916250472,986655226,1073884572,899107965,923377373,950791426,1002757308,949038767,950767966,889515742,906457502,906450595,943668243,924360356,892985063,961840781,917659882,918143426,858160731,927348272,1045848959,858984934,924053562,900420395,1021876720,884972826,876449982,899132271,908890542,909553356,857580740,920162092,923056771,999338038
STAT,(NULL),BarrierTime,44,16544817,937516,570000,883901,835493,401583,504799,487516,505276,720215,229600,300492,761640,398848,747375,385560,252648,612940,618920,267476,140828,445689,188290,510239,164515,468176,141567,507527,134171,158701,157997,475598,445083,103986,77293,448514,120080,77423,444064,445563,59528,87723,236419,26575,57470
STAT,(NULL),ConflictTime,44,0,0,0,0,0,0,0,0,0,0,0,0,0,0,0,0,0,0,0,0,0,0,0,0,0,0,0,0,0,0,0,0,0,0,0,0,0,0,0,0,0,0,0,0,0
STAT,(NULL),Conflicts,44,0,0,0,0,0,0,0,0,0,0,0,0,0,0,0,0,0,0,0,0,0,0,0,0,0,0,0,0,0,0,0,0,0,0,0,0,0,0,0,0,0,0,0,0,0
STAT,(NULL),EmptyPopTime,44,479245340,4145431,11609288,3159506,12949342,10580462,11610136,11304748,10930208,11887380,12123487,10979043,11141860,10907870,10983224,11418961,9712362,11543088,11130340,11826642,11825126,11671826,11642240,10431233,12343800,12665574,10368892,11054237,11906972,10878543,11235907,10330382,13878884,10191002,12383335,11839617,9246656,10046136,10842185,11262070,10278539,11642878,10047602,10580453,10707873
STAT,(NULL),EmptyWork,44,1672244789,49974230,39690461,49338399,41491302,38525028,41895254,37622768,33465312,36174018,35298894,36466092,39055147,35250051,37714403,37121070,35588614,37862188,34945102,38785645,36321261,35560723,37339306,39737147,37374083,35220631,40396383,36109753,37614780,36200275,41959957,39059029,36448721,36535250,35946187,36171006,33718426,38937090,36358120,42184314,38196798,36935606,35992104,36187833,39476028
STAT,(NULL),GaloisTime,44,52934222636,1390521862,1174724821,1293354705,1176104519,1185726647,1174464363,1190618564,1203157267,1192254573,1196558077,1195317425,1190203455,1200842383,1185187486,1188970442,1199770389,1190390379,1196212085,1192686569,1199888246,1193560335,1191540977,1193155512,1209350012,1210658692,1197026606,1208774238,1206924378,1195925829,1193780635,1191567256,1206484848,1207227360,1207030594,1205414894,1211238893,1196895261,1200440317,1185918205,1205620912,1203719111,1206530103,1204366790,1184116621
STAT,(NULL),InitPushTime,44,2683401,95972,12434,134017,36389,37318,37749,42656,40428,39656,70737,35118,38652,39248,38180,39500,39606,40828,38848,41936,75668,59158,39254,63507,99462,98626,98685,99800,98582,98670,98546,98355,58645,58336,57390,57192,74309,57956,57699,57266,55762,54956,54442,56313,55550
STAT,(NULL),Iterations,44,43996363,515768,1146885,476272,1145576,1143129,1146985,1011233,928728,983249,909750,979336,1046493,959768,1048655,1007282,948836,995225,950831,1030617,951730,931594,946665,1124093,1029110,918150,1160380,975127,1059856,978825,1147294,1163129,992007,969604,995155,1045234,913660,1041169,995968,1154873,1047132,989463,936926,1010061,1144540
STAT,(NULL),LoopTime,44,8758873106,8758873106,0,0,0,0,0,0,0,0,0,0,0,0,0,0,0,0,0,0,0,0,0,0,0,0,0,0,0,0,0,0,0,0,0,0,0,0,0,0,0,0,0,0,0
STAT,(NULL),MeminfoPost,44,2244,51,51,51,51,51,51,51,51,51,51,51,51,51,51,51,51,51,51,51,51,51,51,51,51,51,51,51,51,51,51,51,51,51,51,51,51,51,51,51,51,51,51,51,51
STAT,(NULL),MeminfoPre,44,2244,51,51,51,51,51,51,51,51,51,51,51,51,51,51,51,51,51,51,51,51,51,51,51,51,51,51,51,51,51,51,51,51,51,51,51,51,51,51,51,51,51,51,51,51
STAT,(NULL),NumaPost,44,12234,7319,3918,646,351,0,0,0,0,0,0,0,0,0,0,0,0,0,0,0,0,0,0,0,0,0,0,0,0,0,0,0,0,0,0,0,0,0,0,0,0,0,0,0,0
STAT,(NULL),PopTime,44,128377163213,2800181051,2872445985,2961229742,2865253310,2867421448,2866561473,2945955110,3003314334,2941044588,2985357530,2974663137,2904916861,2975535836,2904042299,2930831396,2995504634,2936172575,2960279302,2914607882,2967462524,2980128566,2962848453,2888768017,2912311474,2946015540,2844914473,2922637474,2894740058,2966986692,2843192680,2834468124,2916922849,2920099731,2910244987,2899828210,3009243481,2923621764,2912098655,2847086196,2874680711,2902951266,2928059300,2912863653,2849669842
STAT,(NULL),PushTime,44,70801455192,1551655925,1630726348,1464732870,1631781860,1633642138,1629364879,1594151294,1571270250,1607625091,1585752422,1581027701,1616794335,1585353574,1620485063,1604819472,1576798083,1606175089,1591347700,1607995941,1576216840,1585700795,1595356252,1624152904,1613464521,1607533486,1654229944,1620565596,1627437997,1592591282,1659974479,1663419618,1617701183,1623455447,1626535205,1617937947,1569886965,1609076126,1621945977,1646279697,1639112392,1624279087,1619774789,1622323590,1651003038
STAT,(NULL),RusageSys,44,20000,20000,0,0,0,0,0,0,0,0,0,0,0,0,0,0,0,0,0,0,0,0,0,0,0,0,0,0,0,0,0,0,0,0,0,0,0,0,0,0,0,0,0,0,0
STAT,(NULL),RusageUser,44,162600000,162600000,0,0,0,0,0,0,0,0,0,0,0,0,0,0,0,0,0,0,0,0,0,0,0,0,0,0,0,0,0,0,0,0,0,0,0,0,0,0,0,0,0,0,0
STAT,(NULL),Threads,44,44,44,0,0,0,0,0,0,0,0,0,0,0,0,0,0,0,0,0,0,0,0,0,0,0,0,0,0,0,0,0,0,0,0,0,0,0,0,0,0,0,0,0,0,0
STAT,(NULL),Time,44,8860223142,8860223142,0,0,0,0,0,0,0,0,0,0,0,0,0,0,0,0,0,0,0,0,0,0,0,0,0,0,0,0,0,0,0,0,0,0,0,0,0,0,0,0,0,0,0
STAT,(NULL),TotalTime,44,21007987728,21007987728,0,0,0,0,0,0,0,0,0,0,0,0,0,0,0,0,0,0,0,0,0,0,0,0,0,0,0,0,0,0,0,0,0,0,0,0,0,0,0,0,0,0,0
STAT,(NULL),UserTime,44,111350232223,2512944489,2580226763,2537608182,2581844422,2573529374,2585528456,2529769914,2487286049,2520438902,2494331260,2510967497,2547309328,2501533625,2551011021,2536264368,2492047185,2527280197,2515506785,2543518543,2517708407,2502799807,2510697067,2553175781,2524576461,2497326579,2562485069,2510279959,2530797067,2506838144,2559277016,2570576332,2517984853,2511912066,2517280809,2538229068,2476086133,2530844183,2527735368,2576689841,2541530660,2529892668,2509016775,2523098296,2574447454
STAT,(NULL),Work,44,365628282150,8309530840,8309859639,8309514086,8309515186,8309885479,8309878817,8309890954,8309739876,8309524471,8309889228,8309892414,8309512535,8309882671,8309531792,8309895024,8309885408,8309515056,8309514297,8309866616,8309897570,8309529921,8309878441,8309508744,8309859188,8309556266,8309882806,8309514610,8309891206,8309865748,8309866585,8309549242,8309508966,8309857294,8309889152,8309508712,8309892434,8309891644,8309508436,8309508812,8309885536,8309861299,8309673512,8309882918,8309888719
STAT,(NULL),nBad,44,40685809,758734,936302,712170,925933,997257,938055,951578,966303,909934,865370,916418,964608,1045796,919348,921540,945776,995517,934085,962665,879620,910433,898022,967195,938122,884377,985012,918476,932598,852200,962363,1071740,865979,917525,901716,1027163,871538,880109,892998,925374,921213,852974,903779,933676,1024218
STAT,(NULL),nEmpty,44,4206416,41269,110810,38777,115528,107315,117627,97241,82949,92624,85261,93157,100865,89927,100391,94697,89232,94944,86245,101684,90109,88736,91526,111909,100794,86420,116820,92411,102906,92374,115399,112594,93408,93379,94270,97459,83044,100230,93383,115996,101594,95181,89573,94918,111440
STAT,(NULL),nEmptyPop,44,72606,717,1981,673,1921,1878,1805,1573,1438,1645,1439,1522,1797,1519,1664,1645,1535,1674,1557,1740,1485,1471,1664,1760,1713,1788,1882,1639,1719,1625,2004,1877,1858,1607,1782,1748,1395,1742,1650,1886,1664,1743,1589,1624,1968
STAT,(NULL),nOverall,44,99019150,1156603,2584793,1066417,2575809,2566993,2581767,2272739,2089680,2210833,2045092,2202271,2365787,2159869,2359706,2265307,2143511,2239357,2135851,2323216,2141300,2104666,2129033,2532975,2316980,2067891,2616377,2200591,2385549,2198581,2582291,2617580,2223728,2189809,2242387,2356381,2048062,2334964,2242975,2590031,2356608,2223328,2115962,2277278,2578222
STAT,(NULL),nPop,44,43996363,515768,1146885,476272,1145576,1143129,1146985,1011233,928728,983249,909750,979336,1046493,959768,1048655,1007282,948836,995225,950831,1030617,951730,931594,946665,1124093,1029110,918150,1160380,975127,1059856,978825,1147294,1163129,992007,969604,995155,1045234,913660,1041169,995968,1154873,1047132,989463,936926,1010061,1144540
STAT,(NULL),nPush,44,43996360,515637,1148316,475546,1147384,1145995,1149095,1010078,927132,982506,907725,978687,1048142,958503,1050489,1006995,948598,993713,951380,1030282,949344,930906,945457,1125920,1027286,915903,1162345,974585,1059983,977108,1149970,1166258,991340,971081,995204,1045710,911526,1040449,996204,1155283,1046631,987004,938295,1008718,1147647
STAT,(NULL),nPushInit,44,3,1,1,1,0,0,0,0,0,0,0,0,0,0,0,0,0,0,0,0,0,0,0,0,0,0,0,0,0,0,0,0,0,0,0,0,0,0,0,0,0,0,0,0,0
==== BENCHMARK TOOK 10.629
==== BENCHMARK START ===
==== PARAMS kernel=4.9.5-64-net1 malloc=libc hostname=rack-castor threads=44 delta=4 prog=sssp-klsm256  ===
ERROR: ld.so: object '/specific/disk1/home/adamx/malloc/lib64/libjemalloc.so' from LD_PRELOAD cannot be preloaded (cannot open shared object file): ignored.
Galois Benchmark Suite v2.2.1 (r0)
Copyright (C) 2014 The University of Texas at Austin
http://iss.ices.utexas.edu/galois/

application: Single Source Shortest Path
Computes the shortest path from a source node to all nodes in a directed graph using a modified chaotic iteration algorithm
http://iss.ices.utexas.edu/?p=projects/galois/benchmarks/single_source_shortest_path

INFO: CommandLine ./build/debug/apps/sssp/sssp -noverify -t 44 -delta 4 -wl klsm256 -startNode 0 /specific/disk1/home/mad/Galois-PQ/inputs/road/USA-road-d.USA.gr
INFO: Hostname rack-castor
Read 23947347 nodes
Running Asynchronous with CAS version
INFO: Using delta-step of 1
WARNING: Performance varies considerably due to delta parameter.
WARNING: Do not expect the default to be good for your graph.
Node 1 has distance 2025
STATTYPE,LOOP,CATEGORY,n,sum,T0,T1,T2,T3,T4,T5,T6,T7,T8,T9,T10,T11,T12,T13,T14,T15,T16,T17,T18,T19,T20,T21,T22,T23,T24,T25,T26,T27,T28,T29,T30,T31,T32,T33,T34,T35,T36,T37,T38,T39,T40,T41,T42,T43
STAT,(NULL),BadWork,44,42059727121,1336486008,917923217,1061124428,983732942,960678122,955858619,942518988,953949901,861778592,1027864182,920374460,952105528,882844445,905318183,933004244,951651875,957927327,975122772,919327998,986817917,934280114,930326418,915485368,902360780,917690070,934780606,1004274694,920659866,944035974,919236995,996798437,912482748,902487500,942019066,911875386,1088921617,940835767,925536782,942278183,931555107,892904214,983957121,1046836853,931697707
STAT,(NULL),BarrierTime,44,2316650789,70548307,35524180,466836,35393148,35393266,35412511,35377976,35336340,35337550,35242104,35240976,70336047,70336916,35374656,35289683,70270325,70324680,35207434,35164020,35144684,35142288,70073452,69890103,69909678,70085030,70084802,35085664,69897545,70085072,69896754,70085771,70085235,34962106,70085110,70084417,35019565,69876506,69903076,69937184,69921120,34962345,35034925,69934318,69887084
STAT,(NULL),ConflictTime,44,0,0,0,0,0,0,0,0,0,0,0,0,0,0,0,0,0,0,0,0,0,0,0,0,0,0,0,0,0,0,0,0,0,0,0,0,0,0,0,0,0,0,0,0,0
STAT,(NULL),Conflicts,44,0,0,0,0,0,0,0,0,0,0,0,0,0,0,0,0,0,0,0,0,0,0,0,0,0,0,0,0,0,0,0,0,0,0,0,0,0,0,0,0,0,0,0,0,0
STAT,(NULL),EmptyPopTime,44,1922799832,39422181,43704200,46346766,45278697,45616918,43739430,44350160,42144499,43687177,43090901,42573076,43668510,44853716,43216520,45323578,43765096,43267542,44165940,42727978,43175440,44060628,45608341,44887295,44008988,42657361,44478041,44439895,43342187,44961026,43856381,42895208,44761630,43782661,42307485,44978419,40045237,42826381,44053097,43629937,44467124,43747741,41139618,42413313,45333513
STAT,(NULL),EmptyWork,44,1842986845,189781057,41416835,84345288,39909414,40182449,40557705,36184069,32773892,38069862,33616090,35152004,38337114,36453419,36805275,39883188,35267520,34334133,37714110,35370751,36248319,34360605,36486956,37582428,36690325,37507707,40936588,36867956,37164850,34852267,41891456,40390874,37026525,37803542,37613428,37958279,28704222,38698752,39185504,39537981,36529654,40334269,34124367,37343831,40991985
STAT,(NULL),GaloisTime,44,53286117601,1212865615,1187519382,1335446927,1190900983,1190823440,1191804760,1206184270,1215583458,1203588704,1214186035,1208591602,1193721335,1213391047,1204356718,1199543183,1206427554,1209820971,1206254286,1205687283,1209138433,1204624918,1199683503,1217528480,1218953987,1207105539,1204758297,1215537597,1216031906,1218822758,1203371467,1209081276,1219966609,1213272417,1221386064,1214572479,1228908697,1202168927,1209660338,1201221567,1209528149,1209019268,1217445787,1216866541,1200765044
STAT,(NULL),InitPushTime,44,2936158,57532,51736,82872,73723,37012,36338,40832,40892,35686,39512,39240,34823,34766,38560,35819,65457,38976,37504,37260,36724,38296,38088,100614,101325,100078,100276,100048,99689,99726,99183,99616,98897,99073,98230,98809,98722,98604,97819,98391,55572,54802,54912,55278,54846
STAT,(NULL),Iterations,44,44197550,518278,1152689,468181,1155354,1154150,1156804,969485,874773,1006655,934397,934832,1086913,982585,978650,1049768,964366,918809,958858,911554,988088,922609,983904,1028341,978420,1032478,1167723,1041937,1027256,965210,1164836,1172826,986064,1046799,991642,1033127,873433,1087311,1061990,1165784,1019467,1046326,984830,1085950,1164098
STAT,(NULL),LoopTime,44,8973379359,8973379359,0,0,0,0,0,0,0,0,0,0,0,0,0,0,0,0,0,0,0,0,0,0,0,0,0,0,0,0,0,0,0,0,0,0,0,0,0,0,0,0,0,0,0
STAT,(NULL),MeminfoPost,44,2244,51,51,51,51,51,51,51,51,51,51,51,51,51,51,51,51,51,51,51,51,51,51,51,51,51,51,51,51,51,51,51,51,51,51,51,51,51,51,51,51,51,51,51,51
STAT,(NULL),MeminfoPre,44,2244,51,51,51,51,51,51,51,51,51,51,51,51,51,51,51,51,51,51,51,51,51,51,51,51,51,51,51,51,51,51,51,51,51,51,51,51,51,51,51,51,51,51,51,51
STAT,(NULL),NumaPost,44,12648,7509,4135,836,168,0,0,0,0,0,0,0,0,0,0,0,0,0,0,0,0,0,0,0,0,0,0,0,0,0,0,0,0,0,0,0,0,0,0,0,0,0,0,0,0
STAT,(NULL),PopTime,44,132189306299,3022406710,2943636251,2812640374,2941306061,2929372797,2946399031,3044857390,3124433774,3022671344,3098077149,3059866583,2967288990,3028636673,3035456285,2974570568,3069618636,3099578841,3029017532,3125929577,3048411284,3089490533,3071197724,2990877676,3015088617,2994549184,2915087309,2976843361,2987533395,3062738039,2919778620,2910178308,3016086490,2993061409,3000822605,2983738244,3133690592,2970556905,2944492631,2923575090,2999087425,2988156624,3091798166,2961006790,2925694712
STAT,(NULL),PushTime,44,71926959607,1709101228,1660378900,1574602737,1663714570,1661381836,1649617666,1617991757,1580627963,1619113300,1587726044,1612098312,1656037663,1616185849,1623362512,1647174296,1596472139,1587307883,1621146082,1577773528,1615564383,1598280445,1596411162,1638080335,1630777292,1654867610,1678047200,1663878983,1651916230,1610639784,1681658041,1682296704,1628842319,1640164377,1637050965,1651094039,1580242717,1655168161,1672949280,1677114619,1646127222,1657334643,1588524768,1658470045,1669644018
STAT,(NULL),RusageSys,44,4000,4000,0,0,0,0,0,0,0,0,0,0,0,0,0,0,0,0,0,0,0,0,0,0,0,0,0,0,0,0,0,0,0,0,0,0,0,0,0,0,0,0,0,0,0
STAT,(NULL),RusageUser,44,166956000,166956000,0,0,0,0,0,0,0,0,0,0,0,0,0,0,0,0,0,0,0,0,0,0,0,0,0,0,0,0,0,0,0,0,0,0,0,0,0,0,0,0,0,0,0
STAT,(NULL),Threads,44,44,44,0,0,0,0,0,0,0,0,0,0,0,0,0,0,0,0,0,0,0,0,0,0,0,0,0,0,0,0,0,0,0,0,0,0,0,0,0,0,0,0,0,0,0
STAT,(NULL),Time,44,9004282106,9004282106,0,0,0,0,0,0,0,0,0,0,0,0,0,0,0,0,0,0,0,0,0,0,0,0,0,0,0,0,0,0,0,0,0,0,0,0,0,0,0,0,0,0,0
STAT,(NULL),TotalTime,44,19740362334,19740362334,0,0,0,0,0,0,0,0,0,0,0,0,0,0,0,0,0,0,0,0,0,0,0,0,0,0,0,0,0,0,0,0,0,0,0,0,0,0,0,0,0,0,0
STAT,(NULL),UserTime,44,111996074306,2307427030,2604352519,2627624831,2599895798,2613630013,2608888949,2531437930,2485443586,2553876825,2504310299,2522724259,2581952732,2541485756,2537807224,2574512471,2529453403,2506698978,2542707774,2493518215,2528468933,2510191221,2531619316,2552048237,2535485607,2544317011,2597696845,2543436776,2545015795,2508990904,2590448313,2596162405,2534321035,2552920287,2541824003,2548662874,2469413329,2571584637,2570663722,2595924986,2545265180,2542412353,2507971930,2564904098,2598575917
STAT,(NULL),Work,44,373906892157,8481117405,8516110056,8516114598,8516199253,8516157083,8516159234,8516161736,8516204478,8516174956,8516206864,8516205982,8481115641,8481115763,8516075909,8516167785,8481113863,8481116468,8516205200,8516246430,8516205230,8516205982,8481279298,8481291104,8481271630,8481091338,8481089826,8516091687,8481283206,8481095948,8481283852,8481090243,8481094073,8516214308,8481091302,8481090893,8516161354,8481306787,8481278875,8481245107,8481259870,8516214307,8516145442,8481248079,8481293712
STAT,(NULL),nBad,44,41244441,838389,924232,734267,1004934,983911,968277,924736,945336,862853,1029077,869406,959676,883217,901235,945776,939459,944896,965408,913501,982445,927416,916072,915630,894532,912114,946367,1007413,908647,946405,945721,1025690,916828,900360,954933,915373,1054392,944460,929161,951818,944929,900862,965638,1054102,944547
STAT,(NULL),nEmpty,44,4197321,40997,115485,36532,111417,112774,113764,90929,77371,97130,83099,86206,102929,91355,93033,100078,88549,83618,89991,86662,93437,84222,91636,100023,93746,100563,116983,99992,98485,88843,115878,117235,94809,101170,97440,100009,69672,107106,101487,112303,95592,104613,90173,103959,116026
STAT,(NULL),nEmptyPop,44,1231040,1507,33067,4224,33118,33182,32999,29123,28845,29179,28823,28856,29030,29011,32377,29045,28635,28500,28782,17607,28649,28466,28574,29025,28814,32633,32853,16751,29237,28872,33038,33115,29197,16981,29305,33054,28818,33021,29539,33295,29622,17156,28029,33329,33757
STAT,(NULL),nOverall,44,99577782,1163655,2596081,1064125,2602129,2608352,2607454,2184148,1968610,2265858,2112637,2101691,2450322,2209036,2202263,2374178,2175380,2067122,2166785,2055887,2232328,2077802,2212155,2314978,2199588,2328113,2628718,2347805,2311852,2170586,2627891,2650751,2219268,2360987,2242653,2319960,1959797,2451638,2387026,2622156,2294232,2357822,2216881,2446054,2621028
STAT,(NULL),nPop,44,44197550,518278,1152689,468181,1155354,1154150,1156804,969485,874773,1006655,934397,934832,1086913,982585,978650,1049768,964366,918809,958858,911554,988088,922609,983904,1028341,978420,1032478,1167723,1041937,1027256,965210,1164836,1172826,986064,1046799,991642,1033127,873433,1087311,1061990,1165784,1019467,1046326,984830,1085950,1164098
STAT,(NULL),nPush,44,44197547,517747,1155365,467910,1158771,1159094,1157684,969959,872258,1006527,933125,933655,1087716,981347,977244,1050094,964336,916852,957567,910114,987691,919338,983283,1028225,976024,1033232,1171407,1040000,1027338,963111,1166375,1175475,982856,1048190,991550,1031444,872259,1089860,1061132,1168247,1019161,1046954,985056,1087327,1164647
STAT,(NULL),nPushInit,44,3,1,1,1,0,0,0,0,0,0,0,0,0,0,0,0,0,0,0,0,0,0,0,0,0,0,0,0,0,0,0,0,0,0,0,0,0,0,0,0,0,0,0,0,0
STAT,¨M³,BarrierTime,44,70213205,0,0,70213205,0,0,0,0,0,0,0,0,0,0,0,0,0,0,0,0,0,0,0,0,0,0,0,0,0,0,0,0,0,0,0,0,0,0,0,0,0,0,0,0,0
==== BENCHMARK TOOK 9.970
==== BENCHMARK START ===
==== PARAMS kernel=4.9.5-64-net1 malloc=libc hostname=rack-castor threads=44 delta=4 prog=sssp-klsm256  ===
ERROR: ld.so: object '/specific/disk1/home/adamx/malloc/lib64/libjemalloc.so' from LD_PRELOAD cannot be preloaded (cannot open shared object file): ignored.
Galois Benchmark Suite v2.2.1 (r0)
Copyright (C) 2014 The University of Texas at Austin
http://iss.ices.utexas.edu/galois/

application: Single Source Shortest Path
Computes the shortest path from a source node to all nodes in a directed graph using a modified chaotic iteration algorithm
http://iss.ices.utexas.edu/?p=projects/galois/benchmarks/single_source_shortest_path

INFO: CommandLine ./build/debug/apps/sssp/sssp -noverify -t 44 -delta 4 -wl klsm256 -startNode 0 /specific/disk1/home/mad/Galois-PQ/inputs/road/USA-road-d.USA.gr
INFO: Hostname rack-castor
Read 23947347 nodes
Running Asynchronous with CAS version
INFO: Using delta-step of 1
WARNING: Performance varies considerably due to delta parameter.
WARNING: Do not expect the default to be good for your graph.
Node 1 has distance 2025
STATTYPE,LOOP,CATEGORY,n,sum,T0,T1,T2,T3,T4,T5,T6,T7,T8,T9,T10,T11,T12,T13,T14,T15,T16,T17,T18,T19,T20,T21,T22,T23,T24,T25,T26,T27,T28,T29,T30,T31,T32,T33,T34,T35,T36,T37,T38,T39,T40,T41,T42,T43
STAT,(NULL),BadWork,44,41697132093,1310233915,998109541,1078421429,900477751,947572745,897543099,959927271,965726140,968920469,943017401,877384080,974926608,877009987,920730168,911560211,962456975,890666254,885594800,937790020,916664451,1025320120,972196876,972984903,940342549,913647525,911625552,891610286,1068873412,855911625,967036487,932099730,966134139,946341316,871993866,953976405,860000546,869783296,982905051,975461144,995490845,945505768,953872821,855550298,943734218
STAT,(NULL),BarrierTime,44,2247869645,45538572,80388426,70202724,80237942,80210006,72440850,35037860,42802253,80140217,42788914,80157036,34997094,35036497,72316264,34969313,42752994,42762149,42709088,79977098,42631407,42703824,42621268,42630245,34896516,34917308,35018933,34845020,72218038,34884822,34860226,34917503,42543142,79909158,42504724,42540861,42595126,42616550,79871591,42579040,42520179,42526326,42536470,79902031,42614040
STAT,(NULL),ConflictTime,44,0,0,0,0,0,0,0,0,0,0,0,0,0,0,0,0,0,0,0,0,0,0,0,0,0,0,0,0,0,0,0,0,0,0,0,0,0,0,0,0,0,0,0,0,0
STAT,(NULL),Conflicts,44,0,0,0,0,0,0,0,0,0,0,0,0,0,0,0,0,0,0,0,0,0,0,0,0,0,0,0,0,0,0,0,0,0,0,0,0,0,0,0,0,0,0,0,0,0
STAT,(NULL),EmptyPopTime,44,1295373753,80685961,29001035,38319325,29652731,28830328,28955981,28203517,30266054,28565829,27169538,26958967,28493592,27827740,27070423,28225918,29267194,28168347,27719361,28672267,27890455,27998731,26407649,27813243,27800463,25791570,28365757,27762919,29365988,27632701,27883073,28979548,26488706,27461287,28279852,27880905,28046640,27991767,27369788,28740190,26754142,28179068,26916293,27207473,28311437
STAT,(NULL),EmptyWork,44,1683626303,50823720,40664727,50994480,41055035,41027741,42489818,39570030,36588357,35003153,38233001,37816669,35261768,34966117,38285289,39959997,36263767,36581077,38200385,38115609,37678619,34541912,34831775,37343197,34930137,33431892,41286187,38780649,34544014,36260301,41226571,40742453,36244642,35727889,35956615,38072437,34615905,37849686,38751583,40904227,37312074,36750357,35566657,37197132,41178652
STAT,(NULL),GaloisTime,44,53440692875,1213147312,1190114558,1356238451,1201577654,1196284695,1195596508,1203251100,1222634636,1216082263,1206423593,1202576723,1217375886,1206205071,1201905355,1197255044,1202209498,1200809009,1206604866,1206292102,1214480487,1219625636,1214725110,1214622604,1221800464,1226318032,1208205330,1216395902,1228296651,1216153508,1203249139,1207006674,1215941408,1217274496,1225953248,1213284320,1225012032,1215621943,1208325019,1205942192,1207111606,1226724274,1225027837,1219241772,1201768867
STAT,(NULL),InitPushTime,44,2481089,35944,46659,82280,85639,37837,36411,43850,40436,66454,48835,39628,56904,38668,38112,39424,42584,35452,39148,88403,89349,39316,92840,127512,37480,37400,33480,37312,35520,40540,32511,31328,100195,101376,100386,99821,56496,57332,57156,56775,55044,54875,54252,55184,54941
STAT,(NULL),Iterations,44,43862506,510676,1159921,463873,1163861,1157300,1161271,1046839,975691,918433,987044,992718,912431,917518,1002361,1064518,976569,959137,990364,1028092,965036,940950,939064,1022354,951869,877212,1157911,1047330,1013199,979595,1170522,1161277,995961,987941,962728,1020942,904705,1011967,1100083,1165385,1084515,956380,932565,961112,1163286
STAT,(NULL),LoopTime,44,9072554124,9072554124,0,0,0,0,0,0,0,0,0,0,0,0,0,0,0,0,0,0,0,0,0,0,0,0,0,0,0,0,0,0,0,0,0,0,0,0,0,0,0,0,0,0,0
STAT,(NULL),MeminfoPost,44,2244,51,51,51,51,51,51,51,51,51,51,51,51,51,51,51,51,51,51,51,51,51,51,51,51,51,51,51,51,51,51,51,51,51,51,51,51,51,51,51,51,51,51,51,51
STAT,(NULL),MeminfoPre,44,2244,51,51,51,51,51,51,51,51,51,51,51,51,51,51,51,51,51,51,51,51,51,51,51,51,51,51,51,51,51,51,51,51,51,51,51,51,51,51,51,51,51,51,51,51
STAT,(NULL),NumaPost,44,12562,7407,4332,655,168,0,0,0,0,0,0,0,0,0,0,0,0,0,0,0,0,0,0,0,0,0,0,0,0,0,0,0,0,0,0,0,0,0,0,0,0,0,0,0,0
STAT,(NULL),PopTime,44,131767537864,3132508370,2915675986,2874088624,2923081775,2920337532,2921904092,2972348618,2983532652,3043484830,3033696534,3016208931,3051675923,3092208292,3066060795,2973160230,3068906920,3060159035,2985834545,2990922136,3023015192,3039871715,3083828939,3001688812,3034970274,3070044023,2900970368,2963517657,2965914065,3028990808,2899882207,2895431303,3014902498,3017928174,3005894694,3010752160,3063736665,2976672959,2933584280,2901659641,2989295331,3003180361,3034574831,2973701064,2907734023
STAT,(NULL),PushTime,44,71876676964,1569084730,1670540137,1738847059,1651514583,1664156156,1655356029,1644270990,1639457307,1615663093,1611535579,1620599143,1597383490,1588597722,1591315378,1639480098,1598648236,1600664936,1634540617,1633268263,1614156531,1609764117,1582176278,1630427468,1618944100,1610907966,1679604881,1653407075,1649973080,1615954622,1673520758,1683327083,1623026117,1617738964,1630162788,1615479652,1594787754,1644681824,1662162406,1680564368,1643266160,1632386914,1616761419,1652747516,1675823577
STAT,(NULL),RusageSys,44,12000,12000,0,0,0,0,0,0,0,0,0,0,0,0,0,0,0,0,0,0,0,0,0,0,0,0,0,0,0,0,0,0,0,0,0,0,0,0,0,0,0,0,0,0,0
STAT,(NULL),RusageUser,44,166456000,166456000,0,0,0,0,0,0,0,0,0,0,0,0,0,0,0,0,0,0,0,0,0,0,0,0,0,0,0,0,0,0,0,0,0,0,0,0,0,0,0,0,0,0,0
STAT,(NULL),Threads,44,44,44,0,0,0,0,0,0,0,0,0,0,0,0,0,0,0,0,0,0,0,0,0,0,0,0,0,0,0,0,0,0,0,0,0,0,0,0,0,0,0,0,0,0,0
STAT,(NULL),Time,44,9103837344,9103837344,0,0,0,0,0,0,0,0,0,0,0,0,0,0,0,0,0,0,0,0,0,0,0,0,0,0,0,0,0,0,0,0,0,0,0,0,0,0,0,0,0,0,0
STAT,(NULL),TotalTime,44,22062858896,22062858896,0,0,0,0,0,0,0,0,0,0,0,0,0,0,0,0,0,0,0,0,0,0,0,0,0,0,0,0,0,0,0,0,0,0,0,0,0,0,0,0,0,0,0
STAT,(NULL),UserTime,44,111951536974,2409442551,2609699172,2362041833,2608814493,2605059136,2611393937,2568051890,2543212762,2516894679,2538633467,2551534813,2525502895,2505890657,2531058446,2577613447,2520398229,2529313439,2562795018,2558421573,2538470638,2523892597,2513724771,2543801232,2517252510,2489204567,2597265586,2555834260,2547604162,2530704750,2609936341,2600211228,2539091955,2539563866,2529449859,2550228633,2509498660,2552876220,2585504860,2597886815,2551954491,2528477352,2516850134,2545597390,2600881660
STAT,(NULL),Work,44,373174523767,8490717520,8455782577,8420616660,8455783488,8455807657,8455783885,8493136367,8493175447,8455781163,8493133538,8455782462,8493098448,8493096308,8455782802,8493128906,8493130180,8493141760,8493133698,8455779328,8493127760,8493137132,8493138745,8493070002,8493108868,8493083774,8493062488,8493160496,8455786492,8493111048,8493155726,8493100381,8493157573,8455783676,8493196238,8493161261,8493095348,8493072800,8455786908,8493101266,8493161570,8493160262,8493159683,8455782118,8493069958
STAT,(NULL),nBad,44,40397233,789095,1003063,678503,911617,955993,896356,937609,971726,947248,936339,832829,956911,851667,914686,908727,969609,870805,861459,943044,906002,994791,950127,978496,933485,883197,920537,884363,1061783,852474,970723,941403,969856,942098,859021,949467,841263,856667,990924,987006,960914,916395,934312,838666,935977
STAT,(NULL),nEmpty,44,4199700,44988,113910,41218,115420,114629,118471,101152,92093,85852,93932,95487,82663,84631,98174,105062,91969,89804,95276,99758,91555,83412,85904,97654,87722,80313,117331,102714,91022,92577,117956,116850,95017,92441,90233,99348,84058,97232,106890,116427,103370,89456,88739,91556,115434
STAT,(NULL),nEmptyPop,44,672682,7083,17705,469,17883,17717,17730,17522,10033,15390,15597,15630,15369,9209,15412,17504,15434,15502,15572,15593,17171,15430,15178,15519,15544,10397,17753,15832,15795,15598,17873,18003,17407,15703,15769,15730,9995,15790,17976,18083,17826,16059,15773,15922,18202
STAT,(NULL),nOverall,44,98730574,1150863,2613574,1052763,2618002,2605089,2608232,2365614,2201742,2068138,2221184,2233071,2054629,2061368,2249158,2392260,2204671,2154178,2225095,2324213,2168709,2118912,2109580,2295915,2145229,1970180,2604386,2353262,2278551,2202775,2637442,2616562,2248113,2225587,2165672,2294330,2039062,2274782,2477414,2626450,2443227,2152144,2102543,2161954,2613949
STAT,(NULL),nPop,44,43862506,510676,1159921,463873,1163861,1157300,1161271,1046839,975691,918433,987044,992718,912431,917518,1002361,1064518,976569,959137,990364,1028092,965036,940950,939064,1022354,951869,877212,1157911,1047330,1013199,979595,1170522,1161277,995961,987941,962728,1020942,904705,1011967,1100083,1165385,1084515,956380,932565,961112,1163286
STAT,(NULL),nPush,44,43862503,509637,1162758,463023,1165878,1160158,1163007,1047726,974610,916956,987294,994113,910611,915993,1001497,1063691,975524,957131,989664,1029406,963758,938932,937085,1021151,951467,876474,1160650,1046011,1011894,980654,1173274,1165286,996219,987214,960968,1018010,903164,1010524,1101487,1169372,1085989,955086,931806,961033,1166318
STAT,(NULL),nPushInit,44,3,1,1,1,0,0,0,0,0,0,0,0,0,0,0,0,0,0,0,0,0,0,0,0,0,0,0,0,0,0,0,0,0,0,0,0,0,0,0,0,0,0,0,0,0
STAT,¨M³,BarrierTime,44,70045124,0,0,70045124,0,0,0,0,0,0,0,0,0,0,0,0,0,0,0,0,0,0,0,0,0,0,0,0,0,0,0,0,0,0,0,0,0,0,0,0,0,0,0,0,0
==== BENCHMARK TOOK 11.043
==== BENCHMARK START ===
==== PARAMS kernel=4.9.5-64-net1 malloc=libc hostname=rack-castor threads=44 delta=4 prog=sssp-klsm256  ===
ERROR: ld.so: object '/specific/disk1/home/adamx/malloc/lib64/libjemalloc.so' from LD_PRELOAD cannot be preloaded (cannot open shared object file): ignored.
Galois Benchmark Suite v2.2.1 (r0)
Copyright (C) 2014 The University of Texas at Austin
http://iss.ices.utexas.edu/galois/

application: Single Source Shortest Path
Computes the shortest path from a source node to all nodes in a directed graph using a modified chaotic iteration algorithm
http://iss.ices.utexas.edu/?p=projects/galois/benchmarks/single_source_shortest_path

INFO: CommandLine ./build/debug/apps/sssp/sssp -noverify -t 44 -delta 4 -wl klsm256 -startNode 0 /specific/disk1/home/mad/Galois-PQ/inputs/road/USA-road-d.USA.gr
INFO: Hostname rack-castor
Read 23947347 nodes
Running Asynchronous with CAS version
INFO: Using delta-step of 1
WARNING: Performance varies considerably due to delta parameter.
WARNING: Do not expect the default to be good for your graph.
Node 1 has distance 2025
STATTYPE,LOOP,CATEGORY,n,sum,T0,T1,T2,T3,T4,T5,T6,T7,T8,T9,T10,T11,T12,T13,T14,T15,T16,T17,T18,T19,T20,T21,T22,T23,T24,T25,T26,T27,T28,T29,T30,T31,T32,T33,T34,T35,T36,T37,T38,T39,T40,T41,T42,T43
STAT,(NULL),BadWork,44,42552236386,1015526573,943707541,963175320,1012701138,965699129,1030902543,922149770,1008255858,971842189,942371118,927313054,1009280815,914722078,1004601134,1010784705,968575969,829733133,901931902,990439871,984608313,941065803,973203190,909867554,938663955,1073014027,1005141838,932178011,931532342,1028781234,986302301,1018038055,942714634,904044737,966295000,975313309,993052330,989196051,975270094,1017468989,995450980,940987329,913714487,852999057,1029618926
STAT,(NULL),BarrierTime,44,13367187,960428,509825,789180,769691,386307,747793,353382,317508,325962,304208,301504,244816,609321,258732,269268,211208,222996,244398,200616,225581,593977,562391,457688,50412,64726,59524,68647,63108,85787,412613,64097,441584,422856,87846,53016,401050,441545,37782,60768,443318,63088,65504,55320,57816
STAT,(NULL),ConflictTime,44,0,0,0,0,0,0,0,0,0,0,0,0,0,0,0,0,0,0,0,0,0,0,0,0,0,0,0,0,0,0,0,0,0,0,0,0,0,0,0,0,0,0,0,0,0
STAT,(NULL),Conflicts,44,0,0,0,0,0,0,0,0,0,0,0,0,0,0,0,0,0,0,0,0,0,0,0,0,0,0,0,0,0,0,0,0,0,0,0,0,0,0,0,0,0,0,0,0,0
STAT,(NULL),EmptyPopTime,44,525389815,3089900,13247749,12257406,14493636,13314189,13702143,13746547,12836655,12701699,12141607,10233778,9853516,12742759,13264428,11549263,11854204,13300415,12584749,13119434,13713512,13570688,14124617,11221740,11454697,8993239,12423469,12277456,12270057,10543077,11982773,11963575,11573290,12937243,10844847,9435457,8977057,9883918,13293206,12985803,11283381,11547088,12831920,12169691,13053937
STAT,(NULL),EmptyWork,44,1703826690,85468218,41220240,35231474,41374246,40738449,41065165,41301365,37338432,37550340,36155697,32696956,34650064,37967905,34147865,35896615,34084029,37524777,39222723,36639065,36786400,36834257,38520711,37766037,39423604,34355479,41196476,35677261,34764767,34256398,40415972,39689018,38210315,39903353,36912394,40169650,36208434,32817158,37832399,41471989,38165107,37513340,36610466,37255720,40796360
STAT,(NULL),GaloisTime,44,52951486910,1172049912,1190166558,1197035381,1191059457,1190196491,1193812759,1190368151,1199620441,1201396896,1207503752,1204403256,1210020684,1201256847,1217063754,1215396976,1201042903,1203443837,1199967540,1209346490,1197927743,1208795393,1193211475,1207566121,1206589186,1208062564,1201933635,1213064068,1217900789,1210131281,1193172714,1200854073,1213782763,1201668087,1209725663,1203841179,1203390271,1209163879,1194987319,1194622596,1213542894,1220944936,1218413853,1213880511,1199161832
STAT,(NULL),InitPushTime,44,2221703,35752,10944,81056,37971,38125,37273,42208,41884,40676,40812,40368,40136,35944,40460,40412,41748,41332,34942,40196,40172,40264,40412,136058,95567,96713,94652,96457,66308,99468,94354,92752,36312,35796,35276,31838,33886,34041,58938,33158,33719,33800,33776,34392,31355
STAT,(NULL),Iterations,44,44867278,537881,1158565,969555,1160117,1155781,1159870,1099411,1013646,1049159,996060,883722,952926,987803,918964,1005307,944331,997171,1046648,1005644,1008768,980130,1064177,997570,1061000,948269,1168152,984724,942634,956832,1163608,1168970,1016044,1097609,1030290,1046899,974183,932414,1043034,1164175,1031036,986215,944957,949267,1163760
STAT,(NULL),LoopTime,44,8789431936,8789431936,0,0,0,0,0,0,0,0,0,0,0,0,0,0,0,0,0,0,0,0,0,0,0,0,0,0,0,0,0,0,0,0,0,0,0,0,0,0,0,0,0,0,0
STAT,(NULL),MeminfoPost,44,2244,51,51,51,51,51,51,51,51,51,51,51,51,51,51,51,51,51,51,51,51,51,51,51,51,51,51,51,51,51,51,51,51,51,51,51,51,51,51,51,51,51,51,51,51
STAT,(NULL),MeminfoPre,44,2244,51,51,51,51,51,51,51,51,51,51,51,51,51,51,51,51,51,51,51,51,51,51,51,51,51,51,51,51,51,51,51,51,51,51,51,51,51,51,51,51,51,51,51,51
STAT,(NULL),NumaPost,44,12676,7479,4187,659,351,0,0,0,0,0,0,0,0,0,0,0,0,0,0,0,0,0,0,0,0,0,0,0,0,0,0,0,0,0,0,0,0,0,0,0,0,0,0,0,0
STAT,(NULL),PopTime,44,131884458987,2666895269,2927518528,3080344133,2933585153,2925909877,2923581366,2948231615,3005445198,3016672634,3014731352,3161855989,3094877375,3029398342,3053356813,3017966841,3098002506,3003368422,2962195886,3010152044,3050362520,3018961644,2994117522,2990222123,2980937941,3156396014,2896492184,3030471299,3037756798,3083602912,2911870250,2899712091,2953984908,2959164713,3019512344,2989582268,3109542609,3124673585,2983560086,2915623841,2986630813,2985186427,3012473654,3014304021,2905227077
STAT,(NULL),PushTime,44,71607095740,1890909468,1659982002,1591126682,1656672861,1659607561,1657522476,1659098745,1623369887,1611943504,1621715469,1547155385,1571805932,1604196494,1599657325,1606414596,1583775303,1634410605,1636146178,1614160824,1597331479,1613518703,1623991218,1632550448,1631555051,1536825592,1670556186,1609784030,1608078464,1585756189,1671565086,1682496592,1644891097,1637233375,1608301706,1625446530,1567161640,1555588796,1647856295,1666306858,1628945832,1623810355,1631092174,1615312131,1661468616
STAT,(NULL),RusageSys,44,0,0,0,0,0,0,0,0,0,0,0,0,0,0,0,0,0,0,0,0,0,0,0,0,0,0,0,0,0,0,0,0,0,0,0,0,0,0,0,0,0,0,0,0,0
STAT,(NULL),RusageUser,44,166712000,166712000,0,0,0,0,0,0,0,0,0,0,0,0,0,0,0,0,0,0,0,0,0,0,0,0,0,0,0,0,0,0,0,0,0,0,0,0,0,0,0,0,0,0,0
STAT,(NULL),Threads,44,44,44,0,0,0,0,0,0,0,0,0,0,0,0,0,0,0,0,0,0,0,0,0,0,0,0,0,0,0,0,0,0,0,0,0,0,0,0,0,0,0,0,0,0,0
STAT,(NULL),Time,44,8820244172,8820244172,0,0,0,0,0,0,0,0,0,0,0,0,0,0,0,0,0,0,0,0,0,0,0,0,0,0,0,0,0,0,0,0,0,0,0,0,0,0,0,0,0,0,0
STAT,(NULL),TotalTime,44,20591847112,20591847112,0,0,0,0,0,0,0,0,0,0,0,0,0,0,0,0,0,0,0,0,0,0,0,0,0,0,0,0,0,0,0,0,0,0,0,0,0,0,0,0,0,0,0
STAT,(NULL),UserTime,44,111878655627,2603196381,2589475702,2505616380,2584426436,2591844967,2591927139,2568864354,2542999689,2541346558,2529362945,2465266398,2500403007,2536048328,2504120151,2534387305,2492852995,2529562490,2571494613,2538192473,2525489976,2529931142,2557646090,2542284831,2551651929,2476979866,2599010716,2520338628,2510838511,2497322161,2592605367,2586897447,2559169747,2570707216,2536315435,2553137622,2496332376,2489484981,2544080193,2590601655,2543044926,2542610300,2510190877,2528690398,2601904926
STAT,(NULL),Work,44,370567357792,8421732044,8422091210,8421717748,8421717814,8422106668,8421718597,8422105776,8422097898,8422092762,8422115630,8422117846,8422121006,8421764108,8422106680,8422094476,8422103952,8422089586,8422082406,8422116206,8422092343,8421717936,8421758560,8421714664,8422125180,8422109173,8422118675,8422109361,8422110492,8422089725,8421766439,8422114748,8421714556,8421734754,8422073502,8422114913,8421763914,8421714704,8422096204,8422103915,8421715412,8422097068,8422095144,8422105612,8422108385
STAT,(NULL),nBad,44,42605581,767530,971493,972147,1033895,985424,1064231,947517,1008708,984046,934087,923412,1015709,916752,1000367,1014910,956466,832238,913412,983806,987462,949600,976339,920420,955629,1056246,1029262,931207,931007,1032124,999765,1041301,945950,931576,965686,976622,992854,981297,983286,1037737,999780,938621,909318,860295,1046047
STAT,(NULL),nEmpty,44,4315926,44119,115940,90037,118057,114955,117386,112247,97487,102505,92994,76557,88196,95331,84000,93290,85667,95523,102859,95014,96057,93348,103242,97434,105728,87839,117601,92084,86577,89138,115551,113174,98536,110007,98006,103363,90526,84342,100259,118442,101988,95528,87503,91352,116137
STAT,(NULL),nEmptyPop,44,95408,486,2529,2081,2577,2613,2486,2310,2158,2137,2219,1867,1859,2227,1951,2070,2005,2268,2380,2101,2213,2233,2397,2247,2151,1514,2566,2126,2132,1855,2597,2523,2301,2057,2102,2278,1880,1834,2317,2543,2312,2122,2116,2200,2468
STAT,(NULL),nOverall,44,100938922,1208527,2606182,2178132,2607941,2600269,2613620,2477166,2282095,2365504,2234538,1981745,2144894,2221463,2076416,2267748,2118608,2238086,2359911,2261297,2268334,2205275,2388070,2248293,2386628,2134079,2626294,2216146,2121773,2151544,2618048,2629689,2281682,2467629,2308709,2352653,2190872,2098293,2345402,2624094,2327035,2220060,2127946,2130852,2625380
STAT,(NULL),nPop,44,44867278,537881,1158565,969555,1160117,1155781,1159870,1099411,1013646,1049159,996060,883722,952926,987803,918964,1005307,944331,997171,1046648,1005644,1008768,980130,1064177,997570,1061000,948269,1168152,984724,942634,956832,1163608,1168970,1016044,1097609,1030290,1046899,974183,932414,1043034,1164175,1031036,986215,944957,949267,1163760
STAT,(NULL),nPush,44,44867275,537333,1161071,968139,1161582,1157755,1162558,1101595,1013895,1050337,995690,881109,949831,987627,917223,1007041,941534,998411,1046680,1004935,1008960,978328,1063128,997529,1060404,948117,1169725,984038,941220,955838,1165156,1172125,1014982,1098383,1029657,1044389,974188,932700,1044707,1165557,1032045,984528,945143,946611,1165471
STAT,(NULL),nPushInit,44,3,1,1,1,0,0,0,0,0,0,0,0,0,0,0,0,0,0,0,0,0,0,0,0,0,0,0,0,0,0,0,0,0,0,0,0,0,0,0,0,0,0,0,0,0
==== BENCHMARK TOOK 10.426
==== BENCHMARK START ===
==== PARAMS kernel=4.9.5-64-net1 malloc=libc hostname=rack-castor threads=44 delta=4 prog=sssp-klsm256  ===
ERROR: ld.so: object '/specific/disk1/home/adamx/malloc/lib64/libjemalloc.so' from LD_PRELOAD cannot be preloaded (cannot open shared object file): ignored.
Galois Benchmark Suite v2.2.1 (r0)
Copyright (C) 2014 The University of Texas at Austin
http://iss.ices.utexas.edu/galois/

application: Single Source Shortest Path
Computes the shortest path from a source node to all nodes in a directed graph using a modified chaotic iteration algorithm
http://iss.ices.utexas.edu/?p=projects/galois/benchmarks/single_source_shortest_path

INFO: CommandLine ./build/debug/apps/sssp/sssp -noverify -t 44 -delta 4 -wl klsm256 -startNode 0 /specific/disk1/home/mad/Galois-PQ/inputs/road/USA-road-d.USA.gr
INFO: Hostname rack-castor
Read 23947347 nodes
Running Asynchronous with CAS version
INFO: Using delta-step of 1
WARNING: Performance varies considerably due to delta parameter.
WARNING: Do not expect the default to be good for your graph.
Node 1 has distance 2025
STATTYPE,LOOP,CATEGORY,n,sum,T0,T1,T2,T3,T4,T5,T6,T7,T8,T9,T10,T11,T12,T13,T14,T15,T16,T17,T18,T19,T20,T21,T22,T23,T24,T25,T26,T27,T28,T29,T30,T31,T32,T33,T34,T35,T36,T37,T38,T39,T40,T41,T42,T43
STAT,(NULL),BadWork,44,39964147996,1221887501,865423076,807545210,963382021,949036452,881629395,919342780,827079819,923571917,893632228,1025168954,925225671,880085512,920561834,935455819,921279583,890891315,843848893,942963655,883429150,897816888,845490129,900635992,838844883,874749494,969901588,880757546,881466414,918480826,924963436,935754596,873311756,893836243,851526532,958204512,993113925,901364082,812623901,912660591,912302053,822115248,951544588,889524783,901717205
STAT,(NULL),BarrierTime,44,18885749,1119940,1062055,477305,475856,466027,863471,375447,376528,370707,766620,261384,875612,368404,819238,321914,605878,297460,768288,251271,217827,552180,697054,125215,151746,534850,154911,137609,527974,114151,176053,165778,133947,131469,509861,515084,150024,155322,502564,512786,580665,76614,14762,542448,581450
STAT,(NULL),ConflictTime,44,0,0,0,0,0,0,0,0,0,0,0,0,0,0,0,0,0,0,0,0,0,0,0,0,0,0,0,0,0,0,0,0,0,0,0,0,0,0,0,0,0,0,0,0,0
STAT,(NULL),Conflicts,44,0,0,0,0,0,0,0,0,0,0,0,0,0,0,0,0,0,0,0,0,0,0,0,0,0,0,0,0,0,0,0,0,0,0,0,0,0,0,0,0,0,0,0,0,0
STAT,(NULL),EmptyPopTime,44,489449197,3091535,12206343,9691377,12985112,12902129,11153440,12441194,11999106,10716204,12003139,9997521,12237972,11129195,11432163,12418271,11337482,10805082,12219685,10742045,11186637,11967908,11967871,11149680,10156126,12223835,10409542,10178256,11849857,12074611,10322445,10333637,11817292,9549143,10654221,12101413,10859582,10654647,10909053,12260395,10094077,10817923,9337554,12813551,12250946
STAT,(NULL),EmptyWork,44,1587369421,20679535,40106909,33612606,38908783,38980866,40582901,38242254,34243651,35473840,36959104,31283344,36020553,34947803,35155024,36790427,34527714,35063221,38037099,34741619,37200372,36702217,37338052,38639473,36179582,33393358,38502005,34668595,34506533,34949543,39369045,39231701,38269610,35343423,36511841,35875582,35680102,37015036,35876034,39656698,35374480,34467917,31929920,36363881,39967168
STAT,(NULL),GaloisTime,44,51314886309,1158671216,1149166678,1163432335,1154178394,1152705216,1147387993,1156484992,1169116641,1176962275,1163570287,1173440902,1168166864,1166907029,1172365775,1166419645,1169596909,1161139940,1156379609,1163415394,1162204557,1157164918,1150618659,1163481291,1166652712,1179007544,1162452398,1181004921,1171387750,1170135424,1162507476,1164101412,1165830418,1173226806,1171158474,1172999658,1176316734,1166412566,1175978818,1157968047,1187401660,1181568342,1175308003,1175858581,1154631046
STAT,(NULL),InitPushTime,44,2586433,34916,11525,131860,38562,37345,37789,68391,41004,55493,64422,68310,39280,39200,39004,40248,51582,41428,39952,54274,50868,63925,52172,62986,105784,103855,103378,103656,64438,65978,66330,67738,59363,58410,57662,57904,57207,58117,57897,57156,55579,55367,55096,55564,55418
STAT,(NULL),Iterations,44,43804374,698349,1110514,886188,1112661,1121128,1112031,1042403,921524,970565,1016231,908379,998185,930916,1009169,983143,978628,944262,1021643,933186,1026331,985769,1017478,1069290,965955,914190,1122595,929621,959331,963670,1119948,1132142,1050328,948257,979714,995126,949748,1009879,942484,1126222,1005023,939181,869509,969853,1113625
STAT,(NULL),LoopTime,44,8514992676,8514992676,0,0,0,0,0,0,0,0,0,0,0,0,0,0,0,0,0,0,0,0,0,0,0,0,0,0,0,0,0,0,0,0,0,0,0,0,0,0,0,0,0,0,0
STAT,(NULL),MeminfoPost,44,2244,51,51,51,51,51,51,51,51,51,51,51,51,51,51,51,51,51,51,51,51,51,51,51,51,51,51,51,51,51,51,51,51,51,51,51,51,51,51,51,51,51,51,51,51
STAT,(NULL),MeminfoPre,44,2244,51,51,51,51,51,51,51,51,51,51,51,51,51,51,51,51,51,51,51,51,51,51,51,51,51,51,51,51,51,51,51,51,51,51,51,51,51,51,51,51,51,51,51,51
STAT,(NULL),NumaPost,44,12481,7424,4048,841,168,0,0,0,0,0,0,0,0,0,0,0,0,0,0,0,0,0,0,0,0,0,0,0,0,0,0,0,0,0,0,0,0,0,0,0,0,0,0,0,0
STAT,(NULL),PopTime,44,127461360763,3095620007,2832295194,3001128149,2824262338,2827740084,2826034731,2909401237,2960112049,2925664585,2900424875,2999229356,2895219170,2944025293,2903512399,2915651398,2928953466,2954597672,2889982965,3004359860,2885867936,2913641408,2873947663,2828120992,2902805117,2940811205,2799769323,2902691927,2889444654,2896346749,2804435167,2798595560,2823776914,2918046473,2866098818,2897491854,2932666252,2891832647,2914491015,2798165311,2852885722,2896997981,3003725498,2887113122,2803376627
STAT,(NULL),PushTime,44,69159891447,1444677867,1604238125,1529587147,1605125176,1605549983,1610354957,1559972579,1534184345,1547320612,1572029847,1525487421,1567978515,1550729699,1560177056,1560692097,1545826929,1551798344,1581576733,1521060702,1578022924,1564442378,1587431283,1611976893,1572885075,1551245621,1617727291,1576513320,1590939643,1580205995,1611789611,1620506784,1606887501,1563828375,1593228893,1565108159,1551617877,1573389302,1552300638,1621953180,1587718659,1571333434,1532409706,1577821827,1620238944
STAT,(NULL),RusageSys,44,84000,84000,0,0,0,0,0,0,0,0,0,0,0,0,0,0,0,0,0,0,0,0,0,0,0,0,0,0,0,0,0,0,0,0,0,0,0,0,0,0,0,0,0,0,0
STAT,(NULL),RusageUser,44,161744000,161744000,0,0,0,0,0,0,0,0,0,0,0,0,0,0,0,0,0,0,0,0,0,0,0,0,0,0,0,0,0,0,0,0,0,0,0,0,0,0,0,0,0,0,0
STAT,(NULL),Threads,44,44,44,0,0,0,0,0,0,0,0,0,0,0,0,0,0,0,0,0,0,0,0,0,0,0,0,0,0,0,0,0,0,0,0,0,0,0,0,0,0,0,0,0,0,0
STAT,(NULL),Time,44,8581186248,8581186248,0,0,0,0,0,0,0,0,0,0,0,0,0,0,0,0,0,0,0,0,0,0,0,0,0,0,0,0,0,0,0,0,0,0,0,0,0,0,0,0,0,0,0
STAT,(NULL),TotalTime,44,17666901436,17666901436,0,0,0,0,0,0,0,0,0,0,0,0,0,0,0,0,0,0,0,0,0,0,0,0,0,0,0,0,0,0,0,0,0,0,0,0,0,0,0,0,0,0,0
STAT,(NULL),UserTime,44,108428240972,2423647756,2508377784,2408942190,2510933904,2508515971,2510879469,2469848705,2436736150,2450254289,2461403585,2406952238,2466769078,2438650865,2463749131,2454421765,2456149382,2432985729,2468197066,2412070940,2471909179,2462472072,2485088199,2493022038,2457711130,2429708904,2517529137,2441332803,2448261627,2452678289,2517966428,2513621404,2499808499,2446396076,2468737555,2462813506,2439249175,2467085688,2456834556,2516386348,2472915150,2451204219,2393679571,2456419283,2515924139
STAT,(NULL),Work,44,358458953544,8146504116,8146487315,8146997866,8146974164,8146969229,8146586736,8146986417,8146990466,8146965019,8146488599,8146987677,8146490168,8147001736,8146487514,8146988342,8146642759,8146964668,8146489278,8146984064,8146969842,8146591878,8146487663,8146983905,8146984879,8146602791,8146982433,8146998721,8146608628,8147019591,8146961408,8146971782,8146983258,8146988118,8146609519,8146602953,8146969828,8146961259,8146614237,8146607939,8146484308,8146996403,8147015243,8146484366,8146486459
STAT,(NULL),nBad,44,40151292,1014162,893619,804040,985029,970578,905138,936300,829241,928145,902881,1011555,942251,879670,916199,947300,923990,891723,849250,946089,893549,896748,855800,912691,841277,877564,983400,888947,890568,917736,947609,962813,887877,902588,865440,965205,991403,912652,817689,942746,919037,826241,951829,896560,926163
STAT,(NULL),nEmpty,44,4196241,60754,112125,82723,108799,110331,114036,100563,85221,91907,97847,78704,95773,88551,95492,92876,91124,85530,98527,86233,99596,96415,98010,105930,93008,85421,109879,86944,89017,91283,111023,111374,102341,89198,93810,95375,93512,98943,89773,112353,94873,86477,78299,94347,111924
STAT,(NULL),nEmptyPop,44,75881,831,2097,1447,1959,1984,1906,1792,1573,1612,1766,1385,1725,1655,1700,1722,1549,1702,1884,1361,1918,1645,1825,1823,1735,1643,1947,1702,1920,1639,1926,1906,1933,1635,1725,1659,1654,1663,1717,1999,1692,1752,1281,1778,2114
STAT,(NULL),nOverall,44,98484633,1570924,2493637,1988514,2506549,2526539,2501048,2344306,2068554,2181858,2285139,2035038,2246426,2095481,2270223,2211928,2195720,2114979,2291792,2098956,2308154,2219539,2287520,2398582,2173395,2062509,2527796,2084103,2157911,2166610,2515438,2546179,2359984,2129952,2200395,2242377,2141567,2269477,2117647,2533860,2262922,2104859,1955562,2185063,2505621
STAT,(NULL),nPop,44,43804374,698349,1110514,886188,1112661,1121128,1112031,1042403,921524,970565,1016231,908379,998185,930916,1009169,983143,978628,944262,1021643,933186,1026331,985769,1017478,1069290,965955,914190,1122595,929621,959331,963670,1119948,1132142,1050328,948257,979714,995126,949748,1009879,942484,1126222,1005023,939181,869509,969853,1113625
STAT,(NULL),nPush,44,43804371,697646,1112511,884694,1115590,1124163,1113923,1043034,919968,968493,1017006,907025,996990,928939,1009327,982018,977253,944601,1021469,932793,1026532,985939,1020766,1068447,966921,913658,1124682,927774,960638,964026,1120574,1133508,1052136,946017,979425,993604,948702,1009187,938857,1128859,1005710,937955,866682,969364,1116965
STAT,(NULL),nPushInit,44,3,1,1,1,0,0,0,0,0,0,0,0,0,0,0,0,0,0,0,0,0,0,0,0,0,0,0,0,0,0,0,0,0,0,0,0,0,0,0,0,0,0,0,0,0
==== BENCHMARK TOOK 9.094
==== BENCHMARK START ===
==== PARAMS kernel=4.9.5-64-net1 malloc=libc hostname=rack-castor threads=44 delta=4 prog=sssp-klsm256  ===
ERROR: ld.so: object '/specific/disk1/home/adamx/malloc/lib64/libjemalloc.so' from LD_PRELOAD cannot be preloaded (cannot open shared object file): ignored.
Galois Benchmark Suite v2.2.1 (r0)
Copyright (C) 2014 The University of Texas at Austin
http://iss.ices.utexas.edu/galois/

application: Single Source Shortest Path
Computes the shortest path from a source node to all nodes in a directed graph using a modified chaotic iteration algorithm
http://iss.ices.utexas.edu/?p=projects/galois/benchmarks/single_source_shortest_path

INFO: CommandLine ./build/debug/apps/sssp/sssp -noverify -t 44 -delta 4 -wl klsm256 -startNode 0 /specific/disk1/home/mad/Galois-PQ/inputs/road/USA-road-d.USA.gr
INFO: Hostname rack-castor
Read 23947347 nodes
Running Asynchronous with CAS version
INFO: Using delta-step of 1
WARNING: Performance varies considerably due to delta parameter.
WARNING: Do not expect the default to be good for your graph.
Node 1 has distance 2025
STATTYPE,LOOP,CATEGORY,n,sum,T0,T1,T2,T3,T4,T5,T6,T7,T8,T9,T10,T11,T12,T13,T14,T15,T16,T17,T18,T19,T20,T21,T22,T23,T24,T25,T26,T27,T28,T29,T30,T31,T32,T33,T34,T35,T36,T37,T38,T39,T40,T41,T42,T43
STAT,(NULL),BadWork,44,38799101715,850108564,942416580,925373314,863652564,825428678,862289464,854805196,912183006,894421738,923239416,922508467,863184155,843993533,882645655,855342173,765661282,832341307,833106179,830686779,843217544,906489140,992276995,896632779,907145254,831139650,881034049,967091166,871971042,890561764,980402531,904776844,816217198,859136364,797139244,841389481,903303648,981577682,1010213734,896193871,852094326,947862391,836204708,816554326,885087934
STAT,(NULL),BarrierTime,44,13140234,868567,511383,431414,399645,368371,377122,369451,310933,642670,308012,295848,586356,239469,226176,659440,197020,203413,612244,190704,186180,206805,137504,394773,27884,477074,60481,54770,58233,47826,394195,476162,375379,25507,396056,55794,386949,456292,32004,463876,54731,31428,39958,39739,462396
STAT,(NULL),ConflictTime,44,0,0,0,0,0,0,0,0,0,0,0,0,0,0,0,0,0,0,0,0,0,0,0,0,0,0,0,0,0,0,0,0,0,0,0,0,0,0,0,0,0,0,0,0,0
STAT,(NULL),Conflicts,44,0,0,0,0,0,0,0,0,0,0,0,0,0,0,0,0,0,0,0,0,0,0,0,0,0,0,0,0,0,0,0,0,0,0,0,0,0,0,0,0,0,0,0,0,0
STAT,(NULL),EmptyPopTime,44,456694563,11703701,10373657,11701240,11258958,11745198,10600555,10672789,11150026,10724053,11804426,10735189,11928236,12494368,9390166,10856219,11700716,10639396,10470357,11558070,11325296,12279046,11994620,9361847,9830782,8913885,10103600,8465776,9450024,8095814,10199505,10403380,10885389,10308916,9629651,9515657,8457065,8087967,8382376,11955947,9655798,8826102,8952455,9805592,10300753
STAT,(NULL),EmptyWork,44,1547729362,36930264,37327335,35452340,39473344,39739408,37904229,34316380,35409479,34892615,32134197,34689693,33283137,34066230,32852094,32771282,36111677,34280883,34727502,33169836,32259206,33754379,30585584,36337411,33475539,32593645,38600051,32065789,37548242,34772747,37526211,37608097,36788729,36806663,35804710,36237460,32814767,33829074,32595433,38235138,35746982,34520020,31678033,37319046,38694481
STAT,(NULL),GaloisTime,44,50526148583,1134511526,1133469811,1142834991,1136919390,1128762096,1134970227,1149521719,1145164770,1148130630,1154144277,1151666745,1149528069,1154646263,1150417806,1148634101,1140533734,1145120413,1151705458,1149886004,1154951042,1146836247,1152442902,1147552465,1158214315,1156765302,1143359453,1158746878,1152916186,1150312196,1146365157,1144981508,1150654987,1159863307,1150258552,1148685670,1151722721,1153771555,1159032283,1133169126,1155211975,1160204296,1156246778,1141568318,1141747334
STAT,(NULL),InitPushTime,44,2431592,70023,10227,102324,37066,37188,36198,41432,40436,35574,36159,39176,40020,48267,39928,39492,39568,39312,38456,37544,37128,38448,59406,99829,99110,71353,71309,71471,99308,71537,98450,71046,58586,57889,57985,57317,56863,57244,57339,56782,55308,54868,54597,55322,54707
STAT,(NULL),Iterations,44,43496849,1059305,1106735,1019883,1106691,1101105,1106137,924416,956737,969390,916348,950308,941435,939095,912183,919687,976956,917329,927466,921392,876625,960654,896418,1065827,939905,859057,1114000,937082,1086934,981880,1112277,1112768,997487,969791,975358,1021109,923661,994743,927756,1106471,1001861,970417,894477,992067,1105626
STAT,(NULL),LoopTime,44,8134450900,8134450900,0,0,0,0,0,0,0,0,0,0,0,0,0,0,0,0,0,0,0,0,0,0,0,0,0,0,0,0,0,0,0,0,0,0,0,0,0,0,0,0,0,0,0
STAT,(NULL),MeminfoPost,44,2244,51,51,51,51,51,51,51,51,51,51,51,51,51,51,51,51,51,51,51,51,51,51,51,51,51,51,51,51,51,51,51,51,51,51,51,51,51,51,51,51,51,51,51,51
STAT,(NULL),MeminfoPre,44,2244,51,51,51,51,51,51,51,51,51,51,51,51,51,51,51,51,51,51,51,51,51,51,51,51,51,51,51,51,51,51,51,51,51,51,51,51,51,51,51,51,51,51,51,51
STAT,(NULL),NumaPost,44,11958,7200,3946,644,168,0,0,0,0,0,0,0,0,0,0,0,0,0,0,0,0,0,0,0,0,0,0,0,0,0,0,0,0,0,0,0,0,0,0,0,0,0,0,0,0
STAT,(NULL),PopTime,44,119275888802,2654035284,2672755392,2720614242,2672628952,2666320127,2669709293,2733239647,2750235595,2735711685,2756105884,2740228338,2743614661,2705170692,2774451695,2758070890,2694356691,2775666552,2754708283,2745707500,2771251480,2750896273,2773024308,2642931208,2723551583,2784086328,2636368227,2740623891,2639733846,2703849453,2638388070,2633959655,2670148873,2696391537,2659289742,2692799328,2727235121,2741896289,2754971558,2645542284,2674620939,2711072721,2770316737,2727717349,2641890599
STAT,(NULL),PushTime,44,67302291909,1585122001,1537415697,1520787736,1538165407,1548075064,1549177605,1520235584,1512759094,1516385079,1513290637,1519479066,1516849867,1530365111,1498634907,1513983834,1540957140,1498697094,1502895498,1519671810,1500869754,1506322549,1502794183,1565076311,1519337565,1494802529,1559489185,1518479217,1553422671,1534016375,1559312004,1558952634,1554023097,1537155887,1564476617,1543175029,1528892113,1501933483,1496721381,1558695098,1549428440,1530610912,1503186003,1522500106,1555670535
STAT,(NULL),RusageSys,44,20000,20000,0,0,0,0,0,0,0,0,0,0,0,0,0,0,0,0,0,0,0,0,0,0,0,0,0,0,0,0,0,0,0,0,0,0,0,0,0,0,0,0,0,0,0
STAT,(NULL),RusageUser,44,156868000,156868000,0,0,0,0,0,0,0,0,0,0,0,0,0,0,0,0,0,0,0,0,0,0,0,0,0,0,0,0,0,0,0,0,0,0,0,0,0,0,0,0,0,0,0
STAT,(NULL),Threads,44,44,44,0,0,0,0,0,0,0,0,0,0,0,0,0,0,0,0,0,0,0,0,0,0,0,0,0,0,0,0,0,0,0,0,0,0,0,0,0,0,0,0,0,0,0
STAT,(NULL),Time,44,8160707084,8160707084,0,0,0,0,0,0,0,0,0,0,0,0,0,0,0,0,0,0,0,0,0,0,0,0,0,0,0,0,0,0,0,0,0,0,0,0,0,0,0,0,0,0,0
STAT,(NULL),TotalTime,44,15538694716,15538694716,0,0,0,0,0,0,0,0,0,0,0,0,0,0,0,0,0,0,0,0,0,0,0,0,0,0,0,0,0,0,0,0,0,0,0,0,0,0,0,0,0,0,0
STAT,(NULL),UserTime,44,105633647160,2412751425,2443714230,2403665645,2436609946,2440413570,2432693509,2387069759,2380336844,2389211089,2367575799,2378256987,2379851738,2398311858,2369309218,2370739098,2411396376,2370651198,2380548384,2375061956,2364399508,2384967110,2364212419,2433794434,2390643617,2357891785,2447133017,2376672025,2441983123,2404006726,2443262730,2449148106,2412552879,2394527228,2415594604,2404640072,2385932394,2395535094,2383350213,2447455965,2410389180,2389819661,2364673714,2396143409,2446749518
STAT,(NULL),Work,44,344758679937,7835219699,7835534047,7835554878,7835534675,7835567490,7835541684,7835539914,7835536053,7835213552,7835544423,7835552766,7835217320,7835542293,7835575106,7835136864,7835556126,7835549900,7835137118,7835567260,7835572602,7835548120,7835574052,7835212457,7835576730,7835130229,7835546262,7835553177,7835550399,7835559905,7835213424,7835126607,7835214260,7835566826,7835197254,7835539050,7835208961,7835133790,7835560888,7835126747,7835542201,7835565638,7835555952,7835554253,7835128985
STAT,(NULL),nBad,44,39539513,874067,979101,944824,897105,852982,886746,861804,913700,922752,942001,941074,870447,871787,887432,871566,791073,853212,836010,840427,834733,901192,983984,927010,912267,833610,916783,982729,902015,903333,1007739,922618,837223,895232,808180,874198,908247,993874,1027761,911568,868518,956551,842691,837762,911585
STAT,(NULL),nEmpty,44,4149516,103477,106651,97782,113090,108986,108764,89273,89695,95123,82532,89053,86419,87230,84139,83125,93119,87563,86685,85833,80410,88163,78578,102075,87018,80692,111929,84485,106230,93605,109215,108698,99319,93799,94716,99987,86447,92438,85648,109197,96893,94527,79533,96864,110511
STAT,(NULL),nEmptyPop,44,68603,1653,1729,1604,1725,1774,1730,1425,1534,1488,1382,1582,1587,1611,1450,1440,1696,1431,1445,1474,1375,1519,1486,1702,1421,1360,1697,1405,1748,1455,1734,1873,1718,1532,1672,1616,1362,1291,1233,1803,1544,1495,1395,1555,1852
STAT,(NULL),nOverall,44,97872854,2384793,2492164,2292109,2488081,2474803,2485318,2084176,2143848,2196222,2070352,2143752,2113748,2111172,2053767,2065744,2193294,2063971,2083420,2073521,1969375,2157000,2011070,2390789,2115445,1933489,2505764,2110687,2444003,2207211,2500761,2498579,2245556,2190513,2192547,2296363,2087122,2242448,2114266,2484545,2249169,2190319,2002843,2229085,2489650
STAT,(NULL),nPop,44,43496849,1059305,1106735,1019883,1106691,1101105,1106137,924416,956737,969390,916348,950308,941435,939095,912183,919687,976956,917329,927466,921392,876625,960654,896418,1065827,939905,859057,1114000,937082,1086934,981880,1112277,1112768,997487,969791,975358,1021109,923661,994743,927756,1106471,1001861,970417,894477,992067,1105626
STAT,(NULL),nPush,44,43496846,1059295,1108579,1019058,1108006,1103976,1109677,925329,955308,970468,915517,950834,939852,937696,910891,919310,977084,915726,925577,920543,874764,957887,894844,1067872,938450,855856,1115108,937339,1088650,981379,1114100,1115962,997754,969457,976591,1021364,925519,993545,926419,1107597,1000651,970868,893224,991102,1107818
STAT,(NULL),nPushInit,44,3,1,1,1,0,0,0,0,0,0,0,0,0,0,0,0,0,0,0,0,0,0,0,0,0,0,0,0,0,0,0,0,0,0,0,0,0,0,0,0,0,0,0,0,0
==== BENCHMARK TOOK 7.787
==== BENCHMARK START ===
==== PARAMS kernel=4.9.5-64-net1 malloc=libc hostname=rack-castor threads=44 delta=4 prog=sssp-klsm256  ===
ERROR: ld.so: object '/specific/disk1/home/adamx/malloc/lib64/libjemalloc.so' from LD_PRELOAD cannot be preloaded (cannot open shared object file): ignored.
Galois Benchmark Suite v2.2.1 (r0)
Copyright (C) 2014 The University of Texas at Austin
http://iss.ices.utexas.edu/galois/

application: Single Source Shortest Path
Computes the shortest path from a source node to all nodes in a directed graph using a modified chaotic iteration algorithm
http://iss.ices.utexas.edu/?p=projects/galois/benchmarks/single_source_shortest_path

INFO: CommandLine ./build/debug/apps/sssp/sssp -noverify -t 44 -delta 4 -wl klsm256 -startNode 0 /specific/disk1/home/mad/Galois-PQ/inputs/road/USA-road-d.USA.gr
INFO: Hostname rack-castor
Read 23947347 nodes
Running Asynchronous with CAS version
INFO: Using delta-step of 1
WARNING: Performance varies considerably due to delta parameter.
WARNING: Do not expect the default to be good for your graph.
Node 1 has distance 2025
STATTYPE,LOOP,CATEGORY,n,sum,T0,T1,T2,T3,T4,T5,T6,T7,T8,T9,T10,T11,T12,T13,T14,T15,T16,T17,T18,T19,T20,T21,T22,T23,T24,T25,T26,T27,T28,T29,T30,T31,T32,T33,T34,T35,T36,T37,T38,T39,T40,T41,T42,T43
STAT,(NULL),BadWork,44,39994592378,948349745,961290587,818555163,961099524,887516323,874643632,909210734,909587072,887342790,907695463,936423019,893116637,935385202,896899406,920822125,874096520,919452092,866874039,909308531,933846760,960351631,861124011,927163174,870969586,911580107,950612045,842271832,897673316,842346994,893277993,920790975,866406932,920961049,908079959,907032929,923675682,805666879,936726864,946881716,999882819,963861995,907379135,950901358,927458033
STAT,(NULL),BarrierTime,44,11838629,852118,522992,396016,383252,685098,398895,295331,303127,241529,326124,314545,225875,478307,177101,236051,218757,201489,187482,219868,439671,195110,189011,186610,125104,398799,123168,118992,98956,68530,463853,447316,325669,76944,344757,46077,15598,130414,52092,342209,341716,62281,61018,175157,345620
STAT,(NULL),ConflictTime,44,0,0,0,0,0,0,0,0,0,0,0,0,0,0,0,0,0,0,0,0,0,0,0,0,0,0,0,0,0,0,0,0,0,0,0,0,0,0,0,0,0,0,0,0,0
STAT,(NULL),Conflicts,44,0,0,0,0,0,0,0,0,0,0,0,0,0,0,0,0,0,0,0,0,0,0,0,0,0,0,0,0,0,0,0,0,0,0,0,0,0,0,0,0,0,0,0,0,0
STAT,(NULL),EmptyPopTime,44,452521781,10155895,10982429,10410880,11094921,11616013,10908897,9807694,10148377,8652257,11313049,11909141,10486566,10084909,10573013,11488508,11268137,11982873,11199937,10110970,10613358,11249587,10119611,10592006,9812139,9489580,9615024,9208898,11110513,9310821,10622649,11400916,9192862,9398941,9681696,9761868,8642561,9300006,8639247,11315383,10771394,9472332,8249541,9751281,11005101
STAT,(NULL),EmptyWork,44,1585141565,37068591,39440986,35489389,38605616,40170964,40262215,32485736,35611273,34883891,35804550,35104620,33857533,34764129,34826570,35518939,34872057,32748013,36277408,35277136,35133507,35474997,35373721,38467501,34024353,34979190,39253626,37016570,35683378,36504008,39623442,39206241,36046082,37991768,35847045,32874896,31332808,35897009,35906517,38085194,35529405,36175621,34021457,32260836,39362777
STAT,(NULL),GaloisTime,44,51524974003,1157186273,1154116573,1167401909,1161646658,1157408786,1155508012,1174615563,1165603947,1173486106,1176082423,1169812313,1172475491,1172272284,1177402890,1173690957,1168469994,1178329512,1171382876,1175017500,1169686642,1167501343,1167634603,1172750745,1184029000,1175785462,1168043340,1172897275,1181125540,1167128515,1158732047,1165463885,1175657724,1171110566,1172511354,1188617740,1183725628,1172022319,1167512026,1159202070,1179935175,1176792611,1178491032,1187319626,1159387668
STAT,(NULL),InitPushTime,44,2428364,30326,11478,126701,36311,36444,35801,67731,40260,66938,39128,39448,51734,71837,89716,47008,39597,42300,54918,42124,62114,40752,41032,73341,61182,60933,60089,59708,59833,59400,93954,57911,57530,57258,56892,56665,56371,57603,56826,56364,54860,54450,53760,55162,54574
STAT,(NULL),Iterations,44,43876749,1056472,1126965,930692,1129332,1128560,1127282,906503,1016915,908768,945875,1000483,892007,919393,961758,967495,914728,899404,988761,901887,960050,990766,950470,1025790,910255,967618,1140064,1006644,956046,1021716,1131940,1134492,991181,1066635,1019944,913639,847465,969131,980415,1132198,1038786,1046283,936310,885264,1130367
STAT,(NULL),LoopTime,44,8327253029,8327253029,0,0,0,0,0,0,0,0,0,0,0,0,0,0,0,0,0,0,0,0,0,0,0,0,0,0,0,0,0,0,0,0,0,0,0,0,0,0,0,0,0,0,0
STAT,(NULL),MeminfoPost,44,2244,51,51,51,51,51,51,51,51,51,51,51,51,51,51,51,51,51,51,51,51,51,51,51,51,51,51,51,51,51,51,51,51,51,51,51,51,51,51,51,51,51,51,51,51
STAT,(NULL),MeminfoPre,44,2244,51,51,51,51,51,51,51,51,51,51,51,51,51,51,51,51,51,51,51,51,51,51,51,51,51,51,51,51,51,51,51,51,51,51,51,51,51,51,51,51,51,51,51,51
STAT,(NULL),NumaPost,44,12246,7443,3980,655,168,0,0,0,0,0,0,0,0,0,0,0,0,0,0,0,0,0,0,0,0,0,0,0,0,0,0,0,0,0,0,0,0,0,0,0,0,0,0,0,0
STAT,(NULL),PopTime,44,123463808398,2744162727,2764317159,2847915872,2741726352,2758621495,2746385976,2896094156,2840151205,2897513649,2818413478,2803720336,2880398469,2877111410,2838908452,2804548898,2867423349,2842846604,2800339026,2872949179,2856802589,2813239724,2853966297,2770249710,2818611027,2829206672,2710425483,2758415014,2789826796,2795455713,2719539683,2714572461,2790643754,2761335563,2797881639,2816677333,2873007608,2795371537,2832871309,2721041463,2773865877,2796978811,2868260833,2837620933,2724392777
STAT,(NULL),PushTime,44,68755232097,1623996874,1584260099,1551399055,1586410763,1581358881,1584226088,1513003067,1545474741,1514767344,1561443519,1572963737,1521748376,1529661391,1541157461,1560057042,1532114218,1554354647,1563115035,1528928922,1538330788,1554257683,1542861478,1576119065,1561968403,1548571443,1603354804,1589105440,1574621774,1569703201,1605987295,1605284222,1568330987,1576287515,1566122073,1555735152,1535363735,1565448643,1552982392,1607160227,1575084233,1558297814,1530637839,1546672138,1596502493
STAT,(NULL),RusageSys,44,32000,32000,0,0,0,0,0,0,0,0,0,0,0,0,0,0,0,0,0,0,0,0,0,0,0,0,0,0,0,0,0,0,0,0,0,0,0,0,0,0,0,0,0,0,0
STAT,(NULL),RusageUser,44,160780000,160780000,0,0,0,0,0,0,0,0,0,0,0,0,0,0,0,0,0,0,0,0,0,0,0,0,0,0,0,0,0,0,0,0,0,0,0,0,0,0,0,0,0,0,0
STAT,(NULL),Threads,44,44,44,0,0,0,0,0,0,0,0,0,0,0,0,0,0,0,0,0,0,0,0,0,0,0,0,0,0,0,0,0,0,0,0,0,0,0,0,0,0,0,0,0,0,0
STAT,(NULL),Time,44,8353539612,8353539612,0,0,0,0,0,0,0,0,0,0,0,0,0,0,0,0,0,0,0,0,0,0,0,0,0,0,0,0,0,0,0,0,0,0,0,0,0,0,0,0,0,0,0
STAT,(NULL),TotalTime,44,17343312224,17343312224,0,0,0,0,0,0,0,0,0,0,0,0,0,0,0,0,0,0,0,0,0,0,0,0,0,0,0,0,0,0,0,0,0,0,0,0,0,0,0,0,0,0,0
STAT,(NULL),UserTime,44,107574106601,2458243182,2477697200,2418197765,2491329471,2481639475,2493523185,2404805964,2433825351,2401509013,2427758499,2437303921,2411847801,2406917171,2427943909,2445509219,2416666992,2410553868,2448498199,2408532067,2420244584,2449091438,2420858973,2462634414,2422368070,2432778981,2500120780,2464169677,2438445119,2452711610,2496307313,2494885105,2450940469,2474688419,2448768409,2427145361,2398740318,2452772950,2432901308,2494008837,2455626412,2453095429,2411150869,2417187648,2500161856
STAT,(NULL),Work,44,353368740458,8030916696,8031184525,8031214764,8031212768,8030905987,8031178363,8031209688,8031208028,8031208403,8031187926,8031196447,8031211774,8030910440,8030902544,8031213694,8031185567,8031195798,8031176608,8031180238,8030901798,8031204082,8031211463,8031174742,8031169391,8030894726,8031173883,8031177852,8031197896,8031226368,8030891193,8030893698,8030912215,8031167075,8030890472,8031195045,8031222247,8031217922,8031187972,8030891638,8030898423,8031181721,8031182763,8031184265,8030891350
STAT,(NULL),nBad,44,40415137,957030,987357,814168,982135,909290,903407,904564,917954,883335,901402,935807,894265,929672,905731,917835,885085,911338,880498,901852,933296,960966,866586,944715,865876,912432,984145,847652,910084,863793,921674,949543,872392,953441,933173,918983,904379,818644,953908,971634,1018060,981322,916689,944176,944849
STAT,(NULL),nEmpty,44,4219153,101396,113186,90112,111298,114807,115024,82653,96472,85369,88288,94803,84521,89327,89977,91696,86920,78509,95584,85357,91391,93721,91342,101239,85928,92100,114932,98225,91402,99051,114125,113078,94741,106599,99155,81637,74709,93446,95625,109652,97897,101888,88467,79922,113582
STAT,(NULL),nEmptyPop,44,68971,1713,1857,1544,1767,1819,1715,1320,1608,1232,1591,1561,1431,1333,1495,1596,1522,1538,1625,1382,1456,1614,1361,1699,1472,1384,1789,1587,1685,1500,1783,1869,1522,1641,1447,1522,1329,1611,1443,1850,1623,1586,1257,1418,1874
STAT,(NULL),nOverall,44,98748478,2379155,2533627,2093708,2540002,2532470,2536526,2039095,2282237,2044054,2125174,2251510,2009006,2075827,2161908,2175330,2064384,2020253,2225344,2027066,2166083,2227635,2131078,2310431,2051876,2171471,2570308,2263566,2154495,2299775,2550140,2564713,2228628,2405360,2295289,2066058,1908548,2177387,2213105,2541013,2335670,2356746,2104948,1994573,2542906
STAT,(NULL),nPop,44,43876749,1056472,1126965,930692,1129332,1128560,1127282,906503,1016915,908768,945875,1000483,892007,919393,961758,967495,914728,899404,988761,901887,960050,990766,950470,1025790,910255,967618,1140064,1006644,956046,1021716,1131940,1134492,991181,1066635,1019944,913639,847465,969131,980415,1132198,1038786,1046283,936310,885264,1130367
STAT,(NULL),nPush,44,43876746,1057163,1127316,929158,1131370,1130081,1130130,905763,1016479,906920,946182,1001963,888854,919416,960313,966831,912781,897820,988182,899543,958788,990523,948165,1026686,910252,965560,1143039,1006592,956891,1022981,1135130,1137910,991061,1067736,1019807,911677,845835,968750,982147,1133781,1038866,1046345,934622,884302,1133035
STAT,(NULL),nPushInit,44,3,1,1,1,0,0,0,0,0,0,0,0,0,0,0,0,0,0,0,0,0,0,0,0,0,0,0,0,0,0,0,0,0,0,0,0,0,0,0,0,0,0,0,0,0
==== BENCHMARK TOOK 8.703
==== BENCHMARK START ===
==== PARAMS kernel=4.9.5-64-net1 malloc=libc hostname=rack-castor threads=44 delta=4 prog=sssp-klsm256  ===
ERROR: ld.so: object '/specific/disk1/home/adamx/malloc/lib64/libjemalloc.so' from LD_PRELOAD cannot be preloaded (cannot open shared object file): ignored.
Galois Benchmark Suite v2.2.1 (r0)
Copyright (C) 2014 The University of Texas at Austin
http://iss.ices.utexas.edu/galois/

application: Single Source Shortest Path
Computes the shortest path from a source node to all nodes in a directed graph using a modified chaotic iteration algorithm
http://iss.ices.utexas.edu/?p=projects/galois/benchmarks/single_source_shortest_path

INFO: CommandLine ./build/debug/apps/sssp/sssp -noverify -t 44 -delta 4 -wl klsm256 -startNode 0 /specific/disk1/home/mad/Galois-PQ/inputs/road/USA-road-d.USA.gr
INFO: Hostname rack-castor
Read 23947347 nodes
Running Asynchronous with CAS version
INFO: Using delta-step of 1
WARNING: Performance varies considerably due to delta parameter.
WARNING: Do not expect the default to be good for your graph.
Node 1 has distance 2025
STATTYPE,LOOP,CATEGORY,n,sum,T0,T1,T2,T3,T4,T5,T6,T7,T8,T9,T10,T11,T12,T13,T14,T15,T16,T17,T18,T19,T20,T21,T22,T23,T24,T25,T26,T27,T28,T29,T30,T31,T32,T33,T34,T35,T36,T37,T38,T39,T40,T41,T42,T43
STAT,(NULL),BadWork,44,40521146493,1199224900,932239373,1172739104,988240617,986011133,924480064,905141200,907466542,871689003,911860677,856021512,954445673,944769614,957880705,877282563,967068817,952321890,868925779,856038186,798924917,912796528,888272058,834995150,833456023,907251864,900452201,930923074,937917951,820788170,909593608,907940264,923745158,903533568,876840574,902440501,929795369,905768671,845079545,936524232,1004400366,887186382,909787103,913422099,965463765
STAT,(NULL),BarrierTime,44,3009637852,70748193,70067020,452141,70622027,70026919,70043099,70038250,69854068,69930856,69936648,69856448,70573850,70572032,69943440,70578244,69783775,69833116,69750158,69778476,69786632,69791593,69810348,69745683,69778285,70376347,70374621,69748212,69743548,69712463,69795287,69797697,69591042,70241380,70241018,70115256,69619868,69622435,69647375,69646443,69736409,70190918,69641526,70244227,70250479
STAT,(NULL),ConflictTime,44,0,0,0,0,0,0,0,0,0,0,0,0,0,0,0,0,0,0,0,0,0,0,0,0,0,0,0,0,0,0,0,0,0,0,0,0,0,0,0,0,0,0,0,0,0
STAT,(NULL),Conflicts,44,0,0,0,0,0,0,0,0,0,0,0,0,0,0,0,0,0,0,0,0,0,0,0,0,0,0,0,0,0,0,0,0,0,0,0,0,0,0,0,0,0,0,0,0,0
STAT,(NULL),EmptyPopTime,44,11180859297,221983735,250710469,375088385,252228669,252330806,254325371,253863993,253151704,253378433,251278706,251856921,250961046,252262467,251994461,252409535,252177559,251457282,254909567,253801765,253583797,253410791,253133232,252993026,252904079,249812398,251846305,250133385,252463268,252135091,252190923,252828858,251587576,252315159,251899530,250143178,252469857,250601393,249968978,250825083,249726067,250280615,250472307,252588908,250374619
STAT,(NULL),EmptyWork,44,1682959458,48864562,40982745,84775786,38994914,39253054,41564613,36074946,34758869,37799436,33817773,36220894,34226756,33692738,33942562,36201446,37726277,37780258,39001191,36014612,37533840,37046401,35631150,37897472,37344458,33432973,40234409,36340162,36368067,36876554,39521312,39606863,35231812,35730526,35862778,33663488,34512994,34951702,36587932,38289038,37131530,36958527,35639038,39618021,39254979
STAT,(NULL),GaloisTime,44,52784416375,1215370807,1183960386,1085051861,1190321340,1186367540,1183079324,1202011970,1202051746,1195375401,1211573970,1212219458,1201578666,1212448291,1204836457,1197657676,1186507520,1184358780,1193827845,1198790085,1195260208,1189055010,1192627604,1203326615,1207738794,1207929526,1196568197,1207742833,1215983626,1208589026,1202889740,1197856116,1215916457,1206289179,1210182313,1210366991,1219019158,1210510346,1206927805,1193732990,1208767806,1209052689,1210990291,1206951418,1202752514
STAT,(NULL),InitPushTime,44,2948788,92576,10290,128634,36675,36693,36423,41868,40680,41116,35976,39100,39012,38512,38264,35910,42589,43985,43642,42896,66416,42888,45268,63133,97805,97438,97644,97101,96558,96720,96697,96536,96441,92158,92232,85294,83571,91212,89034,88858,55052,54978,86159,90846,83908
STAT,(NULL),Iterations,44,43819384,502870,1124822,504198,1133796,1132379,1130402,999659,938478,1045601,896925,905592,964015,951024,939874,953927,1063169,1056155,1007462,984988,969286,1025249,994116,1010242,1013933,928374,1141266,1032012,1025984,1040583,1134289,1144262,928886,1038417,958819,937358,951038,957522,966345,1138005,1066524,1064515,925411,1054279,1137333
STAT,(NULL),LoopTime,44,8904055031,8904055031,0,0,0,0,0,0,0,0,0,0,0,0,0,0,0,0,0,0,0,0,0,0,0,0,0,0,0,0,0,0,0,0,0,0,0,0,0,0,0,0,0,0,0
STAT,(NULL),MeminfoPost,44,2244,51,51,51,51,51,51,51,51,51,51,51,51,51,51,51,51,51,51,51,51,51,51,51,51,51,51,51,51,51,51,51,51,51,51,51,51,51,51,51,51,51,51,51,51
STAT,(NULL),MeminfoPre,44,2244,51,51,51,51,51,51,51,51,51,51,51,51,51,51,51,51,51,51,51,51,51,51,51,51,51,51,51,51,51,51,51,51,51,51,51,51,51,51,51,51,51,51,51,51
STAT,(NULL),NumaPost,44,12403,7405,4177,653,168,0,0,0,0,0,0,0,0,0,0,0,0,0,0,0,0,0,0,0,0,0,0,0,0,0,0,0,0,0,0,0,0,0,0,0,0,0,0,0,0
STAT,(NULL),PopTime,44,125716913844,2748310714,2813381566,2959836181,2813054162,2807168253,2810649921,2880969619,2903745966,2844867567,2928219799,2915516281,2948548913,2896009745,2926388086,2891614631,2881109103,2860399075,2831363727,2868155267,2905137468,2883831789,2880586901,2832290443,2812815578,2947091176,2773900428,2854529502,2816284848,2822757138,2776096110,2778396558,2872566873,2831971177,2886799625,2928740596,2874219000,2858012190,2899544149,2780850676,2853348866,2824578565,2904363690,2807874207,2781017715
STAT,(NULL),PushTime,44,69510369411,1558018784,1602165727,1421449213,1598362173,1606982583,1596201335,1566892853,1569779856,1588947962,1549342193,1555678903,1535938922,1561497174,1548868115,1565454533,1563639098,1584874352,1596418695,1577627030,1554929372,1570301209,1573962833,1596800682,1605157041,1543731861,1621951002,1590065209,1605461702,1597930043,1621035652,1625371328,1590380386,1602427474,1567280826,1552191195,1580776117,1590583149,1563005551,1626699522,1576013400,1599260019,1572341477,1613597320,1620975540
STAT,(NULL),RusageSys,44,16000,16000,0,0,0,0,0,0,0,0,0,0,0,0,0,0,0,0,0,0,0,0,0,0,0,0,0,0,0,0,0,0,0,0,0,0,0,0,0,0,0,0,0,0,0
STAT,(NULL),RusageUser,44,165956000,165956000,0,0,0,0,0,0,0,0,0,0,0,0,0,0,0,0,0,0,0,0,0,0,0,0,0,0,0,0,0,0,0,0,0,0,0,0,0,0,0,0,0,0,0
STAT,(NULL),Threads,44,44,44,0,0,0,0,0,0,0,0,0,0,0,0,0,0,0,0,0,0,0,0,0,0,0,0,0,0,0,0,0,0,0,0,0,0,0,0,0,0,0,0,0,0,0
STAT,(NULL),Time,44,8933821934,8933821934,0,0,0,0,0,0,0,0,0,0,0,0,0,0,0,0,0,0,0,0,0,0,0,0,0,0,0,0,0,0,0,0,0,0,0,0,0,0,0,0,0,0,0
STAT,(NULL),TotalTime,44,19570227400,19570227400,0,0,0,0,0,0,0,0,0,0,0,0,0,0,0,0,0,0,0,0,0,0,0,0,0,0,0,0,0,0,0,0,0,0,0,0,0,0,0,0,0,0,0
STAT,(NULL),UserTime,44,109265002257,2618937503,2520286599,2520437082,2518526125,2519385269,2525666998,2471672898,2447999981,2491118188,2437255364,2439995565,2440232789,2455576671,2445457731,2468149673,2490328733,2492617679,2495966222,2477098385,2465042445,2477842024,2475545620,2488175882,2495524080,2429485927,2526983664,2472672877,2484922262,2493197428,2519749803,2517424099,2445800978,2482750438,2459458872,2436378752,2450487506,2466825252,2455449152,2521086259,2486496427,2491353213,2437677093,2490854133,2517108616
STAT,(NULL),Work,44,370162606067,8411568928,8412197273,8446687279,8411560408,8412162671,8412172639,8412173469,8412227244,8412153271,8412157390,8412225584,8411560163,8411561026,8412192728,8411562460,8412191921,8412144196,8412223122,8412196416,8412204250,8412182985,8412163184,8412185700,8412152422,8411552097,8411552979,8412185336,8412188304,8412215738,8412137726,8412135189,8412203849,8411556898,8411555464,8411690448,8412188875,8412176255,8412154226,8412156060,8412166759,8411713491,8412164729,8411552339,8411552576
STAT,(NULL),nBad,44,40159059,788201,954864,749350,1011065,1015709,937478,913015,869928,885389,907348,853206,972267,958102,954789,881934,976123,958706,888027,869136,808515,921885,908415,854280,844957,906913,921566,904243,959254,842667,930765,928694,932605,920636,879893,897415,933082,915361,858117,966572,1023633,905297,930707,935109,983841
STAT,(NULL),nEmpty,44,4187523,40040,112182,41671,111150,111878,117612,95173,87571,102887,83238,82508,90882,85770,85105,91368,103017,102863,98551,92175,94615,97514,92623,99369,97902,82435,115258,98205,94120,100188,113384,113638,86717,95521,91931,86654,88965,88560,94180,109247,104386,103129,86540,103776,113025
STAT,(NULL),nEmptyPop,44,8836202,108242,229067,105948,229157,229110,228602,227597,149227,214990,200128,154418,226538,200010,194399,199173,193185,225123,110407,198986,181769,223966,197761,186682,198189,224679,225619,196063,199915,152246,226434,227499,183788,169028,201659,201550,188595,218480,228317,229033,230259,230277,230427,229694,229966
STAT,(NULL),nOverall,44,98492400,1133192,2529439,1132267,2554965,2546909,2543400,2242638,2109921,2351912,2019140,2035313,2172307,2140011,2109593,2145516,2391576,2375869,2265709,2214173,2173607,2299882,2232450,2272937,2274435,2084617,2561604,2317394,2311712,2329239,2552172,2569564,2091062,2328636,2151829,2106476,2134765,2150962,2171013,2555447,2399137,2400405,2078110,2374393,2556702
STAT,(NULL),nPop,44,43819384,502870,1124822,504198,1133796,1132379,1130402,999659,938478,1045601,896925,905592,964015,951024,939874,953927,1063169,1056155,1007462,984988,969286,1025249,994116,1010242,1013933,928374,1141266,1032012,1025984,1040583,1134289,1144262,928886,1038417,958819,937358,951038,957522,966345,1138005,1066524,1064515,925411,1054279,1137333
STAT,(NULL),nPush,44,43819381,502718,1127717,502464,1135542,1134312,1130907,998348,936939,1046481,895002,904218,965666,950227,937241,954253,1064838,1058871,1008470,984317,966859,1025184,994232,1009208,1013645,927220,1143881,1032390,1026715,1038511,1136776,1146052,928230,1039427,956104,935576,947303,956542,964280,1140133,1067415,1066397,925123,1054416,1139231
STAT,(NULL),nPushInit,44,3,1,1,1,0,0,0,0,0,0,0,0,0,0,0,0,0,0,0,0,0,0,0,0,0,0,0,0,0,0,0,0,0,0,0,0,0,0,0,0,0,0,0,0,0
STAT,¨M³,BarrierTime,44,70351720,0,0,70351720,0,0,0,0,0,0,0,0,0,0,0,0,0,0,0,0,0,0,0,0,0,0,0,0,0,0,0,0,0,0,0,0,0,0,0,0,0,0,0,0,0
==== BENCHMARK TOOK 9.829
==== BENCHMARK START ===
==== PARAMS kernel=4.9.5-64-net1 malloc=libc hostname=rack-castor threads=44 delta=4 prog=sssp-klsm256  ===
ERROR: ld.so: object '/specific/disk1/home/adamx/malloc/lib64/libjemalloc.so' from LD_PRELOAD cannot be preloaded (cannot open shared object file): ignored.
Galois Benchmark Suite v2.2.1 (r0)
Copyright (C) 2014 The University of Texas at Austin
http://iss.ices.utexas.edu/galois/

application: Single Source Shortest Path
Computes the shortest path from a source node to all nodes in a directed graph using a modified chaotic iteration algorithm
http://iss.ices.utexas.edu/?p=projects/galois/benchmarks/single_source_shortest_path

INFO: CommandLine ./build/debug/apps/sssp/sssp -noverify -t 44 -delta 4 -wl klsm256 -startNode 0 /specific/disk1/home/mad/Galois-PQ/inputs/road/USA-road-d.USA.gr
INFO: Hostname rack-castor
Read 23947347 nodes
Running Asynchronous with CAS version
INFO: Using delta-step of 1
WARNING: Performance varies considerably due to delta parameter.
WARNING: Do not expect the default to be good for your graph.
Node 1 has distance 2025
STATTYPE,LOOP,CATEGORY,n,sum,T0,T1,T2,T3,T4,T5,T6,T7,T8,T9,T10,T11,T12,T13,T14,T15,T16,T17,T18,T19,T20,T21,T22,T23,T24,T25,T26,T27,T28,T29,T30,T31,T32,T33,T34,T35,T36,T37,T38,T39,T40,T41,T42,T43
STAT,(NULL),BadWork,44,40675638928,911720920,914289696,1033180512,941809923,1035678902,929937120,897882120,955203007,960330156,847759919,898659066,935868101,904472337,943512913,927913547,967780266,820022253,939784490,952300893,866349661,893328324,901764246,871828996,916267744,977576757,948122095,930544377,884890412,964925603,966799165,907193358,923075296,848618928,877361505,884993172,971207649,888165931,867562745,902309429,920974649,984112153,987122106,989817118,882621368
STAT,(NULL),BarrierTime,44,508406356,26470029,542039,2499005,463771,26435727,491812,538611,295094,26247338,457517,26331800,26200923,397808,357358,379969,175967,26175812,1966456,210395,26213440,26229300,26231051,26155078,26156273,26006562,26155636,319212,287387,26155340,250970,26156489,133700,54377,26053739,130013,91842,28593,91383,26069308,260113,26121955,109465,26122054,185645
STAT,(NULL),ConflictTime,44,0,0,0,0,0,0,0,0,0,0,0,0,0,0,0,0,0,0,0,0,0,0,0,0,0,0,0,0,0,0,0,0,0,0,0,0,0,0,0,0,0,0,0,0,0
STAT,(NULL),Conflicts,44,0,0,0,0,0,0,0,0,0,0,0,0,0,0,0,0,0,0,0,0,0,0,0,0,0,0,0,0,0,0,0,0,0,0,0,0,0,0,0,0,0,0,0,0,0
STAT,(NULL),EmptyPopTime,44,475858952,3581226,12763921,3344275,12558271,12694669,12688603,9390110,12734147,10631718,11351147,11248256,9891395,12161337,10509425,11872065,9626991,12387131,13007164,11720210,11955763,12561621,11670711,11787451,9863184,9163221,13641365,10660266,10851219,11210968,11186223,10896284,11421767,11288070,10021157,9972799,9006439,12345561,10618325,10618659,9472278,9155022,9124172,11706710,11497656
STAT,(NULL),EmptyWork,44,1689189186,15686557,41010819,121578889,39440950,39543289,39493279,33965260,36796062,36695141,35434935,37443594,35148488,34994315,34313888,36826153,33780600,37239972,34048084,37609680,37660025,36840275,36231964,39701827,34624931,35157336,39916057,37269040,40045940,36150153,41477548,39831592,36661895,36412910,37316431,38179810,33322557,34476506,36673405,39901269,32693395,36674272,33435847,37783292,39700954
STAT,(NULL),GaloisTime,44,52338595814,1289319364,1166445993,1173606292,1179145465,1174466828,1170378307,1187201283,1189378790,1187881331,1185672288,1190378623,1188008965,1191010941,1191289993,1186750043,1186498089,1178676566,1190556809,1176853913,1185183110,1186897206,1188942659,1184988775,1197696419,1193410029,1187160819,1187349254,1190441196,1196613930,1183324515,1181696823,1189252852,1200030747,1189989265,1184116699,1201517747,1200250079,1186433655,1180511511,1191876038,1191485093,1204859144,1189019991,1182028375
STAT,(NULL),InitPushTime,44,2572915,36952,11693,81375,37351,37176,69058,68816,60992,68420,40096,41280,53874,39144,56784,58828,54344,41212,41068,42084,69276,69764,73179,64540,62516,61871,127527,126852,60316,60552,60390,58828,58945,58615,57376,57068,57016,57537,57354,57215,55396,55183,54648,55470,54934
STAT,(NULL),Iterations,44,43932576,531972,1121772,502978,1135291,1137987,1132137,919275,1030622,991368,934704,1013673,962192,951340,864135,1007629,960534,952900,929675,1058697,1017146,997561,988612,1081445,940682,988408,1154036,1058161,1052805,1011821,1150126,1151399,1023854,981284,1039409,1082771,881550,949499,962204,1149054,938769,1044542,911517,1090247,1146793
STAT,(NULL),LoopTime,44,8745662679,8745662679,0,0,0,0,0,0,0,0,0,0,0,0,0,0,0,0,0,0,0,0,0,0,0,0,0,0,0,0,0,0,0,0,0,0,0,0,0,0,0,0,0,0,0
STAT,(NULL),MeminfoPost,44,2244,51,51,51,51,51,51,51,51,51,51,51,51,51,51,51,51,51,51,51,51,51,51,51,51,51,51,51,51,51,51,51,51,51,51,51,51,51,51,51,51,51,51,51,51
STAT,(NULL),MeminfoPre,44,2244,51,51,51,51,51,51,51,51,51,51,51,51,51,51,51,51,51,51,51,51,51,51,51,51,51,51,51,51,51,51,51,51,51,51,51,51,51,51,51,51,51,51,51,51
STAT,(NULL),NumaPost,44,12416,7374,4230,644,168,0,0,0,0,0,0,0,0,0,0,0,0,0,0,0,0,0,0,0,0,0,0,0,0,0,0,0,0,0,0,0,0,0,0,0,0,0,0,0,0
STAT,(NULL),PopTime,44,129893232623,3290441022,2874447852,3026137214,2873367899,2878399766,2886222186,3048783572,2916993955,2995218852,2990272135,2945923477,3013519830,2979544438,3023909967,2939474229,3016903088,2963555696,2984817245,2958839300,2907936025,2937239013,2984652419,2871301840,2970550239,2989581617,2840028012,2942743667,2895903905,2959895098,2843770041,2852095697,2938035865,2916970898,2924332671,2918670773,3070098128,2960848607,2965860231,2852542301,3028039908,2938434996,3006580086,2912085620,2858263243
STAT,(NULL),PushTime,44,70668842633,1509359708,1644870862,1893163982,1630969058,1628635827,1631016693,1545283106,1609850214,1573171853,1571191055,1588238602,1560485899,1579800768,1563555833,1602593725,1562090086,1605544236,1581566254,1592466490,1614299236,1598500017,1565734993,1632677723,1600464333,1585990341,1654363681,1601350057,1625625701,1589676836,1655151112,1651708639,1610525502,1609698554,1611888915,1616054169,1540285566,1594112595,1596852580,1643352521,1564457090,1606494962,1573886361,1611207044,1640629854
STAT,(NULL),RusageSys,44,12000,12000,0,0,0,0,0,0,0,0,0,0,0,0,0,0,0,0,0,0,0,0,0,0,0,0,0,0,0,0,0,0,0,0,0,0,0,0,0,0,0,0,0,0,0
STAT,(NULL),RusageUser,44,162220000,162220000,0,0,0,0,0,0,0,0,0,0,0,0,0,0,0,0,0,0,0,0,0,0,0,0,0,0,0,0,0,0,0,0,0,0,0,0,0,0,0,0,0,0,0
STAT,(NULL),Threads,44,44,44,0,0,0,0,0,0,0,0,0,0,0,0,0,0,0,0,0,0,0,0,0,0,0,0,0,0,0,0,0,0,0,0,0,0,0,0,0,0,0,0,0,0,0
STAT,(NULL),Time,44,8812566912,8812566912,0,0,0,0,0,0,0,0,0,0,0,0,0,0,0,0,0,0,0,0,0,0,0,0,0,0,0,0,0,0,0,0,0,0,0,0,0,0,0,0,0,0,0
STAT,(NULL),TotalTime,44,20052357028,20052357028,0,0,0,0,0,0,0,0,0,0,0,0,0,0,0,0,0,0,0,0,0,0,0,0,0,0,0,0,0,0,0,0,0,0,0,0,0,0,0,0,0,0,0
STAT,(NULL),UserTime,44,109226712228,2170986192,2539833681,2061543128,2543894111,2545633903,2539575651,2454748280,2513620652,2475772623,2485449979,2506142758,2472318506,2481863959,2455795075,2501857053,2470474782,2481971027,2475380144,2501885346,2522340261,2507335884,2492143224,2538915984,2466173847,2466070292,2544262848,2500000298,2516504623,2485825439,2544463186,2543143526,2493474715,2504971354,2505824562,2512378606,2425142658,2477339937,2482934701,2552446748,2452834231,2497128433,2451487230,2517569868,2547252923
STAT,(NULL),Work,44,364915863303,8279605797,8305441712,8303526158,8305440968,8279462819,8305440311,8305335797,8305440020,8279460061,8305343041,8279466094,8279611460,8305447650,8279484665,8305350888,8305440139,8279465376,8303683276,8305441132,8279483068,8279466148,8279466421,8279465541,8279459813,8279614166,8279461284,8305302757,8305332014,8279464786,8305369201,8279461373,8305353724,8305438662,8279476922,8305362568,8305441751,8305458502,8305441324,8279462209,8305355938,8279463262,8305475362,8279463468,8305435675
STAT,(NULL),nBad,44,40491618,699280,938830,689777,972156,1038779,953932,890370,957448,959643,850408,915739,934819,909319,929532,947232,967751,814927,925691,972992,879521,894867,909267,881757,919635,993009,969813,953756,898654,975280,990726,937797,935797,848381,893413,897556,973144,887250,869557,922784,920072,996548,958871,1011602,903936
STAT,(NULL),nEmpty,44,4207517,45359,111416,44848,111669,107855,110206,85547,98172,94986,87391,98442,90693,87021,82080,96334,87656,92605,84472,102517,98665,95021,94164,108056,88451,94937,115176,102630,105528,96768,115871,114217,97635,93798,101415,105458,78883,87116,93614,113327,83763,99359,84296,106574,113526
STAT,(NULL),nEmptyPop,44,72185,791,1942,650,1871,1840,1865,1467,1856,1576,1581,1664,1383,1651,1407,1656,1385,1693,1670,1683,1710,1767,1619,1902,1540,1495,1995,1600,1783,1565,1896,1943,1766,1699,1637,1725,1352,1651,1676,1971,1437,1642,1404,1826,1953
STAT,(NULL),nOverall,44,98824959,1200654,2523528,1133774,2553768,2550531,2543089,2061996,2315211,2226592,2105171,2286307,2165523,2141519,1952411,2268169,2151073,2143136,2094289,2387416,2288758,2242239,2221559,2433413,2114729,2224260,2596673,2377749,2371202,2276435,2592787,2590168,2296769,2206255,2337136,2432955,1988285,2134645,2168816,2580178,2110018,2348238,2057143,2450942,2579450
STAT,(NULL),nPop,44,43932576,531972,1121772,502978,1135291,1137987,1132137,919275,1030622,991368,934704,1013673,962192,951340,864135,1007629,960534,952900,929675,1058697,1017146,997561,988612,1081445,940682,988408,1154036,1058161,1052805,1011821,1150126,1151399,1023854,981284,1039409,1082771,881550,949499,962204,1149054,938769,1044542,911517,1090247,1146793
STAT,(NULL),nPush,44,43932573,532670,1123336,501901,1138086,1139681,1134161,917436,1030391,991630,934057,1013542,959765,949476,863227,1006979,958033,952656,927615,1060146,1017943,996344,986716,1081850,939767,989587,1157350,1057962,1054783,1010113,1154370,1154344,1021904,979342,1040060,1083646,880271,947499,960959,1149655,938491,1045111,911414,1088539,1149765
STAT,(NULL),nPushInit,44,3,1,1,1,0,0,0,0,0,0,0,0,0,0,0,0,0,0,0,0,0,0,0,0,0,0,0,0,0,0,0,0,0,0,0,0,0,0,0,0,0,0,0,0,0
==== BENCHMARK TOOK 10.123
