==== BENCHMARK START ===
==== PARAMS kernel=4.9.5-64-net1 malloc=libc hostname=rack-castor threads=22 delta=4 prog=sssp-multiqueue4  ===
Galois Benchmark Suite v2.2.1 (r0)
Copyright (C) 2014 The University of Texas at Austin
http://iss.ices.utexas.edu/galois/

application: Single Source Shortest Path
Computes the shortest path from a source node to all nodes in a directed graph using a modified chaotic iteration algorithm
http://iss.ices.utexas.edu/?p=projects/galois/benchmarks/single_source_shortest_path

INFO: CommandLine ./build/debug/apps/sssp/sssp -noverify -t 22 -delta 4 -wl multiqueue4 -startNode 0 /specific/disk1/home/mad/Galois-PQ/inputs/random/r4-2e26.gr
INFO: Hostname rack-castor
Read 67108864 nodes
Running Asynchronous with CAS version
INFO: Using delta-step of 1
WARNING: Performance varies considerably due to delta parameter.
WARNING: Do not expect the default to be good for your graph.
Node 1 has distance 8445
STATTYPE,LOOP,CATEGORY,n,sum,T0,T1,T2,T3,T4,T5,T6,T7,T8,T9,T10,T11,T12,T13,T14,T15,T16,T17,T18,T19,T20,T21
STAT,(NULL),BadWork,22,0,0,0,0,0,0,0,0,0,0,0,0,0,0,0,0,0,0,0,0,0,0,0
STAT,(NULL),BarrierTime,22,2259837,340464,211549,215649,197954,195921,175421,123348,125648,127668,126468,66120,86883,85811,28188,19785,32985,21764,8240,8348,11319,25612,24692
STAT,(NULL),ConflictTime,22,0,0,0,0,0,0,0,0,0,0,0,0,0,0,0,0,0,0,0,0,0,0,0
STAT,(NULL),Conflicts,22,0,0,0,0,0,0,0,0,0,0,0,0,0,0,0,0,0,0,0,0,0,0,0
STAT,(NULL),EmptyPopTime,22,902046792,40665909,38652642,40933175,38364947,38549919,39992008,41727645,41983268,41919731,43638309,40833914,40926936,41292267,43076616,40966884,41529048,41863559,40664563,40792059,40385377,41533952,41754064
STAT,(NULL),EmptyWork,22,13826839301,627948905,631982044,624199060,639053182,643937913,641876141,624183148,615981067,626056191,628080830,627611886,622911007,628937747,632136659,623509334,627686420,620911342,620957587,635402283,626525701,623844158,633106696
STAT,(NULL),GaloisTime,22,87790070944,3904823779,3722866040,4047210158,3766869174,3764469217,3773642132,4041711491,3987419042,4108568738,4141885501,4027548432,4097795680,4105897578,4134976738,3969089959,3924591736,4010706539,4041015472,4060478272,4029651681,4067750683,4061102902
STAT,(NULL),InitPushTime,22,1052448,92100,144977,63456,36457,36407,35907,40500,40240,39164,39208,65604,38728,38652,38228,39564,35904,39124,37528,37424,36884,38176,38216
STAT,(NULL),Iterations,22,89791094,4148724,4423910,4023458,4461079,4458687,4471127,3957525,4071148,3921135,3874466,4086852,4004146,3949287,3916845,3998057,4094195,3977906,4054864,4025459,4094969,3880173,3897082
STAT,(NULL),LoopTime,22,52328968964,52328968964,0,0,0,0,0,0,0,0,0,0,0,0,0,0,0,0,0,0,0,0,0
STAT,(NULL),MeminfoPost,22,6182,281,281,281,281,281,281,281,281,281,281,281,281,281,281,281,281,281,281,281,281,281,281
STAT,(NULL),MeminfoPre,22,6182,281,281,281,281,281,281,281,281,281,281,281,281,281,281,281,281,281,281,281,281,281,281
STAT,(NULL),NumaPost,22,11242,8190,1424,1052,576,0,0,0,0,0,0,0,0,0,0,0,0,0,0,0,0,0,0
STAT,(NULL),PopTime,22,134909733052,6104653903,6074709173,6145096326,6042144708,6050395660,6047647491,6184350833,6140611444,6172609368,6190911217,6125019204,6127337472,6164203603,6157380717,6164266690,6114602586,6160662705,6135800889,6129569584,6109617352,6179761481,6188380646
STAT,(NULL),PushTime,22,514169552986,23432111122,23479571814,23407314851,23363814511,23348594472,23290169913,23423469058,23429766286,23357625348,23327509851,23291308092,23276158305,23314324113,23320642743,23467130874,23464700741,23404610056,23286622915,23319202583,23315016856,23450001780,23399886702
STAT,(NULL),RusageSys,22,0,0,0,0,0,0,0,0,0,0,0,0,0,0,0,0,0,0,0,0,0,0,0
STAT,(NULL),RusageUser,22,511208000,511208000,0,0,0,0,0,0,0,0,0,0,0,0,0,0,0,0,0,0,0,0,0
STAT,(NULL),Threads,22,22,22,0,0,0,0,0,0,0,0,0,0,0,0,0,0,0,0,0,0,0,0,0
STAT,(NULL),Time,22,52329981076,52329981076,0,0,0,0,0,0,0,0,0,0,0,0,0,0,0,0,0,0,0,0,0
STAT,(NULL),TotalTime,22,82187697724,82187697724,0,0,0,0,0,0,0,0,0,0,0,0,0,0,0,0,0,0,0,0,0
STAT,(NULL),UserTime,22,371773074785,16952127566,17114550772,16797579290,17212086464,17216386214,17269004721,16746890535,16846572571,16755554330,16730306748,16950009397,16897201472,16807675935,16774117707,16797371621,16889220251,16823578977,16937273074,16876890932,16941134470,16699440136,16738101602
STAT,(NULL),Work,22,1123373353230,51062440932,51062420992,51062420595,51062420758,51062421150,51062421150,51062420654,51062420834,51062421242,51062420036,51062418669,51062420269,51062426144,51062420840,51062429588,51062420967,51062425634,51062441390,51062441057,51062440203,51062420298,51062419828
STAT,(NULL),nBad,22,0,0,0,0,0,0,0,0,0,0,0,0,0,0,0,0,0,0,0,0,0,0,0
STAT,(NULL),nEmpty,22,22682231,1037050,1116396,1046710,1124430,1123857,1124914,983980,1041945,980459,970431,1038134,1018584,997940,985816,993526,1043643,1000940,1023162,1020720,1047803,987363,974428
STAT,(NULL),nEmptyPop,22,2808055,129745,138365,125851,139524,139451,139838,123772,127321,122639,121179,127814,125245,123493,122501,125013,128033,124387,126776,125847,128023,121357,121881
STAT,(NULL),nOverall,22,268435454,12448039,13232975,11902261,13349906,13340903,13377170,11890039,12122233,11757821,11615847,12197079,11944794,11803781,11728953,12020102,12209503,11908295,12129513,12018794,12186667,11565639,11685140
STAT,(NULL),nPop,22,89791094,4148724,4423910,4023458,4461079,4458687,4471127,3957525,4071148,3921135,3874466,4086852,4004146,3949287,3916845,3998057,4094195,3977906,4054864,4025459,4094969,3880173,3897082
STAT,(NULL),nPush,22,89791092,4184524,4437735,3877257,4483200,4484162,4495232,4046877,3973996,3994293,3911480,4031779,3999539,3943098,3961111,4034484,4076072,4018061,4052024,3968846,4035888,3859437,3921997
STAT,(NULL),nPushInit,22,2,1,1,0,0,0,0,0,0,0,0,0,0,0,0,0,0,0,0,0,0,0,0
==== BENCHMARK TOOK 38.174
==== BENCHMARK START ===
==== PARAMS kernel=4.9.5-64-net1 malloc=libc hostname=rack-castor threads=22 delta=4 prog=sssp-multiqueue4  ===
Galois Benchmark Suite v2.2.1 (r0)
Copyright (C) 2014 The University of Texas at Austin
http://iss.ices.utexas.edu/galois/

application: Single Source Shortest Path
Computes the shortest path from a source node to all nodes in a directed graph using a modified chaotic iteration algorithm
http://iss.ices.utexas.edu/?p=projects/galois/benchmarks/single_source_shortest_path

INFO: CommandLine ./build/debug/apps/sssp/sssp -noverify -t 22 -delta 4 -wl multiqueue4 -startNode 0 /specific/disk1/home/mad/Galois-PQ/inputs/random/r4-2e26.gr
INFO: Hostname rack-castor
Read 67108864 nodes
Running Asynchronous with CAS version
INFO: Using delta-step of 1
WARNING: Performance varies considerably due to delta parameter.
WARNING: Do not expect the default to be good for your graph.
Node 1 has distance 8445
STATTYPE,LOOP,CATEGORY,n,sum,T0,T1,T2,T3,T4,T5,T6,T7,T8,T9,T10,T11,T12,T13,T14,T15,T16,T17,T18,T19,T20,T21
STAT,(NULL),BadWork,22,0,0,0,0,0,0,0,0,0,0,0,0,0,0,0,0,0,0,0,0,0,0,0
STAT,(NULL),BarrierTime,22,4643399,430683,293001,453100,287630,249425,327618,331010,204315,189552,143043,170352,253442,247308,225270,245832,129813,129784,76725,141699,81951,26170,5676
STAT,(NULL),ConflictTime,22,0,0,0,0,0,0,0,0,0,0,0,0,0,0,0,0,0,0,0,0,0,0,0
STAT,(NULL),Conflicts,22,0,0,0,0,0,0,0,0,0,0,0,0,0,0,0,0,0,0,0,0,0,0,0
STAT,(NULL),EmptyPopTime,22,904799791,41351151,38796152,41784151,38475919,38836546,38688650,42102930,40752458,41729192,41493782,42172433,41647643,41850092,41338656,42343599,41978591,41631600,42241998,41756652,41112746,41013578,41701272
STAT,(NULL),EmptyWork,22,14026962930,642671121,649090868,614488602,646967382,665858156,653831082,638424493,627334039,639739221,630892194,641461135,636104210,632379854,632197402,632949580,624465832,632010213,629644244,628911554,646150929,642556740,638834079
STAT,(NULL),GaloisTime,22,89328807820,3977319524,3771259591,4135809484,3798940567,3801853440,3810145327,4157610505,4048810519,4200408840,4117074291,4147214728,4168708227,4168887582,4163524818,4125966363,4097872297,4072540917,4205348241,4151542078,4106421276,4024964133,4076585072
STAT,(NULL),InitPushTime,22,1111363,85964,104084,49188,36305,36405,71333,41328,40184,39096,48475,38916,53109,38272,49837,39540,39360,38772,62634,33310,39418,63060,62773
STAT,(NULL),Iterations,22,89791125,4157332,4463999,3954710,4496951,4499243,4509587,3892506,4119913,3951455,4042095,3977652,3983370,3936613,4009153,3893541,3940708,4018826,3903509,3955342,4066112,4034675,3983833
STAT,(NULL),LoopTime,22,52957691560,52957691560,0,0,0,0,0,0,0,0,0,0,0,0,0,0,0,0,0,0,0,0,0
STAT,(NULL),MeminfoPost,22,6182,281,281,281,281,281,281,281,281,281,281,281,281,281,281,281,281,281,281,281,281,281,281
STAT,(NULL),MeminfoPre,22,6182,281,281,281,281,281,281,281,281,281,281,281,281,281,281,281,281,281,281,281,281,281,281
STAT,(NULL),NumaPost,22,11251,8203,1240,1232,576,0,0,0,0,0,0,0,0,0,0,0,0,0,0,0,0,0,0
STAT,(NULL),PopTime,22,136282020051,6352600123,6108776927,6213531762,6082425392,6083991104,6087013706,6254014609,6170449131,6208811578,6181745312,6229478642,6202686819,6225342515,6179266686,6237191142,6234877760,6205354992,6228810964,6216410967,6178565472,6188483733,6212190715
STAT,(NULL),PushTime,22,519877837437,23537502277,23758804595,23707373439,23665662748,23613114235,23585203127,23678272210,23652956390,23585716818,23616545182,23564506151,23519294936,23570769587,23560246242,23720089954,23690130154,23660540108,23570885419,23576450755,23603642438,23744039249,23696091423
STAT,(NULL),RusageSys,22,0,0,0,0,0,0,0,0,0,0,0,0,0,0,0,0,0,0,0,0,0,0,0
STAT,(NULL),RusageUser,22,516780000,516780000,0,0,0,0,0,0,0,0,0,0,0,0,0,0,0,0,0,0,0,0,0
STAT,(NULL),Threads,22,22,22,0,0,0,0,0,0,0,0,0,0,0,0,0,0,0,0,0,0,0,0,0
STAT,(NULL),Time,22,52958674147,52958674147,0,0,0,0,0,0,0,0,0,0,0,0,0,0,0,0,0,0,0,0,0
STAT,(NULL),TotalTime,22,84049518908,84049518908,0,0,0,0,0,0,0,0,0,0,0,0,0,0,0,0,0,0,0,0,0
STAT,(NULL),UserTime,22,375194802031,17067428498,17292145793,16905888172,17386401729,17415220539,17443992301,16848450615,17078572137,16942472087,17031124282,16994042247,17050432126,16979644570,17042298813,16860334280,16929549314,17006796321,16941939821,17003802545,17042980652,16977813359,16953471830
STAT,(NULL),Work,22,1135617232569,51618981418,51618961902,51618961578,51618961340,51618960961,51618961386,51618983590,51618960603,51618981970,51618964329,51618961896,51618960233,51618961752,51618960290,51618961198,51618961988,51618961729,51618958936,51618961399,51618961479,51618958706,51618983886
STAT,(NULL),nBad,22,0,0,0,0,0,0,0,0,0,0,0,0,0,0,0,0,0,0,0,0,0,0,0
STAT,(NULL),nEmpty,22,22682262,1055332,1121286,1006777,1128144,1127414,1130924,971548,1060499,1008649,1027704,986142,1006992,989275,1030902,976616,999946,1027069,978592,989560,1024073,1023875,1010943
STAT,(NULL),nEmptyPop,22,2808350,130028,139611,123706,140655,140729,141040,121716,128879,123540,126417,124427,124578,123133,125396,121791,123267,125718,122070,123720,127186,126193,124550
STAT,(NULL),nOverall,22,268435454,12412041,13374617,11791040,13471204,13484131,13509705,11686185,12239096,11770930,12062098,11967193,11909583,11787477,11915484,11666549,11761142,11970078,11693680,11865021,12167352,12041335,11889513
STAT,(NULL),nPop,22,89791125,4157332,4463999,3954710,4496951,4499243,4509587,3892506,4119913,3951455,4042095,3977652,3983370,3936613,4009153,3893541,3940708,4018826,3903509,3955342,4066112,4034675,3983833
STAT,(NULL),nPush,22,89791123,4143906,4490602,3973352,4532037,4534183,4550565,3902452,3976317,3898698,4019051,4079259,3949373,3914426,3922248,3945998,3935877,4023176,3910661,4014171,4091023,3991238,3992510
STAT,(NULL),nPushInit,22,2,1,1,0,0,0,0,0,0,0,0,0,0,0,0,0,0,0,0,0,0,0,0
==== BENCHMARK TOOK 39.073
==== BENCHMARK START ===
==== PARAMS kernel=4.9.5-64-net1 malloc=libc hostname=rack-castor threads=22 delta=4 prog=sssp-multiqueue4  ===
Galois Benchmark Suite v2.2.1 (r0)
Copyright (C) 2014 The University of Texas at Austin
http://iss.ices.utexas.edu/galois/

application: Single Source Shortest Path
Computes the shortest path from a source node to all nodes in a directed graph using a modified chaotic iteration algorithm
http://iss.ices.utexas.edu/?p=projects/galois/benchmarks/single_source_shortest_path

INFO: CommandLine ./build/debug/apps/sssp/sssp -noverify -t 22 -delta 4 -wl multiqueue4 -startNode 0 /specific/disk1/home/mad/Galois-PQ/inputs/random/r4-2e26.gr
INFO: Hostname rack-castor
Read 67108864 nodes
Running Asynchronous with CAS version
INFO: Using delta-step of 1
WARNING: Performance varies considerably due to delta parameter.
WARNING: Do not expect the default to be good for your graph.
Node 1 has distance 8445
STATTYPE,LOOP,CATEGORY,n,sum,T0,T1,T2,T3,T4,T5,T6,T7,T8,T9,T10,T11,T12,T13,T14,T15,T16,T17,T18,T19,T20,T21
STAT,(NULL),BadWork,22,0,0,0,0,0,0,0,0,0,0,0,0,0,0,0,0,0,0,0,0,0,0,0
STAT,(NULL),BarrierTime,22,2687303,430020,214390,224206,213688,196000,158081,137594,158175,160826,115468,56616,75957,66119,66096,62058,68974,71890,75204,67132,24169,21885,22755
STAT,(NULL),ConflictTime,22,0,0,0,0,0,0,0,0,0,0,0,0,0,0,0,0,0,0,0,0,0,0,0
STAT,(NULL),Conflicts,22,0,0,0,0,0,0,0,0,0,0,0,0,0,0,0,0,0,0,0,0,0,0,0
STAT,(NULL),EmptyPopTime,22,888021939,39283000,37728299,40622057,37545485,39141250,38044135,40921791,41673953,40561817,41386794,42161723,42111541,40718880,40240975,40625347,41322272,41458517,40757301,40600962,40187074,40455782,40472984
STAT,(NULL),EmptyWork,22,14070068199,647121600,646420596,635174740,649184462,655721971,656835188,638596835,630374350,640733313,628375964,629813460,636802454,646133296,647993581,634714798,632955114,627234246,631865052,635475065,641683887,636458802,640399425
STAT,(NULL),GaloisTime,22,90043744741,3939268231,3795103116,4173624636,3823230999,3827254241,3827962054,4146384807,4207797373,4173724576,4224470740,4254994915,4169456249,4160096373,4158282037,4147665040,4110330757,4163210125,4183840157,4172566352,4165939995,4120725102,4097816866
STAT,(NULL),InitPushTime,22,1135297,87304,184170,69116,71279,71851,36687,40880,36496,35245,39256,65413,34787,38624,39424,40068,35783,35206,33671,37196,33264,35015,34562
STAT,(NULL),Iterations,22,89791136,4297007,4472518,3973359,4511523,4511555,4525158,3960150,3880489,4003152,3922156,3853571,4019378,4013073,4019833,3952191,3927543,3924351,4002722,4006988,4051396,3972596,3990427
STAT,(NULL),LoopTime,22,53078742686,53078742686,0,0,0,0,0,0,0,0,0,0,0,0,0,0,0,0,0,0,0,0,0
STAT,(NULL),MeminfoPost,22,6182,281,281,281,281,281,281,281,281,281,281,281,281,281,281,281,281,281,281,281,281,281,281
STAT,(NULL),MeminfoPre,22,6182,281,281,281,281,281,281,281,281,281,281,281,281,281,281,281,281,281,281,281,281,281,281
STAT,(NULL),NumaPost,22,11253,8193,1246,1055,759,0,0,0,0,0,0,0,0,0,0,0,0,0,0,0,0,0,0
STAT,(NULL),PopTime,22,136405459319,6157277256,6123903218,6227697485,6112065438,6117401216,6116551315,6236445752,6255439397,6212616242,6224823665,6265003068,6214001824,6195243831,6205368776,6217630938,6242060349,6240472103,6198538231,6192207993,6180257741,6229132131,6241321350
STAT,(NULL),PushTime,22,520570011466,23694374686,23783715784,23701992995,23674481510,23617351048,23587533636,23711865996,23723392095,23624273598,23646656380,23598462547,23543062917,23616378953,23598927454,23738516954,23754705886,23683320579,23591175580,23632231587,23609666185,23734027848,23703897248
STAT,(NULL),RusageSys,22,0,0,0,0,0,0,0,0,0,0,0,0,0,0,0,0,0,0,0,0,0,0,0
STAT,(NULL),RusageUser,22,518160000,518160000,0,0,0,0,0,0,0,0,0,0,0,0,0,0,0,0,0,0,0,0,0
STAT,(NULL),Threads,22,22,22,0,0,0,0,0,0,0,0,0,0,0,0,0,0,0,0,0,0,0,0,0
STAT,(NULL),Time,22,53079756678,53079756678,0,0,0,0,0,0,0,0,0,0,0,0,0,0,0,0,0,0,0,0,0
STAT,(NULL),TotalTime,22,83606262738,83606262738,0,0,0,0,0,0,0,0,0,0,0,0,0,0,0,0,0,0,0,0,0
STAT,(NULL),UserTime,22,376672724509,17279493327,17369949913,16977703605,17460312862,17499949319,17529893333,16982603784,16898143508,17064909220,16991106293,16966381014,17151386669,17098248711,17106005955,16977666571,16975445790,17001125991,17110645184,17083736620,17119086302,16996019314,17032911224
STAT,(NULL),Work,22,1138652012971,51756932280,51756908556,51756905455,51756909081,51756908959,51756909163,51756908361,51756909378,51756908402,51756908600,51756905679,51756909324,51756909258,51756907882,51756908565,51756908995,51756909394,51756909152,51756908939,51756909294,51756909264,51756908990
STAT,(NULL),nBad,22,0,0,0,0,0,0,0,0,0,0,0,0,0,0,0,0,0,0,0,0,0,0,0
STAT,(NULL),nEmpty,22,22682273,1087962,1122471,1022481,1129771,1128993,1132266,989680,975800,1004324,991954,960315,1013971,1021448,1008282,1016862,981471,992689,1009661,1023941,1040383,1020294,1007254
STAT,(NULL),nEmptyPop,22,2808383,134373,139872,124263,141101,141116,141515,123850,121373,125194,122673,120516,125725,125526,125725,123633,122841,122739,125197,125334,126736,124257,124824
STAT,(NULL),nOverall,22,268435454,12839408,13405782,11800148,13523308,13530988,13567965,11883919,11612742,11997235,11719949,11571758,12022316,11965308,12042091,11747454,11786993,11724912,11972336,11934347,12040664,11815002,11930829
STAT,(NULL),nPop,22,89791136,4297007,4472518,3973359,4511523,4511555,4525158,3960150,3880489,4003152,3922156,3853571,4019378,4013073,4019833,3952191,3927543,3924351,4002722,4006988,4051396,3972596,3990427
STAT,(NULL),nPush,22,89791134,4257366,4512955,3876159,4555963,4564100,4578325,3998134,3893010,4011498,3897388,3919889,4031132,3996416,3983181,3865488,4003013,3908997,4041191,3987806,3983621,3896724,4028778
STAT,(NULL),nPushInit,22,2,1,1,0,0,0,0,0,0,0,0,0,0,0,0,0,0,0,0,0,0,0,0
==== BENCHMARK TOOK 38.783
==== BENCHMARK START ===
==== PARAMS kernel=4.9.5-64-net1 malloc=libc hostname=rack-castor threads=22 delta=4 prog=sssp-multiqueue4  ===
Galois Benchmark Suite v2.2.1 (r0)
Copyright (C) 2014 The University of Texas at Austin
http://iss.ices.utexas.edu/galois/

application: Single Source Shortest Path
Computes the shortest path from a source node to all nodes in a directed graph using a modified chaotic iteration algorithm
http://iss.ices.utexas.edu/?p=projects/galois/benchmarks/single_source_shortest_path

INFO: CommandLine ./build/debug/apps/sssp/sssp -noverify -t 22 -delta 4 -wl multiqueue4 -startNode 0 /specific/disk1/home/mad/Galois-PQ/inputs/random/r4-2e26.gr
INFO: Hostname rack-castor
Read 67108864 nodes
Running Asynchronous with CAS version
INFO: Using delta-step of 1
WARNING: Performance varies considerably due to delta parameter.
WARNING: Do not expect the default to be good for your graph.
Node 1 has distance 8445
STATTYPE,LOOP,CATEGORY,n,sum,T0,T1,T2,T3,T4,T5,T6,T7,T8,T9,T10,T11,T12,T13,T14,T15,T16,T17,T18,T19,T20,T21
STAT,(NULL),BadWork,22,0,0,0,0,0,0,0,0,0,0,0,0,0,0,0,0,0,0,0,0,0,0,0
STAT,(NULL),BarrierTime,22,3106101,213111,251286,326825,225408,225938,208347,199528,129104,148724,149409,133894,121940,103153,121068,127119,54707,55044,66756,67154,67054,55152,55380
STAT,(NULL),ConflictTime,22,0,0,0,0,0,0,0,0,0,0,0,0,0,0,0,0,0,0,0,0,0,0,0
STAT,(NULL),Conflicts,22,0,0,0,0,0,0,0,0,0,0,0,0,0,0,0,0,0,0,0,0,0,0,0
STAT,(NULL),EmptyPopTime,22,918520660,41451423,38551780,41575784,38803985,39038953,38940480,43646359,42034155,41588005,41634517,42278230,43236759,42103671,41936407,42624256,41612002,43238962,42038889,44317835,42247469,41725092,43895647
STAT,(NULL),EmptyWork,22,13993752731,631631236,647022528,613748098,658195236,656149930,636003900,627317640,639194671,640052938,646256886,636629558,642037017,636522447,626418478,604909036,647334785,629048000,632645128,628766377,635967135,645640771,632260936
STAT,(NULL),GaloisTime,22,89357343529,3933446974,3768614913,4142440776,3797426527,3815329710,3822771534,4167837857,4117915895,4130843208,4108225707,4163029624,4183448836,4184921356,4147678499,4148119351,4060361571,4086256148,4174935591,4122626228,4077514023,4087077172,4116522029
STAT,(NULL),InitPushTime,22,1095813,166790,165131,41632,36490,36414,36034,40816,47564,39472,39328,38988,38680,38532,38300,35619,39940,39304,33740,33516,33103,38380,38040
STAT,(NULL),Iterations,22,89791090,4228113,4461353,3979510,4496520,4495563,4507310,3892792,3959592,4028520,4071308,3987717,3965586,3928146,3966731,3863015,4008116,3985155,3972976,4005449,4084329,3974790,3928499
STAT,(NULL),LoopTime,22,52996205360,52996205360,0,0,0,0,0,0,0,0,0,0,0,0,0,0,0,0,0,0,0,0,0
STAT,(NULL),MeminfoPost,22,6182,281,281,281,281,281,281,281,281,281,281,281,281,281,281,281,281,281,281,281,281,281,281
STAT,(NULL),MeminfoPre,22,6182,281,281,281,281,281,281,281,281,281,281,281,281,281,281,281,281,281,281,281,281,281,281
STAT,(NULL),NumaPost,22,11245,8207,1243,1037,758,0,0,0,0,0,0,0,0,0,0,0,0,0,0,0,0,0,0
STAT,(NULL),PopTime,22,136340703934,6176413220,6127327449,6223463815,6105339158,6105205531,6089521272,6248211576,6215778844,6211098896,6178855295,6209600612,6199647681,6231659335,6226220863,6263388554,6216330398,6221471400,6226622581,6223845985,6192960183,6206092537,6241648749
STAT,(NULL),PushTime,22,520730770169,23746061987,23768819091,23710159307,23687889033,23658164539,23613136651,23724803203,23729649836,23637449213,23614333727,23581196069,23574343215,23611054005,23620958996,23747102702,23718711792,23705866185,23554118383,23633386563,23630681020,23761445284,23701439368
STAT,(NULL),RusageSys,22,0,0,0,0,0,0,0,0,0,0,0,0,0,0,0,0,0,0,0,0,0,0,0
STAT,(NULL),RusageUser,22,517220000,517220000,0,0,0,0,0,0,0,0,0,0,0,0,0,0,0,0,0,0,0,0,0
STAT,(NULL),Threads,22,22,22,0,0,0,0,0,0,0,0,0,0,0,0,0,0,0,0,0,0,0,0,0
STAT,(NULL),Time,22,52997295310,52997295310,0,0,0,0,0,0,0,0,0,0,0,0,0,0,0,0,0,0,0,0,0
STAT,(NULL),TotalTime,22,82438224224,82438224224,0,0,0,0,0,0,0,0,0,0,0,0,0,0,0,0,0,0,0,0,0
STAT,(NULL),UserTime,22,375238613234,17133707891,17312377146,16931326156,17375060746,17388824769,17462339689,16850898639,16918140467,17001681706,17073407860,17029982509,17020000602,16956452555,16999499859,16856570073,16978363120,16976831635,17032352575,17009771411,17083342761,16920734494,16926946571
STAT,(NULL),Work,22,1136581679663,51662850956,51662799111,51662799108,51662800279,51662799244,51662800261,51662799518,51662798444,51662799314,51662799238,51662820022,51662799570,51662820542,51662799886,51662799018,51662798937,51662799243,51662799157,51662799492,51662799110,51662800250,51662798963
STAT,(NULL),nBad,22,0,0,0,0,0,0,0,0,0,0,0,0,0,0,0,0,0,0,0,0,0,0,0
STAT,(NULL),nEmpty,22,22682227,1067894,1122400,1029172,1131075,1130114,1131794,983678,995015,1018102,1040299,1008586,1001643,994964,986957,967981,1029983,1014474,1000802,993570,1023007,1016501,994216
STAT,(NULL),nEmptyPop,22,2808635,132182,139537,124503,140658,140626,140993,121767,123841,126017,127376,124708,124040,122816,124072,120847,125369,124678,124279,125298,127777,124348,122903
STAT,(NULL),nOverall,22,268435454,12640537,13358735,11799478,13461960,13455153,13502554,11635833,11856067,12040549,12127534,11918336,11860030,11731854,11916360,11581361,11907474,11881570,11894926,12049070,12248582,11833085,11734406
STAT,(NULL),nPop,22,89791090,4228113,4461353,3979510,4496520,4495563,4507310,3892792,3959592,4028520,4071308,3987717,3965586,3928146,3966731,3863015,4008116,3985155,3972976,4005449,4084329,3974790,3928499
STAT,(NULL),nPush,22,89791088,4296725,4501824,3908639,4541025,4541439,4558988,3918323,3934174,3948826,3984840,3938747,3943802,3945429,3995438,3910843,3895862,3944962,4000314,4108369,4142700,3909052,3920767
STAT,(NULL),nPushInit,22,2,1,1,0,0,0,0,0,0,0,0,0,0,0,0,0,0,0,0,0,0,0,0
==== BENCHMARK TOOK 38.320
==== BENCHMARK START ===
==== PARAMS kernel=4.9.5-64-net1 malloc=libc hostname=rack-castor threads=22 delta=4 prog=sssp-multiqueue4  ===
Galois Benchmark Suite v2.2.1 (r0)
Copyright (C) 2014 The University of Texas at Austin
http://iss.ices.utexas.edu/galois/

application: Single Source Shortest Path
Computes the shortest path from a source node to all nodes in a directed graph using a modified chaotic iteration algorithm
http://iss.ices.utexas.edu/?p=projects/galois/benchmarks/single_source_shortest_path

INFO: CommandLine ./build/debug/apps/sssp/sssp -noverify -t 22 -delta 4 -wl multiqueue4 -startNode 0 /specific/disk1/home/mad/Galois-PQ/inputs/random/r4-2e26.gr
INFO: Hostname rack-castor
Read 67108864 nodes
Running Asynchronous with CAS version
INFO: Using delta-step of 1
WARNING: Performance varies considerably due to delta parameter.
WARNING: Do not expect the default to be good for your graph.
Node 1 has distance 8445
STATTYPE,LOOP,CATEGORY,n,sum,T0,T1,T2,T3,T4,T5,T6,T7,T8,T9,T10,T11,T12,T13,T14,T15,T16,T17,T18,T19,T20,T21
STAT,(NULL),BadWork,22,0,0,0,0,0,0,0,0,0,0,0,0,0,0,0,0,0,0,0,0,0,0,0
STAT,(NULL),BarrierTime,22,2967409,260086,262725,351628,224145,224460,224643,216032,110712,91557,160208,125346,166920,120752,122156,57100,8528,6270,25604,33763,72924,71876,29974
STAT,(NULL),ConflictTime,22,0,0,0,0,0,0,0,0,0,0,0,0,0,0,0,0,0,0,0,0,0,0,0
STAT,(NULL),Conflicts,22,0,0,0,0,0,0,0,0,0,0,0,0,0,0,0,0,0,0,0,0,0,0,0
STAT,(NULL),EmptyPopTime,22,942061840,42563451,40008850,43572697,39494090,40163353,39722401,43892369,44128463,43380145,42537025,43309534,43249685,42961386,43011264,43825936,44848369,44704780,42867528,43170579,43234919,43922864,43492152
STAT,(NULL),EmptyWork,22,14016747845,638958337,649918958,632024327,647035224,652494569,637591935,629305335,622153582,641778700,637560662,637469834,627585883,638295555,629768252,642520623,640143004,631720187,640138369,634452841,633595573,638090643,634145452
STAT,(NULL),GaloisTime,22,90283529494,4070879238,3794460847,4150052484,3832016362,3823823550,3836278938,4188624007,4215538554,4189156792,4156986856,4177808293,4184069551,4208285416,4157758658,4167564432,4103954450,4216562447,4204043509,4205018545,4160166466,4113558445,4126921654
STAT,(NULL),InitPushTime,22,1104438,164736,160030,41464,36302,36131,35888,40548,40288,48478,35406,35206,34621,38488,38124,60620,39160,38592,37196,33434,37368,37920,34438
STAT,(NULL),Iterations,22,89791115,4118319,4495989,3981680,4529519,4527594,4542802,3912790,3891747,3992160,4068908,4021053,4020407,3981213,4048424,3903061,3999241,3852289,3997954,3985312,4015296,3947746,3957611
STAT,(NULL),LoopTime,22,53286406472,53286406472,0,0,0,0,0,0,0,0,0,0,0,0,0,0,0,0,0,0,0,0,0
STAT,(NULL),MeminfoPost,22,6182,281,281,281,281,281,281,281,281,281,281,281,281,281,281,281,281,281,281,281,281,281,281
STAT,(NULL),MeminfoPre,22,6182,281,281,281,281,281,281,281,281,281,281,281,281,281,281,281,281,281,281,281,281,281,281
STAT,(NULL),NumaPost,22,11249,8192,1245,1053,759,0,0,0,0,0,0,0,0,0,0,0,0,0,0,0,0,0,0
STAT,(NULL),PopTime,22,137378233636,6248257049,6170198438,6274259902,6144812166,6141836118,6138424116,6297594850,6298535760,6262439292,6235934689,6253730641,6251228903,6240419887,6228637986,6280729107,6265645177,6302199662,6253519435,6256845752,6257034359,6288381109,6287569238
STAT,(NULL),PushTime,22,523668469446,23820827390,23907537360,23879027630,23807791327,23816214649,23743868691,23840686528,23863124378,23758614022,23759441842,23733018964,23692001058,23744978813,23768697981,23880826624,23862737325,23807421371,23691101340,23753045739,23769988280,23898569153,23868948981
STAT,(NULL),RusageSys,22,0,0,0,0,0,0,0,0,0,0,0,0,0,0,0,0,0,0,0,0,0,0,0
STAT,(NULL),RusageUser,22,520212000,520212000,0,0,0,0,0,0,0,0,0,0,0,0,0,0,0,0,0,0,0,0,0
STAT,(NULL),Threads,22,22,22,0,0,0,0,0,0,0,0,0,0,0,0,0,0,0,0,0,0,0,0,0
STAT,(NULL),Time,22,53287378997,53287378997,0,0,0,0,0,0,0,0,0,0,0,0,0,0,0,0,0,0,0,0,0
STAT,(NULL),TotalTime,22,82702530406,82702530406,0,0,0,0,0,0,0,0,0,0,0,0,0,0,0,0,0,0,0,0,0
STAT,(NULL),UserTime,22,376871841261,17140371759,17399732993,16982922000,17490710131,17487325058,17565971780,16961756205,16918379131,17066488002,17129398426,17116520698,17163722142,17086916661,17133983695,16946392037,17044529291,16959252589,17130186977,17069325626,17097837959,16979336356,17000781745
STAT,(NULL),Work,22,1143162914618,51961967983,51961947567,51961947500,51961947840,51961947749,51961947600,51961947238,51961947232,51961946970,51961947758,51961947449,51961947644,51961947422,51961947292,51961963298,51961963208,51961965041,51961947622,51961947266,51961947996,51961947738,51961947205
STAT,(NULL),nBad,22,0,0,0,0,0,0,0,0,0,0,0,0,0,0,0,0,0,0,0,0,0,0,0
STAT,(NULL),nEmpty,22,22682252,1041639,1134026,1005991,1138957,1140814,1143770,980357,984861,1007121,1041385,1011487,1009893,1016546,1032006,997936,1016803,967019,1022481,1009107,1004607,985193,990253
STAT,(NULL),nEmptyPop,22,2808256,128807,140613,124523,141671,141611,142086,122376,121713,124855,127291,125759,125755,124508,126627,122026,125060,120448,125050,124637,125596,123477,123767
STAT,(NULL),nOverall,22,268435454,12312074,13447342,11899722,13565451,13546907,13594589,11726407,11623464,11939595,12111826,12040676,12039274,11862042,12064298,11623521,11931379,11540795,11905248,11900184,12046419,11849232,11865009
STAT,(NULL),nPop,22,89791115,4118319,4495989,3981680,4529519,4527594,4542802,3912790,3891747,3992160,4068908,4021053,4020407,3981213,4048424,3903061,3999241,3852289,3997954,3985312,4015296,3947746,3957611
STAT,(NULL),nPush,22,89791113,4106725,4511984,3992266,4554473,4551646,4568807,3938393,3898284,3972297,4021853,4068000,4052785,3899276,4004900,3832559,3969140,3897831,3906663,3958098,4076530,3977495,4031108
STAT,(NULL),nPushInit,22,2,1,1,0,0,0,0,0,0,0,0,0,0,0,0,0,0,0,0,0,0,0,0
==== BENCHMARK TOOK 38.344
==== BENCHMARK START ===
==== PARAMS kernel=4.9.5-64-net1 malloc=libc hostname=rack-castor threads=22 delta=4 prog=sssp-multiqueue4  ===
Galois Benchmark Suite v2.2.1 (r0)
Copyright (C) 2014 The University of Texas at Austin
http://iss.ices.utexas.edu/galois/

application: Single Source Shortest Path
Computes the shortest path from a source node to all nodes in a directed graph using a modified chaotic iteration algorithm
http://iss.ices.utexas.edu/?p=projects/galois/benchmarks/single_source_shortest_path

INFO: CommandLine ./build/debug/apps/sssp/sssp -noverify -t 22 -delta 4 -wl multiqueue4 -startNode 0 /specific/disk1/home/mad/Galois-PQ/inputs/random/r4-2e26.gr
INFO: Hostname rack-castor
Read 67108864 nodes
Running Asynchronous with CAS version
INFO: Using delta-step of 1
WARNING: Performance varies considerably due to delta parameter.
WARNING: Do not expect the default to be good for your graph.
Node 1 has distance 8445
STATTYPE,LOOP,CATEGORY,n,sum,T0,T1,T2,T3,T4,T5,T6,T7,T8,T9,T10,T11,T12,T13,T14,T15,T16,T17,T18,T19,T20,T21
STAT,(NULL),BadWork,22,0,0,0,0,0,0,0,0,0,0,0,0,0,0,0,0,0,0,0,0,0,0,0
STAT,(NULL),BarrierTime,22,4432685,409696,295149,391224,290300,251634,329743,330038,193709,195936,155939,159060,231941,251108,191524,248600,87586,101136,124292,76146,17614,27310,73000
STAT,(NULL),ConflictTime,22,0,0,0,0,0,0,0,0,0,0,0,0,0,0,0,0,0,0,0,0,0,0,0
STAT,(NULL),Conflicts,22,0,0,0,0,0,0,0,0,0,0,0,0,0,0,0,0,0,0,0,0,0,0,0
STAT,(NULL),EmptyPopTime,22,905001774,42473234,38586769,42686278,38386745,39742195,38633141,41708227,41268060,42027121,41593327,41220603,41957861,42383964,41176415,40697843,41018835,42416936,41067629,41479367,41187892,41875585,41413747
STAT,(NULL),EmptyWork,22,13875160691,633082954,628127131,616705307,640605748,626458187,625028260,630317029,640799374,622682205,610110781,642201550,625985861,637660690,630901105,613310385,643063111,636515031,641581174,638066004,624170699,632882944,634905161
STAT,(NULL),GaloisTime,22,88747198004,3920246339,3757496667,4049808040,3780389352,3779640065,3798632021,4109655163,4075703169,4150207429,4126216022,4103127530,4168318314,4172707353,4116517255,4010304887,4025906215,4109259990,4112533291,4130974294,4126235846,4091573753,4031745009
STAT,(NULL),InitPushTime,22,1177455,85644,103996,79002,36383,36132,70629,51624,40184,39112,39112,38832,64688,38356,59724,39320,53856,47661,37068,57886,61718,58760,37768
STAT,(NULL),Iterations,22,89791132,4220137,4461342,4051209,4493050,4493547,4507105,3944183,4007580,3962050,3999895,4045294,3915215,3853710,3999028,4040030,4020951,3908627,4017719,3965275,3975602,3900130,4009453
STAT,(NULL),LoopTime,22,52765051637,52765051637,0,0,0,0,0,0,0,0,0,0,0,0,0,0,0,0,0,0,0,0,0
STAT,(NULL),MeminfoPost,22,6182,281,281,281,281,281,281,281,281,281,281,281,281,281,281,281,281,281,281,281,281,281,281
STAT,(NULL),MeminfoPre,22,6182,281,281,281,281,281,281,281,281,281,281,281,281,281,281,281,281,281,281,281,281,281,281
STAT,(NULL),NumaPost,22,11253,8193,1429,1055,576,0,0,0,0,0,0,0,0,0,0,0,0,0,0,0,0,0,0
STAT,(NULL),PopTime,22,135890301257,6143785289,6097317661,6177816274,6088104410,6086304138,6085297025,6215839098,6174203698,6209696783,6193135834,6187127262,6217982322,6238103441,6182955394,6179624392,6189506347,6228523740,6177441776,6202119269,6191865002,6211527718,6212024384
STAT,(NULL),PushTime,22,516637798794,23538145310,23568485816,23551409227,23471309725,23459042007,23396093893,23529361042,23534259517,23432484267,23454319501,23383217350,23393708369,23436588443,23431171034,23590658004,23559010975,23506507751,23404802312,23432619199,23447331580,23602451909,23514821563
STAT,(NULL),RusageSys,22,0,0,0,0,0,0,0,0,0,0,0,0,0,0,0,0,0,0,0,0,0,0,0
STAT,(NULL),RusageUser,22,514208000,514208000,0,0,0,0,0,0,0,0,0,0,0,0,0,0,0,0,0,0,0,0,0
STAT,(NULL),Threads,22,22,22,0,0,0,0,0,0,0,0,0,0,0,0,0,0,0,0,0,0,0,0,0
STAT,(NULL),Time,22,52766051932,52766051932,0,0,0,0,0,0,0,0,0,0,0,0,0,0,0,0,0,0,0,0,0
STAT,(NULL),TotalTime,22,83903265736,83903265736,0,0,0,0,0,0,0,0,0,0,0,0,0,0,0,0,0,0,0,0,0
STAT,(NULL),UserTime,22,373906705417,17084182842,17271903863,16923488380,17343121505,17370731118,17418232044,16835038593,16895682702,16904819511,16936541272,17005021981,16913962706,16834473715,16959195671,16927322617,16903411204,16838692793,16984491780,16916657557,16931123843,16781602796,16927006924
STAT,(NULL),Work,22,1129964052136,51362022860,51362000800,51361997878,51362000916,51362000405,51362000466,51362016226,51362000595,51362000596,51362000839,51362000312,51361998277,51362001898,51361998928,51362000802,51361999449,51362001982,51362001538,51361999034,51362007179,51361998292,51362002864
STAT,(NULL),nBad,22,0,0,0,0,0,0,0,0,0,0,0,0,0,0,0,0,0,0,0,0,0,0,0
STAT,(NULL),nEmpty,22,22682269,1061504,1128126,1034097,1133161,1132854,1136010,996094,1023631,989931,1017843,1020095,976778,950275,1005378,1036453,1025653,984494,1026205,997592,1001127,993730,1011238
STAT,(NULL),nEmptyPop,22,2808239,131999,139522,126686,140525,140551,140959,123323,125352,123912,125108,126527,122444,120526,125075,126366,125762,122250,125653,124010,124309,121979,125401
STAT,(NULL),nOverall,22,268435454,12628660,13331764,12068165,13438713,13445763,13486227,11793663,11934346,11887310,11926669,12101129,11753216,11609309,11979129,12017204,11980788,11696457,11963974,11873580,11894425,11631033,11993930
STAT,(NULL),nPop,22,89791132,4220137,4461342,4051209,4493050,4493547,4507105,3944183,4007580,3962050,3999895,4045294,3915215,3853710,3999028,4040030,4020951,3908627,4017719,3965275,3975602,3900130,4009453
STAT,(NULL),nPush,22,89791130,4246078,4469955,4034786,4513694,4511706,4529219,3938119,3925871,3990954,3965132,4023816,3976392,3974943,4017362,3965664,3954309,3934667,3988029,3974977,3982982,3877358,3995117
STAT,(NULL),nPushInit,22,2,1,1,0,0,0,0,0,0,0,0,0,0,0,0,0,0,0,0,0,0,0,0
==== BENCHMARK TOOK 38.887
==== BENCHMARK START ===
==== PARAMS kernel=4.9.5-64-net1 malloc=libc hostname=rack-castor threads=22 delta=4 prog=sssp-multiqueue4  ===
Galois Benchmark Suite v2.2.1 (r0)
Copyright (C) 2014 The University of Texas at Austin
http://iss.ices.utexas.edu/galois/

application: Single Source Shortest Path
Computes the shortest path from a source node to all nodes in a directed graph using a modified chaotic iteration algorithm
http://iss.ices.utexas.edu/?p=projects/galois/benchmarks/single_source_shortest_path

INFO: CommandLine ./build/debug/apps/sssp/sssp -noverify -t 22 -delta 4 -wl multiqueue4 -startNode 0 /specific/disk1/home/mad/Galois-PQ/inputs/random/r4-2e26.gr
INFO: Hostname rack-castor
Read 67108864 nodes
Running Asynchronous with CAS version
INFO: Using delta-step of 1
WARNING: Performance varies considerably due to delta parameter.
WARNING: Do not expect the default to be good for your graph.
Node 1 has distance 8445
STATTYPE,LOOP,CATEGORY,n,sum,T0,T1,T2,T3,T4,T5,T6,T7,T8,T9,T10,T11,T12,T13,T14,T15,T16,T17,T18,T19,T20,T21
STAT,(NULL),BadWork,22,0,0,0,0,0,0,0,0,0,0,0,0,0,0,0,0,0,0,0,0,0,0,0
STAT,(NULL),BarrierTime,22,4837110,359736,320842,443340,312233,269948,352507,378844,163111,227799,173564,179300,311820,253365,279275,263176,39243,100212,32767,121432,87296,79380,87920
STAT,(NULL),ConflictTime,22,0,0,0,0,0,0,0,0,0,0,0,0,0,0,0,0,0,0,0,0,0,0,0
STAT,(NULL),Conflicts,22,0,0,0,0,0,0,0,0,0,0,0,0,0,0,0,0,0,0,0,0,0,0,0
STAT,(NULL),EmptyPopTime,22,939491017,41779864,39292343,42854392,39772679,40436565,40287536,43072281,44722201,43002119,43564835,44248869,42603130,42416371,43463076,43956100,43517292,44377416,42494974,43403825,42675999,43590406,43958744
STAT,(NULL),EmptyWork,22,13779652916,618984268,632542156,617875813,645795698,620316135,648773230,618293974,612141563,625177442,616134473,617629484,620817124,641146538,623827583,629456526,627170024,615780860,623186923,631060087,636915320,627325095,629302600
STAT,(NULL),GaloisTime,22,88787387319,3955421208,3758152739,4126399086,3780002709,3780754596,3803013900,4112749122,4141719753,4166274130,4131153718,4204328014,4035253430,4068203239,4145062470,4070974827,3993855685,4122624653,4048502726,4113566926,4070131227,4057934539,4101308622
STAT,(NULL),InitPushTime,22,1204031,159058,104049,106352,36454,36881,73460,41548,67107,39160,39368,38720,38612,38668,34256,35837,65457,39212,62890,37060,36824,38228,34830
STAT,(NULL),Iterations,22,89791083,4153871,4457439,3919582,4488872,4491568,4501493,3954008,3884334,3966383,3962987,3908437,4155715,4089539,3948748,3939008,4027752,3913536,4118139,3985551,4063636,3948929,3911556
STAT,(NULL),LoopTime,22,52611674322,52611674322,0,0,0,0,0,0,0,0,0,0,0,0,0,0,0,0,0,0,0,0,0
STAT,(NULL),MeminfoPost,22,6182,281,281,281,281,281,281,281,281,281,281,281,281,281,281,281,281,281,281,281,281,281,281
STAT,(NULL),MeminfoPre,22,6182,281,281,281,281,281,281,281,281,281,281,281,281,281,281,281,281,281,281,281,281,281,281
STAT,(NULL),NumaPost,22,11252,8193,1246,1055,758,0,0,0,0,0,0,0,0,0,0,0,0,0,0,0,0,0,0
STAT,(NULL),PopTime,22,135945050141,6193453815,6118326137,6233624497,6087169004,6087445740,6085237538,6209451132,6237009805,6183933773,6198895425,6211269428,6138353810,6166820275,6192819393,6219246891,6200015538,6217070721,6154572697,6207688288,6180874238,6211509547,6210262449
STAT,(NULL),PushTime,22,515383359977,23469272742,23503136973,23460204886,23430955605,23406085727,23355806974,23490251915,23496480377,23393839683,23412759490,23353777130,23331527733,23345851543,23391278871,23508510407,23527557366,23427624120,23324592276,23360756799,23411317524,23509730890,23472040946
STAT,(NULL),RusageSys,22,8000,8000,0,0,0,0,0,0,0,0,0,0,0,0,0,0,0,0,0,0,0,0,0
STAT,(NULL),RusageUser,22,513536000,513536000,0,0,0,0,0,0,0,0,0,0,0,0,0,0,0,0,0,0,0,0,0
STAT,(NULL),Threads,22,22,22,0,0,0,0,0,0,0,0,0,0,0,0,0,0,0,0,0,0,0,0,0
STAT,(NULL),Time,22,52612699557,52612699557,0,0,0,0,0,0,0,0,0,0,0,0,0,0,0,0,0,0,0,0,0
STAT,(NULL),TotalTime,22,83302295194,83302295194,0,0,0,0,0,0,0,0,0,0,0,0,0,0,0,0,0,0,0,0,0
STAT,(NULL),UserTime,22,373674440187,17016967802,17244430933,16814922218,17312185664,17360843167,17362760832,16822062308,16763803981,16883652099,16893374172,16864628953,17127325735,17031443163,16899430829,16823738230,16903762678,16868406624,17102530076,16939404431,16953967223,16845792647,16839006422
STAT,(NULL),Work,22,1128511403283,51296001183,51295967482,51295967032,51295966992,51295967254,51295967870,51295971516,51295964689,51295967134,51295974427,51295966846,51295966902,51295988710,51295968905,51295984956,51295964861,51295988014,51295966211,51295967232,51295972420,51295976018,51295976629
STAT,(NULL),nBad,22,0,0,0,0,0,0,0,0,0,0,0,0,0,0,0,0,0,0,0,0,0,0,0
STAT,(NULL),nEmpty,22,22682220,1036372,1123966,979904,1129476,1132278,1132804,1003558,978758,1015463,1001338,989216,1055330,1042919,1000222,988680,1012597,1004415,1040278,1002054,1024812,995389,992391
STAT,(NULL),nEmptyPop,22,2808634,129898,139434,122630,140419,140513,140837,123680,121513,124103,123943,122278,129992,127876,123524,123200,126003,122392,128799,124674,127084,123504,122338
STAT,(NULL),nOverall,22,268435454,12470129,13332210,11758463,13439442,13434233,13482077,11796117,11621903,11800790,11847350,11678221,12403495,12181763,11794626,11803655,12059733,11638392,12311313,11933697,12156252,11816005,11675588
STAT,(NULL),nPop,22,89791083,4153871,4457439,3919582,4488872,4491568,4501493,3954008,3884334,3966383,3962987,3908437,4155715,4089539,3948748,3939008,4027752,3913536,4118139,3985551,4063636,3948929,3911556
STAT,(NULL),nPush,22,89791081,4238162,4470866,3936562,4513688,4513845,4528505,3973919,3904511,3888492,3999892,3923453,4139490,3971366,3972440,3938648,4034164,3875927,4086137,3973762,4088229,3927086,3891937
STAT,(NULL),nPushInit,22,2,1,1,0,0,0,0,0,0,0,0,0,0,0,0,0,0,0,0,0,0,0,0
==== BENCHMARK TOOK 38.699
==== BENCHMARK START ===
==== PARAMS kernel=4.9.5-64-net1 malloc=libc hostname=rack-castor threads=22 delta=4 prog=sssp-multiqueue4  ===
Galois Benchmark Suite v2.2.1 (r0)
Copyright (C) 2014 The University of Texas at Austin
http://iss.ices.utexas.edu/galois/

application: Single Source Shortest Path
Computes the shortest path from a source node to all nodes in a directed graph using a modified chaotic iteration algorithm
http://iss.ices.utexas.edu/?p=projects/galois/benchmarks/single_source_shortest_path

INFO: CommandLine ./build/debug/apps/sssp/sssp -noverify -t 22 -delta 4 -wl multiqueue4 -startNode 0 /specific/disk1/home/mad/Galois-PQ/inputs/random/r4-2e26.gr
INFO: Hostname rack-castor
Read 67108864 nodes
Running Asynchronous with CAS version
INFO: Using delta-step of 1
WARNING: Performance varies considerably due to delta parameter.
WARNING: Do not expect the default to be good for your graph.
Node 1 has distance 8445
STATTYPE,LOOP,CATEGORY,n,sum,T0,T1,T2,T3,T4,T5,T6,T7,T8,T9,T10,T11,T12,T13,T14,T15,T16,T17,T18,T19,T20,T21
STAT,(NULL),BadWork,22,0,0,0,0,0,0,0,0,0,0,0,0,0,0,0,0,0,0,0,0,0,0,0
STAT,(NULL),BarrierTime,22,3586624,445284,255744,304360,249004,249311,232020,148311,167572,149166,171148,171544,124420,123671,108082,122888,92208,77297,97785,86924,88116,93291,28478
STAT,(NULL),ConflictTime,22,0,0,0,0,0,0,0,0,0,0,0,0,0,0,0,0,0,0,0,0,0,0,0
STAT,(NULL),Conflicts,22,0,0,0,0,0,0,0,0,0,0,0,0,0,0,0,0,0,0,0,0,0,0,0
STAT,(NULL),EmptyPopTime,22,968152950,43295030,41801319,44810190,41253218,41202812,40994734,44346645,44811078,44734544,46050858,45722731,44615668,44713292,45014225,43642723,44143131,45356826,44242850,46925315,43741900,43684564,43049297
STAT,(NULL),EmptyWork,22,14123352874,652892953,652345956,629032386,665149728,661542824,644787554,636835685,629894698,635448310,641804776,640815448,647916195,634494419,639073567,626360155,639573362,637535376,647127538,645207593,644316264,633320887,637877200
STAT,(NULL),GaloisTime,22,90053668082,4072587325,3788186290,4147782473,3808754078,3824252993,3839929430,4130150249,4224175237,4145698114,4206284643,4219135563,4136841403,4137819880,4181583016,4145790228,4166142009,4146151307,4215720856,4179006095,4128732763,4117951858,4090992272
STAT,(NULL),InitPushTime,22,1080968,84304,147397,43080,38073,38219,37731,71845,42488,41012,41144,40824,40352,40392,39892,41260,37461,40620,35258,38924,38440,36025,66227
STAT,(NULL),Iterations,22,89791166,4118514,4505707,3958072,4539628,4538882,4552184,3978259,3884882,4040324,3949470,3967906,4097654,4086928,3939142,3917637,3876003,3947622,3957445,3990502,4048601,3922694,3973110
STAT,(NULL),LoopTime,22,53145850242,53145850242,0,0,0,0,0,0,0,0,0,0,0,0,0,0,0,0,0,0,0,0,0
STAT,(NULL),MeminfoPost,22,6182,281,281,281,281,281,281,281,281,281,281,281,281,281,281,281,281,281,281,281,281,281,281
STAT,(NULL),MeminfoPre,22,6182,281,281,281,281,281,281,281,281,281,281,281,281,281,281,281,281,281,281,281,281,281,281
STAT,(NULL),NumaPost,22,11265,8198,1242,1249,576,0,0,0,0,0,0,0,0,0,0,0,0,0,0,0,0,0,0
STAT,(NULL),PopTime,22,137729868335,6259366626,6171183771,6284031592,6142780247,6157537103,6152729119,6298629166,6300141896,6263528872,6294859380,6258027809,6240660507,6231000328,6292354628,6311723590,6321613668,6292084863,6287508423,6273806740,6270548381,6322065132,6303686494
STAT,(NULL),PushTime,22,519962516470,23646571882,23732691184,23725111452,23615593384,23606871933,23551769678,23697112166,23689435916,23636960140,23588045112,23568342075,23514346995,23573487358,23630691296,23711514153,23712495602,23649515796,23527480092,23580751493,23571016387,23733306321,23699406055
STAT,(NULL),RusageSys,22,0,0,0,0,0,0,0,0,0,0,0,0,0,0,0,0,0,0,0,0,0,0,0
STAT,(NULL),RusageUser,22,518672000,518672000,0,0,0,0,0,0,0,0,0,0,0,0,0,0,0,0,0,0,0,0,0
STAT,(NULL),Threads,22,22,22,0,0,0,0,0,0,0,0,0,0,0,0,0,0,0,0,0,0,0,0,0
STAT,(NULL),Time,22,53146877505,53146877505,0,0,0,0,0,0,0,0,0,0,0,0,0,0,0,0,0,0,0,0,0
STAT,(NULL),TotalTime,22,82002192132,82002192132,0,0,0,0,0,0,0,0,0,0,0,0,0,0,0,0,0,0,0,0,0
STAT,(NULL),UserTime,22,376939780290,17133344960,17421852588,16977293595,17534531867,17516653028,17577849771,17000982467,16919602657,17081693370,17031014873,17076018192,17223678774,17186545193,17019345102,16969030657,16924094182,17037416606,17085983014,17082364576,17149704411,16957733868,17033046539
STAT,(NULL),Work,22,1139779265838,51808167072,51808144638,51808144248,51808145564,51808144378,51808144307,51808151626,51808144566,51808169478,51808144274,51808144238,51808144452,51808144697,51808164628,51808145090,51808145266,51808154174,51808145135,51808144636,51808145554,51808145978,51808141839
STAT,(NULL),nBad,22,0,0,0,0,0,0,0,0,0,0,0,0,0,0,0,0,0,0,0,0,0,0,0
STAT,(NULL),nEmpty,22,22682303,1048561,1140966,990992,1146416,1145396,1149561,998652,991250,1020386,998170,1015939,1042311,1059309,976129,986877,976618,1003252,1004187,1005942,1007895,974085,999409
STAT,(NULL),nEmptyPop,22,2808575,128833,140933,123815,142003,141978,142395,124402,121518,126330,123538,124107,128193,127864,123180,122546,121261,123451,123792,124821,126636,122708,124271
STAT,(NULL),nOverall,22,268435454,12278881,13452393,11874947,13575779,13571364,13610689,11918012,11575484,12076091,11807761,11810035,12222694,12109937,11853160,11720148,11598596,11782529,11815811,11931687,12158590,11793646,11897220
STAT,(NULL),nPop,22,89791166,4118514,4505707,3958072,4539628,4538882,4552184,3978259,3884882,4040324,3949470,3967906,4097654,4086928,3939142,3917637,3876003,3947622,3957445,3990502,4048601,3922694,3973110
STAT,(NULL),nPush,22,89791164,4084354,4491130,4041364,4536985,4532396,4552940,3991445,3855515,4042950,3941046,3878082,4083981,3966103,4045548,3956194,3884934,3916417,3915169,3995191,4097563,4011208,3970649
STAT,(NULL),nPushInit,22,2,1,1,0,0,0,0,0,0,0,0,0,0,0,0,0,0,0,0,0,0,0,0
==== BENCHMARK TOOK 38.097
==== BENCHMARK START ===
==== PARAMS kernel=4.9.5-64-net1 malloc=libc hostname=rack-castor threads=22 delta=4 prog=sssp-multiqueue4  ===
Galois Benchmark Suite v2.2.1 (r0)
Copyright (C) 2014 The University of Texas at Austin
http://iss.ices.utexas.edu/galois/

application: Single Source Shortest Path
Computes the shortest path from a source node to all nodes in a directed graph using a modified chaotic iteration algorithm
http://iss.ices.utexas.edu/?p=projects/galois/benchmarks/single_source_shortest_path

INFO: CommandLine ./build/debug/apps/sssp/sssp -noverify -t 22 -delta 4 -wl multiqueue4 -startNode 0 /specific/disk1/home/mad/Galois-PQ/inputs/random/r4-2e26.gr
INFO: Hostname rack-castor
Read 67108864 nodes
Running Asynchronous with CAS version
INFO: Using delta-step of 1
WARNING: Performance varies considerably due to delta parameter.
WARNING: Do not expect the default to be good for your graph.
Node 1 has distance 8445
STATTYPE,LOOP,CATEGORY,n,sum,T0,T1,T2,T3,T4,T5,T6,T7,T8,T9,T10,T11,T12,T13,T14,T15,T16,T17,T18,T19,T20,T21
STAT,(NULL),BadWork,22,0,0,0,0,0,0,0,0,0,0,0,0,0,0,0,0,0,0,0,0,0,0,0
STAT,(NULL),BarrierTime,22,3240039,446392,263506,244804,258663,260025,229371,156017,176429,119145,181556,190762,149924,117470,35396,75908,78156,23776,25741,26803,65239,81088,33868
STAT,(NULL),ConflictTime,22,0,0,0,0,0,0,0,0,0,0,0,0,0,0,0,0,0,0,0,0,0,0,0
STAT,(NULL),Conflicts,22,0,0,0,0,0,0,0,0,0,0,0,0,0,0,0,0,0,0,0,0,0,0,0
STAT,(NULL),EmptyPopTime,22,913641478,41748479,38447602,43721532,38397005,38645444,39045375,42104346,41560395,41941421,42833387,41473334,41663598,41606747,42476215,42056841,41501652,42520175,41462986,41738962,43055700,43354783,42285499
STAT,(NULL),EmptyWork,22,13959992001,633089016,639995372,635864500,625046361,649196133,648732068,626332028,633538435,642857636,633843091,628809906,639621950,638812913,624084882,619552760,629627815,628309851,647465024,627394872,630941350,636990390,639885648
STAT,(NULL),GaloisTime,22,89247142057,3976217372,3767975890,4093402228,3789649506,3800408966,3803754028,4115580162,4063028253,4164176693,4205756617,4107869481,4118869658,4124253333,4198342247,4129588579,4065860430,4143200265,4123067901,4146808524,4128500464,4068295814,4112535646
STAT,(NULL),InitPushTime,22,1298401,90780,147995,78269,70916,72150,35731,67327,41400,65758,38972,34799,38684,53039,60034,39900,39528,64408,62722,62377,36724,38216,58672
STAT,(NULL),Iterations,22,89791129,4176383,4474267,3977699,4510915,4507655,4523120,3965923,4052514,3977686,3900779,4069215,4054120,3996947,3899010,3892280,3992014,3909200,4019231,3998014,4009831,3965193,3919133
STAT,(NULL),LoopTime,22,52886411940,52886411940,0,0,0,0,0,0,0,0,0,0,0,0,0,0,0,0,0,0,0,0,0
STAT,(NULL),MeminfoPost,22,6182,281,281,281,281,281,281,281,281,281,281,281,281,281,281,281,281,281,281,281,281,281,281
STAT,(NULL),MeminfoPre,22,6182,281,281,281,281,281,281,281,281,281,281,281,281,281,281,281,281,281,281,281,281,281,281
STAT,(NULL),NumaPost,22,11249,8193,1245,1053,758,0,0,0,0,0,0,0,0,0,0,0,0,0,0,0,0,0,0
STAT,(NULL),PopTime,22,136803370399,6202620121,6142327546,6268147564,6123545724,6109828847,6121294640,6267292776,6229685654,6228783553,6272721893,6230837837,6213504041,6218744194,6244705827,6258670734,6220176686,6251777658,6223712669,6235754100,6227203893,6255460684,6256573758
STAT,(NULL),PushTime,22,517736161124,23576576304,23636278229,23579989847,23536356957,23512640146,23441952103,23571442559,23597141545,23496615548,23472435774,23456790712,23431019701,23492050091,23526373913,23628911350,23587490510,23558714996,23456923283,23461623330,23502762867,23629477336,23582594023
STAT,(NULL),RusageSys,22,0,0,0,0,0,0,0,0,0,0,0,0,0,0,0,0,0,0,0,0,0,0,0
STAT,(NULL),RusageUser,22,516032000,516032000,0,0,0,0,0,0,0,0,0,0,0,0,0,0,0,0,0,0,0,0,0
STAT,(NULL),Threads,22,22,22,0,0,0,0,0,0,0,0,0,0,0,0,0,0,0,0,0,0,0,0,0
STAT,(NULL),Time,22,52887449672,52887449672,0,0,0,0,0,0,0,0,0,0,0,0,0,0,0,0,0,0,0,0,0
STAT,(NULL),TotalTime,22,83930686558,83930686558,0,0,0,0,0,0,0,0,0,0,0,0,0,0,0,0,0,0,0,0,0
STAT,(NULL),UserTime,22,375309848752,17113845712,17319074740,16922970653,17431103429,17433378999,17489321532,16921344899,16979143722,16969722239,16916507620,17078316629,17099419314,17028630495,16908115368,16865317472,16999443003,16919572739,17051464155,17030777260,17011634965,16910520931,16910222876
STAT,(NULL),Work,22,1133972112236,51544209676,51544185564,51544182328,51544185925,51544185367,51544185591,51544183549,51544185669,51544183183,51544185702,51544185826,51544185614,51544184045,51544183608,51544193148,51544185384,51544183946,51544183650,51544183477,51544198048,51544185350,51544187586
STAT,(NULL),nBad,22,0,0,0,0,0,0,0,0,0,0,0,0,0,0,0,0,0,0,0,0,0,0,0
STAT,(NULL),nEmpty,22,22682266,1054645,1133626,993981,1140871,1139791,1140016,997054,1032760,1003427,987917,1026079,1020457,1012150,982151,984151,1017925,991157,1010703,1012454,1010914,995052,994985
STAT,(NULL),nEmptyPop,22,2808040,130599,139918,124395,141098,140980,141465,124019,126743,124390,121981,127260,126787,124988,121922,121717,124848,122250,125686,125031,125391,124022,122550
STAT,(NULL),nOverall,22,268435454,12481672,13363774,11939679,13484595,13473491,13526925,11869444,12080116,11896812,11650608,12169944,12133800,11935968,11665915,11633536,11902827,11671687,12038284,11940302,11998123,11877842,11700110
STAT,(NULL),nPop,22,89791129,4176383,4474267,3977699,4510915,4507655,4523120,3965923,4052514,3977686,3900779,4069215,4054120,3996947,3899010,3892280,3992014,3909200,4019231,3998014,4009831,3965193,3919133
STAT,(NULL),nPush,22,89791127,4229249,4474136,3979093,4519727,4517796,4534917,3930716,4026404,3970969,3898215,4065733,4075519,3937852,3917114,3892189,3927462,3884666,4062801,3991485,4027612,4001099,3926373
STAT,(NULL),nPushInit,22,2,1,1,0,0,0,0,0,0,0,0,0,0,0,0,0,0,0,0,0,0,0,0
==== BENCHMARK TOOK 38.970
==== BENCHMARK START ===
==== PARAMS kernel=4.9.5-64-net1 malloc=libc hostname=rack-castor threads=22 delta=4 prog=sssp-multiqueue4  ===
Galois Benchmark Suite v2.2.1 (r0)
Copyright (C) 2014 The University of Texas at Austin
http://iss.ices.utexas.edu/galois/

application: Single Source Shortest Path
Computes the shortest path from a source node to all nodes in a directed graph using a modified chaotic iteration algorithm
http://iss.ices.utexas.edu/?p=projects/galois/benchmarks/single_source_shortest_path

INFO: CommandLine ./build/debug/apps/sssp/sssp -noverify -t 22 -delta 4 -wl multiqueue4 -startNode 0 /specific/disk1/home/mad/Galois-PQ/inputs/random/r4-2e26.gr
INFO: Hostname rack-castor
Read 67108864 nodes
Running Asynchronous with CAS version
INFO: Using delta-step of 1
WARNING: Performance varies considerably due to delta parameter.
WARNING: Do not expect the default to be good for your graph.
Node 1 has distance 8445
STATTYPE,LOOP,CATEGORY,n,sum,T0,T1,T2,T3,T4,T5,T6,T7,T8,T9,T10,T11,T12,T13,T14,T15,T16,T17,T18,T19,T20,T21
STAT,(NULL),BadWork,22,0,0,0,0,0,0,0,0,0,0,0,0,0,0,0,0,0,0,0,0,0,0,0
STAT,(NULL),BarrierTime,22,3779732,357240,371267,403341,290069,216036,288703,288468,158194,169600,130268,124592,177584,176452,119651,97959,76566,66736,80867,81207,40152,36508,28272
STAT,(NULL),ConflictTime,22,0,0,0,0,0,0,0,0,0,0,0,0,0,0,0,0,0,0,0,0,0,0,0
STAT,(NULL),Conflicts,22,0,0,0,0,0,0,0,0,0,0,0,0,0,0,0,0,0,0,0,0,0,0,0
STAT,(NULL),EmptyPopTime,22,921507418,41762374,38985128,42218370,40137999,38851513,41452789,42223010,42118309,42066745,42465935,41882058,41048359,42219175,44056138,42544986,41945093,42664460,42762321,42565531,43057582,41711558,42767985
STAT,(NULL),EmptyWork,22,14007101047,643422754,650635638,616551712,657311468,650345688,656387713,628392495,621818639,626170522,642090516,623373211,641173008,638775325,639857229,632774442,624158808,626996993,644982957,641298477,637203910,629722267,633657275
STAT,(NULL),GaloisTime,22,89570665846,3992673243,3772000603,4193147507,3809161806,3802443252,3859045815,4167321441,4173639551,4149887586,4174718127,4152070716,4115961059,4156194314,4173913369,4158744565,4005499617,4119269905,4119066246,4120704446,4145884977,4063865937,4145451764
STAT,(NULL),InitPushTime,22,970177,86258,81712,40434,36854,36302,35846,36630,43530,39056,39300,41848,38544,38260,64130,65076,35537,38672,33619,33780,32875,34226,37688
STAT,(NULL),Iterations,22,89791151,4170737,4484281,3911645,4521328,4518640,4528769,3934131,3928277,4012508,3965421,4010343,4082843,3955206,3985837,3871041,4013818,3923636,4065376,4045716,3998519,3986357,3876722
STAT,(NULL),LoopTime,22,52865324013,52865324013,0,0,0,0,0,0,0,0,0,0,0,0,0,0,0,0,0,0,0,0,0
STAT,(NULL),MeminfoPost,22,6182,281,281,281,281,281,281,281,281,281,281,281,281,281,281,281,281,281,281,281,281,281,281
STAT,(NULL),MeminfoPre,22,6182,281,281,281,281,281,281,281,281,281,281,281,281,281,281,281,281,281,281,281,281,281,281
STAT,(NULL),NumaPost,22,11262,8198,1241,1064,759,0,0,0,0,0,0,0,0,0,0,0,0,0,0,0,0,0,0
STAT,(NULL),PopTime,22,136889022668,6197767378,6145009274,6257460945,6125772264,6122761122,6117064720,6250456510,6252364507,6235189093,6252200100,6221591814,6221014383,6246475405,6214979167,6276347721,6268782647,6286007787,6224197877,6199806422,6241656082,6256792777,6275324673
STAT,(NULL),PushTime,22,518769975243,23616167017,23681825927,23598786175,23559236896,23558698665,23474019058,23614027521,23612293350,23537732565,23543400150,23523154735,23475212856,23556298983,23530990394,23660454541,23690595586,23607303087,23501646223,23558302766,23560400154,23670490970,23638937624
STAT,(NULL),RusageSys,22,0,0,0,0,0,0,0,0,0,0,0,0,0,0,0,0,0,0,0,0,0,0,0
STAT,(NULL),RusageUser,22,516460000,516460000,0,0,0,0,0,0,0,0,0,0,0,0,0,0,0,0,0,0,0,0,0
STAT,(NULL),Threads,22,22,22,0,0,0,0,0,0,0,0,0,0,0,0,0,0,0,0,0,0,0,0,0
STAT,(NULL),Time,22,52866327086,52866327086,0,0,0,0,0,0,0,0,0,0,0,0,0,0,0,0,0,0,0,0,0
STAT,(NULL),TotalTime,22,85476153590,85476153590,0,0,0,0,0,0,0,0,0,0,0,0,0,0,0,0,0,0,0,0,0
STAT,(NULL),UserTime,22,374754393084,17095145254,17298481834,16878773889,17395318068,17413839242,17438968464,16884520549,16884705650,16995894359,16932065648,17024867866,17092530313,16946975252,16983141517,16816072159,16955958146,16904698344,17054282725,17024260692,16958737360,16924355642,16850800111
STAT,(NULL),Work,22,1134914615108,51587054405,51587026277,51587025545,51587026447,51587026213,51587026076,51587026462,51587025284,51587025554,51587026176,51587025942,51587025698,51587025838,51587023630,51587043801,51587025977,51587025640,51587026168,51587026268,51587025966,51587025777,51587025964
STAT,(NULL),nBad,22,0,0,0,0,0,0,0,0,0,0,0,0,0,0,0,0,0,0,0,0,0,0,0
STAT,(NULL),nEmpty,22,22682288,1060480,1131342,1000038,1141638,1140346,1142572,993314,1007300,1020966,995532,1018058,1040333,987473,1016980,987281,984027,979079,1028308,1024092,1007080,1004255,971794
STAT,(NULL),nEmptyPop,22,2808598,130425,140257,122376,141439,141343,141646,123047,122878,125514,124035,125451,127708,123738,124661,121032,125541,122729,127173,126552,125085,124701,121267
STAT,(NULL),nOverall,22,268435454,12443901,13405839,11649978,13516595,13511351,13540192,11761074,11678641,11970471,11874015,11973931,12170102,11863286,11880644,11538809,12125590,11780836,12151074,12084839,11959829,11933116,11621341
STAT,(NULL),nPop,22,89791151,4170737,4484281,3911645,4521328,4518640,4528769,3934131,3928277,4012508,3965421,4010343,4082843,3955206,3985837,3871041,4013818,3923636,4065376,4045716,3998519,3986357,3876722
STAT,(NULL),nPush,22,89791149,4146855,4487483,3881846,4523945,4530331,4539787,3859900,3843788,3992131,4015840,3994377,4003353,4014811,3909185,3839612,4143173,4021774,4086893,4001734,4039197,3996534,3918600
STAT,(NULL),nPushInit,22,2,1,1,0,0,0,0,0,0,0,0,0,0,0,0,0,0,0,0,0,0,0,0
==== BENCHMARK TOOK 39.658
