==== BENCHMARK START ===
==== PARAMS kernel=4.9.5-64-net1 malloc=libc hostname=rack-castor threads=22 delta=4 prog=sssp-obim  ===
Galois Benchmark Suite v2.2.1 (r0)
Copyright (C) 2014 The University of Texas at Austin
http://iss.ices.utexas.edu/galois/

application: Single Source Shortest Path
Computes the shortest path from a source node to all nodes in a directed graph using a modified chaotic iteration algorithm
http://iss.ices.utexas.edu/?p=projects/galois/benchmarks/single_source_shortest_path

INFO: CommandLine ./build/debug/apps/sssp/sssp -noverify -t 22 -delta 4 -wl obim -startNode 0 /specific/disk1/home/mad/Galois-PQ/inputs/clique4000.gr
INFO: Hostname rack-castor
Read 4000 nodes
Running Asynchronous with CAS version
INFO: Using delta-step of 16
WARNING: Performance varies considerably due to delta parameter.
WARNING: Do not expect the default to be good for your graph.
Node 1 has distance 3
STATTYPE,LOOP,CATEGORY,n,sum,T0,T1,T2,T3,T4,T5,T6,T7,T8,T9,T10,T11,T12,T13,T14,T15,T16,T17,T18,T19,T20,T21
STAT,(NULL),BadWork,22,756537876,35159986,33601328,21676588,41582184,36351220,29477681,26108201,47335120,24830716,38592722,9439829,33439569,53404798,29838258,39454414,30991204,43265656,27247302,54198552,21342780,49513732,29686036
STAT,(NULL),BarrierTime,22,2893423,150728,154168,29598,168720,141260,166554,174212,167619,139112,167018,130853,131018,137255,158970,18142,5251,153052,180551,47329,146437,170213,155363
STAT,(NULL),ConflictTime,22,0,0,0,0,0,0,0,0,0,0,0,0,0,0,0,0,0,0,0,0,0,0,0
STAT,(NULL),Conflicts,22,0,0,0,0,0,0,0,0,0,0,0,0,0,0,0,0,0,0,0,0,0,0,0
STAT,(NULL),EmptyPopTime,22,1435562636,80956152,57091784,105167124,55923584,57289052,99150519,75198796,58759665,78899672,80554899,100461297,2235153,32751077,99452838,78748,53560975,27659096,87194521,31359009,102189907,63626016,86002752
STAT,(NULL),EmptyWork,22,4798946,169780,167828,1294305,191836,142568,180297,201580,117758,169368,73720,172786,216631,102059,117530,154835,282180,171724,144662,153306,229518,142812,201863
STAT,(NULL),GaloisTime,22,106558069,2211876,4706384,8327624,4614308,4658360,6648730,6009376,4731546,6152044,6057736,6673966,875223,2937470,6603548,649192,4592848,2635112,6298756,2850796,6794628,5124622,6403924
STAT,(NULL),InitPushTime,22,13832881,624864,613532,732886,599280,632580,605216,592372,604614,626708,601522,612028,617160,623536,607810,708371,725487,608896,587424,703149,618600,586550,600296
STAT,(NULL),Iterations,22,26075,1018,1021,6117,1143,889,1179,1175,882,1016,617,747,1039,637,830,563,869,993,1008,731,1279,1009,1313
STAT,(NULL),LoopTime,22,321458168,321458168,0,0,0,0,0,0,0,0,0,0,0,0,0,0,0,0,0,0,0,0,0
STAT,(NULL),MeminfoPost,22,176,8,8,8,8,8,8,8,8,8,8,8,8,8,8,8,8,8,8,8,8,8,8
STAT,(NULL),MeminfoPre,22,176,8,8,8,8,8,8,8,8,8,8,8,8,8,8,8,8,8,8,8,8,8,8
STAT,(NULL),NumaPost,22,2928,1723,687,503,15,0,0,0,0,0,0,0,0,0,0,0,0,0,0,0,0,0,0
STAT,(NULL),PopTime,22,40918112,1519184,1507308,9339188,1677340,1313744,1531979,1725792,1156856,1500748,827743,1509527,1947925,1103198,1095763,1543604,2363551,1581196,1325754,1453430,1875204,1315357,1703721
STAT,(NULL),PushTime,22,13640584,832524,644996,557636,484276,575928,776862,549204,653837,585820,706619,403320,611436,795794,575797,697246,355916,726348,623710,455185,853507,568172,606451
STAT,(NULL),RusageSys,22,4000,4000,0,0,0,0,0,0,0,0,0,0,0,0,0,0,0,0,0,0,0,0,0
STAT,(NULL),RusageUser,22,3208000,3208000,0,0,0,0,0,0,0,0,0,0,0,0,0,0,0,0,0,0,0,0,0
STAT,(NULL),Threads,22,22,22,0,0,0,0,0,0,0,0,0,0,0,0,0,0,0,0,0,0,0,0,0
STAT,(NULL),Time,22,322869128,322869128,0,0,0,0,0,0,0,0,0,0,0,0,0,0,0,0,0,0,0,0,0
STAT,(NULL),TotalTime,22,1866031452,1866031452,0,0,0,0,0,0,0,0,0,0,0,0,0,0,0,0,0,0,0,0,0
STAT,(NULL),UserTime,22,5437453425,234261236,255833308,195262921,257060280,255972944,211662690,236266112,254531682,232643288,231731003,210732469,314066796,282262804,212105977,316828124,258795436,287177740,224364451,283676889,208009134,249174410,225033731
STAT,(NULL),Work,22,7040708767,320028320,320027920,320026157,320028244,320028312,320027348,320028116,320028059,320027312,320027728,320052246,320049170,320035362,320027394,320048153,320049451,320034420,320027294,320024964,320027184,320027846,320027767
STAT,(NULL),nBad,22,2659699,119478,120000,72132,142870,131190,106205,95010,175196,97509,138550,36302,108019,186137,104956,130562,106724,154097,100325,187705,77777,164982,103973
STAT,(NULL),nEmpty,22,21382,804,789,5977,908,656,965,959,626,803,384,589,824,412,615,389,728,754,782,493,1081,759,1085
STAT,(NULL),nEmptyPop,22,806773,13724,35664,54077,34884,35761,59967,46942,41644,48551,55553,28920,758,15811,60079,25,18244,14133,57132,22259,60688,45125,56832
STAT,(NULL),nOverall,22,18655699,851478,928000,552132,926870,927190,854205,859010,1023196,849509,930550,624302,840019,898137,856956,690562,558724,950097,900325,943705,785777,996982,907973
STAT,(NULL),nPop,22,26075,1018,1021,6117,1143,889,1179,1175,882,1016,617,747,1039,637,830,563,869,993,1008,731,1279,1009,1313
STAT,(NULL),nPush,22,22076,1413,1159,623,833,963,1573,929,1276,898,1267,693,921,1287,968,765,367,1131,1146,485,1417,891,1071
STAT,(NULL),nPushInit,22,3999,181,182,182,182,182,182,182,182,182,182,182,182,182,182,182,182,182,182,182,182,182,178
STAT,(NULL),qPopEmpty,22,1879285,109173,71340,143297,69780,71534,151293,93896,83300,99297,115920,73788,1528,31634,151929,62,36500,28278,128604,44530,157060,90262,126280
STAT,(NULL),qPopEmptyCyc,22,520546870,30599332,19944900,39818696,19592068,20027576,37170196,26286052,20557374,27773196,28559520,37801503,804343,11446705,37201809,50384,18730075,9665624,31634481,10961865,38583865,22258377,31078929
STAT,(NULL),qPopFast,22,25575,998,1001,6017,1121,871,1156,1153,864,997,602,731,1018,623,813,549,851,974,988,715,1255,989,1289
STAT,(NULL),qPopFastCyc,22,17595771,644184,644980,4130668,719864,558800,655180,740612,495083,641756,346587,633435,828314,467898,465438,647671,1014502,677696,561034,620418,804997,563987,732667
STAT,(NULL),qPopLocal,22,324,12,12,92,14,10,15,14,10,11,7,8,13,6,9,6,10,11,12,8,16,12,16
STAT,(NULL),qPopLocalCyc,22,953475,33096,34540,257017,38800,29608,36789,39040,26484,31812,19593,25119,40517,18732,24282,31387,48657,32520,31373,35322,46374,32000,40413
STAT,(NULL),qPopRemote,22,176,8,8,8,8,8,8,8,8,8,8,8,8,8,8,8,8,8,8,8,8,8,8
STAT,(NULL),qPopRemoteCyc,22,341525,14388,14004,19629,13968,13640,11941,15900,12481,13808,11833,20055,19852,16372,12591,22791,23387,15188,15365,15512,13455,13109,12256
==== BENCHMARK TOOK 1.657
==== BENCHMARK START ===
==== PARAMS kernel=4.9.5-64-net1 malloc=libc hostname=rack-castor threads=22 delta=4 prog=sssp-obim  ===
Galois Benchmark Suite v2.2.1 (r0)
Copyright (C) 2014 The University of Texas at Austin
http://iss.ices.utexas.edu/galois/

application: Single Source Shortest Path
Computes the shortest path from a source node to all nodes in a directed graph using a modified chaotic iteration algorithm
http://iss.ices.utexas.edu/?p=projects/galois/benchmarks/single_source_shortest_path

INFO: CommandLine ./build/debug/apps/sssp/sssp -noverify -t 22 -delta 4 -wl obim -startNode 0 /specific/disk1/home/mad/Galois-PQ/inputs/clique4000.gr
INFO: Hostname rack-castor
Read 4000 nodes
Running Asynchronous with CAS version
INFO: Using delta-step of 16
WARNING: Performance varies considerably due to delta parameter.
WARNING: Do not expect the default to be good for your graph.
Node 1 has distance 3
STATTYPE,LOOP,CATEGORY,n,sum,T0,T1,T2,T3,T4,T5,T6,T7,T8,T9,T10,T11,T12,T13,T14,T15,T16,T17,T18,T19,T20,T21
STAT,(NULL),BadWork,22,702808103,41968745,16634499,23442404,20973718,32694048,8689197,40032904,29332252,26512663,43543115,17122253,28247521,46541601,35720154,52532922,25772142,57225179,26571376,37386377,26639691,25823735,39401607
STAT,(NULL),BarrierTime,22,3339473,152928,178619,154148,179520,140216,173843,180267,149156,161622,138828,134773,154899,27008,169088,175603,151939,153339,184059,142064,172373,130214,134967
STAT,(NULL),ConflictTime,22,0,0,0,0,0,0,0,0,0,0,0,0,0,0,0,0,0,0,0,0,0,0,0
STAT,(NULL),Conflicts,22,0,0,0,0,0,0,0,0,0,0,0,0,0,0,0,0,0,0,0,0,0,0,0
STAT,(NULL),EmptyPopTime,22,1822872752,53441068,121438966,117798716,118514904,78522036,128275083,81952723,89825004,78315949,78651828,109894361,116337729,69788,63668947,55361381,91860296,12537926,100994660,42313220,92292491,107737786,83067890
STAT,(NULL),EmptyWork,22,4281675,94060,126903,123076,170024,144460,1137715,185103,118140,192599,140960,211868,220372,128882,112919,94679,108792,145164,201058,148324,107457,185540,183580
STAT,(NULL),GaloisTime,22,104975699,1639858,5877310,5770499,5866344,4871504,7381758,5028735,5087600,4962689,4846504,5686729,5832437,673450,5647355,4283511,5136066,1537135,5439232,3617650,5140365,5636090,5012878
STAT,(NULL),InitPushTime,22,13150262,610044,576804,597908,580656,617416,586292,575165,603652,593612,605728,595832,602124,717412,587394,578597,601056,575336,569053,606082,582010,595248,592841
STAT,(NULL),Iterations,22,26058,654,870,752,980,889,6417,1224,752,1283,872,1185,1232,609,849,753,703,788,1294,877,797,1059,1219
STAT,(NULL),LoopTime,22,319299786,319299786,0,0,0,0,0,0,0,0,0,0,0,0,0,0,0,0,0,0,0,0,0
STAT,(NULL),MeminfoPost,22,176,8,8,8,8,8,8,8,8,8,8,8,8,8,8,8,8,8,8,8,8,8,8
STAT,(NULL),MeminfoPre,22,176,8,8,8,8,8,8,8,8,8,8,8,8,8,8,8,8,8,8,8,8,8,8
STAT,(NULL),NumaPost,22,2927,1534,696,682,15,0,0,0,0,0,0,0,0,0,0,0,0,0,0,0,0,0,0
STAT,(NULL),PopTime,22,36784122,1021068,1141670,1124384,1445156,1319116,8265828,1593243,1125500,1659775,1291812,1741460,1813888,1354104,1116649,998141,1067048,1438229,1675330,1395636,1051001,1562076,1583008
STAT,(NULL),PushTime,22,12765595,802856,655608,571168,388660,532724,774767,579668,473660,631374,535444,369692,579412,482572,515726,606434,478200,716168,591350,525480,878713,476204,599715
STAT,(NULL),RusageSys,22,0,0,0,0,0,0,0,0,0,0,0,0,0,0,0,0,0,0,0,0,0,0,0
STAT,(NULL),RusageUser,22,3192000,3192000,0,0,0,0,0,0,0,0,0,0,0,0,0,0,0,0,0,0,0,0,0
STAT,(NULL),Threads,22,22,22,0,0,0,0,0,0,0,0,0,0,0,0,0,0,0,0,0,0,0,0,0
STAT,(NULL),Time,22,320799586,320799586,0,0,0,0,0,0,0,0,0,0,0,0,0,0,0,0,0,0,0,0,0
STAT,(NULL),TotalTime,22,1987068403,1987068403,0,0,0,0,0,0,0,0,0,0,0,0,0,0,0,0,0,0,0,0,0
STAT,(NULL),UserTime,22,5010362470,260820122,188579241,192431692,191435696,232430136,171984378,228481280,221190116,232057761,232353560,199914960,193036252,315108814,246759092,256475926,219169976,301447586,208918232,269820878,218349981,202223316,227373475
STAT,(NULL),Work,22,6994025089,317905546,317905956,317905421,317905816,317905488,317905981,317905896,317906200,317906123,317915320,317926882,317905976,317904276,317906078,317906457,317905723,317926922,317906397,317906294,317905787,317927838,317928712
STAT,(NULL),nBad,22,2650953,157795,60000,92089,78529,127022,32481,146842,111236,100910,167790,63046,106461,175443,135776,198350,94230,217528,95680,145199,100141,95312,149093
STAT,(NULL),nEmpty,22,21367,418,676,574,802,678,6238,987,550,1043,661,1001,1054,407,595,493,502,528,1080,646,572,875,987
STAT,(NULL),nEmptyPop,22,788778,8247,52597,50740,45724,37335,54270,43258,39698,42403,37361,29199,50723,42,39177,36929,43750,4267,47778,26425,45712,28746,24397
STAT,(NULL),nOverall,22,18646953,941795,776000,700089,698529,839022,712481,938842,803236,956910,839790,727046,702461,803443,1007776,1038350,794230,1033528,855680,921199,896141,735312,925093
STAT,(NULL),nPop,22,26058,654,870,752,980,889,6417,1224,752,1283,872,1185,1232,609,849,753,703,788,1294,877,797,1059,1219
STAT,(NULL),nPush,22,22059,1369,1264,1018,670,899,1563,1106,890,1037,882,619,858,555,923,1211,777,1118,1112,823,1639,685,1041
STAT,(NULL),nPushInit,22,3999,181,182,182,182,182,182,182,182,182,182,182,182,182,182,182,182,182,182,182,182,182,178
STAT,(NULL),qPopEmpty,22,2667043,65623,203933,188868,174783,107788,217118,129050,126701,122212,108012,129448,188858,96,96445,78505,137380,8546,165237,52862,148702,125826,91050
STAT,(NULL),qPopEmptyCyc,22,729604863,20084066,49951894,49367334,49695316,30091036,53115582,32782645,35313264,29952245,31290624,45721019,47582440,37164,23702687,19348746,36257384,4408022,41619547,14785532,37595176,44731033,32172107
STAT,(NULL),qPopFast,22,25560,639,852,735,961,871,6312,1202,737,1258,854,1162,1209,595,833,737,688,772,1269,860,779,1039,1196
STAT,(NULL),qPopFastCyc,22,15820868,422430,485362,471964,617024,561144,3672525,683411,480344,709316,548128,743868,773924,581992,478696,425824,447632,604579,717331,598602,444653,671808,680311
STAT,(NULL),qPopLocal,22,322,7,10,9,11,10,97,14,7,17,10,15,15,6,8,8,7,8,17,9,10,12,15
STAT,(NULL),qPopLocalCyc,22,839386,20760,27273,25528,30656,29776,218227,35727,21076,42016,29132,41072,40560,27310,21287,20498,20820,23416,40870,27256,25535,33624,36967
STAT,(NULL),qPopRemote,22,176,8,8,8,8,8,8,8,8,8,8,8,8,8,8,8,8,8,8,8,8,8,8
STAT,(NULL),qPopRemoteCyc,22,295964,13918,12110,14512,12816,12972,18684,11521,12472,11977,12784,14052,12936,16350,11501,11548,12768,17501,13230,15218,12152,12768,12174
==== BENCHMARK TOOK 1.684
==== BENCHMARK START ===
==== PARAMS kernel=4.9.5-64-net1 malloc=libc hostname=rack-castor threads=22 delta=4 prog=sssp-obim  ===
Galois Benchmark Suite v2.2.1 (r0)
Copyright (C) 2014 The University of Texas at Austin
http://iss.ices.utexas.edu/galois/

application: Single Source Shortest Path
Computes the shortest path from a source node to all nodes in a directed graph using a modified chaotic iteration algorithm
http://iss.ices.utexas.edu/?p=projects/galois/benchmarks/single_source_shortest_path

INFO: CommandLine ./build/debug/apps/sssp/sssp -noverify -t 22 -delta 4 -wl obim -startNode 0 /specific/disk1/home/mad/Galois-PQ/inputs/clique4000.gr
INFO: Hostname rack-castor
Read 4000 nodes
Running Asynchronous with CAS version
INFO: Using delta-step of 16
WARNING: Performance varies considerably due to delta parameter.
WARNING: Do not expect the default to be good for your graph.
Node 1 has distance 3
STATTYPE,LOOP,CATEGORY,n,sum,T0,T1,T2,T3,T4,T5,T6,T7,T8,T9,T10,T11,T12,T13,T14,T15,T16,T17,T18,T19,T20,T21
STAT,(NULL),BadWork,22,777213117,13588729,53703969,31816505,21544266,31704953,30482465,27349385,35349838,39271032,54520678,31111434,31877699,59168710,45005825,35054581,39641685,17275826,31354691,49623601,15286780,37349758,45130707
STAT,(NULL),BarrierTime,22,2886897,112935,160116,153080,175384,138684,153444,190903,31599,163540,172525,26033,40669,140448,166869,46843,150982,36726,175712,175840,162768,172313,139484
STAT,(NULL),ConflictTime,22,0,0,0,0,0,0,0,0,0,0,0,0,0,0,0,0,0,0,0,0,0,0,0
STAT,(NULL),Conflicts,22,0,0,0,0,0,0,0,0,0,0,0,0,0,0,0,0,0,0,0,0,0,0,0
STAT,(NULL),EmptyPopTime,22,1167483246,71718204,22454252,90616787,68615992,56241600,46044420,64756359,52361739,64703314,48208468,75746278,26887652,78541,51714550,27188664,21928168,65225557,46638240,49230280,90663384,83292405,43168392
STAT,(NULL),EmptyWork,22,5019253,112717,129700,328170,284512,146632,330756,112297,230824,117802,155972,234566,184493,166651,104224,142538,175525,222554,124852,113360,1260206,131918,208984
STAT,(NULL),GaloisTime,22,93864726,1966494,2196420,6265761,5622328,4631948,4108548,5168404,4494060,5197593,4070820,5781858,2593236,653393,4267772,2562823,2219508,5378894,3948032,4102644,9018709,5795777,3819704
STAT,(NULL),InitPushTime,22,12195503,727446,667832,655952,625820,663118,659812,623401,587877,493495,483885,655452,746328,509368,495009,721255,390414,464156,385340,386572,390884,391807,470280
STAT,(NULL),Iterations,22,26200,620,829,1468,1458,883,1744,833,857,863,1098,813,721,917,801,615,962,804,809,752,6208,925,1220
STAT,(NULL),LoopTime,22,309151287,309151287,0,0,0,0,0,0,0,0,0,0,0,0,0,0,0,0,0,0,0,0,0
STAT,(NULL),MeminfoPost,22,176,8,8,8,8,8,8,8,8,8,8,8,8,8,8,8,8,8,8,8,8,8,8
STAT,(NULL),MeminfoPre,22,176,8,8,8,8,8,8,8,8,8,8,8,8,8,8,8,8,8,8,8,8,8,8
STAT,(NULL),NumaPost,22,2940,1539,685,518,198,0,0,0,0,0,0,0,0,0,0,0,0,0,0,0,0,0,0
STAT,(NULL),PopTime,22,42518429,1138123,1273568,2571761,2223508,1362880,2635268,1092994,1967039,1129414,1425215,1975646,1673093,1582061,1049294,1380690,1628998,1900255,1201988,1122140,9181139,1214271,1789084
STAT,(NULL),PushTime,22,14041298,676801,643336,648818,474796,603660,697916,740973,561043,748562,703813,312464,411840,699192,627763,686238,691050,543384,675188,699524,953721,594908,646308
STAT,(NULL),RusageSys,22,0,0,0,0,0,0,0,0,0,0,0,0,0,0,0,0,0,0,0,0,0,0,0
STAT,(NULL),RusageUser,22,3088000,3088000,0,0,0,0,0,0,0,0,0,0,0,0,0,0,0,0,0,0,0,0,0
STAT,(NULL),Threads,22,22,22,0,0,0,0,0,0,0,0,0,0,0,0,0,0,0,0,0,0,0,0,0
STAT,(NULL),Time,22,310648870,310648870,0,0,0,0,0,0,0,0,0,0,0,0,0,0,0,0,0,0,0,0,0
STAT,(NULL),TotalTime,22,1810002632,1810002632,0,0,0,0,0,0,0,0,0,0,0,0,0,0,0,0,0,0,0,0,0
STAT,(NULL),UserTime,22,5442598953,231910691,280826170,207095279,230302766,244538246,253706514,235654031,247906327,235627736,252960819,223471067,275770830,304345787,249761674,275560186,280882866,234251950,254935864,252256824,196446904,216495054,257891368
STAT,(NULL),Work,22,6767649599,307616729,307618370,307641256,307617130,307617662,307616878,307617416,307614744,307617683,307617646,307614718,307614612,307630764,307617776,307614704,307642044,307614982,307617532,307618116,307634429,307617036,307617372
STAT,(NULL),nBad,22,2652598,49298,184000,104423,71533,108499,101223,93584,114784,133012,194426,96039,115287,193500,160682,115038,137206,60271,119873,160977,61547,128637,148759
STAT,(NULL),nEmpty,22,21502,444,582,1252,1252,665,1519,592,697,621,839,678,546,665,545,428,714,660,579,525,6005,705,989
STAT,(NULL),nEmptyPop,22,667589,12264,14035,25820,42724,35092,28752,45921,37170,45897,34192,50259,16787,31,36669,19282,7466,46285,29110,30754,30118,52034,26927
STAT,(NULL),nOverall,22,18648598,701298,988000,852423,815533,860499,897223,957584,626784,965012,1026426,524039,695287,1001500,1016682,735038,989206,568271,915873,904977,809547,876637,920759
STAT,(NULL),nPop,22,26200,620,829,1468,1458,883,1744,833,857,863,1098,813,721,917,801,615,962,804,809,752,6208,925,1220
STAT,(NULL),nPush,22,22201,951,1095,1222,764,957,1242,1419,611,1257,1236,311,411,1119,1067,753,1164,558,1139,1146,1802,935,1042
STAT,(NULL),nPushInit,22,3999,181,182,182,182,182,182,182,182,182,182,182,182,182,182,182,182,182,182,182,182,182,178
STAT,(NULL),qPopEmpty,22,1473432,97406,28082,66876,85792,70196,57516,91854,74352,91806,68396,111057,33586,74,73350,38576,14944,92582,58232,61520,78011,125358,53866
STAT,(NULL),qPopEmptyCyc,22,417935987,27145056,7842876,34229198,24034176,19669956,16078692,22662289,18293593,22619254,16863160,27321068,9392236,46589,18093176,9502885,7667749,22794971,16309832,17170324,34251720,30825983,15121204
STAT,(NULL),qPopFast,22,25699,606,812,1441,1431,864,1713,816,840,845,1077,795,705,900,784,600,943,787,792,736,6108,907,1197
STAT,(NULL),qPopFastCyc,22,18290179,475918,544096,1097726,953744,577332,1138648,466896,846831,481504,613871,839925,713188,680577,448567,582191,690829,809981,513356,477080,4048519,519288,770112
STAT,(NULL),qPopLocal,22,324,6,9,19,19,11,23,9,9,10,13,10,8,9,9,6,11,9,9,8,92,10,15
STAT,(NULL),qPopLocalCyc,22,976958,22583,27592,51906,53884,32948,64248,24130,44666,26196,31920,49176,39360,25940,23324,30934,29395,44000,26120,22540,239105,25655,41336
STAT,(NULL),qPopRemote,22,177,8,8,8,8,8,8,8,8,8,8,8,8,8,8,9,8,8,8,8,8,8,8
STAT,(NULL),qPopRemoteCyc,22,340937,15493,14612,23525,15356,13544,14580,11497,16615,12219,11804,15035,15495,17426,11799,17697,21263,16783,13748,12844,23158,13168,13276
==== BENCHMARK TOOK 1.583
==== BENCHMARK START ===
==== PARAMS kernel=4.9.5-64-net1 malloc=libc hostname=rack-castor threads=22 delta=4 prog=sssp-obim  ===
Galois Benchmark Suite v2.2.1 (r0)
Copyright (C) 2014 The University of Texas at Austin
http://iss.ices.utexas.edu/galois/

application: Single Source Shortest Path
Computes the shortest path from a source node to all nodes in a directed graph using a modified chaotic iteration algorithm
http://iss.ices.utexas.edu/?p=projects/galois/benchmarks/single_source_shortest_path

INFO: CommandLine ./build/debug/apps/sssp/sssp -noverify -t 22 -delta 4 -wl obim -startNode 0 /specific/disk1/home/mad/Galois-PQ/inputs/clique4000.gr
INFO: Hostname rack-castor
Read 4000 nodes
Running Asynchronous with CAS version
INFO: Using delta-step of 16
WARNING: Performance varies considerably due to delta parameter.
WARNING: Do not expect the default to be good for your graph.
Node 1 has distance 3
STATTYPE,LOOP,CATEGORY,n,sum,T0,T1,T2,T3,T4,T5,T6,T7,T8,T9,T10,T11,T12,T13,T14,T15,T16,T17,T18,T19,T20,T21
STAT,(NULL),BadWork,22,784332382,16122831,28599691,52996848,34485905,40824361,31112648,27384705,47897386,26411704,26801449,42748271,26900528,47368796,16643445,14758002,36806595,45365975,31732894,50459521,30822019,52261785,55827023
STAT,(NULL),BarrierTime,22,3249516,76518,177572,187834,191729,157196,171524,206718,167870,30183,187768,184896,48145,164124,160608,176600,164242,202327,54188,191568,146657,46845,154404
STAT,(NULL),ConflictTime,22,0,0,0,0,0,0,0,0,0,0,0,0,0,0,0,0,0,0,0,0,0,0,0
STAT,(NULL),Conflicts,22,0,0,0,0,0,0,0,0,0,0,0,0,0,0,0,0,0,0,0,0,0,0,0
STAT,(NULL),EmptyPopTime,22,1642692125,125434802,113381876,46625951,89992588,71482332,86003484,119270289,46460508,104196423,80662973,60919108,80604165,69489768,81310205,116830968,69100,51063956,92613260,42581464,62241497,54377404,47080004
STAT,(NULL),EmptyWork,22,4780446,890095,179528,132586,212700,148776,139696,329409,143340,268462,207015,121514,215277,155804,158458,95100,233170,158590,215804,252328,154093,154625,214076
STAT,(NULL),GaloisTime,22,127412849,4118532,8731432,3969827,7186091,5733868,6798484,9367733,3986844,8272969,6492455,4993564,6538714,5625692,6519103,8930068,804843,4328441,7392795,3836608,5157390,4544476,4082920
STAT,(NULL),InitPushTime,22,11056409,825792,663104,661760,530840,563492,580108,517591,461916,570526,447103,445474,598968,528472,457958,460540,346335,331399,450655,341316,400716,457028,415316
STAT,(NULL),Iterations,22,25888,4848,1040,991,864,924,867,1993,906,1029,1371,760,724,962,751,622,1195,1125,836,1463,642,715,1260
STAT,(NULL),LoopTime,22,335106205,335106205,0,0,0,0,0,0,0,0,0,0,0,0,0,0,0,0,0,0,0,0,0
STAT,(NULL),MeminfoPost,22,176,8,8,8,8,8,8,8,8,8,8,8,8,8,8,8,8,8,8,8,8,8,8
STAT,(NULL),MeminfoPre,22,176,8,8,8,8,8,8,8,8,8,8,8,8,8,8,8,8,8,8,8,8,8,8
STAT,(NULL),NumaPost,22,2936,1538,683,517,198,0,0,0,0,0,0,0,0,0,0,0,0,0,0,0,0,0,0
STAT,(NULL),PopTime,22,41013743,6608140,1530720,1293845,1812477,1372528,1288344,2592102,1392312,2156816,1769813,1222709,1871727,1419792,1448714,945844,2088284,1460315,1856358,2134164,1457386,1445925,1845428
STAT,(NULL),PushTime,22,13703443,639821,703856,761858,446929,643412,831412,675521,572128,430662,674768,498171,395397,745444,652532,664316,563705,815704,485065,639644,987300,264622,611176
STAT,(NULL),RusageSys,22,4000,4000,0,0,0,0,0,0,0,0,0,0,0,0,0,0,0,0,0,0,0,0,0
STAT,(NULL),RusageUser,22,3340000,3340000,0,0,0,0,0,0,0,0,0,0,0,0,0,0,0,0,0,0,0,0,0
STAT,(NULL),Threads,22,22,22,0,0,0,0,0,0,0,0,0,0,0,0,0,0,0,0,0,0,0,0,0
STAT,(NULL),Time,22,336627982,336627982,0,0,0,0,0,0,0,0,0,0,0,0,0,0,0,0,0,0,0,0,0
STAT,(NULL),TotalTime,22,1654453938,1654453938,0,0,0,0,0,0,0,0,0,0,0,0,0,0,0,0,0,0,0,0,0
STAT,(NULL),UserTime,22,5504890057,195692818,208858928,280603286,233733772,254005260,238324676,201150482,280829610,218059577,243580672,265632798,243758952,255950160,243297610,205920468,329628738,275559307,230820942,283942972,263389687,272597294,279552048
STAT,(NULL),Work,22,7336631998,333475676,333479368,333477405,333477804,333479484,333478912,333476552,333478054,333474974,333478085,333490478,333499546,333480900,333503499,333478688,333505409,333477693,333477074,333481244,333504989,333477764,333478400
STAT,(NULL),nBad,22,2667445,50859,100000,181765,103890,144597,97129,95803,168327,96000,96311,141377,94895,158093,59945,54229,122550,159752,105773,173090,99827,171233,192000
STAT,(NULL),nEmpty,22,21199,4686,851,700,684,696,651,1784,656,848,1120,538,588,730,575,436,971,843,659,1206,466,502,1009
STAT,(NULL),nEmptyPop,22,933337,24161,70762,33086,56190,44621,53691,84627,28947,73914,57293,29398,27447,43379,27692,72960,22,36224,57830,26567,21215,33933,29378
STAT,(NULL),nOverall,22,18663445,646859,756000,1153765,711890,908597,861129,831803,996327,724000,1000311,881377,542895,926093,699945,742229,878550,1119752,705773,1025090,703827,847233,1000000
STAT,(NULL),nPop,22,25888,4848,1040,991,864,924,867,1993,906,1029,1371,760,724,962,751,622,1195,1125,836,1463,642,715,1260
STAT,(NULL),nPush,22,21889,763,1242,1449,490,1062,1517,1235,980,463,1189,898,414,1164,1081,1208,949,1327,526,1025,1676,277,954
STAT,(NULL),nPushInit,22,3999,181,182,182,182,182,182,182,182,182,182,182,182,182,182,182,182,182,182,182,182,182,178
STAT,(NULL),qPopEmpty,22,2010980,192376,141536,66184,112392,89254,107394,169266,57906,147840,114598,58808,54906,86770,55396,145932,56,72460,115672,53146,42442,67878,58768
STAT,(NULL),qPopEmptyCyc,22,577204862,47020377,39648796,16298338,31439748,24992300,30044948,41688390,16245124,36428449,28069409,21275639,28180470,24297644,28419529,40815808,46938,17857423,32375836,14894660,21646344,19038572,16480120
STAT,(NULL),qPopFast,22,25391,4767,1019,972,846,906,848,1958,888,1008,1346,744,708,943,735,608,1173,1103,818,1437,627,700,1237
STAT,(NULL),qPopFastCyc,22,17705035,2939628,653496,555892,774814,592912,549852,1137303,591552,923321,762220,523028,790044,608172,614132,402524,896264,627928,812721,920168,612490,619930,796644
STAT,(NULL),qPopLocal,22,321,73,13,11,10,10,11,27,10,13,17,8,8,11,8,6,14,14,10,18,7,7,15
STAT,(NULL),qPopLocalCyc,22,949981,181196,37728,28715,42778,29324,31552,65745,31388,54741,43680,23050,37035,31000,23393,18940,40748,35613,44647,48896,27177,31323,41312
STAT,(NULL),qPopRemote,22,176,8,8,8,8,8,8,8,8,8,8,8,8,8,8,8,8,8,8,8,8,8,8
STAT,(NULL),qPopRemoteCyc,22,342698,19725,13520,12394,16731,13004,13212,18187,14260,14667,12847,15777,22269,12988,18818,12540,21114,12177,15435,14440,19940,15873,12780
==== BENCHMARK TOOK 1.467
==== BENCHMARK START ===
==== PARAMS kernel=4.9.5-64-net1 malloc=libc hostname=rack-castor threads=22 delta=4 prog=sssp-obim  ===
Galois Benchmark Suite v2.2.1 (r0)
Copyright (C) 2014 The University of Texas at Austin
http://iss.ices.utexas.edu/galois/

application: Single Source Shortest Path
Computes the shortest path from a source node to all nodes in a directed graph using a modified chaotic iteration algorithm
http://iss.ices.utexas.edu/?p=projects/galois/benchmarks/single_source_shortest_path

INFO: CommandLine ./build/debug/apps/sssp/sssp -noverify -t 22 -delta 4 -wl obim -startNode 0 /specific/disk1/home/mad/Galois-PQ/inputs/clique4000.gr
INFO: Hostname rack-castor
Read 4000 nodes
Running Asynchronous with CAS version
INFO: Using delta-step of 16
WARNING: Performance varies considerably due to delta parameter.
WARNING: Do not expect the default to be good for your graph.
Node 1 has distance 3
STATTYPE,LOOP,CATEGORY,n,sum,T0,T1,T2,T3,T4,T5,T6,T7,T8,T9,T10,T11,T12,T13,T14,T15,T16,T17,T18,T19,T20,T21
STAT,(NULL),BadWork,22,720916028,16487851,16144214,58767974,31823351,30057447,46407510,16153797,23569577,34150405,63268584,34393088,33507279,16215545,47446185,26623578,37244324,43537662,29575548,34104827,26125238,17278391,38033653
STAT,(NULL),BarrierTime,22,2460834,108868,123268,135762,137144,118529,129961,120717,95119,98260,128577,116204,138709,104364,105420,136461,107088,31247,135556,99548,105448,132841,51743
STAT,(NULL),ConflictTime,22,0,0,0,0,0,0,0,0,0,0,0,0,0,0,0,0,0,0,0,0,0,0,0
STAT,(NULL),Conflicts,22,0,0,0,0,0,0,0,0,0,0,0,0,0,0,0,0,0,0,0,0,0,0,0
STAT,(NULL),EmptyPopTime,22,847981533,66413744,81949188,2442290,47065796,61220440,23695297,51763487,48361648,24038096,7238766,32411252,39024197,81930552,67324,31699496,10443624,42447957,39115152,16865924,26126136,81852227,31808940
STAT,(NULL),EmptyWork,22,4550384,162484,605232,130876,110004,114034,140611,187286,143523,213276,134961,195708,160326,636744,169144,121859,184092,127717,158476,196118,144512,239371,274030
STAT,(NULL),GaloisTime,22,69059408,1889472,6138968,781671,3891636,4914801,2278349,4287421,4028051,2419624,1128374,2930188,3366574,6192384,656188,2792368,1368084,3597430,3404592,1842278,2455572,5666552,3028831
STAT,(NULL),InitPushTime,22,13321288,611780,598812,587318,588548,609267,600397,575778,610268,618932,593645,600392,592920,616428,615740,588271,609972,662476,581968,606788,607404,587561,656623
STAT,(NULL),Iterations,22,26042,949,3076,977,712,812,1006,833,728,1218,998,1139,1101,3218,1042,880,1108,662,954,1009,856,1492,1272
STAT,(NULL),LoopTime,22,278227308,278227308,0,0,0,0,0,0,0,0,0,0,0,0,0,0,0,0,0,0,0,0,0
STAT,(NULL),MeminfoPost,22,176,8,8,8,8,8,8,8,8,8,8,8,8,8,8,8,8,8,8,8,8,8,8
STAT,(NULL),MeminfoPre,22,176,8,8,8,8,8,8,8,8,8,8,8,8,8,8,8,8,8,8,8,8,8,8
STAT,(NULL),NumaPost,22,2924,1533,696,497,198,0,0,0,0,0,0,0,0,0,0,0,0,0,0,0,0,0,0
STAT,(NULL),PopTime,22,40138302,1423252,4525404,1276068,1063628,1064657,2728736,1616071,1304329,1816812,1301717,1691920,1429924,4719096,1534360,1160234,1632360,1213350,1413280,1714482,1349900,1944496,2214226
STAT,(NULL),PushTime,22,12994670,729672,611072,679352,461388,624464,723310,579027,575852,600192,635110,393712,651393,627540,502792,606484,483400,479827,587680,523020,918492,543311,457580
STAT,(NULL),RusageSys,22,0,0,0,0,0,0,0,0,0,0,0,0,0,0,0,0,0,0,0,0,0,0,0
STAT,(NULL),RusageUser,22,2772000,2772000,0,0,0,0,0,0,0,0,0,0,0,0,0,0,0,0,0,0,0,0,0
STAT,(NULL),Threads,22,22,22,0,0,0,0,0,0,0,0,0,0,0,0,0,0,0,0,0,0,0,0,0
STAT,(NULL),Time,22,279662344,279662344,0,0,0,0,0,0,0,0,0,0,0,0,0,0,0,0,0,0,0,0,0
STAT,(NULL),TotalTime,22,1809859456,1809859456,0,0,0,0,0,0,0,0,0,0,0,0,0,0,0,0,0,0,0,0,0
STAT,(NULL),UserTime,22,5114191478,206149640,182938756,271459193,224176500,208830435,247202916,218335682,222355308,247680918,266330564,239146700,232137906,182662852,273838760,240387779,262657780,228901179,232088996,255627384,245774572,186522412,238985246
STAT,(NULL),Work,22,6090770852,276859504,276851916,276850625,276851752,276848033,276850522,276874694,276863570,276854006,276848904,276851844,276844777,276852932,276851844,276848316,276854184,276847339,276851784,276858042,276855324,276849181,276851759
STAT,(NULL),nBad,22,2672528,56522,61728,223383,113957,112960,176000,51699,92541,120973,245572,129418,124769,58141,171648,102313,140399,156269,116158,126511,95764,62116,133687
STAT,(NULL),nEmpty,22,21347,759,2910,699,507,598,753,672,558,998,730,922,863,3052,793,634,868,464,742,804,648,1301,1072
STAT,(NULL),nEmptyPop,22,470640,11381,43431,1730,29363,43436,16813,17632,20576,14330,5135,20244,27685,43426,40,22482,6524,30116,24409,8614,14080,49323,19870
STAT,(NULL),nOverall,22,18668528,748522,661728,1103383,809957,852960,1012000,639699,676541,876973,1069572,861418,944769,662141,987648,982313,944399,784269,840158,818511,831764,762116,797687
STAT,(NULL),nPop,22,26042,949,3076,977,712,812,1006,833,728,1218,998,1139,1101,3218,1042,880,1108,662,954,1009,856,1492,1272
STAT,(NULL),nPush,22,22043,1216,1102,1307,786,1142,1464,1035,994,908,1136,637,1047,988,796,1210,798,544,1028,827,1570,862,646
STAT,(NULL),nPushInit,22,3999,181,182,182,182,182,182,182,182,182,182,182,182,182,182,182,182,182,182,182,182,182,178
STAT,(NULL),qPopEmpty,22,1082501,90617,110218,3472,58738,86884,33638,35276,41164,28672,10282,40500,55382,110200,92,44976,13060,60244,48830,17240,28172,125092,39752
STAT,(NULL),qPopEmptyCyc,22,304960586,25375668,30756284,863704,16478772,21382162,8290908,18118023,16927918,8395240,2532637,11316904,13635474,30773392,36588,11075833,3646616,14841525,13669860,5902040,9137744,30737542,11065752
STAT,(NULL),qPopFast,22,25546,929,3024,958,696,795,986,816,712,1196,979,1118,1080,3163,1022,862,1087,647,935,990,838,1465,1248
STAT,(NULL),qPopFastCyc,22,16685332,598388,1989552,549513,452360,455550,559803,684479,549638,784464,560114,724976,617628,2075952,661060,493235,703320,514663,608608,732662,572832,844642,951893
STAT,(NULL),qPopLocal,22,320,12,44,11,8,9,12,9,8,14,11,13,13,47,12,10,13,7,11,11,10,19,16
STAT,(NULL),qPopLocalCyc,22,2325432,33548,126108,28832,23736,23484,1451859,27571,24301,38592,28692,36112,33172,127512,33324,27284,37216,28404,30572,35410,29668,45939,54096
STAT,(NULL),qPopRemote,22,176,8,8,8,8,8,8,8,8,8,8,8,8,8,8,8,8,8,8,8,8,8,8
STAT,(NULL),qPopRemoteCyc,22,325345,14220,17548,12377,13480,12022,11988,21987,19348,13444,11883,13932,12275,17680,13096,12172,14020,14911,13592,17530,16912,15988,14940
==== BENCHMARK TOOK 1.571
==== BENCHMARK START ===
==== PARAMS kernel=4.9.5-64-net1 malloc=libc hostname=rack-castor threads=22 delta=4 prog=sssp-obim  ===
Galois Benchmark Suite v2.2.1 (r0)
Copyright (C) 2014 The University of Texas at Austin
http://iss.ices.utexas.edu/galois/

application: Single Source Shortest Path
Computes the shortest path from a source node to all nodes in a directed graph using a modified chaotic iteration algorithm
http://iss.ices.utexas.edu/?p=projects/galois/benchmarks/single_source_shortest_path

INFO: CommandLine ./build/debug/apps/sssp/sssp -noverify -t 22 -delta 4 -wl obim -startNode 0 /specific/disk1/home/mad/Galois-PQ/inputs/clique4000.gr
INFO: Hostname rack-castor
Read 4000 nodes
Running Asynchronous with CAS version
INFO: Using delta-step of 16
WARNING: Performance varies considerably due to delta parameter.
WARNING: Do not expect the default to be good for your graph.
Node 1 has distance 3
STATTYPE,LOOP,CATEGORY,n,sum,T0,T1,T2,T3,T4,T5,T6,T7,T8,T9,T10,T11,T12,T13,T14,T15,T16,T17,T18,T19,T20,T21
STAT,(NULL),BadWork,22,791401200,27002220,48170333,34144566,58973163,36027045,19893977,55790271,29731652,29664157,25218791,26910317,28233753,40940847,26750718,77790754,22051401,41201255,24826059,39239110,27338800,37787995,33714016
STAT,(NULL),BarrierTime,22,3975645,202628,233859,226351,212100,220716,234010,189332,170256,61523,199713,160823,189772,205060,214562,212294,128299,92046,81607,229792,88918,227112,194872
STAT,(NULL),ConflictTime,22,0,0,0,0,0,0,0,0,0,0,0,0,0,0,0,0,0,0,0,0,0,0,0
STAT,(NULL),Conflicts,22,0,0,0,0,0,0,0,0,0,0,0,0,0,0,0,0,0,0,0,0,0,0,0
STAT,(NULL),EmptyPopTime,22,1890537994,133637288,82381340,127121669,43366068,118516898,118943916,40477412,90351502,73030844,107594350,92591609,102167604,54224620,120158499,60796,101560672,81472176,81955212,64722956,75043520,96159899,84999144
STAT,(NULL),EmptyWork,22,4788965,985432,190900,438522,178268,174113,128224,119168,186322,275910,128464,196356,247516,151108,109127,131609,143903,191154,136829,212200,161423,206269,96148
STAT,(NULL),GaloisTime,22,143663801,4363844,6578593,9960064,3797956,8974863,8988992,3558396,7139076,6009027,8200753,7265918,8049528,4526600,9043840,683826,7891121,6524946,6501955,5334020,6042316,7569915,6658252
STAT,(NULL),InitPushTime,22,13171613,585640,557656,562802,579244,574919,562117,595904,613355,708452,577052,569512,579844,586588,571469,550856,649382,680516,687009,548012,684853,558011,588420
STAT,(NULL),Iterations,22,26009,4928,1240,2594,1066,1164,908,733,924,922,813,956,1372,968,796,752,648,758,570,1244,627,1359,667
STAT,(NULL),LoopTime,22,348347348,348347348,0,0,0,0,0,0,0,0,0,0,0,0,0,0,0,0,0,0,0,0,0
STAT,(NULL),MeminfoPost,22,176,8,8,8,8,8,8,8,8,8,8,8,8,8,8,8,8,8,8,8,8,8,8
STAT,(NULL),MeminfoPre,22,176,8,8,8,8,8,8,8,8,8,8,8,8,8,8,8,8,8,8,8,8,8,8
STAT,(NULL),NumaPost,22,2932,1537,692,505,198,0,0,0,0,0,0,0,0,0,0,0,0,0,0,0,0,0,0
STAT,(NULL),PopTime,22,40937801,7252880,1659528,3357230,1634760,1511734,1181815,1245260,1646627,2234436,1216164,1667268,2036768,1431180,1042990,1386178,1338620,1696134,1322634,1819180,1486269,1760446,1009700
STAT,(NULL),PushTime,22,14044293,922872,779187,722977,509308,696368,859263,571568,510277,422484,636584,431784,650232,734712,560723,709808,404368,528922,598406,669368,871042,624000,630040
STAT,(NULL),RusageSys,22,0,0,0,0,0,0,0,0,0,0,0,0,0,0,0,0,0,0,0,0,0,0,0
STAT,(NULL),RusageUser,22,3480000,3480000,0,0,0,0,0,0,0,0,0,0,0,0,0,0,0,0,0,0,0,0,0
STAT,(NULL),Threads,22,22,22,0,0,0,0,0,0,0,0,0,0,0,0,0,0,0,0,0,0,0,0,0
STAT,(NULL),Time,22,349784840,349784840,0,0,0,0,0,0,0,0,0,0,0,0,0,0,0,0,0,0,0,0,0
STAT,(NULL),TotalTime,22,1709333378,1709333378,0,0,0,0,0,0,0,0,0,0,0,0,0,0,0,0,0,0,0,0,0
STAT,(NULL),UserTime,22,5535324936,199622948,255197921,205187022,297299262,216913523,216685695,300814388,246951262,264811257,229010916,244636013,233636186,285718876,215871616,343814561,235445427,256371282,256268455,274028808,263180569,240466129,253392820
STAT,(NULL),Work,22,7631376404,346885476,346876609,346873454,346876790,346874576,346873159,346875932,346870936,346873733,346885167,346932185,346900482,346878204,346884903,346898825,346870193,346875924,346869193,346876024,346874692,346873011,346876936
STAT,(NULL),nBad,22,2735885,88000,157510,115214,209740,127319,74441,197173,93482,96338,84310,95633,102687,146035,99031,274389,70334,135639,84655,144272,92000,123683,124000
STAT,(NULL),nEmpty,22,21298,4747,983,2379,803,940,685,490,738,765,602,738,1158,710,568,459,497,600,417,995,473,1113,438
STAT,(NULL),nEmptyPop,22,1125333,22527,51406,89149,27082,83017,74422,25270,64113,45572,48382,31530,55098,33859,84211,19,72102,50892,58138,40408,46870,68209,53057
STAT,(NULL),nOverall,22,18731885,724000,1025510,839214,1045740,891319,890441,969173,741482,624338,836310,863633,846687,1030035,899031,1170389,598334,627639,600655,992272,616000,983683,916000
STAT,(NULL),nPop,22,26009,4928,1240,2594,1066,1164,908,733,924,922,813,956,1372,968,796,752,648,758,570,1244,627,1359,667
STAT,(NULL),nPush,22,22010,1547,1506,1324,820,1238,1686,871,742,420,1015,710,934,1170,934,1402,466,576,644,1062,957,985,1001
STAT,(NULL),nPushInit,22,3999,181,182,182,182,182,182,182,182,182,182,182,182,182,182,182,182,182,182,182,182,182,178
STAT,(NULL),qPopEmpty,22,2385351,179487,102824,178310,54176,166046,148856,50552,128238,91156,96776,63072,110208,67730,168434,50,144216,101796,116288,80828,93752,136430,106126
STAT,(NULL),qPopEmptyCyc,22,663053980,50318356,28778820,43930198,15133428,40931705,41051061,14147840,31557258,25547328,38527152,32388250,35661980,18950240,41481224,44452,35356880,28455032,28638673,22610636,26198076,33630567,29714824
STAT,(NULL),qPopFast,22,25510,4846,1218,2550,1045,1141,890,718,905,903,795,937,1345,950,778,737,633,742,556,1221,613,1334,653
STAT,(NULL),qPopFastCyc,22,17662950,3210360,717046,1477765,695664,647088,506242,533188,705369,959150,517748,709597,870912,617852,443400,588584,569631,722158,560876,782900,635637,763563,428220
STAT,(NULL),qPopLocal,22,323,74,14,36,13,15,10,7,11,11,10,11,19,10,10,7,7,8,6,15,6,17,6
STAT,(NULL),qPopLocalCyc,22,964126,197896,36602,88183,44896,38549,25838,25148,40246,52764,28800,32528,51016,28348,25863,19078,30250,36448,29870,41956,29694,42393,17760
STAT,(NULL),qPopRemote,22,176,8,8,8,8,8,8,8,8,8,8,8,8,8,8,8,8,8,8,8,8,8,8
STAT,(NULL),qPopRemoteCyc,22,330243,20520,12761,17492,14036,13349,12095,13740,13735,17595,13472,18377,13852,12952,11547,19946,15196,16236,16963,12896,18961,11358,13164
==== BENCHMARK TOOK 1.510
==== BENCHMARK START ===
==== PARAMS kernel=4.9.5-64-net1 malloc=libc hostname=rack-castor threads=22 delta=4 prog=sssp-obim  ===
Galois Benchmark Suite v2.2.1 (r0)
Copyright (C) 2014 The University of Texas at Austin
http://iss.ices.utexas.edu/galois/

application: Single Source Shortest Path
Computes the shortest path from a source node to all nodes in a directed graph using a modified chaotic iteration algorithm
http://iss.ices.utexas.edu/?p=projects/galois/benchmarks/single_source_shortest_path

INFO: CommandLine ./build/debug/apps/sssp/sssp -noverify -t 22 -delta 4 -wl obim -startNode 0 /specific/disk1/home/mad/Galois-PQ/inputs/clique4000.gr
INFO: Hostname rack-castor
Read 4000 nodes
Running Asynchronous with CAS version
INFO: Using delta-step of 16
WARNING: Performance varies considerably due to delta parameter.
WARNING: Do not expect the default to be good for your graph.
Node 1 has distance 3
STATTYPE,LOOP,CATEGORY,n,sum,T0,T1,T2,T3,T4,T5,T6,T7,T8,T9,T10,T11,T12,T13,T14,T15,T16,T17,T18,T19,T20,T21
STAT,(NULL),BadWork,22,766484211,24736420,33598645,10928095,20555404,20433826,37461446,21599982,44194508,16067273,21102046,40693493,37864484,27274001,57890529,45862853,25623517,27879190,27607927,63381883,55840042,53569750,52318897
STAT,(NULL),BarrierTime,22,3162843,155300,132104,171794,169640,162969,114554,112117,154232,140156,107487,173660,174714,144472,164587,145340,147092,29127,153812,187231,128307,157208,136940
STAT,(NULL),ConflictTime,22,0,0,0,0,0,0,0,0,0,0,0,0,0,0,0,0,0,0,0,0,0,0,0
STAT,(NULL),Conflicts,22,0,0,0,0,0,0,0,0,0,0,0,0,0,0,0,0,0,0,0,0,0,0,0
STAT,(NULL),EmptyPopTime,22,2063953942,142497056,56385592,145915394,133648556,139576344,83711576,68351125,83459796,126233896,117026608,91613273,75231588,85700740,76079317,100059136,118070284,127402804,100227112,60020003,56657,68211821,64475264
STAT,(NULL),EmptyWork,22,4542788,210336,235008,1196595,115364,204106,175316,210345,138988,204896,156392,144711,174565,103544,89565,117788,138100,236790,140776,89927,124975,158053,176648
STAT,(NULL),GaloisTime,22,154287283,3400628,4667584,13093552,9942008,10272863,6463979,5474717,6405028,9527312,8804608,6981406,5886622,6530848,7200976,7577956,8866720,9712529,7633472,4721266,605400,5387213,5130596
STAT,(NULL),InitPushTime,22,13358046,611660,622156,583580,592084,599838,638983,638232,602928,612748,618948,580439,587160,611240,592507,597420,608572,709859,596664,563522,597640,578494,613372
STAT,(NULL),Iterations,22,26310,1175,1252,6757,720,1275,929,775,881,1155,884,1015,1199,692,731,763,839,897,833,742,622,1102,1072
STAT,(NULL),LoopTime,22,342653840,342653840,0,0,0,0,0,0,0,0,0,0,0,0,0,0,0,0,0,0,0,0,0
STAT,(NULL),MeminfoPost,22,176,8,8,8,8,8,8,8,8,8,8,8,8,8,8,8,8,8,8,8,8,8,8
STAT,(NULL),MeminfoPre,22,176,8,8,8,8,8,8,8,8,8,8,8,8,8,8,8,8,8,8,8,8,8,8
STAT,(NULL),NumaPost,22,2912,1545,876,476,15,0,0,0,0,0,0,0,0,0,0,0,0,0,0,0,0,0,0
STAT,(NULL),PopTime,22,38934278,1743900,2000056,8740209,1073560,1662611,1589810,1858097,1315404,1692788,1385004,1323693,1553964,1042128,964737,1135488,1243496,1941831,1296756,979059,1373560,1434387,1583740
STAT,(NULL),PushTime,22,13579681,781760,605152,656464,470404,667207,606400,493115,573400,608324,554080,460548,706813,725384,562505,629856,488180,406931,573816,744348,983690,620668,660636
STAT,(NULL),RusageSys,22,0,0,0,0,0,0,0,0,0,0,0,0,0,0,0,0,0,0,0,0,0,0,0
STAT,(NULL),RusageUser,22,3424000,3424000,0,0,0,0,0,0,0,0,0,0,0,0,0,0,0,0,0,0,0,0,0
STAT,(NULL),Threads,22,22,22,0,0,0,0,0,0,0,0,0,0,0,0,0,0,0,0,0,0,0,0,0
STAT,(NULL),Time,22,344080104,344080104,0,0,0,0,0,0,0,0,0,0,0,0,0,0,0,0,0,0,0,0,0
STAT,(NULL),TotalTime,22,1846270678,1846270678,0,0,0,0,0,0,0,0,0,0,0,0,0,0,0,0,0,0,0,0,0
STAT,(NULL),UserTime,22,5230144058,192522884,277263074,171555300,195905476,188773406,248609309,264767662,249262868,202889084,213231106,240632970,257603085,247053064,256260590,231637944,212350632,201453538,231283734,274602996,338011244,265345296,269128796
STAT,(NULL),Work,22,7507187680,341234572,341233678,341231829,341232340,341231643,341230687,341230638,341231260,341232308,341257004,341232147,341231674,341232900,341232095,341244896,341234572,341229399,341230822,341232632,341257548,341251792,341231244
STAT,(NULL),nBad,22,2738413,85289,120000,40235,78256,68000,136000,77688,158711,57023,79300,140513,141371,103316,212773,153943,89632,87108,105982,228122,193979,193195,187977
STAT,(NULL),nEmpty,22,21599,999,1006,6577,540,1081,714,621,654,970,695,768,934,468,468,555,644,732,629,463,419,830,832
STAT,(NULL),nEmptyPop,22,1238671,24111,34387,98091,82605,96285,51432,27218,51038,77979,68821,64048,52417,52663,53972,61651,72888,78712,61763,41650,18,47498,39424
STAT,(NULL),nOverall,22,18734413,701289,984000,704235,710256,776000,860000,609688,902711,737023,751300,980513,1053371,895316,1036773,829943,769632,655108,813982,1112122,809979,1081195,959977
STAT,(NULL),nPop,22,26310,1175,1252,6757,720,1275,929,775,881,1155,884,1015,1199,692,731,763,839,897,833,742,622,1102,1072
STAT,(NULL),nPush,22,22311,1314,1006,1199,794,1221,939,657,1019,909,830,833,1145,1150,933,1157,785,459,907,1328,1656,984,1086
STAT,(NULL),nPushInit,22,3999,181,182,182,182,182,182,182,182,182,182,182,182,182,182,182,182,182,182,182,182,182,178
STAT,(NULL),qPopEmpty,22,2643362,192304,68786,212472,165222,197990,102876,54448,102088,155970,137654,128108,104846,105338,107956,123314,145788,157436,123538,83312,48,95008,78860
STAT,(NULL),qPopEmptyCyc,22,727877350,54840300,20569256,52359035,46246544,48812069,28798512,23452197,29895692,43665004,40442660,32888258,25877141,29516380,26580756,34532192,40825344,44080124,35872360,21807897,43785,23373608,23398236
STAT,(NULL),qPopFast,22,25806,1152,1229,6647,704,1251,910,759,863,1132,866,995,1177,677,715,747,822,878,816,726,607,1081,1052
STAT,(NULL),qPopFastCyc,22,16812235,742860,868352,3894263,455544,717862,666614,788921,565036,725304,595384,569445,668823,444760,410716,485892,533816,832910,554164,417629,570939,619789,683212
STAT,(NULL),qPopLocal,22,328,15,15,102,8,16,11,8,10,15,10,12,14,7,8,8,9,11,9,8,7,13,12
STAT,(NULL),qPopLocalCyc,22,911853,41300,46636,238543,23812,38730,36264,33902,29476,40480,31372,30765,35910,21980,21138,23908,25740,47793,27792,20402,27354,34112,34444
STAT,(NULL),qPopRemote,22,176,8,8,8,8,8,8,8,8,8,8,8,8,8,8,8,8,8,8,8,8,8,8
STAT,(NULL),qPopRemoteCyc,22,307540,13416,13672,16261,12848,14667,13919,21491,13144,13804,13484,13036,11353,12700,13174,12704,13068,15832,13224,12092,19220,11847,12584
==== BENCHMARK TOOK 1.645
==== BENCHMARK START ===
==== PARAMS kernel=4.9.5-64-net1 malloc=libc hostname=rack-castor threads=22 delta=4 prog=sssp-obim  ===
Galois Benchmark Suite v2.2.1 (r0)
Copyright (C) 2014 The University of Texas at Austin
http://iss.ices.utexas.edu/galois/

application: Single Source Shortest Path
Computes the shortest path from a source node to all nodes in a directed graph using a modified chaotic iteration algorithm
http://iss.ices.utexas.edu/?p=projects/galois/benchmarks/single_source_shortest_path

INFO: CommandLine ./build/debug/apps/sssp/sssp -noverify -t 22 -delta 4 -wl obim -startNode 0 /specific/disk1/home/mad/Galois-PQ/inputs/clique4000.gr
INFO: Hostname rack-castor
Read 4000 nodes
Running Asynchronous with CAS version
INFO: Using delta-step of 16
WARNING: Performance varies considerably due to delta parameter.
WARNING: Do not expect the default to be good for your graph.
Node 1 has distance 3
STATTYPE,LOOP,CATEGORY,n,sum,T0,T1,T2,T3,T4,T5,T6,T7,T8,T9,T10,T11,T12,T13,T14,T15,T16,T17,T18,T19,T20,T21
STAT,(NULL),BadWork,22,750617832,29523128,54603387,51667004,14863709,26228046,37973524,24650466,33775028,38054857,20727777,10205209,33500612,23595732,42083494,28620633,40705684,42647963,37457153,43566617,37747785,32274012,46146012
STAT,(NULL),BarrierTime,22,3311439,184068,139394,169092,135509,115151,129530,188745,187375,176282,82292,184059,188808,179270,30668,151270,48082,171713,199646,174224,160592,139797,175872
STAT,(NULL),ConflictTime,22,0,0,0,0,0,0,0,0,0,0,0,0,0,0,0,0,0,0,0,0,0,0,0
STAT,(NULL),Conflicts,22,0,0,0,0,0,0,0,0,0,0,0,0,0,0,0,0,0,0,0,0,0,0,0
STAT,(NULL),EmptyPopTime,22,1213920888,87744170,16195884,6757644,102142132,63376268,64714772,94919077,80502864,54839592,102234848,102177083,70504100,40829664,63784032,29170322,45306608,67437,28630910,44045812,36641380,17492320,61843969
STAT,(NULL),EmptyWork,22,4912501,102150,162154,156380,516878,178950,169181,151217,179568,158074,267206,1140077,178174,167305,88325,131020,129422,143715,116875,159260,198924,244113,173533
STAT,(NULL),GaloisTime,22,95313411,2297130,1884467,1198200,7541739,5149419,5274880,6869432,6360662,4543913,7226502,8369340,5722351,3570169,5118432,2721122,3940730,630899,2681752,3789920,3319820,2011157,5091375
STAT,(NULL),InitPushTime,22,13214849,584535,615276,594932,621851,639365,626882,571548,568911,576855,659320,563552,571812,579486,714640,591070,693770,571060,552761,578496,582084,580252,576391
STAT,(NULL),Iterations,22,26254,755,889,998,2573,894,864,1013,1137,983,1194,4738,1191,1082,492,692,623,862,817,971,1176,1148,1162
STAT,(NULL),LoopTime,22,309482894,309482894,0,0,0,0,0,0,0,0,0,0,0,0,0,0,0,0,0,0,0,0,0
STAT,(NULL),MeminfoPost,22,176,8,8,8,8,8,8,8,8,8,8,8,8,8,8,8,8,8,8,8,8,8,8
STAT,(NULL),MeminfoPre,22,176,8,8,8,8,8,8,8,8,8,8,8,8,8,8,8,8,8,8,8,8,8,8
STAT,(NULL),NumaPost,22,2907,1528,691,490,198,0,0,0,0,0,0,0,0,0,0,0,0,0,0,0,0,0,0
STAT,(NULL),PopTime,22,41586059,1019734,1518168,1474416,3903669,1558731,1506914,1331275,1539171,1445782,2142512,8211836,1541473,1525797,954594,1295897,1250805,1417107,1191902,1437324,1727552,2085463,1505937
STAT,(NULL),PushTime,22,13801536,899935,583929,606156,526866,545858,650641,617029,605271,688570,409454,478407,727263,724237,439897,643342,461582,721608,716703,635184,923248,548336,648020
STAT,(NULL),RusageSys,22,16000,16000,0,0,0,0,0,0,0,0,0,0,0,0,0,0,0,0,0,0,0,0,0
STAT,(NULL),RusageUser,22,3076000,3076000,0,0,0,0,0,0,0,0,0,0,0,0,0,0,0,0,0,0,0,0,0
STAT,(NULL),Threads,22,22,22,0,0,0,0,0,0,0,0,0,0,0,0,0,0,0,0,0,0,0,0,0
STAT,(NULL),Time,22,310856197,310856197,0,0,0,0,0,0,0,0,0,0,0,0,0,0,0,0,0,0,0,0,0
STAT,(NULL),TotalTime,22,1530425902,1530425902,0,0,0,0,0,0,0,0,0,0,0,0,0,0,0,0,0,0,0,0,0
STAT,(NULL),UserTime,22,5405758055,215904081,287622889,297774760,193337002,237158709,235651751,204080484,218780738,246291874,195685602,187591392,229293949,261150460,237580698,274007306,256877049,304987194,274631160,257900976,265157976,285586274,238705731
STAT,(NULL),Work,22,6777266828,308053565,308052664,308057244,308054262,308056307,308053125,308053018,308054969,308059610,308053740,308062273,308053116,308057048,308052154,308067077,308051936,308063149,308059138,308053128,308066144,308080218,308052943
STAT,(NULL),nBad,22,2706825,104000,190372,187779,50823,94318,140640,91420,121157,145526,69916,35228,118154,86377,151358,104702,139188,159032,133793,162030,140283,115109,165620
STAT,(NULL),nEmpty,22,21549,535,649,730,2413,698,668,803,923,759,1046,4566,955,840,316,490,429,621,565,738,937,951,917
STAT,(NULL),nEmptyPop,22,678757,17079,10109,4219,56084,39548,40392,62018,50031,29580,56092,43345,50016,23169,39826,12423,28312,31,16262,27488,22888,5962,43883
STAT,(NULL),nOverall,22,18702825,880000,958372,1067779,630823,774318,776640,835420,845157,893526,585916,679228,938154,966377,699358,804702,767188,963032,1005793,930030,952283,775109,973620
STAT,(NULL),nPop,22,26254,755,889,998,2573,894,864,1013,1137,983,1194,4738,1191,1082,492,692,623,862,817,971,1176,1148,1162
STAT,(NULL),nPush,22,22255,1662,899,1072,727,776,1002,1151,1147,1121,500,844,1201,1220,438,1086,505,1064,1339,1045,1570,774,1112
STAT,(NULL),nPushInit,22,3999,181,182,182,182,182,182,182,182,182,182,182,182,182,182,182,182,182,182,182,182,182,178
STAT,(NULL),qPopEmpty,22,1540371,136069,20230,8450,135411,79108,80796,140178,100074,59172,135543,104688,100044,46350,79664,24858,56636,74,32536,54988,45788,11936,87778
STAT,(NULL),qPopEmptyCyc,22,434426721,33296631,5663060,2371656,37801884,22163280,22618224,34455648,28062616,19149392,37872388,37822770,24662775,14262760,22294224,10171658,15771836,39953,9999134,15417020,12800888,6108697,21620227
STAT,(NULL),qPopFast,22,25752,739,871,978,2529,875,846,993,1115,963,1171,4659,1169,1061,480,677,609,844,801,952,1154,1126,1140
STAT,(NULL),qPopFastCyc,22,17907643,429875,648030,631680,1711000,663858,644208,566161,659226,619804,921748,3601330,664858,650676,403198,546177,533208,601505,510438,619000,744912,888761,647990
STAT,(NULL),qPopLocal,22,326,8,10,12,36,11,10,12,14,12,15,71,14,13,4,7,6,10,8,11,14,14,14
STAT,(NULL),qPopLocalCyc,22,966188,22063,34189,33976,99155,38507,34581,31600,37338,33101,48514,216277,35722,33895,19097,22937,27305,28988,21055,32000,38496,41809,35583
STAT,(NULL),qPopRemote,22,176,8,8,8,8,8,8,8,8,8,8,8,8,8,8,8,8,8,8,8,8,8,8
STAT,(NULL),qPopRemoteCyc,22,352055,12613,14435,13812,21567,14540,14766,11876,15588,14678,19750,22563,12312,20981,14460,17455,15425,18162,14570,12520,15044,21880,13058
==== BENCHMARK TOOK 1.369
==== BENCHMARK START ===
==== PARAMS kernel=4.9.5-64-net1 malloc=libc hostname=rack-castor threads=22 delta=4 prog=sssp-obim  ===
Galois Benchmark Suite v2.2.1 (r0)
Copyright (C) 2014 The University of Texas at Austin
http://iss.ices.utexas.edu/galois/

application: Single Source Shortest Path
Computes the shortest path from a source node to all nodes in a directed graph using a modified chaotic iteration algorithm
http://iss.ices.utexas.edu/?p=projects/galois/benchmarks/single_source_shortest_path

INFO: CommandLine ./build/debug/apps/sssp/sssp -noverify -t 22 -delta 4 -wl obim -startNode 0 /specific/disk1/home/mad/Galois-PQ/inputs/clique4000.gr
INFO: Hostname rack-castor
Read 4000 nodes
Running Asynchronous with CAS version
INFO: Using delta-step of 16
WARNING: Performance varies considerably due to delta parameter.
WARNING: Do not expect the default to be good for your graph.
Node 1 has distance 3
STATTYPE,LOOP,CATEGORY,n,sum,T0,T1,T2,T3,T4,T5,T6,T7,T8,T9,T10,T11,T12,T13,T14,T15,T16,T17,T18,T19,T20,T21
STAT,(NULL),BadWork,22,736564498,36900502,8747256,32764124,60558042,51201137,48305440,46734934,28241386,34250559,20596800,20510311,33792631,37105704,14681089,45517638,24209267,35418215,32545113,27038116,35362297,36945953,25137984
STAT,(NULL),BarrierTime,22,2981690,161230,133512,154923,150920,132208,145144,149418,26854,133180,128460,146496,126166,79533,138255,150721,144380,120887,148634,156115,158230,143856,152568
STAT,(NULL),ConflictTime,22,0,0,0,0,0,0,0,0,0,0,0,0,0,0,0,0,0,0,0,0,0,0,0
STAT,(NULL),Conflicts,22,0,0,0,0,0,0,0,0,0,0,0,0,0,0,0,0,0,0,0,0,0,0,0
STAT,(NULL),EmptyPopTime,22,1375110004,56457584,106253548,94601685,101752,44495316,36595196,19031412,69145616,50860662,78509910,97569902,51069198,74325992,106389296,36217565,50330630,63822681,89009912,91352131,60756977,46074632,52138407
STAT,(NULL),EmptyWork,22,4604488,132829,1038740,118263,162976,100416,195600,176035,149367,156801,177776,231369,157704,145107,314703,104408,234279,188236,225149,84603,118407,238760,152960
STAT,(NULL),GaloisTime,22,91935529,1667215,6759824,5239597,672360,3610688,3130500,1917054,4733289,4171598,4957530,5448094,4107878,4820672,5784047,3061843,4184098,4643349,5257325,5143507,4484947,3891280,4248834
STAT,(NULL),InitPushTime,22,12666451,570055,589268,558982,576700,591740,578100,553602,677966,584828,572148,555183,577168,634756,566844,550741,571476,571660,551514,541880,556121,570328,565391
STAT,(NULL),Iterations,22,26143,833,5181,835,1034,697,1170,1221,807,607,1043,1463,970,876,1902,703,827,1107,1437,659,875,1331,565
STAT,(NULL),LoopTime,22,309243228,309243228,0,0,0,0,0,0,0,0,0,0,0,0,0,0,0,0,0,0,0,0,0
STAT,(NULL),MeminfoPost,22,176,8,8,8,8,8,8,8,8,8,8,8,8,8,8,8,8,8,8,8,8,8,8
STAT,(NULL),MeminfoPre,22,176,8,8,8,8,8,8,8,8,8,8,8,8,8,8,8,8,8,8,8,8,8,8
STAT,(NULL),NumaPost,22,2927,1534,879,499,15,0,0,0,0,0,0,0,0,0,0,0,0,0,0,0,0,0,0
STAT,(NULL),PopTime,22,39372367,1293826,7577920,1112832,1543952,1043220,1728980,1582274,1361423,1466174,1541460,1887046,1432280,1328846,2488319,1096941,1988389,1636672,1855743,878781,1150733,1946488,1430068
STAT,(NULL),PushTime,22,13063859,836976,570984,647473,470976,632192,632656,572922,575893,550072,527256,380861,573044,517303,563426,623314,452518,695208,582468,638645,926961,488412,604299
STAT,(NULL),RusageSys,22,0,0,0,0,0,0,0,0,0,0,0,0,0,0,0,0,0,0,0,0,0,0,0
STAT,(NULL),RusageUser,22,3088000,3088000,0,0,0,0,0,0,0,0,0,0,0,0,0,0,0,0,0,0,0,0,0
STAT,(NULL),Threads,22,22,22,0,0,0,0,0,0,0,0,0,0,0,0,0,0,0,0,0,0,0,0,0
STAT,(NULL),Time,22,310666843,310666843,0,0,0,0,0,0,0,0,0,0,0,0,0,0,0,0,0,0,0,0,0
STAT,(NULL),TotalTime,22,1875124110,1875124110,0,0,0,0,0,0,0,0,0,0,0,0,0,0,0,0,0,0,0,0,0
STAT,(NULL),UserTime,22,5247349306,247403545,185591144,206073877,304840180,257910300,265509280,284513004,231824760,250588037,222079076,202275278,250454876,226654175,192251807,266687256,250601558,236805560,210864405,209694619,240354874,255153404,249218291
STAT,(NULL),Work,22,6773573894,307881146,307880308,307889616,307879596,307880916,307881304,307903979,307877994,307881152,307898426,307899934,307902660,307879430,307900488,307900787,307880404,307901106,307901712,307902209,307889351,307880568,307880808
STAT,(NULL),nBad,22,2629442,134431,31770,116798,229731,176530,173353,163848,103570,119640,73014,77770,119495,121276,56238,148424,90330,128950,115844,99155,130897,133377,85001
STAT,(NULL),nEmpty,22,21452,611,5010,622,759,466,931,930,601,461,841,1253,744,674,1701,466,682,892,1220,443,625,1099,421
STAT,(NULL),nEmptyPop,22,635377,9036,43750,43694,62,26903,21970,8290,35971,20090,34691,43367,27767,37072,45505,17851,19913,31635,41380,41931,36294,27908,20297
STAT,(NULL),nOverall,22,18625442,882431,675770,836798,1089731,920530,953353,1155848,815570,575640,805014,833770,899495,801276,792238,944424,570330,852950,867844,859155,998897,921377,573001
STAT,(NULL),nPop,22,26143,833,5181,835,1034,697,1170,1221,807,607,1043,1463,970,876,1902,703,827,1107,1437,659,875,1331,565
STAT,(NULL),nPush,22,22144,1548,1031,1229,852,1091,1180,1103,689,809,861,705,852,694,952,1161,709,1053,1063,1117,1781,701,963
STAT,(NULL),nPushInit,22,3999,181,182,182,182,182,182,182,182,182,182,182,182,182,182,182,182,182,182,182,182,182,178
STAT,(NULL),qPopEmpty,22,1785803,71752,153075,145343,136,53818,43952,16592,91018,40192,100200,148698,55546,99735,165794,35714,39838,75710,132746,137192,82318,55828,40606
STAT,(NULL),qPopEmptyCyc,22,521558607,20679452,43952820,38576679,48876,16451568,12310568,7544086,25454920,17289312,29737083,38673445,17359586,29202072,42695098,13506176,17081687,24337116,34654833,35741381,21536727,15600056,19125066
STAT,(NULL),qPopFast,22,25646,816,5096,818,1015,682,1148,1199,790,593,1023,1436,950,858,1867,687,811,1085,1411,644,858,1307,552
STAT,(NULL),qPopFastCyc,22,16954358,546170,3336808,475857,666812,444496,743300,682769,578810,619457,657744,809995,612420,564362,1084758,465960,851521,698116,799645,373006,491881,840052,610419
STAT,(NULL),qPopLocal,22,321,9,77,9,11,7,14,14,9,6,12,19,12,10,27,8,8,14,18,7,9,16,5
STAT,(NULL),qPopLocalCyc,22,903813,26426,210816,24692,31072,21224,38540,35921,31167,24422,34356,45936,33892,29320,65261,24884,33446,40260,42871,18999,23443,44728,22137
STAT,(NULL),qPopRemote,22,176,8,8,8,8,8,8,8,8,8,8,8,8,8,8,8,8,8,8,8,8,8,8
STAT,(NULL),qPopRemoteCyc,22,328426,13096,19276,13985,13276,13592,15436,12238,15282,19407,13576,12861,13908,14555,18362,14102,20360,14580,11550,11775,12834,15052,19323
==== BENCHMARK TOOK 1.530
==== BENCHMARK START ===
==== PARAMS kernel=4.9.5-64-net1 malloc=libc hostname=rack-castor threads=22 delta=4 prog=sssp-obim  ===
Galois Benchmark Suite v2.2.1 (r0)
Copyright (C) 2014 The University of Texas at Austin
http://iss.ices.utexas.edu/galois/

application: Single Source Shortest Path
Computes the shortest path from a source node to all nodes in a directed graph using a modified chaotic iteration algorithm
http://iss.ices.utexas.edu/?p=projects/galois/benchmarks/single_source_shortest_path

INFO: CommandLine ./build/debug/apps/sssp/sssp -noverify -t 22 -delta 4 -wl obim -startNode 0 /specific/disk1/home/mad/Galois-PQ/inputs/clique4000.gr
INFO: Hostname rack-castor
Read 4000 nodes
Running Asynchronous with CAS version
INFO: Using delta-step of 16
WARNING: Performance varies considerably due to delta parameter.
WARNING: Do not expect the default to be good for your graph.
Node 1 has distance 3
STATTYPE,LOOP,CATEGORY,n,sum,T0,T1,T2,T3,T4,T5,T6,T7,T8,T9,T10,T11,T12,T13,T14,T15,T16,T17,T18,T19,T20,T21
STAT,(NULL),BadWork,22,770831068,31629553,43977281,59548396,19383514,39110613,12389138,42059300,26641789,22240404,48748945,19144420,30822034,28462065,44586751,34069602,30411136,35436790,49477341,42662973,39143239,37704360,33181424
STAT,(NULL),BarrierTime,22,2694466,146356,117834,21446,150120,151469,145872,153780,18335,130808,140400,163944,163974,135522,11757,164788,161292,8166,146260,97554,156179,161871,146739
STAT,(NULL),ConflictTime,22,0,0,0,0,0,0,0,0,0,0,0,0,0,0,0,0,0,0,0,0,0,0,0
STAT,(NULL),Conflicts,22,0,0,0,0,0,0,0,0,0,0,0,0,0,0,0,0,0,0,0,0,0,0,0
STAT,(NULL),EmptyPopTime,22,954339096,39565604,16668084,72794,74411252,43277466,72919428,56830672,50881576,44681924,12624560,87812710,55101124,58099574,14676324,45687868,68945263,38062764,5365060,39483520,36022029,46165350,46984150
STAT,(NULL),EmptyWork,22,4465851,95964,167636,205392,147096,110687,217784,203040,151656,154188,99696,1179519,119490,98490,225369,144603,157469,157869,140632,198736,142824,144912,202799
STAT,(NULL),GaloisTime,22,69526594,1359744,1894798,741232,4201820,3411195,4261796,3861572,3655902,3532752,1470084,5945011,3708786,3756966,1835267,3558216,4032990,3374652,1057400,3455957,3243061,3550996,3616397
STAT,(NULL),InitPushTime,22,13697711,611284,632158,720486,604548,604991,601944,589648,714934,614760,607620,584979,586535,609672,718784,576385,585255,719583,600024,639149,591539,584314,599119
STAT,(NULL),Iterations,22,26085,655,971,985,878,820,1216,1158,717,934,701,6654,861,617,917,996,1051,730,902,999,1007,1006,1310
STAT,(NULL),LoopTime,22,279829060,279829060,0,0,0,0,0,0,0,0,0,0,0,0,0,0,0,0,0,0,0,0,0
STAT,(NULL),MeminfoPost,22,176,8,8,8,8,8,8,8,8,8,8,8,8,8,8,8,8,8,8,8,8,8,8
STAT,(NULL),MeminfoPre,22,176,8,8,8,8,8,8,8,8,8,8,8,8,8,8,8,8,8,8,8,8,8,8
STAT,(NULL),NumaPost,22,2925,1536,690,501,198,0,0,0,0,0,0,0,0,0,0,0,0,0,0,0,0,0,0
STAT,(NULL),PopTime,22,38153019,1003088,1504092,1816911,1300344,1087689,1786976,1709112,1378886,1386792,1051080,8602073,1132721,991746,1925727,1305025,1376319,1418323,1340176,1707918,1308902,1320669,1698450
STAT,(NULL),PushTime,22,13556313,846316,661870,529791,446692,669139,711428,545624,526372,657052,634460,488492,793070,688900,317546,713803,494099,509706,618216,447404,1008215,562881,685237
STAT,(NULL),RusageSys,22,4000,4000,0,0,0,0,0,0,0,0,0,0,0,0,0,0,0,0,0,0,0,0,0
STAT,(NULL),RusageUser,22,2792000,2792000,0,0,0,0,0,0,0,0,0,0,0,0,0,0,0,0,0,0,0,0,0
STAT,(NULL),Threads,22,22,22,0,0,0,0,0,0,0,0,0,0,0,0,0,0,0,0,0,0,0,0,0
STAT,(NULL),Time,22,281279484,281279484,0,0,0,0,0,0,0,0,0,0,0,0,0,0,0,0,0,0,0,0,0
STAT,(NULL),TotalTime,22,1820872300,1820872300,0,0,0,0,0,0,0,0,0,0,0,0,0,0,0,0,0,0,0,0,0
STAT,(NULL),UserTime,22,5042390915,235420804,257395418,274924334,197785728,229736062,198396056,215142116,221695754,227880720,262413300,174264979,217438989,214657946,259311010,226882880,203286255,234766063,269771840,232997921,236567893,226548146,225106701
STAT,(NULL),Work,22,6124304210,278378376,278378346,278374629,278376452,278376539,278376832,278379480,278376671,278380540,278377896,278377716,278377734,278381704,278375330,278376821,278376126,278374432,278376692,278379024,278377792,278377383,278377695
STAT,(NULL),nBad,22,2722104,107752,157108,203962,70938,138837,46187,135815,92512,83065,169281,68001,107387,106514,163518,122957,102054,126911,182722,143261,137511,135694,120117
STAT,(NULL),nEmpty,22,21376,442,741,726,695,585,1036,963,534,727,464,6471,638,432,698,765,843,537,659,797,767,774,1082
STAT,(NULL),nEmptyPop,22,495552,6783,10407,50,31228,28125,30927,27562,26287,25046,7887,38694,30904,25299,9168,28686,34199,23641,3348,23949,25559,28805,28998
STAT,(NULL),nOverall,22,18718104,847752,917108,1023962,718938,938837,718187,775815,724512,827065,945281,720001,887387,738514,863518,918957,826054,766911,970722,803261,957511,919694,908117
STAT,(NULL),nPop,22,26085,655,971,985,878,820,1216,1158,717,934,701,6654,861,617,917,996,1051,730,902,999,1007,1006,1310
STAT,(NULL),nPush,22,22086,1434,1109,611,760,1214,1290,912,599,1008,1031,904,1319,1075,351,1390,869,548,1040,625,1913,888,1196
STAT,(NULL),nPushInit,22,3999,181,182,182,182,182,182,182,182,182,182,182,182,182,182,182,182,182,182,182,182,182,178
STAT,(NULL),qPopEmpty,22,1380841,53852,20826,112,108333,64106,105947,79020,68951,58776,15786,148741,86490,73790,18348,68683,112841,47671,6708,50058,51130,69571,71101
STAT,(NULL),qPopEmptyCyc,22,364848339,15108288,5828788,36755,30213340,15706656,29491564,22057396,19301588,16357728,4411464,36416654,21267877,22644960,5135884,16872896,27649973,13344924,1887560,13991504,12589128,17057678,17475734
STAT,(NULL),qPopFast,22,25582,640,952,966,860,803,1192,1135,701,915,685,6546,843,603,898,976,1030,714,884,979,988,986,1286
STAT,(NULL),qPopFastCyc,22,16424630,419076,645878,776649,551128,463372,762884,728548,582819,588900,443836,3832490,482216,414908,821093,558578,586775,603478,576164,723087,564969,565842,731940
STAT,(NULL),qPopLocal,22,327,7,11,11,10,9,16,15,8,11,8,100,10,6,11,12,13,8,10,12,11,12,16
STAT,(NULL),qPopLocalCyc,22,910885,21404,33868,44182,28248,24093,44592,43452,32499,32860,23456,232440,25833,18602,45565,30355,33148,31801,28392,38734,27241,31513,38607
STAT,(NULL),qPopRemote,22,176,8,8,8,8,8,8,8,8,8,8,8,8,8,8,8,8,8,8,8,8,8,8
STAT,(NULL),qPopRemoteCyc,22,310438,13836,14512,15112,13748,13222,13804,13944,16017,13336,15696,17702,11913,15810,16491,11972,14872,15226,13232,14748,11688,11761,11796
==== BENCHMARK TOOK 1.579
