==== BENCHMARK START ===
==== PARAMS kernel=4.9.5-64-net1 malloc=libc hostname=rack-castor threads=22 delta=4 prog=sssp-obim  ===
Galois Benchmark Suite v2.2.1 (r0)
Copyright (C) 2014 The University of Texas at Austin
http://iss.ices.utexas.edu/galois/

application: Single Source Shortest Path
Computes the shortest path from a source node to all nodes in a directed graph using a modified chaotic iteration algorithm
http://iss.ices.utexas.edu/?p=projects/galois/benchmarks/single_source_shortest_path

INFO: CommandLine ./build/debug/apps/sssp/sssp -noverify -t 22 -delta 4 -wl obim -startNode 0 /specific/disk1/home/mad/Galois-PQ/inputs/scalefree/rmat16p-2e24.gr
INFO: Hostname rack-castor
Read 16777216 nodes
Running Asynchronous with CAS version
INFO: Using delta-step of 16
WARNING: Performance varies considerably due to delta parameter.
WARNING: Do not expect the default to be good for your graph.
Node 1 has distance 2
STATTYPE,LOOP,CATEGORY,n,sum,T0,T1,T2,T3,T4,T5,T6,T7,T8,T9,T10,T11,T12,T13,T14,T15,T16,T17,T18,T19,T20,T21
STAT,(NULL),BadWork,22,294947873134,13924698624,14738999273,13012130471,14702817590,14708272094,14732645517,13485133958,13172022142,12767173322,13138014122,13300112409,13345313179,13065426162,12901032784,12651652253,12746450497,12829081939,12887221580,13374672537,13174726168,13186912101,13103364412
STAT,(NULL),BarrierTime,22,2309312,168263,136161,108292,146942,159417,147300,163172,147836,131420,146284,144730,97986,25716,29021,44764,41635,15276,155372,134726,41859,46248,76892
STAT,(NULL),ConflictTime,22,0,0,0,0,0,0,0,0,0,0,0,0,0,0,0,0,0,0,0,0,0,0,0
STAT,(NULL),Conflicts,22,0,0,0,0,0,0,0,0,0,0,0,0,0,0,0,0,0,0,0,0,0,0,0
STAT,(NULL),EmptyPopTime,22,12854707,718284,478929,762432,751931,927639,581118,708256,712428,671904,566660,706895,465892,157712,404872,533852,552344,410373,523024,667364,434178,536140,582480
STAT,(NULL),EmptyWork,22,13621108591,606676192,606966139,621154783,607892360,612275798,612023780,619691142,625405707,614957155,632335779,620537782,624235352,627658848,624323518,618060293,622815255,622273587,625971950,621876387,616188960,619349403,618438421
STAT,(NULL),GaloisTime,22,51093503781,2270944166,2141892350,2371144264,2151231987,2159506213,2151229709,2337334016,2377814483,2416037472,2363600044,2337144459,2353104485,2384995335,2378241351,2366962231,2388639639,2374459104,2370899774,2344003384,2354751350,2341102319,2358465646
STAT,(NULL),InitPushTime,22,12904131,537389,568158,595724,561650,545961,559980,536096,553440,570116,551624,555644,604728,644312,657404,627902,645033,645047,541900,537500,617548,635888,611087
STAT,(NULL),Iterations,22,78430828,3653503,3987393,3585801,4001044,3999793,3999765,3495350,3365613,3387584,3402168,3474931,3437560,3327850,3491893,3594627,3417877,3459780,3500344,3437583,3524509,3495201,3390659
STAT,(NULL),LoopTime,22,37827138482,37827138482,0,0,0,0,0,0,0,0,0,0,0,0,0,0,0,0,0,0,0,0,0
STAT,(NULL),MeminfoPost,22,1562,71,71,71,71,71,71,71,71,71,71,71,71,71,71,71,71,71,71,71,71,71,71
STAT,(NULL),MeminfoPre,22,1562,71,71,71,71,71,71,71,71,71,71,71,71,71,71,71,71,71,71,71,71,71,71
STAT,(NULL),NumaPost,22,5605,3268,1009,992,336,0,0,0,0,0,0,0,0,0,0,0,0,0,0,0,0,0,0
STAT,(NULL),PopTime,22,121399908563,5436191590,5213241890,5553871020,5221988204,5219500109,5213283184,5547785168,5634603953,5664196284,5616133220,5599786723,5606016818,5643065564,5591122000,5519313042,5640131737,5595834491,5576121264,5569533063,5569106999,5564051253,5605030987
STAT,(NULL),PushTime,22,70965513649,3114518124,2979544022,3314647484,3001633198,2990567439,2993186052,3273229182,3248572658,3383763848,3239334529,3220920041,3209570786,3349341108,3331379006,3344472633,3293934830,3305230184,3273816847,3257910527,3276947892,3264608663,3298384596
STAT,(NULL),RusageSys,22,0,0,0,0,0,0,0,0,0,0,0,0,0,0,0,0,0,0,0,0,0,0,0
STAT,(NULL),RusageUser,22,373100000,373100000,0,0,0,0,0,0,0,0,0,0,0,0,0,0,0,0,0,0,0,0,0
STAT,(NULL),Threads,22,22,22,0,0,0,0,0,0,0,0,0,0,0,0,0,0,0,0,0,0,0,0,0
STAT,(NULL),Time,22,37828751374,37828751374,0,0,0,0,0,0,0,0,0,0,0,0,0,0,0,0,0,0,0,0,0
STAT,(NULL),TotalTime,22,59726914524,59726914524,0,0,0,0,0,0,0,0,0,0,0,0,0,0,0,0,0,0,0,0,0
STAT,(NULL),UserTime,22,562775086772,25837676904,26324604718,25405148085,26283230620,26283949144,26296424463,25487976864,25379615919,25187098189,25414755444,25487631527,25473333743,25261508247,25341252490,25417386008,25320651208,25368515557,25419394957,25472739789,25449293843,25477074688,25385824365
STAT,(NULL),Work,22,819869367655,37266793356,37266785203,37266784916,37266785111,37266785163,37266785546,37266784704,37266785036,37266784924,37266785720,37266785370,37266784464,37266804550,37266782439,37266795323,37266782507,37266806405,37266784660,37266807934,37266807798,37266783338,37266783188
STAT,(NULL),nBad,22,367699324,17360769,18410929,16202812,18332133,18309603,18387020,16814706,16429954,15909390,16366068,16575497,16653137,16293082,16083847,15768422,15951203,15999771,16026493,16634593,16436152,16430563,16323180
STAT,(NULL),nEmpty,22,49711181,2311733,2559638,2306898,2566421,2564814,2567767,2203875,2088729,2137252,2115696,2182479,2151690,2063560,2223626,2329799,2179989,2208254,2217305,2132153,2241663,2225168,2132672
STAT,(NULL),nEmptyPop,22,3232,113,142,212,237,281,175,196,197,183,149,222,121,22,120,95,127,58,136,98,54,140,154
STAT,(NULL),nOverall,22,635985947,29959446,31697949,27961639,31738770,31694565,31768266,28617019,28584294,27502653,28615674,28966942,28879513,27763103,27809994,27468089,27633419,27766229,28225677,28721238,28550035,28172415,27889018
STAT,(NULL),nPop,22,78430828,3653503,3987393,3585801,4001044,3999793,3999765,3495350,3365613,3387584,3402168,3474931,3437560,3327850,3491893,3594627,3417877,3459780,3500344,3437583,3524509,3495201,3390659
STAT,(NULL),nPush,22,78428100,3732735,3916997,3444683,3931289,3927414,3928987,3447800,3595631,3395907,3577336,3600181,3609017,3356590,3420922,3361861,3422807,3436616,3516414,3483666,3524262,3427366,3369619
STAT,(NULL),nPushInit,22,2728,128,124,126,123,123,122,126,126,125,128,126,127,124,123,126,126,124,122,125,119,123,112
STAT,(NULL),qPopEmpty,22,19659,982,891,1196,1340,1665,1058,1113,1115,1059,909,1264,758,165,759,600,779,383,842,584,406,861,930
STAT,(NULL),qPopEmptyCyc,22,6282617,298700,240792,353849,350809,430911,279515,334666,337963,320816,279552,335131,234412,117644,209243,275746,278903,230143,262272,328812,234627,264341,283770
STAT,(NULL),qPopFast,22,77204988,3596404,3925069,3529758,3938511,3937282,3937252,3440718,3313011,3334637,3348992,3420619,3383830,3275835,3437316,3538442,3364456,3405703,3445635,3383859,3469425,3440570,3337664
STAT,(NULL),qPopFastCyc,22,53987254236,2423313809,2333812370,2475884850,2335428295,2331921806,2328256696,2472477947,2496150764,2516955419,2488240143,2495821349,2485246253,2501394784,2481809297,2454047274,2504689168,2478560661,2471178483,2473899651,2471924513,2476997416,2489243288
STAT,(NULL),qPopLocal,22,1225294,57077,62294,56019,62506,62488,62488,54606,52580,52922,53148,54288,53704,51990,54549,56160,53396,54051,54685,53703,55063,54605,52972
STAT,(NULL),qPopLocalCyc,22,3744272818,169954156,163894478,169687119,167173683,168974728,165373940,170500063,171770427,171065342,170555854,171629823,170231086,170402424,170007636,170843216,172561895,173984609,171170539,169166117,169770602,174425359,171129722
STAT,(NULL),qPopRemote,22,546,22,30,24,27,23,25,26,22,25,28,24,26,25,28,25,25,26,24,21,21,26,23
STAT,(NULL),qPopRemoteCyc,22,1249727,54292,53437,60410,50150,41580,46516,55272,52608,56129,62108,45671,56304,73483,57136,65677,58252,76229,53243,59204,63877,54772,53377
==== BENCHMARK TOOK 27.905
==== BENCHMARK START ===
==== PARAMS kernel=4.9.5-64-net1 malloc=libc hostname=rack-castor threads=22 delta=4 prog=sssp-obim  ===
Galois Benchmark Suite v2.2.1 (r0)
Copyright (C) 2014 The University of Texas at Austin
http://iss.ices.utexas.edu/galois/

application: Single Source Shortest Path
Computes the shortest path from a source node to all nodes in a directed graph using a modified chaotic iteration algorithm
http://iss.ices.utexas.edu/?p=projects/galois/benchmarks/single_source_shortest_path

INFO: CommandLine ./build/debug/apps/sssp/sssp -noverify -t 22 -delta 4 -wl obim -startNode 0 /specific/disk1/home/mad/Galois-PQ/inputs/scalefree/rmat16p-2e24.gr
INFO: Hostname rack-castor
Read 16777216 nodes
Running Asynchronous with CAS version
INFO: Using delta-step of 16
WARNING: Performance varies considerably due to delta parameter.
WARNING: Do not expect the default to be good for your graph.
Node 1 has distance 2
STATTYPE,LOOP,CATEGORY,n,sum,T0,T1,T2,T3,T4,T5,T6,T7,T8,T9,T10,T11,T12,T13,T14,T15,T16,T17,T18,T19,T20,T21
STAT,(NULL),BadWork,22,293261648899,13180817079,14215238624,13165072703,14328016487,14325046517,14267952823,12730422348,13533370246,12956057606,13426632642,12589912819,12674115231,13208706567,13471326530,13082063177,13458645375,13171073276,13149925424,12809593578,13205905511,13194530241,13117224095
STAT,(NULL),BarrierTime,22,2873348,96726,147152,144728,151045,162629,146853,133764,120300,133616,141880,134484,162082,136664,103223,119712,131376,128420,135128,141620,130168,35594,136184
STAT,(NULL),ConflictTime,22,0,0,0,0,0,0,0,0,0,0,0,0,0,0,0,0,0,0,0,0,0,0,0
STAT,(NULL),Conflicts,22,0,0,0,0,0,0,0,0,0,0,0,0,0,0,0,0,0,0,0,0,0,0,0
STAT,(NULL),EmptyPopTime,22,12513647,144676,598584,468322,720609,519597,635752,792812,586404,624590,608568,578032,608884,658123,537099,434447,469112,693572,504932,695552,515852,447896,670232
STAT,(NULL),EmptyWork,22,13521485249,601831215,605931492,609770012,604223455,602923424,611029156,625560673,624083139,627187240,616852986,619092315,619515202,613998117,620888426,607954752,618957722,608199539,616891663,623540134,614389738,615933230,612731619
STAT,(NULL),GaloisTime,22,50088266121,2289565687,2132647935,2306835789,2137233664,2125543961,2138737913,2372091802,2285569810,2351436442,2283412704,2379640266,2343150389,2299242314,2290639667,2266442586,2256989809,2276693104,2287864123,2341551236,2311650656,2309970435,2301355829
STAT,(NULL),InitPushTime,22,13080544,613536,588605,590836,589834,571991,590331,597288,610732,574060,585468,591816,573238,597008,600580,602980,596372,594780,594871,575172,586596,674726,579724
STAT,(NULL),Iterations,22,78543255,3605361,3968386,3578250,3969742,3966812,3971179,3271254,3324183,3413550,3528439,3438049,3428541,3535655,3448292,3625538,3577872,3581720,3492828,3391911,3512525,3387015,3526153
STAT,(NULL),LoopTime,22,37438226433,37438226433,0,0,0,0,0,0,0,0,0,0,0,0,0,0,0,0,0,0,0,0,0
STAT,(NULL),MeminfoPost,22,1562,71,71,71,71,71,71,71,71,71,71,71,71,71,71,71,71,71,71,71,71,71,71
STAT,(NULL),MeminfoPre,22,1562,71,71,71,71,71,71,71,71,71,71,71,71,71,71,71,71,71,71,71,71,71,71
STAT,(NULL),NumaPost,22,5630,3267,1005,1022,336,0,0,0,0,0,0,0,0,0,0,0,0,0,0,0,0,0,0
STAT,(NULL),PopTime,22,119865344111,5446155857,5183708740,5487315739,5183493127,5189425285,5175623760,5650801398,5531418675,5556600136,5457573045,5592405541,5535639375,5487547184,5514411993,5410838291,5424991612,5436200966,5492277970,5586986890,5502869868,5533006821,5486051838
STAT,(NULL),PushTime,22,70242987649,3195791130,2979142817,3264339225,2987777085,2986758339,2989669727,3307909395,3219010646,3290711146,3240650592,3347295334,3245179407,3228269154,3234937200,3216130948,3172339301,3145436625,3182580216,3263211901,3246466886,3259609594,3239770981
STAT,(NULL),RusageSys,22,0,0,0,0,0,0,0,0,0,0,0,0,0,0,0,0,0,0,0,0,0,0,0
STAT,(NULL),RusageUser,22,369532000,369532000,0,0,0,0,0,0,0,0,0,0,0,0,0,0,0,0,0,0,0,0,0
STAT,(NULL),Threads,22,22,22,0,0,0,0,0,0,0,0,0,0,0,0,0,0,0,0,0,0,0,0,0
STAT,(NULL),Time,22,37440319951,37440319951,0,0,0,0,0,0,0,0,0,0,0,0,0,0,0,0,0,0,0,0,0
STAT,(NULL),TotalTime,22,59044388584,59044388584,0,0,0,0,0,0,0,0,0,0,0,0,0,0,0,0,0,0,0,0,0
STAT,(NULL),UserTime,22,558292024648,25376629137,26008089699,25241390133,25996670265,26004948102,25994422407,24952964784,25249451782,25083564346,25311020705,24971108652,25166026257,25280403701,25248704373,25408317707,25436371732,25442895974,25330000356,25094131683,25234225424,25191149316,25269538113
STAT,(NULL),Work,22,812023972405,36910207490,36910176700,36910176619,36910176979,36910176973,36910178236,36910178048,36910176528,36910201050,36910176652,36910177064,36910177955,36910176684,36910203612,36910176262,36910177188,36910176124,36910177805,36910176608,36910177028,36910174060,36910176740
STAT,(NULL),nBad,22,368923692,16611045,17892782,16534892,18031884,18041581,17963120,16005101,17026748,16324673,16872404,15862484,15936953,16622762,16947247,16462721,16885507,16570152,16564573,16086193,16638863,16581549,16460458
STAT,(NULL),nEmpty,22,49783701,2306942,2549658,2283827,2545015,2547075,2548555,2042518,2022031,2148343,2224975,2202873,2143819,2238646,2160350,2322572,2272843,2289336,2192152,2130876,2235730,2126846,2248719
STAT,(NULL),nEmptyPop,22,2645,17,144,119,168,129,151,161,125,68,128,123,128,156,63,113,105,137,126,137,113,95,139
STAT,(NULL),nOverall,22,637210315,28722558,31320870,28379803,31418516,31431998,31417504,27600607,28855959,28094473,28813435,27365202,28230886,28629779,28765950,28568587,28857882,28924815,28966804,28087890,28483291,28115530,28157976
STAT,(NULL),nPop,22,78543255,3605361,3968386,3578250,3969742,3966812,3971179,3271254,3324183,3413550,3528439,3438049,3428541,3535655,3448292,3625538,3577872,3581720,3492828,3391911,3512525,3387015,3526153
STAT,(NULL),nPush,22,78540527,3548850,3901638,3483724,3911123,3912225,3911408,3421785,3500123,3424562,3496760,3345253,3574719,3526250,3496870,3490308,3539282,3638106,3610719,3468716,3468821,3408076,3461209
STAT,(NULL),nPushInit,22,2728,127,124,126,123,123,123,125,124,124,127,124,126,125,126,126,126,126,125,123,120,123,112
STAT,(NULL),qPopEmpty,22,21051,134,1135,880,1364,983,1205,1321,994,587,1022,984,1019,1249,512,830,789,1165,956,1167,878,755,1122
STAT,(NULL),qPopEmptyCyc,22,6424264,96218,297406,238029,353627,259715,314785,394961,302242,333138,313422,302284,309569,328787,300545,228888,244495,350233,259973,352777,270308,235766,337096
STAT,(NULL),qPopFast,22,77315656,3549009,3906365,3522324,3907698,3904813,3909115,3220124,3272229,3360198,3473291,3384311,3374955,3480392,3394396,3568874,3521951,3525741,3438234,3338896,3457625,3334078,3471037
STAT,(NULL),qPopFastCyc,22,53356070499,2424562646,2320383549,2443289417,2314960866,2322569812,2311433554,2503338388,2455979158,2466960694,2425150301,2482001197,2458975767,2441504767,2456737763,2413371266,2416917699,2420664590,2446704257,2480269167,2451113344,2457024607,2442157690
STAT,(NULL),qPopLocal,22,1227053,56323,62000,55900,62020,61975,62039,51104,51933,53329,55122,53712,53562,55236,53874,56640,55895,55955,54568,52990,54876,52913,55087
STAT,(NULL),qPopLocalCyc,22,3703829294,172669946,164468192,171338602,162578727,162629670,163997816,171242016,169783439,168438553,166519465,170895534,168442394,168432525,167873075,168509933,167820031,169167663,167790956,170865378,169516866,171090300,169758213
STAT,(NULL),qPopRemote,22,546,29,21,26,24,24,25,26,21,23,26,26,24,27,22,24,26,24,26,25,24,24,29
STAT,(NULL),qPopRemoteCyc,22,1254807,78302,40448,55653,46946,45760,46489,66460,43470,63404,64734,59931,52169,66621,67424,51891,58412,54343,57981,63513,51831,58746,60279
==== BENCHMARK TOOK 27.674
==== BENCHMARK START ===
==== PARAMS kernel=4.9.5-64-net1 malloc=libc hostname=rack-castor threads=22 delta=4 prog=sssp-obim  ===
Galois Benchmark Suite v2.2.1 (r0)
Copyright (C) 2014 The University of Texas at Austin
http://iss.ices.utexas.edu/galois/

application: Single Source Shortest Path
Computes the shortest path from a source node to all nodes in a directed graph using a modified chaotic iteration algorithm
http://iss.ices.utexas.edu/?p=projects/galois/benchmarks/single_source_shortest_path

INFO: CommandLine ./build/debug/apps/sssp/sssp -noverify -t 22 -delta 4 -wl obim -startNode 0 /specific/disk1/home/mad/Galois-PQ/inputs/scalefree/rmat16p-2e24.gr
INFO: Hostname rack-castor
Read 16777216 nodes
Running Asynchronous with CAS version
INFO: Using delta-step of 16
WARNING: Performance varies considerably due to delta parameter.
WARNING: Do not expect the default to be good for your graph.
Node 1 has distance 2
STATTYPE,LOOP,CATEGORY,n,sum,T0,T1,T2,T3,T4,T5,T6,T7,T8,T9,T10,T11,T12,T13,T14,T15,T16,T17,T18,T19,T20,T21
STAT,(NULL),BadWork,22,289692999324,13464672811,14133592984,12906341242,14212095765,14213757026,14242664523,12992799325,12860251911,12819006457,12751286310,13031312813,13072438157,12995814348,13209199442,12719711111,12775232397,13060450669,12868217415,12620215912,12736791659,12981999804,13025147243
STAT,(NULL),BarrierTime,22,2841994,157884,137244,125008,149203,153290,144696,150408,124632,117794,118739,150724,121934,129220,123432,59929,115496,136877,160292,153361,140500,142424,28907
STAT,(NULL),ConflictTime,22,0,0,0,0,0,0,0,0,0,0,0,0,0,0,0,0,0,0,0,0,0,0,0
STAT,(NULL),Conflicts,22,0,0,0,0,0,0,0,0,0,0,0,0,0,0,0,0,0,0,0,0,0,0,0
STAT,(NULL),EmptyPopTime,22,8954237,459052,557755,403137,533097,452762,599796,438220,462260,156049,132871,318540,566104,331787,483124,270144,344008,333256,404868,181032,499692,639176,387507
STAT,(NULL),EmptyWork,22,13119903946,591410183,590223384,602099166,589159339,596887465,591200511,599124066,596335504,597536895,599631577,590384391,594821849,595331941,601890314,597858019,593974971,599905859,602508056,601588363,602120639,594492450,591419004
STAT,(NULL),GaloisTime,22,49310238445,2239614193,2105885267,2271150945,2116614286,2107794172,2106809868,2281085413,2300694076,2305130184,2331336280,2246975432,2246762476,2252522972,2233627930,2271966517,2269129030,2259483419,2279035296,2307559893,2301739214,2240124404,2235197178
STAT,(NULL),InitPushTime,22,12776234,559604,578964,589060,572674,564338,575908,562916,583515,584740,567084,561947,596658,587194,590412,637391,592384,569262,548852,552789,569680,565303,665559
STAT,(NULL),Iterations,22,78640784,3483557,3883218,3494649,3891333,3888054,3892469,3484363,3409649,3447324,3360442,3612816,3571117,3611208,3603762,3482213,3458379,3446813,3440460,3437928,3520173,3556936,3663921
STAT,(NULL),LoopTime,22,37044396556,37044396556,0,0,0,0,0,0,0,0,0,0,0,0,0,0,0,0,0,0,0,0,0
STAT,(NULL),MeminfoPost,22,1562,71,71,71,71,71,71,71,71,71,71,71,71,71,71,71,71,71,71,71,71,71,71
STAT,(NULL),MeminfoPre,22,1562,71,71,71,71,71,71,71,71,71,71,71,71,71,71,71,71,71,71,71,71,71,71
STAT,(NULL),NumaPost,22,5624,3447,1003,838,336,0,0,0,0,0,0,0,0,0,0,0,0,0,0,0,0,0,0
STAT,(NULL),PopTime,22,116548551929,5341988624,5069301832,5341046557,5079976408,5066838419,5086616446,5368418610,5410740391,5408636753,5466617372,5296193592,5301778166,5292587885,5278963315,5322294123,5365143808,5327274015,5394747103,5394348951,5385385669,5302935598,5246718292
STAT,(NULL),PushTime,22,68995071423,3068379752,2943884168,3156433917,2955921046,2956928234,2955564611,3210989316,3218508563,3233903217,3263041494,3126930582,3128410896,3157924460,3172168180,3191867492,3169208260,3154645684,3200406992,3224230239,3210148781,3129001903,3166573636
STAT,(NULL),RusageSys,22,4000,4000,0,0,0,0,0,0,0,0,0,0,0,0,0,0,0,0,0,0,0,0,0
STAT,(NULL),RusageUser,22,365300000,365300000,0,0,0,0,0,0,0,0,0,0,0,0,0,0,0,0,0,0,0,0,0
STAT,(NULL),Threads,22,22,22,0,0,0,0,0,0,0,0,0,0,0,0,0,0,0,0,0,0,0,0,0
STAT,(NULL),Time,22,37045947924,37045947924,0,0,0,0,0,0,0,0,0,0,0,0,0,0,0,0,0,0,0,0,0
STAT,(NULL),TotalTime,22,58222683536,58222683536,0,0,0,0,0,0,0,0,0,0,0,0,0,0,0,0,0,0,0,0,0
STAT,(NULL),UserTime,22,554749967860,25245996464,25777997941,25116715590,25745647959,25758949380,25747060717,25027792395,24961106817,24942484942,24827091912,25227048045,25215511846,25189150825,25200715926,25103589364,25090052463,25146205219,25010747801,24959941492,24987955373,25220654698,25247550691
STAT,(NULL),Work,22,802733929878,36487910212,36487902683,36487903727,36487903463,36487902474,36487903833,36487905584,36487904288,36487913350,36487928446,36487904267,36487906081,36487902164,36487901976,36487902750,36487909316,36487903368,36487904268,36487909665,36487905300,36487902570,36487900093
STAT,(NULL),nBad,22,369909050,17188792,18020406,16503532,18107446,18102424,18168439,16583083,16439674,16363887,16288214,16641360,16704959,16630911,16876821,16250926,16299525,16674715,16469317,16095188,16300806,16578189,16620436
STAT,(NULL),nEmpty,22,49850893,2161210,2473844,2186243,2480229,2477069,2482368,2205898,2140641,2181646,2119208,2305327,2261107,2316548,2288779,2197606,2194289,2154972,2171432,2170143,2255776,2261861,2364697
STAT,(NULL),nEmptyPop,22,2537,73,179,119,154,118,188,130,120,33,21,94,159,112,161,80,77,98,120,46,128,196,131
STAT,(NULL),nOverall,22,638195673,29559477,31192564,28823690,31274299,31262757,31304555,28284419,28165746,28017794,27708436,29080466,29068166,28772490,28886553,28145415,28192476,28553776,28386127,28043887,28154127,28798904,28519549
STAT,(NULL),nPop,22,78640784,3483557,3883218,3494649,3891333,3888054,3892469,3484363,3409649,3447324,3360442,3612816,3571117,3611208,3603762,3482213,3458379,3446813,3440460,3437928,3520173,3556936,3663921
STAT,(NULL),nPush,22,78638057,3666476,3861398,3560635,3874059,3867766,3870201,3417230,3448821,3426142,3391419,3639506,3633900,3552779,3499126,3419752,3503821,3520480,3458450,3502125,3487862,3606347,3429762
STAT,(NULL),nPushInit,22,2727,121,124,126,122,128,124,125,124,126,127,126,129,125,124,125,126,125,122,123,119,125,111
STAT,(NULL),qPopEmpty,22,14930,653,1001,744,982,854,1081,687,750,197,137,502,893,592,859,437,492,522,632,268,811,1147,689
STAT,(NULL),qPopEmptyCyc,22,4525687,207748,265611,202289,259114,227659,286343,218374,231852,105404,106780,167741,275236,166656,233693,151010,186027,174008,201983,118968,247090,302722,189379
STAT,(NULL),qPopFast,22,77411653,3429110,3822526,3440031,3830517,3827292,3831628,3429902,3356358,3393444,3307917,3556348,3515300,3554765,3547434,3427786,3404324,3392941,3386690,3384191,3465154,3501338,3606657
STAT,(NULL),qPopFastCyc,22,51934127022,2380426368,2272538301,2377481309,2274262867,2266993995,2275307100,2385858680,2404838487,2401504793,2430285203,2362745610,2361915504,2357428369,2355816805,2370119935,2389938898,2371108131,2401516067,2397956239,2397404328,2363311668,2335368365
STAT,(NULL),qPopLocal,22,1228584,54423,60669,54597,60794,60743,60814,54437,53267,53856,52499,56441,55792,56418,56301,54399,54028,53848,53747,53708,54995,55568,57240
STAT,(NULL),qPopLocalCyc,22,3619903890,163353274,160172222,166903392,160316649,163922547,161583395,168685932,166730705,166588728,166066644,162638834,163522896,162632629,162739543,164949254,169035612,163598338,163719001,165598063,164924969,165925266,166295997
STAT,(NULL),qPopRemote,22,547,24,23,21,22,19,27,24,24,24,26,27,25,25,27,28,27,24,23,29,24,30,24
STAT,(NULL),qPopRemoteCyc,22,1202953,54522,42095,41448,41605,37142,50757,53530,52395,58506,71463,57859,56935,48703,50829,62788,78125,54705,50530,77367,49624,63572,48453
==== BENCHMARK TOOK 27.241
==== BENCHMARK START ===
==== PARAMS kernel=4.9.5-64-net1 malloc=libc hostname=rack-castor threads=22 delta=4 prog=sssp-obim  ===
Galois Benchmark Suite v2.2.1 (r0)
Copyright (C) 2014 The University of Texas at Austin
http://iss.ices.utexas.edu/galois/

application: Single Source Shortest Path
Computes the shortest path from a source node to all nodes in a directed graph using a modified chaotic iteration algorithm
http://iss.ices.utexas.edu/?p=projects/galois/benchmarks/single_source_shortest_path

INFO: CommandLine ./build/debug/apps/sssp/sssp -noverify -t 22 -delta 4 -wl obim -startNode 0 /specific/disk1/home/mad/Galois-PQ/inputs/scalefree/rmat16p-2e24.gr
INFO: Hostname rack-castor
Read 16777216 nodes
Running Asynchronous with CAS version
INFO: Using delta-step of 16
WARNING: Performance varies considerably due to delta parameter.
WARNING: Do not expect the default to be good for your graph.
Node 1 has distance 2
STATTYPE,LOOP,CATEGORY,n,sum,T0,T1,T2,T3,T4,T5,T6,T7,T8,T9,T10,T11,T12,T13,T14,T15,T16,T17,T18,T19,T20,T21
STAT,(NULL),BadWork,22,292259426984,13483784110,14360982258,12995629603,14442947221,14424218981,14380350239,12592296986,13033439218,13176963745,13196019762,13203937759,13405468149,12737373811,12813353827,12889645158,12705652618,13120325793,12951339868,13235823862,13158827658,13105011210,12846035148
STAT,(NULL),BarrierTime,22,2461403,100800,126695,117181,127494,116245,134946,121261,112051,121492,105247,124881,98072,118740,107171,113202,115460,76274,117362,27369,134476,111010,133974
STAT,(NULL),ConflictTime,22,0,0,0,0,0,0,0,0,0,0,0,0,0,0,0,0,0,0,0,0,0,0,0
STAT,(NULL),Conflicts,22,0,0,0,0,0,0,0,0,0,0,0,0,0,0,0,0,0,0,0,0,0,0,0
STAT,(NULL),EmptyPopTime,22,11206607,558940,527755,514896,398829,579173,683516,518959,489276,712135,606452,479315,708916,414912,569004,422444,107833,378956,486720,523359,736507,159178,629532
STAT,(NULL),EmptyWork,22,13327955982,600527862,597898910,609538329,597591003,593083668,598680849,602838371,599389259,613081551,609464579,608885484,612455220,607150877,611279417,610320152,605447932,609024129,608048739,612033291,607025854,609699981,604490525
STAT,(NULL),GaloisTime,22,49934106050,2244827780,2117055078,2323677320,2123217766,2119667382,2122912499,2334488102,2291368159,2301124606,2312813915,2323442696,2273045951,2338912840,2329107828,2319569907,2322834361,2273761381,2322242355,2275911762,2288147235,2281726162,2294250965
STAT,(NULL),InitPushTime,22,11880088,610780,588362,576782,579225,584490,541807,539862,576844,563676,576637,553778,560816,540520,465086,419314,548619,567472,544441,618182,396792,398661,527942
STAT,(NULL),Iterations,22,78570237,3556663,3927219,3374619,3935538,3931204,3935698,3540563,3622119,3558183,3465442,3425489,3530628,3425644,3409563,3341482,3508855,3531989,3486334,3576474,3592874,3388842,3504815
STAT,(NULL),LoopTime,22,37285603996,37285603996,0,0,0,0,0,0,0,0,0,0,0,0,0,0,0,0,0,0,0,0,0
STAT,(NULL),MeminfoPost,22,1562,71,71,71,71,71,71,71,71,71,71,71,71,71,71,71,71,71,71,71,71,71,71
STAT,(NULL),MeminfoPre,22,1562,71,71,71,71,71,71,71,71,71,71,71,71,71,71,71,71,71,71,71,71,71,71
STAT,(NULL),NumaPost,22,5610,3260,1016,815,519,0,0,0,0,0,0,0,0,0,0,0,0,0,0,0,0,0,0
STAT,(NULL),PopTime,22,118574691310,5375686592,5135269437,5515026846,5150461779,5134700827,5139168475,5430126313,5390649493,5434971316,5476910948,5502019580,5425662344,5498610296,5491786439,5487889680,5452283297,5387810469,5470330941,5382871007,5416885603,5470679496,5404890132
STAT,(NULL),PushTime,22,69200797160,3087854208,2946339616,3195981294,2956412544,2956795814,2953607210,3264414623,3186221774,3184143923,3151906050,3224525373,3161488591,3235965071,3197447278,3208497921,3217115327,3161702132,3189614396,3186698025,3191916709,3134374510,3207774771
STAT,(NULL),RusageSys,22,4000,4000,0,0,0,0,0,0,0,0,0,0,0,0,0,0,0,0,0,0,0,0,0
STAT,(NULL),RusageUser,22,368280000,368280000,0,0,0,0,0,0,0,0,0,0,0,0,0,0,0,0,0,0,0,0,0
STAT,(NULL),Threads,22,22,22,0,0,0,0,0,0,0,0,0,0,0,0,0,0,0,0,0,0,0,0,0
STAT,(NULL),Time,22,37287248344,37287248344,0,0,0,0,0,0,0,0,0,0,0,0,0,0,0,0,0,0,0,0,0
STAT,(NULL),TotalTime,22,57165841648,57165841648,0,0,0,0,0,0,0,0,0,0,0,0,0,0,0,0,0,0,0,0,0
STAT,(NULL),UserTime,22,558241251782,25476453826,25988822200,25141173344,25957828413,25981083589,25970858620,25153525168,25317792977,25251876880,25234209753,25126559385,25312550070,25104856820,25155721729,25159209489,25188121830,25353234227,25195189203,25327834968,25281198964,25289272952,25273877375
STAT,(NULL),Work,22,809291295892,36785976924,36785966739,36785968555,36785966536,36785966209,36785966557,36785966490,36785966243,36785966275,36785966909,36785966169,36785965237,36785965696,36785967714,36785965918,36785983763,36785983220,36785970244,36785926692,36785966010,36785990725,36785967067
STAT,(NULL),nBad,22,369292946,17065879,18106547,16451353,18204619,18224258,18137685,15907792,16490915,16644250,16672261,16668536,16926725,16073946,16165220,16282715,16103127,16582264,16405507,16736809,16645304,16576823,16220411
STAT,(NULL),nEmpty,22,49798258,2235720,2511433,2101300,2514153,2512850,2516790,2272859,2333576,2261711,2178405,2153177,2230836,2162472,2135532,2080576,2261387,2235957,2211728,2266493,2293100,2107711,2220492
STAT,(NULL),nEmptyPop,22,3626,85,156,134,134,287,220,175,246,317,179,162,201,123,169,212,25,71,155,176,230,25,144
STAT,(NULL),nOverall,22,637579569,29490715,31303604,28419812,31388953,31392615,31376980,27699602,28498213,28751894,28814373,28311824,28923957,27893745,28339363,28034657,27730864,28593766,28368980,28785779,28661147,28683687,28115039
STAT,(NULL),nPop,22,78570237,3556663,3927219,3374619,3935538,3931204,3935698,3540563,3622119,3558183,3465442,3425489,3530628,3425644,3409563,3341482,3508855,3531989,3486334,3576474,3592874,3388842,3504815
STAT,(NULL),nPush,22,78567508,3639868,3863607,3498845,3872057,3864581,3870808,3427606,3477994,3590826,3599907,3470228,3534212,3443440,3546589,3450155,3418297,3499031,3500868,3482784,3479281,3565101,3471423
STAT,(NULL),nPushInit,22,2729,123,124,126,121,127,122,125,125,125,127,125,128,124,126,127,126,126,122,122,121,125,112
STAT,(NULL),qPopEmpty,22,18353,814,966,834,702,919,1211,907,774,1188,1110,842,1303,647,877,674,133,387,652,912,1305,156,1040
STAT,(NULL),qPopEmptyCyc,22,5353790,257668,257178,257500,193515,248309,316311,243269,214796,315178,291751,230634,340002,205156,268921,192691,82702,198238,223900,248484,341335,111225,315027
STAT,(NULL),qPopFast,22,77342215,3501071,3865842,3321878,3874026,3869762,3874187,3485225,3565505,3502568,3411280,3371950,3475447,3372102,3356269,3289253,3454012,3476785,3431844,3520576,3536718,3335876,3450039
STAT,(NULL),qPopFastCyc,22,52804185631,2403608113,2297049440,2445260580,2308683193,2298018312,2300437057,2412573149,2405078061,2417148946,2433120597,2449524529,2409570127,2441142699,2440867368,2437687985,2426694480,2398684538,2431852004,2393396058,2411436871,2437752770,2404598754
STAT,(NULL),qPopLocal,22,1227478,55565,61355,52722,61482,61419,61486,55314,56587,55591,54138,53512,55158,53518,53265,52203,54817,55179,54467,55871,56132,52942,54755
STAT,(NULL),qPopLocalCyc,22,3670615365,165417912,163129552,167515999,165952910,161812121,161497861,166564115,167607411,166738343,168652475,167490302,167392254,167339971,166908059,168162903,168807827,166879566,166947298,169224700,171550939,167822112,167200735
STAT,(NULL),qPopRemote,22,544,27,22,19,30,23,25,24,27,24,24,27,23,24,29,26,26,25,23,27,24,24,21
STAT,(NULL),qPopRemoteCyc,22,1165871,55338,42751,42669,56819,40791,47014,46174,54745,42892,49165,58835,47529,52620,65018,50940,68931,58787,51135,59181,49804,68749,55984
==== BENCHMARK TOOK 26.821
==== BENCHMARK START ===
==== PARAMS kernel=4.9.5-64-net1 malloc=libc hostname=rack-castor threads=22 delta=4 prog=sssp-obim  ===
Galois Benchmark Suite v2.2.1 (r0)
Copyright (C) 2014 The University of Texas at Austin
http://iss.ices.utexas.edu/galois/

application: Single Source Shortest Path
Computes the shortest path from a source node to all nodes in a directed graph using a modified chaotic iteration algorithm
http://iss.ices.utexas.edu/?p=projects/galois/benchmarks/single_source_shortest_path

INFO: CommandLine ./build/debug/apps/sssp/sssp -noverify -t 22 -delta 4 -wl obim -startNode 0 /specific/disk1/home/mad/Galois-PQ/inputs/scalefree/rmat16p-2e24.gr
INFO: Hostname rack-castor
Read 16777216 nodes
Running Asynchronous with CAS version
INFO: Using delta-step of 16
WARNING: Performance varies considerably due to delta parameter.
WARNING: Do not expect the default to be good for your graph.
Node 1 has distance 2
STATTYPE,LOOP,CATEGORY,n,sum,T0,T1,T2,T3,T4,T5,T6,T7,T8,T9,T10,T11,T12,T13,T14,T15,T16,T17,T18,T19,T20,T21
STAT,(NULL),BadWork,22,291497354603,13298048860,14396404811,12959274167,14461872964,14456315823,14496148310,12654766580,12723135556,12931046899,13196904209,13224175344,12832189848,12883495289,13403585284,12911886526,12682532263,12800942708,12852087233,13021984648,13291674628,13220491499,12798391154
STAT,(NULL),BarrierTime,22,2187905,144108,130116,98640,136006,145861,129879,124308,31977,106880,15015,136820,51170,74484,112919,117472,95168,124718,123226,114540,49627,77905,47066
STAT,(NULL),ConflictTime,22,0,0,0,0,0,0,0,0,0,0,0,0,0,0,0,0,0,0,0,0,0,0,0
STAT,(NULL),Conflicts,22,0,0,0,0,0,0,0,0,0,0,0,0,0,0,0,0,0,0,0,0,0,0,0
STAT,(NULL),EmptyPopTime,22,9830617,690640,463248,369300,731424,630170,670481,333406,335628,284171,602369,629104,225332,502260,326919,151688,393676,500269,535916,127960,546924,640076,139656
STAT,(NULL),EmptyWork,22,13353992719,594061944,603378500,605610955,599449841,595285490,600854849,616080470,609109095,602644167,609595872,608056560,606913147,606763082,611313097,599131828,613969543,606549283,616049040,611467172,619744190,604231761,613732833
STAT,(NULL),GaloisTime,22,50342711407,2299472910,2118292790,2351146896,2135876157,2132090485,2123175850,2366509396,2340221185,2328937551,2302453039,2300047590,2349314561,2326406657,2289255937,2314328729,2328808860,2318610676,2368981881,2324381102,2306887674,2287535530,2329975951
STAT,(NULL),InitPushTime,22,13497590,598004,617529,644924,613290,592789,617184,579956,686853,614620,676119,575405,644380,645056,594270,573068,612468,599784,579072,570268,650566,604680,607305
STAT,(NULL),Iterations,22,78374481,3525660,3932230,3446132,3937622,3934474,3938109,3352043,3543344,3579125,3545776,3533609,3479468,3480410,3537982,3538252,3500723,3453137,3294030,3463261,3478911,3432335,3447848
STAT,(NULL),LoopTime,22,37382994716,37382994716,0,0,0,0,0,0,0,0,0,0,0,0,0,0,0,0,0,0,0,0,0
STAT,(NULL),MeminfoPost,22,1562,71,71,71,71,71,71,71,71,71,71,71,71,71,71,71,71,71,71,71,71,71,71
STAT,(NULL),MeminfoPre,22,1562,71,71,71,71,71,71,71,71,71,71,71,71,71,71,71,71,71,71,71,71,71,71
STAT,(NULL),NumaPost,22,5622,3265,1012,826,519,0,0,0,0,0,0,0,0,0,0,0,0,0,0,0,0,0,0
STAT,(NULL),PopTime,22,118929276003,5442601252,5132819711,5481886413,5141792113,5130934162,5135833571,5546043678,5455982885,5438661138,5433096967,5431404006,5486046461,5486243236,5409713939,5419531696,5449981805,5469563888,5593987216,5467412391,5460672355,5443140325,5471926795
STAT,(NULL),PushTime,22,70724692898,3213345663,2982885367,3373051769,2998639297,3001065384,2992576695,3290628473,3300340085,3298006228,3276698601,3240517442,3316418555,3242995884,3198686089,3291962221,3269071266,3212646130,3243973695,3267344549,3235438715,3205697575,3272703215
STAT,(NULL),RusageSys,22,0,0,0,0,0,0,0,0,0,0,0,0,0,0,0,0,0,0,0,0,0,0,0
STAT,(NULL),RusageUser,22,368876000,368876000,0,0,0,0,0,0,0,0,0,0,0,0,0,0,0,0,0,0,0,0,0
STAT,(NULL),Threads,22,22,22,0,0,0,0,0,0,0,0,0,0,0,0,0,0,0,0,0,0,0,0,0
STAT,(NULL),Time,22,37384653972,37384653972,0,0,0,0,0,0,0,0,0,0,0,0,0,0,0,0,0,0,0,0,0
STAT,(NULL),TotalTime,22,58970467062,58970467062,0,0,0,0,0,0,0,0,0,0,0,0,0,0,0,0,0,0,0,0,0
STAT,(NULL),UserTime,22,557225101532,25294625883,26006958574,25032735207,25968310019,25984795512,25991690236,25025204129,25138808616,25176267977,25222349633,25264147665,25085881477,25181887353,25335506943,25219696812,25182576864,25236928721,25021273698,25174070970,25221508370,25303554306,25156322567
STAT,(NULL),Work,22,810587054028,36844866344,36844856482,36844856256,36844857262,36844857580,36844857456,36844878290,36844861828,36844870033,36844870615,36844859344,36844882712,36844856476,36844868215,36844873590,36844875236,36844856327,36844878768,36844880704,36844854828,36844855974,36844879708
STAT,(NULL),nBad,22,366730498,16733175,18160035,16276543,18236723,18191997,18221290,15937501,16023941,16246631,16595257,16594209,16146771,16197861,16858223,16246072,15965141,16141545,16162192,16341196,16718651,16631028,16104516
STAT,(NULL),nEmpty,22,49705793,2225776,2515201,2191734,2517374,2511273,2516659,2103795,2275990,2293098,2240327,2233047,2209973,2206829,2226843,2268862,2234952,2187890,2048771,2178541,2186320,2144402,2188136
STAT,(NULL),nEmptyPop,22,2505,108,156,109,222,217,232,58,81,61,107,166,36,149,70,28,74,169,82,22,142,194,22
STAT,(NULL),nOverall,22,635017121,28946524,31515048,27594321,31623987,31561746,31597453,27799180,27883626,28199237,28510407,28714068,27864170,28328804,29053449,27863816,27899499,28270412,28165316,28323313,28739973,28665227,27897545
STAT,(NULL),nPop,22,78374481,3525660,3932230,3446132,3937622,3934474,3938109,3352043,3543344,3579125,3545776,3533609,3479468,3480410,3537982,3538252,3500723,3453137,3294030,3463261,3478911,3432335,3447848
STAT,(NULL),nPush,22,78371753,3593954,3904266,3304694,3916827,3916814,3914690,3455534,3409009,3487991,3411825,3562667,3421549,3554973,3609152,3359630,3482037,3554453,3574164,3496289,3509127,3480723,3451385
STAT,(NULL),nPushInit,22,2728,122,124,126,123,124,123,125,127,126,127,126,127,125,126,126,126,124,122,124,120,124,111
STAT,(NULL),qPopEmpty,22,14146,946,811,582,1308,1088,1147,325,439,337,663,1005,212,779,386,172,403,880,522,142,882,975,142
STAT,(NULL),qPopEmptyCyc,22,4915946,288000,218979,191422,340997,287002,302423,187776,176309,156330,300292,304148,140651,242963,177759,104701,204664,242559,279423,97729,267684,298456,105679
STAT,(NULL),qPopFast,22,77149519,3470551,3870773,3392268,3876082,3872982,3876561,3299650,3487961,3523189,3490355,3478381,3425085,3426012,3482684,3482952,3446011,3399166,3242545,3409129,3424536,3378687,3393959
STAT,(NULL),qPopFastCyc,22,52952799747,2425752643,2296935605,2436619668,2305936022,2294675299,2293781931,2461635922,2426652123,2422577590,2424377408,2417194468,2435434198,2441545316,2409482495,2407608953,2423715822,2433850483,2484021522,2433742202,2427877183,2421756501,2427626393
STAT,(NULL),qPopLocal,22,1224418,55080,61434,53838,61515,61469,61524,52366,55356,55913,55396,55205,54357,54371,55274,55277,54691,53947,51463,54105,54349,53622,53866
STAT,(NULL),qPopLocalCyc,22,3676446233,167452531,163223482,168841502,163507770,161757241,162514622,167737190,168677663,168521243,166590861,166278431,167894348,167036955,167406566,169297332,169681449,170348414,168116712,168506098,167212526,167719885,168123412
STAT,(NULL),qPopRemote,22,544,29,23,26,25,23,24,27,27,23,25,23,26,27,24,23,21,24,22,27,26,26,23
STAT,(NULL),qPopRemoteCyc,22,1295600,62760,43987,55308,47388,43507,46251,70909,59663,63035,73757,51869,67613,61276,55436,55784,54613,57464,74976,71825,61005,53867,63307
==== BENCHMARK TOOK 27.583
==== BENCHMARK START ===
==== PARAMS kernel=4.9.5-64-net1 malloc=libc hostname=rack-castor threads=22 delta=4 prog=sssp-obim  ===
Galois Benchmark Suite v2.2.1 (r0)
Copyright (C) 2014 The University of Texas at Austin
http://iss.ices.utexas.edu/galois/

application: Single Source Shortest Path
Computes the shortest path from a source node to all nodes in a directed graph using a modified chaotic iteration algorithm
http://iss.ices.utexas.edu/?p=projects/galois/benchmarks/single_source_shortest_path

INFO: CommandLine ./build/debug/apps/sssp/sssp -noverify -t 22 -delta 4 -wl obim -startNode 0 /specific/disk1/home/mad/Galois-PQ/inputs/scalefree/rmat16p-2e24.gr
INFO: Hostname rack-castor
Read 16777216 nodes
Running Asynchronous with CAS version
INFO: Using delta-step of 16
WARNING: Performance varies considerably due to delta parameter.
WARNING: Do not expect the default to be good for your graph.
Node 1 has distance 2
STATTYPE,LOOP,CATEGORY,n,sum,T0,T1,T2,T3,T4,T5,T6,T7,T8,T9,T10,T11,T12,T13,T14,T15,T16,T17,T18,T19,T20,T21
STAT,(NULL),BadWork,22,294857547567,13519945305,14536546650,13201119964,14579209526,14586958483,14600774225,13145441332,12830130955,12622245810,12699783911,13086569702,13894101520,13683923159,12993164002,12952186143,13157759222,12844439090,12995544204,12978979297,13401657881,13427682562,13119384624
STAT,(NULL),BarrierTime,22,2016181,104688,92093,43624,105410,117110,102432,127200,117784,85500,111613,95656,42505,84871,83328,106596,81668,112356,73859,88236,113044,100566,26042
STAT,(NULL),ConflictTime,22,0,0,0,0,0,0,0,0,0,0,0,0,0,0,0,0,0,0,0,0,0,0,0
STAT,(NULL),Conflicts,22,0,0,0,0,0,0,0,0,0,0,0,0,0,0,0,0,0,0,0,0,0,0,0
STAT,(NULL),EmptyPopTime,22,6251548,336780,503795,190644,381460,206512,392073,247380,263888,342880,232596,255524,200362,500234,123912,277696,180728,157668,244836,252668,286312,230004,443596
STAT,(NULL),EmptyWork,22,13753388538,611935315,624725112,628326386,612965299,607990846,613449570,623754761,631437198,631381634,628869149,628638301,624134838,627300650,628677383,632452792,630149301,632291735,629589510,623134526,631539975,623930481,626713776
STAT,(NULL),GaloisTime,22,51034822426,2325250430,2151468504,2378921255,2156480243,2154773562,2150854612,2368091691,2385548189,2437205751,2390340953,2377267909,2290792674,2307524829,2383173302,2342335974,2353543799,2368164472,2366421965,2348092660,2338823724,2310542165,2349203763
STAT,(NULL),InitPushTime,22,13513529,605656,619332,658936,611014,597981,613339,582053,594850,622588,595351,609680,647092,626059,625208,598744,627384,594543,625992,604857,595754,596139,660977
STAT,(NULL),Iterations,22,78598828,3529675,4011284,3397122,4015177,4015862,4016331,3463263,3419322,3391582,3514902,3436295,3583395,3628928,3408312,3450637,3464628,3467912,3472701,3527081,3545584,3484620,3354215
STAT,(NULL),LoopTime,22,37768415388,37768415388,0,0,0,0,0,0,0,0,0,0,0,0,0,0,0,0,0,0,0,0,0
STAT,(NULL),MeminfoPost,22,1562,71,71,71,71,71,71,71,71,71,71,71,71,71,71,71,71,71,71,71,71,71,71
STAT,(NULL),MeminfoPre,22,1562,71,71,71,71,71,71,71,71,71,71,71,71,71,71,71,71,71,71,71,71,71,71
STAT,(NULL),NumaPost,22,5600,3271,1013,797,519,0,0,0,0,0,0,0,0,0,0,0,0,0,0,0,0,0,0
STAT,(NULL),PopTime,22,121877601972,5562616902,5240958763,5673164935,5250850172,5252115406,5241692633,5616646644,5660240299,5715254193,5626071892,5634109756,5521612117,5530650594,5661930274,5588901919,5588069113,5593791412,5589563568,5566634380,5567217648,5561452215,5634057137
STAT,(NULL),PushTime,22,70900520106,3206780766,2989638672,3303637580,2993635163,2996122983,3000295262,3293774878,3321192654,3389591439,3323797954,3316395078,3136859779,3206203707,3330383312,3259746352,3276435135,3301454016,3319046973,3250722002,3251076704,3161431212,3272298485
STAT,(NULL),RusageSys,22,0,0,0,0,0,0,0,0,0,0,0,0,0,0,0,0,0,0,0,0,0,0,0
STAT,(NULL),RusageUser,22,372824000,372824000,0,0,0,0,0,0,0,0,0,0,0,0,0,0,0,0,0,0,0,0,0
STAT,(NULL),Threads,22,22,22,0,0,0,0,0,0,0,0,0,0,0,0,0,0,0,0,0,0,0,0,0
STAT,(NULL),Time,22,37770063848,37770063848,0,0,0,0,0,0,0,0,0,0,0,0,0,0,0,0,0,0,0,0,0
STAT,(NULL),TotalTime,22,59349236908,59349236908,0,0,0,0,0,0,0,0,0,0,0,0,0,0,0,0,0,0,0,0,0
STAT,(NULL),UserTime,22,561696023693,25532561599,26232187953,25255240726,26225168771,26228272085,26232798494,25336966648,25240800294,25065706471,25270169437,25282814600,25665887148,25567301122,25235194821,25415766035,25391102752,25343625187,25334615430,25450645500,25450539131,25581895833,25356763656
STAT,(NULL),Work,22,819269987653,37239553832,37239543191,37239542850,37239543334,37239543289,37239543470,37239543793,37239543183,37239542672,37239544910,37239544352,37239565383,37239542888,37239544104,37239544504,37239542828,37239544996,37239541853,37239542892,37239543064,37239543461,37239542804
STAT,(NULL),nBad,22,369458265,16933043,18201728,16543502,18281337,18293860,18292441,16458851,16069301,15797786,15915018,16381770,17389160,17139289,16304224,16247218,16508568,16098233,16283993,16282317,16775539,16817513,16443574
STAT,(NULL),nEmpty,22,49822963,2222165,2583295,2143778,2584449,2588529,2587323,2189296,2160119,2158589,2251856,2158144,2244383,2309859,2143050,2163852,2196485,2207404,2176360,2226085,2249211,2192590,2086141
STAT,(NULL),nEmptyPop,22,1992,57,142,56,114,103,153,73,116,103,60,58,28,213,54,82,53,46,72,88,84,91,146
STAT,(NULL),nOverall,22,637744888,29120338,31609192,28183857,31737390,31699880,31711164,28223259,27896431,27227864,27840717,28138392,29926562,29238835,27912519,28330172,28157879,27857657,28151906,28639178,28779341,29163929,28198426
STAT,(NULL),nPop,22,78598828,3529675,4011284,3397122,4015177,4015862,4016331,3463263,3419322,3391582,3514902,3436295,3583395,3628928,3408312,3450637,3464628,3467912,3472701,3527081,3545584,3484620,3354215
STAT,(NULL),nPush,22,78596100,3564493,3914392,3472004,3923666,3926776,3926993,3511650,3456637,3343841,3467543,3433866,3706659,3586499,3376059,3483982,3432950,3431499,3404803,3567535,3561719,3658575,3443959
STAT,(NULL),nPushInit,22,2728,126,124,126,119,126,122,125,125,125,127,125,128,125,125,127,126,125,122,122,121,125,112
STAT,(NULL),qPopEmpty,22,10156,481,914,312,696,346,662,397,385,534,389,434,198,827,197,442,297,262,392,385,534,398,674
STAT,(NULL),qPopEmptyCyc,22,3293391,160531,243234,113670,190975,108487,184038,134348,136143,173499,131037,145345,133461,233994,81554,148510,108400,99815,135252,133631,153058,121763,222646
STAT,(NULL),qPopFast,22,77370369,3474506,3948592,3344027,3952423,3953098,3953559,3409134,3365880,3338573,3459968,3382590,3527385,3572210,3355041,3396704,3410478,3413711,3418425,3471952,3490169,3430155,3301789
STAT,(NULL),qPopFastCyc,22,54187716090,2473302095,2344508420,2513771880,2350956128,2349950174,2342388333,2487827549,2516818225,2535221335,2495264119,2498886805,2449950502,2462297795,2508547639,2485327080,2482168894,2485631221,2476733886,2472286289,2479440879,2473023716,2503413126
STAT,(NULL),qPopLocal,22,1227925,55141,62669,53070,62729,62739,62748,54105,53419,52985,54913,53682,55984,56695,53245,53907,54126,54178,54255,55101,55393,54441,52400
STAT,(NULL),qPopLocalCyc,22,3771476791,173702882,169809208,174149676,166804310,167156336,165398987,175228651,173913947,174011751,174407181,172628336,170376966,171663249,174202608,170169809,170503820,170455192,171572881,170246805,171593553,171329378,172151265
STAT,(NULL),qPopRemote,22,534,28,23,25,25,25,24,24,23,24,21,23,26,23,26,26,24,23,21,28,22,24,26
STAT,(NULL),qPopRemoteCyc,22,1211199,61243,46419,59311,50546,44296,46347,50592,47248,53201,52122,61854,81933,50744,59079,65802,53122,52779,49126,75954,43567,45452,60462
==== BENCHMARK TOOK 27.763
==== BENCHMARK START ===
==== PARAMS kernel=4.9.5-64-net1 malloc=libc hostname=rack-castor threads=22 delta=4 prog=sssp-obim  ===
Galois Benchmark Suite v2.2.1 (r0)
Copyright (C) 2014 The University of Texas at Austin
http://iss.ices.utexas.edu/galois/

application: Single Source Shortest Path
Computes the shortest path from a source node to all nodes in a directed graph using a modified chaotic iteration algorithm
http://iss.ices.utexas.edu/?p=projects/galois/benchmarks/single_source_shortest_path

INFO: CommandLine ./build/debug/apps/sssp/sssp -noverify -t 22 -delta 4 -wl obim -startNode 0 /specific/disk1/home/mad/Galois-PQ/inputs/scalefree/rmat16p-2e24.gr
INFO: Hostname rack-castor
Read 16777216 nodes
Running Asynchronous with CAS version
INFO: Using delta-step of 16
WARNING: Performance varies considerably due to delta parameter.
WARNING: Do not expect the default to be good for your graph.
Node 1 has distance 2
STATTYPE,LOOP,CATEGORY,n,sum,T0,T1,T2,T3,T4,T5,T6,T7,T8,T9,T10,T11,T12,T13,T14,T15,T16,T17,T18,T19,T20,T21
STAT,(NULL),BadWork,22,294588837908,13493913979,14533651016,12516575648,14629346036,14599445919,14565143951,12952639941,12997526186,12832170918,12941201611,13309343334,13335099980,13296128474,13045573198,13134341493,13052835007,13470640496,13379273216,13416811469,13125911424,13026479606,12934785006
STAT,(NULL),BarrierTime,22,2392199,151818,168375,117276,162091,155829,168299,56594,162812,107732,73684,148716,141718,166284,5193,36660,72652,84056,22975,145201,91484,89814,62936
STAT,(NULL),ConflictTime,22,0,0,0,0,0,0,0,0,0,0,0,0,0,0,0,0,0,0,0,0,0,0,0
STAT,(NULL),Conflicts,22,0,0,0,0,0,0,0,0,0,0,0,0,0,0,0,0,0,0,0,0,0,0,0
STAT,(NULL),EmptyPopTime,22,13938203,924480,941166,408863,948307,574133,836018,645700,608320,699155,598296,919264,151082,612848,544985,341238,697496,697612,497284,749072,481692,558520,502672
STAT,(NULL),EmptyWork,22,13736605848,617171710,614328888,628071802,608959502,611310608,605450007,629692686,629361684,629400915,625936859,628097723,620772397,644827259,629883782,627007449,629442957,627421609,629608798,627816645,623883885,623200336,624958347
STAT,(NULL),GaloisTime,22,51225024492,2307200754,2155345820,2444137370,2159260907,2159622572,2168638343,2369223525,2383086839,2409271369,2397573921,2355473022,2344819643,2381338501,2386325437,2380420901,2351010506,2305111492,2336674275,2327077846,2376178115,2357576103,2369657231
STAT,(NULL),InitPushTime,22,13077666,566070,551332,576596,562041,563194,550221,641403,554233,599331,629464,562396,553899,550686,668177,637666,628613,622517,652887,564504,605741,604818,631877
STAT,(NULL),Iterations,22,78442228,3569802,4035923,3334593,4040171,4038661,4040588,3517708,3447778,3400843,3439488,3407558,3543812,3286267,3372738,3362208,3440700,3548299,3468315,3631233,3554182,3549239,3412122
STAT,(NULL),LoopTime,22,37687498012,37687498012,0,0,0,0,0,0,0,0,0,0,0,0,0,0,0,0,0,0,0,0,0
STAT,(NULL),MeminfoPost,22,1562,71,71,71,71,71,71,71,71,71,71,71,71,71,71,71,71,71,71,71,71,71,71
STAT,(NULL),MeminfoPre,22,1562,71,71,71,71,71,71,71,71,71,71,71,71,71,71,71,71,71,71,71,71,71,71
STAT,(NULL),NumaPost,22,5604,3268,1191,809,336,0,0,0,0,0,0,0,0,0,0,0,0,0,0,0,0,0,0
STAT,(NULL),PopTime,22,122724743319,5575195043,5272242998,5752327229,5266543740,5274864757,5272986440,5638433807,5660590575,5703596466,5689532703,5664884605,5611579087,5699263748,5688264963,5703227526,5637352567,5560769292,5614634108,5554254973,5627916570,5598626844,5657655278
STAT,(NULL),PushTime,22,71232293203,3178092886,2998133406,3394342049,3005510044,3012968412,3005970340,3322658090,3320191243,3350361840,3364700836,3283478542,3251432780,3300367379,3305545030,3306915446,3278794527,3165433276,3265711091,3247231073,3286079327,3314051247,3274324339
STAT,(NULL),RusageSys,22,24000,24000,0,0,0,0,0,0,0,0,0,0,0,0,0,0,0,0,0,0,0,0,0
STAT,(NULL),RusageUser,22,371960000,371960000,0,0,0,0,0,0,0,0,0,0,0,0,0,0,0,0,0,0,0,0,0
STAT,(NULL),Threads,22,22,22,0,0,0,0,0,0,0,0,0,0,0,0,0,0,0,0,0,0,0,0,0
STAT,(NULL),Time,22,37689161668,37689161668,0,0,0,0,0,0,0,0,0,0,0,0,0,0,0,0,0,0,0,0,0
STAT,(NULL),TotalTime,22,58260354954,58260354954,0,0,0,0,0,0,0,0,0,0,0,0,0,0,0,0,0,0,0,0,0
STAT,(NULL),UserTime,22,558498036590,25477352280,26114946553,24936652717,26114717657,26096599325,26102058141,25195282445,25162102048,25062608029,25077596738,25223087332,25327186160,25129529423,25145372291,25138026902,25258638796,25496504883,25308811211,25398807808,25241394925,25261923038,25228837888
STAT,(NULL),Work,22,817432067163,37156007005,37155997536,37156024048,37155997645,37155997602,37155997563,37155996002,37155999341,37155996483,37155997317,37155999696,37156022829,37155997648,37156020183,37156018698,37155995728,37155996705,37156019303,37155997290,37155994682,37155995344,37155998515
STAT,(NULL),nBad,22,367795294,16867845,18162285,15637751,18272586,18229426,18195199,16187865,16238696,16027964,16136998,16632524,16618715,16557267,16283052,16401444,16299726,16796861,16715219,16743628,16358623,16267011,16164609
STAT,(NULL),nEmpty,22,49718298,2251032,2607080,2101517,2606260,2603498,2606989,2251557,2170421,2135436,2189667,2124498,2248456,2012822,2101290,2115119,2167741,2237746,2162046,2322050,2275907,2278174,2148992
STAT,(NULL),nEmptyPop,22,4131,147,313,66,368,197,316,198,185,246,181,314,24,186,88,59,216,216,80,272,143,167,149
STAT,(NULL),nOverall,22,636081917,29388472,31648252,27161951,31741683,31714423,31719969,27999681,28044812,27803586,27785036,28613293,28727808,28344139,28178700,27823118,28143402,29200180,28766686,28879218,28373480,27930599,28093429
STAT,(NULL),nPop,22,78442228,3569802,4035923,3334593,4040171,4038661,4040588,3517708,3447778,3400843,3439488,3407558,3543812,3286267,3372738,3362208,3440700,3548299,3468315,3631233,3554182,3549239,3412122
STAT,(NULL),nPush,22,78439496,3689489,3936406,3352707,3948463,3942790,3948494,3438415,3418852,3425038,3419584,3529352,3588547,3472829,3443335,3394595,3423166,3656782,3477794,3566468,3511825,3408827,3445738
STAT,(NULL),nPushInit,22,2732,121,125,126,124,127,126,125,126,125,128,126,129,126,123,125,126,125,121,125,117,124,112
STAT,(NULL),qPopEmpty,22,20671,1263,1653,365,1577,995,1402,977,929,1190,909,1346,159,929,471,326,1050,1050,432,1266,752,853,777
STAT,(NULL),qPopEmptyCyc,22,6485581,380118,424428,221618,406775,264429,364506,297574,283927,316875,278424,403267,119606,286509,283212,186000,318065,318939,255631,334835,234212,264563,242068
STAT,(NULL),qPopFast,22,77216198,3514011,3972845,3282472,3977025,3975539,3977437,3462730,3393887,3347683,3385731,3354298,3488422,3234900,3320021,3309656,3386924,3492842,3414108,3574477,3498633,3493763,3358794
STAT,(NULL),qPopFastCyc,22,54570075458,2485165067,2357156245,2554448372,2353203503,2359305015,2356652669,2503932797,2515642912,2536388605,2523965237,2510170273,2489738691,2527076025,2525804585,2528697754,2502857844,2466187260,2498299320,2467698362,2507017199,2488399767,2512267956
STAT,(NULL),qPopLocal,22,1225479,55769,63054,52094,63122,63094,63127,54956,53863,53129,53734,53236,55362,51339,52690,52525,53753,55435,54183,56730,55527,55450,53307
STAT,(NULL),qPopLocalCyc,22,3773078234,172111555,166623670,176041568,166383926,168003721,165335174,173544128,174551018,171308855,171875877,170584290,170493466,171290187,173568485,172788754,175198133,173506573,170257677,172155023,170704208,173035626,173716320
STAT,(NULL),qPopRemote,22,551,22,24,27,24,28,24,22,28,31,23,24,28,28,27,27,23,22,24,26,22,26,21
STAT,(NULL),qPopRemoteCyc,22,1294821,47075,49491,75432,44437,52293,45160,51056,60244,63557,52090,61067,74720,67022,83874,76652,54396,52092,69760,55104,47016,63259,49024
==== BENCHMARK TOOK 27.339
==== BENCHMARK START ===
==== PARAMS kernel=4.9.5-64-net1 malloc=libc hostname=rack-castor threads=22 delta=4 prog=sssp-obim  ===
Galois Benchmark Suite v2.2.1 (r0)
Copyright (C) 2014 The University of Texas at Austin
http://iss.ices.utexas.edu/galois/

application: Single Source Shortest Path
Computes the shortest path from a source node to all nodes in a directed graph using a modified chaotic iteration algorithm
http://iss.ices.utexas.edu/?p=projects/galois/benchmarks/single_source_shortest_path

INFO: CommandLine ./build/debug/apps/sssp/sssp -noverify -t 22 -delta 4 -wl obim -startNode 0 /specific/disk1/home/mad/Galois-PQ/inputs/scalefree/rmat16p-2e24.gr
INFO: Hostname rack-castor
Read 16777216 nodes
Running Asynchronous with CAS version
INFO: Using delta-step of 16
WARNING: Performance varies considerably due to delta parameter.
WARNING: Do not expect the default to be good for your graph.
Node 1 has distance 2
STATTYPE,LOOP,CATEGORY,n,sum,T0,T1,T2,T3,T4,T5,T6,T7,T8,T9,T10,T11,T12,T13,T14,T15,T16,T17,T18,T19,T20,T21
STAT,(NULL),BadWork,22,292543913641,14031616797,14414387477,12840714211,14455356731,14508110539,14476573428,12682389078,12946371075,12944095536,12711423403,13225255039,12908181956,12879279502,12949565231,12663148608,13052699257,13000856767,13249621519,13624908115,13184484510,12801230567,12993644295
STAT,(NULL),BarrierTime,22,2441944,141070,138795,122350,150444,159890,147437,54354,149516,127588,130300,145368,132666,102536,35569,133520,41838,28969,149608,158674,121950,19976,49526
STAT,(NULL),ConflictTime,22,0,0,0,0,0,0,0,0,0,0,0,0,0,0,0,0,0,0,0,0,0,0,0
STAT,(NULL),Conflicts,22,0,0,0,0,0,0,0,0,0,0,0,0,0,0,0,0,0,0,0,0,0,0,0
STAT,(NULL),EmptyPopTime,22,7302510,294276,181690,421514,304669,409613,519817,199528,403988,394996,284284,333112,393108,298804,485088,385628,387696,390384,150040,235004,352747,137740,338784
STAT,(NULL),EmptyWork,22,13593792906,604804011,607582174,615992919,605366607,607098884,608795712,621983849,626394829,624025029,614848968,627026138,621317664,620184586,619664673,619088040,621393370,621036286,624862438,618954346,620602006,620691377,622079000
STAT,(NULL),GaloisTime,22,50807860777,2209103354,2144190306,2345816213,2142933265,2144295337,2144002319,2393098170,2357257486,2381768756,2398731141,2358682348,2359626211,2378785499,2348978019,2380911808,2320843566,2349766661,2302828919,2287065551,2347413690,2351565361,2360196797
STAT,(NULL),InitPushTime,22,12543567,551640,551253,562557,544459,532728,546756,617650,538428,558056,554772,541376,563042,584492,635111,546088,630703,641381,536012,525757,538064,623370,619872
STAT,(NULL),Iterations,22,78544329,3864915,3987336,3647302,3995598,3989217,3996387,3374557,3397271,3373211,3427596,3454731,3481314,3423066,3541237,3439606,3480522,3384399,3562960,3454718,3441150,3483484,3343752
STAT,(NULL),LoopTime,22,37661211475,37661211475,0,0,0,0,0,0,0,0,0,0,0,0,0,0,0,0,0,0,0,0,0
STAT,(NULL),MeminfoPost,22,1562,71,71,71,71,71,71,71,71,71,71,71,71,71,71,71,71,71,71,71,71,71,71
STAT,(NULL),MeminfoPre,22,1562,71,71,71,71,71,71,71,71,71,71,71,71,71,71,71,71,71,71,71,71,71,71
STAT,(NULL),NumaPost,22,5605,3268,1009,809,519,0,0,0,0,0,0,0,0,0,0,0,0,0,0,0,0,0,0
STAT,(NULL),PopTime,22,121313504975,5329958407,5214173507,5518785010,5215965911,5208211744,5214688811,5665882357,5614806888,5677070718,5633833279,5616750492,5575380113,5629409531,5569090457,5601202719,5538709653,5606972097,5522373392,5552048927,5610401713,5562403832,5635385417
STAT,(NULL),PushTime,22,69814104655,3061420181,2964916720,3246216013,2964887408,2965285864,2969626658,3320173632,3212335048,3250226128,3302471331,3214125045,3289143154,3301454936,3247698132,3223798888,3164750783,3219008978,3137758917,3078268863,3194133669,3241858277,3244546030
STAT,(NULL),RusageSys,22,8000,8000,0,0,0,0,0,0,0,0,0,0,0,0,0,0,0,0,0,0,0,0,0
STAT,(NULL),RusageUser,22,371072000,371072000,0,0,0,0,0,0,0,0,0,0,0,0,0,0,0,0,0,0,0,0,0
STAT,(NULL),Threads,22,22,22,0,0,0,0,0,0,0,0,0,0,0,0,0,0,0,0,0,0,0,0,0
STAT,(NULL),Time,22,37662778314,37662778314,0,0,0,0,0,0,0,0,0,0,0,0,0,0,0,0,0,0,0,0,0
STAT,(NULL),TotalTime,22,58473922876,58473922876,0,0,0,0,0,0,0,0,0,0,0,0,0,0,0,0,0,0,0,0,0
STAT,(NULL),UserTime,22,559887179128,25859134381,26133673576,25337484763,26135259682,26139415005,26127082562,25063376206,25253517357,25131229901,25114546761,25247800585,25218855393,25134583755,25278797853,25239327131,25418629316,25267539066,25476740626,25528143753,25291811448,25288063376,25202166632
STAT,(NULL),Work,22,815425162292,37064783053,37064777370,37064776905,37064776881,37064777613,37064777713,37064777100,37064778012,37064777560,37064779232,37064778296,37064778687,37064777011,37064774205,37064777146,37064776380,37064776224,37064778112,37064779680,37064803274,37064801950,37064779888
STAT,(NULL),nBad,22,368895112,17704989,18201486,16178477,18248146,18313902,18241468,15935155,16327581,16302507,16026604,16675852,16267733,16247850,16311511,15946988,16490084,16387727,16748701,17183966,16670993,16100154,16383238
STAT,(NULL),nEmpty,22,49783881,2480819,2557101,2361591,2561149,2554885,2561218,2127420,2120536,2108021,2174457,2190336,2213161,2158117,2253683,2184410,2199385,2121442,2249312,2136700,2162750,2218399,2088989
STAT,(NULL),nEmptyPop,22,2041,57,61,135,105,119,158,59,115,113,86,88,113,103,150,90,112,112,44,69,56,19,77
STAT,(NULL),nOverall,22,637181735,30395324,31508666,28234318,31608634,31604858,31583763,27434538,28469610,28167613,27657186,28511208,27937930,27710921,28248333,27877835,28639259,28126671,29225233,29820283,28720819,27859947,27838786
STAT,(NULL),nPop,22,78544329,3864915,3987336,3647302,3995598,3989217,3996387,3374557,3397271,3373211,3427596,3454731,3481314,3423066,3541237,3439606,3480522,3384399,3562960,3454718,3441150,3483484,3343752
STAT,(NULL),nPush,22,78541598,3700631,3884684,3492488,3896211,3889895,3896678,3327586,3572569,3476317,3394700,3543819,3370722,3358492,3489338,3519800,3565260,3433235,3628116,3706241,3544007,3443361,3407448
STAT,(NULL),nPushInit,22,2731,124,124,126,123,122,125,123,126,126,128,128,128,126,123,126,126,124,124,125,119,123,112
STAT,(NULL),qPopEmpty,22,11838,466,343,760,536,752,943,332,640,623,449,539,622,529,873,639,614,615,252,377,312,144,478
STAT,(NULL),qPopEmptyCyc,22,3832885,135732,106362,210265,153083,202765,251540,123648,203930,204825,151012,174978,210582,156271,239371,202535,196894,198625,96331,135691,193923,104777,179745
STAT,(NULL),qPopFast,22,77316714,3804511,3925019,3590296,3933150,3926866,3933926,3321812,3344174,3320488,3374025,3400736,3426897,3369565,3485888,3385851,3426123,3331503,3507273,3400722,3387367,3429037,3291485
STAT,(NULL),qPopFastCyc,22,53968756954,2382700925,2333242600,2459707888,2333522575,2329056919,2329106355,2511160794,2489292700,2525142587,2504052619,2496954278,2475668312,2499570282,2474940473,2485810467,2463627897,2491884219,2453073903,2472008451,2487819515,2474817157,2495596038
STAT,(NULL),qPopLocal,22,1227076,60383,62293,56981,62421,62327,62436,52719,53074,52699,53546,53969,54387,53475,55324,53735,54376,52874,55664,53972,53761,54422,52238
STAT,(NULL),qPopLocalCyc,22,3749934542,167475640,166426951,171695421,166398194,167266557,168253449,172553265,172064284,171780567,171319345,170581008,171039744,173479345,172072735,170768811,169398293,170082286,173661293,169580709,172314273,170122916,171599456
STAT,(NULL),qPopRemote,22,539,21,24,25,27,24,25,26,23,24,25,26,30,26,25,20,23,22,23,24,22,25,29
STAT,(NULL),qPopRemoteCyc,22,1273694,40550,42763,53273,51677,45869,46754,73553,53522,70481,56296,59928,76298,62344,57409,53924,53403,50784,51144,63662,61952,69739,78369
==== BENCHMARK TOOK 27.330
==== BENCHMARK START ===
==== PARAMS kernel=4.9.5-64-net1 malloc=libc hostname=rack-castor threads=22 delta=4 prog=sssp-obim  ===
Galois Benchmark Suite v2.2.1 (r0)
Copyright (C) 2014 The University of Texas at Austin
http://iss.ices.utexas.edu/galois/

application: Single Source Shortest Path
Computes the shortest path from a source node to all nodes in a directed graph using a modified chaotic iteration algorithm
http://iss.ices.utexas.edu/?p=projects/galois/benchmarks/single_source_shortest_path

INFO: CommandLine ./build/debug/apps/sssp/sssp -noverify -t 22 -delta 4 -wl obim -startNode 0 /specific/disk1/home/mad/Galois-PQ/inputs/scalefree/rmat16p-2e24.gr
INFO: Hostname rack-castor
Read 16777216 nodes
Running Asynchronous with CAS version
INFO: Using delta-step of 16
WARNING: Performance varies considerably due to delta parameter.
WARNING: Do not expect the default to be good for your graph.
Node 1 has distance 2
STATTYPE,LOOP,CATEGORY,n,sum,T0,T1,T2,T3,T4,T5,T6,T7,T8,T9,T10,T11,T12,T13,T14,T15,T16,T17,T18,T19,T20,T21
STAT,(NULL),BadWork,22,296267100007,13892815561,14620891290,12945755389,14629966481,14651325779,14720454376,13213270276,13335790417,13059499738,13495965234,12905860685,13205213232,12960298235,13222837000,13092745035,13366835991,13165388327,12980851478,13150322139,13321946098,13219449641,13109617605
STAT,(NULL),BarrierTime,22,1329396,70981,64482,29948,75049,82750,72108,95976,67240,34796,46646,64236,29992,18328,45839,65320,48204,91023,42870,87276,66056,66376,63900
STAT,(NULL),ConflictTime,22,0,0,0,0,0,0,0,0,0,0,0,0,0,0,0,0,0,0,0,0,0,0,0
STAT,(NULL),Conflicts,22,0,0,0,0,0,0,0,0,0,0,0,0,0,0,0,0,0,0,0,0,0,0,0
STAT,(NULL),EmptyPopTime,22,10585520,391327,423555,770805,669971,590127,387252,347428,618888,490601,355927,537352,623724,154516,359084,585844,574352,340428,336115,518824,386148,524468,598784
STAT,(NULL),EmptyWork,22,13438066042,604196657,599483518,616926021,600991265,601904444,603334981,618044998,615609533,615928993,612196678,616610680,616029065,614592897,604621240,610420639,608681783,609946438,612741019,608271205,618154930,618335590,611043468
STAT,(NULL),GaloisTime,22,50708021397,2285979164,2139173433,2354870135,2145898897,2146765206,2137764623,2332408573,2328716029,2400471239,2319073867,2364695849,2342942202,2367057406,2335325792,2330545227,2329469022,2314040031,2384129063,2352407617,2343325630,2329327922,2323634470
STAT,(NULL),InitPushTime,22,12188917,556520,559022,587592,554718,543248,555201,524807,553312,563184,547812,553932,591788,588160,574988,543952,570824,519834,548728,520056,540968,545967,544304
STAT,(NULL),Iterations,22,78535733,3559956,3952747,3582833,3963837,3962248,3961715,3516382,3469508,3315037,3462384,3426523,3490320,3472040,3603386,3524635,3499323,3536238,3376594,3490384,3400474,3427846,3541323
STAT,(NULL),LoopTime,22,37651895734,37651895734,0,0,0,0,0,0,0,0,0,0,0,0,0,0,0,0,0,0,0,0,0
STAT,(NULL),MeminfoPost,22,1562,71,71,71,71,71,71,71,71,71,71,71,71,71,71,71,71,71,71,71,71,71,71
STAT,(NULL),MeminfoPre,22,1562,71,71,71,71,71,71,71,71,71,71,71,71,71,71,71,71,71,71,71,71,71,71
STAT,(NULL),NumaPost,22,5625,3265,1003,838,519,0,0,0,0,0,0,0,0,0,0,0,0,0,0,0,0,0,0
STAT,(NULL),PopTime,22,119875675790,5436998393,5165702607,5507713035,5178851937,5163148218,5169311215,5475999421,5518029291,5640866328,5486389434,5546866682,5494182336,5537997051,5472740511,5467589819,5479039946,5473890929,5584586305,5530916761,5555912243,5520587300,5468356028
STAT,(NULL),PushTime,22,71124870281,3206324594,2992764342,3322534521,3010604282,2995897624,2997235824,3274192663,3278282720,3326305182,3247506236,3374132980,3284353445,3310582089,3287858413,3294866021,3276256576,3208453378,3324037608,3323980651,3272946011,3260810008,3254945113
STAT,(NULL),RusageSys,22,4000,4000,0,0,0,0,0,0,0,0,0,0,0,0,0,0,0,0,0,0,0,0,0
STAT,(NULL),RusageUser,22,371972000,371972000,0,0,0,0,0,0,0,0,0,0,0,0,0,0,0,0,0,0,0,0,0
STAT,(NULL),Threads,22,22,22,0,0,0,0,0,0,0,0,0,0,0,0,0,0,0,0,0,0,0,0,0
STAT,(NULL),Time,22,37653454966,37653454966,0,0,0,0,0,0,0,0,0,0,0,0,0,0,0,0,0,0,0,0,0
STAT,(NULL),TotalTime,22,58686206154,58686206154,0,0,0,0,0,0,0,0,0,0,0,0,0,0,0,0,0,0,0,0,0
STAT,(NULL),UserTime,22,562248907127,25620931832,26257277056,25352009347,26217807643,26246517881,26246789955,25453832700,25413568583,25170760188,25489305646,25251978209,25416691864,25324439521,25453918892,25450815438,25460799929,25548154010,25248993360,25338730542,25364098130,25425240618,25496245783
STAT,(NULL),Work,22,817407472231,37154885432,37154880428,37154879198,37154880367,37154879993,37154880318,37154880378,37154882136,37154902624,37154904945,37154878700,37154887608,37154897158,37154880104,37154878736,37154882528,37154880919,37154907034,37154879904,37154880564,37154883288,37154879869
STAT,(NULL),nBad,22,368887380,17290527,18229581,16142263,18224773,18237641,18351795,16428473,16590886,16250365,16766652,16039359,16449118,16176461,16455830,16291816,16610243,16407546,16192320,16389913,16556991,16460758,16344069
STAT,(NULL),nEmpty,22,49776406,2227953,2527185,2308803,2532767,2531783,2535036,2226257,2171224,2072077,2164246,2152888,2200734,2208373,2307482,2250436,2231019,2260551,2126116,2220387,2112821,2148576,2259692
STAT,(NULL),nEmptyPop,22,2702,74,141,216,195,178,131,90,162,60,50,147,121,25,121,142,154,101,54,116,114,130,180
STAT,(NULL),nOverall,22,637174003,29408461,31662256,27986535,31723379,31721699,31754261,28517844,28552838,27913598,28934457,27740501,28455545,28068378,28415762,28018328,28298138,28593719,27913561,28123442,28660262,28379943,28331096
STAT,(NULL),nPop,22,78535733,3559956,3952747,3582833,3963837,3962248,3961715,3516382,3469508,3315037,3462384,3426523,3490320,3472040,3603386,3524635,3499323,3536238,3376594,3490384,3400474,3427846,3541323
STAT,(NULL),nPush,22,78533010,3538389,3919087,3440819,3934405,3934669,3933112,3548130,3496841,3466720,3580209,3353246,3517199,3495146,3496766,3413789,3454909,3579761,3444568,3425366,3549347,3481289,3529243
STAT,(NULL),nPushInit,22,2723,127,124,126,120,123,123,124,123,125,127,125,129,126,124,126,126,125,122,122,119,125,112
STAT,(NULL),qPopEmpty,22,16767,623,760,1407,1228,1068,698,570,980,456,330,858,842,180,639,961,919,539,304,862,602,857,1084
STAT,(NULL),qPopEmptyCyc,22,5314381,178212,208658,366312,322010,282623,193142,183233,295544,264022,201595,266382,312632,109299,181845,290942,280246,180082,190082,260629,197080,263212,286599
STAT,(NULL),qPopFast,22,77308255,3504317,3890971,3526836,3901886,3900317,3899794,3461423,3415284,3263223,3408270,3372965,3435769,3417774,3547067,3469550,3444628,3480963,3323817,3435836,3347324,3374269,3485972
STAT,(NULL),qPopFastCyc,22,53353651360,2422816605,2315275941,2446141057,2318069848,2312292374,2316475824,2432798813,2454230132,2501616083,2437008202,2463444524,2443186240,2466273933,2432581261,2431771209,2435476885,2430581411,2479250226,2457775101,2467185684,2453893417,2435506590
STAT,(NULL),qPopLocal,22,1226937,55615,61753,55975,61929,61900,61893,54935,54203,51787,54094,53532,54530,54243,56294,55065,54666,55244,52749,54530,53125,53551,55324
STAT,(NULL),qPopLocalCyc,22,3715148460,169291704,164793818,175879380,163917670,163388422,162637601,168886196,171158791,172316366,170975502,170865046,166716589,170880804,167696994,168069780,167694918,170217258,171023753,172125522,169897166,169463672,167251508
STAT,(NULL),qPopRemote,22,541,24,23,22,22,31,28,24,21,27,20,26,21,23,25,20,29,31,28,18,25,26,27
STAT,(NULL),qPopRemoteCyc,22,1262341,54897,43077,46294,38094,59973,51159,55366,51726,94075,58632,60800,50824,66725,52747,44563,68509,70621,77046,38903,65357,60563,52390
==== BENCHMARK TOOK 27.468
==== BENCHMARK START ===
==== PARAMS kernel=4.9.5-64-net1 malloc=libc hostname=rack-castor threads=22 delta=4 prog=sssp-obim  ===
Galois Benchmark Suite v2.2.1 (r0)
Copyright (C) 2014 The University of Texas at Austin
http://iss.ices.utexas.edu/galois/

application: Single Source Shortest Path
Computes the shortest path from a source node to all nodes in a directed graph using a modified chaotic iteration algorithm
http://iss.ices.utexas.edu/?p=projects/galois/benchmarks/single_source_shortest_path

INFO: CommandLine ./build/debug/apps/sssp/sssp -noverify -t 22 -delta 4 -wl obim -startNode 0 /specific/disk1/home/mad/Galois-PQ/inputs/scalefree/rmat16p-2e24.gr
INFO: Hostname rack-castor
Read 16777216 nodes
Running Asynchronous with CAS version
INFO: Using delta-step of 16
WARNING: Performance varies considerably due to delta parameter.
WARNING: Do not expect the default to be good for your graph.
Node 1 has distance 2
STATTYPE,LOOP,CATEGORY,n,sum,T0,T1,T2,T3,T4,T5,T6,T7,T8,T9,T10,T11,T12,T13,T14,T15,T16,T17,T18,T19,T20,T21
STAT,(NULL),BadWork,22,295809513416,13444029715,14667082164,13048067097,14672839563,14634882182,14617038150,12892584245,13163299164,12753642145,13127844731,13476068539,13427599059,13313082918,13062139843,13085185185,13058161301,13333502579,12987509463,13555674952,13371871501,13073577254,13043831666
STAT,(NULL),BarrierTime,22,3183015,142497,177484,42613,186268,196155,185329,163381,163848,53408,38962,84382,148694,155484,161668,192237,152212,157934,157750,160151,141300,159138,162120
STAT,(NULL),ConflictTime,22,0,0,0,0,0,0,0,0,0,0,0,0,0,0,0,0,0,0,0,0,0,0,0
STAT,(NULL),Conflicts,22,0,0,0,0,0,0,0,0,0,0,0,0,0,0,0,0,0,0,0,0,0,0,0
STAT,(NULL),EmptyPopTime,22,12563846,579900,877518,708662,678177,812598,756474,631243,435353,519476,552697,347365,742477,841020,684904,617996,386868,363646,251631,211832,441839,404246,717924
STAT,(NULL),EmptyWork,22,13306754702,593684539,599308175,611044197,596386151,598901562,594856774,610315578,605139928,611882367,608312149,606321384,607032529,602301886,615896622,608775159,608301549,601575072,600339758,607288224,603486313,603325545,612279241
STAT,(NULL),GaloisTime,22,50280812589,2299935706,2121937772,2366808257,2137677578,2134365983,2144823041,2362847212,2315229008,2394230375,2350988680,2299093779,2299036723,2304363978,2344616127,2309277224,2324025193,2273415593,2322923502,2279256384,2285344956,2310591546,2300023972
STAT,(NULL),InitPushTime,22,13622852,613772,609709,736604,605479,591147,600937,594520,598060,691372,703699,660774,636648,620500,612716,579856,607620,586663,587292,588744,603432,587852,605456
STAT,(NULL),Iterations,22,78579776,3564761,3920379,3282408,3929504,3929407,3933826,3373572,3586555,3200328,3422292,3607625,3499866,3485749,3350732,3496605,3492983,3694897,3592606,3636785,3624298,3481413,3473185
STAT,(NULL),LoopTime,22,37559823455,37559823455,0,0,0,0,0,0,0,0,0,0,0,0,0,0,0,0,0,0,0,0,0
STAT,(NULL),MeminfoPost,22,1562,71,71,71,71,71,71,71,71,71,71,71,71,71,71,71,71,71,71,71,71,71,71
STAT,(NULL),MeminfoPre,22,1562,71,71,71,71,71,71,71,71,71,71,71,71,71,71,71,71,71,71,71,71,71,71
STAT,(NULL),NumaPost,22,5616,3273,1014,811,518,0,0,0,0,0,0,0,0,0,0,0,0,0,0,0,0,0,0
STAT,(NULL),PopTime,22,118420846411,5423052134,5115351365,5555500271,5132449325,5127495980,5135916110,5511216129,5399060782,5615134283,5492766028,5390683573,5426772361,5425656440,5530428861,5423067178,5423322879,5327845886,5395111667,5353119087,5380559841,5418422365,5417913866
STAT,(NULL),PushTime,22,71127767567,3238770250,2998647206,3299156830,3002577621,3005647637,3006013772,3344458962,3326891765,3353165960,3286754332,3275688777,3243532601,3267186759,3303779641,3269305103,3351140738,3215255721,3316517539,3255911295,3272044678,3284452056,3210868324
STAT,(NULL),RusageSys,22,0,0,0,0,0,0,0,0,0,0,0,0,0,0,0,0,0,0,0,0,0,0,0
STAT,(NULL),RusageUser,22,370576000,370576000,0,0,0,0,0,0,0,0,0,0,0,0,0,0,0,0,0,0,0,0,0
STAT,(NULL),Threads,22,22,22,0,0,0,0,0,0,0,0,0,0,0,0,0,0,0,0,0,0,0,0,0
STAT,(NULL),Time,22,37562051366,37562051366,0,0,0,0,0,0,0,0,0,0,0,0,0,0,0,0,0,0,0,0,0
STAT,(NULL),TotalTime,22,58294962459,58294962459,0,0,0,0,0,0,0,0,0,0,0,0,0,0,0,0,0,0,0,0,0
STAT,(NULL),UserTime,22,561164685230,25458221931,26178123795,25181026896,26144477995,26147022229,26131880974,25184778856,25367490523,25039311766,25274870517,25442108504,25437130001,25413895449,25218839421,25403202644,25307073891,25595793831,25379102035,25518464809,25472371455,25397052455,25472445253
STAT,(NULL),Work,22,814315017496,37014342538,37014305871,37014303565,37014306323,37014306075,37014304848,37014330656,37014329675,37014326214,37014327116,37014329570,37014305695,37014306108,37014305276,37014305307,37014323544,37014331769,37014329656,37014330286,37014328122,37014333178,37014306104
STAT,(NULL),nBad,22,368898459,16769805,18307075,16289031,18296338,18244922,18197596,16086279,16441283,15951054,16379634,16797238,16732373,16601662,16272109,16309930,16285772,16611920,16188192,16903083,16652073,16324053,16257037
STAT,(NULL),nEmpty,22,49821414,2270743,2504721,2014076,2509380,2509358,2508815,2120188,2302665,1963604,2149508,2305070,2192358,2196851,2081248,2216538,2229582,2394288,2303481,2331322,2323823,2209081,2184714
STAT,(NULL),nEmptyPop,22,2402,52,212,180,174,200,189,78,54,65,69,43,187,181,154,141,56,45,31,26,55,50,160
STAT,(NULL),nOverall,22,637185082,28795354,31615582,28168506,31694385,31647912,31637508,27712553,28127156,27678156,28416289,28692419,28918758,28673713,28215593,28276829,27628237,28804125,28145213,28881625,28720399,28139735,28595035
STAT,(NULL),nPop,22,78579776,3564761,3920379,3282408,3929504,3929407,3933826,3373572,3586555,3200328,3422292,3607625,3499866,3485749,3350732,3496605,3492983,3694897,3592606,3636785,3624298,3481413,3473185
STAT,(NULL),nPush,22,78577050,3523099,3921278,3490026,3935335,3932675,3933702,3406407,3402494,3413581,3545814,3459534,3590489,3551096,3497679,3519647,3318649,3592243,3478180,3513207,3509042,3447304,3595569
STAT,(NULL),nPushInit,22,2726,126,125,126,121,124,124,125,125,123,126,123,129,125,125,126,126,126,122,122,120,125,112
STAT,(NULL),qPopEmpty,22,18317,457,1666,1353,1290,1547,1435,588,413,488,517,336,1414,1402,1159,1028,420,345,250,212,418,380,1199
STAT,(NULL),qPopEmptyCyc,22,6512467,261014,430672,355030,335993,399739,374054,332587,246221,282980,300049,203903,367053,412578,351120,311411,209191,206499,161130,140083,246419,227142,357599
STAT,(NULL),qPopFast,22,77351603,3509047,3859106,3231102,3868086,3867991,3872343,3320843,3530502,3150307,3368798,3551240,3445164,3431268,3298357,3441959,3438388,3637150,3536454,3579946,3567653,3427000,3418899
STAT,(NULL),qPopFastCyc,22,52737806453,2413622254,2285042430,2470736726,2296609515,2291503798,2294848349,2446036815,2411746502,2486700045,2442911604,2395789817,2410449758,2415650332,2458430196,2418990265,2417701603,2373608157,2400705676,2387299845,2395914838,2412475849,2411032079
STAT,(NULL),qPopLocal,22,1227622,55692,61249,51278,61391,61389,61456,52705,56030,49994,53463,56360,54678,54456,52347,54628,54567,57724,56127,56817,56622,54388,54261
STAT,(NULL),qPopLocalCyc,22,3657935432,167664070,163140481,169191714,162370446,162461534,162050867,168801041,167469828,170613820,168122523,169133696,165229023,165219586,167020348,167324296,167931647,164886862,165103118,164653251,166237175,166168053,167142053
STAT,(NULL),qPopRemote,22,551,22,24,28,27,27,27,24,23,27,31,25,24,25,28,18,28,23,25,22,23,25,25
STAT,(NULL),qPopRemoteCyc,22,1338434,64609,43791,55994,50067,50250,51872,72801,67688,76541,90258,69316,44669,53656,61812,39394,71844,56231,66559,63405,61376,73275,53026
==== BENCHMARK TOOK 27.353
