==== BENCHMARK START ===
==== PARAMS kernel=4.9.5-64-net1 malloc=libc hostname=rack-castor threads=44 delta=4 prog=sssp-klsm4096  ===
ERROR: ld.so: object '/specific/disk1/home/adamx/malloc/lib64/libjemalloc.so' from LD_PRELOAD cannot be preloaded (cannot open shared object file): ignored.
Galois Benchmark Suite v2.2.1 (r0)
Copyright (C) 2014 The University of Texas at Austin
http://iss.ices.utexas.edu/galois/

application: Single Source Shortest Path
Computes the shortest path from a source node to all nodes in a directed graph using a modified chaotic iteration algorithm
http://iss.ices.utexas.edu/?p=projects/galois/benchmarks/single_source_shortest_path

INFO: CommandLine ./build/debug/apps/sssp/sssp -noverify -t 44 -delta 4 -wl klsm4096 -startNode 0 /specific/disk1/home/mad/Galois-PQ/inputs/planar10M.gr
INFO: Hostname rack-castor
Read 10000000 nodes
Running Asynchronous with CAS version
INFO: Using delta-step of 1
WARNING: Performance varies considerably due to delta parameter.
WARNING: Do not expect the default to be good for your graph.
Node 1 has distance 7300
STATTYPE,LOOP,CATEGORY,n,sum,T0,T1,T2,T3,T4,T5,T6,T7,T8,T9,T10,T11,T12,T13,T14,T15,T16,T17,T18,T19,T20,T21,T22,T23,T24,T25,T26,T27,T28,T29,T30,T31,T32,T33,T34,T35,T36,T37,T38,T39,T40,T41,T42,T43
STAT,(NULL),BadWork,44,36918473739,813318197,842808017,800769220,1090516742,893951965,774762469,774129798,712696070,961478256,844553739,745481735,867552435,917513805,766865754,1004136197,731122704,683119420,808985982,767080045,787852119,834010475,721283827,891645497,703339638,812598100,859667102,1040717251,790163660,726737809,817742003,869701661,737982400,702317621,832484182,820782595,1217563480,777853885,967103375,925229256,1159037752,699848670,691672811,850571571,879724449
STAT,(NULL),BarrierTime,44,9995864,1077460,482860,461537,442996,417320,489239,431978,297861,312296,310676,261825,302448,280096,301746,261432,259332,239739,173992,164716,194728,190468,148622,32462,491244,65802,46616,59350,34358,30104,498196,82859,485197,44168,81361,83471,79457,47808,53533,34983,69332,48095,42190,47735,34176
STAT,(NULL),ConflictTime,44,0,0,0,0,0,0,0,0,0,0,0,0,0,0,0,0,0,0,0,0,0,0,0,0,0,0,0,0,0,0,0,0,0,0,0,0,0,0,0,0,0,0,0,0,0
STAT,(NULL),Conflicts,44,0,0,0,0,0,0,0,0,0,0,0,0,0,0,0,0,0,0,0,0,0,0,0,0,0,0,0,0,0,0,0,0,0,0,0,0,0,0,0,0,0,0,0,0,0
STAT,(NULL),EmptyPopTime,44,703234813,14371307,20267104,15069514,12069281,19090672,10261375,15095044,18968230,10690631,6828151,23604242,18037571,9402509,16060479,20676620,22865764,14997907,18864006,13677668,13290861,18268354,22969472,12552823,16674660,19658256,10999707,24707038,16237883,17584446,12518945,14879247,16036536,20328836,9925325,11956154,8331735,15441216,15142537,18550409,17688633,14248310,24763274,18520956,11061125
STAT,(NULL),EmptyWork,44,5357014222,125424805,125963359,116587769,124727964,129074975,137433662,116988575,113312335,119262334,116487210,122958467,122955733,113696177,122769673,110999594,124107108,114668514,118199125,117081530,115445174,121982894,119562552,119651167,126074922,117696579,134112946,123266242,125955361,122201572,130947331,129139985,115735597,120137739,123168973,128252446,113356492,122416613,126487681,129619133,114452693,123182353,113148185,120521469,127799214
STAT,(NULL),GaloisTime,44,26231595678,596441208,591776673,586729684,620166323,602718452,591423843,597096733,573115136,601835267,600039541,593902207,602510076,595416046,587925878,596940882,585423214,563258706,583296846,582275911,602715980,584089217,576838514,595353681,591405236,595417077,603510806,620194690,608622023,592873777,594221138,602485321,583624387,594833302,610151360,607729409,633881039,586253171,616152209,598634216,623067410,585216302,587212419,592650122,592170246
STAT,(NULL),InitPushTime,44,2717724,4880,103288,102000,21740,2724,21040,20028,74876,41388,35701,39184,51876,38672,39676,39720,39860,39224,72838,60022,59692,58644,60914,99939,127644,127615,100136,99865,100100,99249,99338,99256,58755,57918,57486,57450,56774,57632,57757,57009,56196,54802,54303,55432,55081
STAT,(NULL),Iterations,44,34674642,833957,884740,738923,923779,914585,909114,716585,691431,776152,708337,752371,786747,720176,761085,706891,746602,722768,730319,725677,707727,760696,748459,755411,720548,691257,930389,822752,845156,803379,913624,928061,737215,747124,817763,837191,734008,816439,808500,912712,767907,781852,663162,770263,902808
STAT,(NULL),LoopTime,44,14825708476,14825708476,0,0,0,0,0,0,0,0,0,0,0,0,0,0,0,0,0,0,0,0,0,0,0,0,0,0,0,0,0,0,0,0,0,0,0,0,0,0,0,0,0,0,0
STAT,(NULL),MeminfoPost,44,968,22,22,22,22,22,22,22,22,22,22,22,22,22,22,22,22,22,22,22,22,22,22,22,22,22,22,22,22,22,22,22,22,22,22,22,22,22,22,22,22,22,22,22,22
STAT,(NULL),MeminfoPre,44,968,22,22,22,22,22,22,22,22,22,22,22,22,22,22,22,22,22,22,22,22,22,22,22,22,22,22,22,22,22,22,22,22,22,22,22,22,22,22,22,22,22,22,22,22
STAT,(NULL),NumaPost,44,14911,8629,5299,822,161,0,0,0,0,0,0,0,0,0,0,0,0,0,0,0,0,0,0,0,0,0,0,0,0,0,0,0,0,0,0,0,0,0,0,0,0,0,0,0,0
STAT,(NULL),PopTime,44,396366976931,8903010428,8867863794,9084407498,8809271993,8855150188,8868168632,9105215799,9215204162,9052104771,9099812025,9100325707,9021380956,9097026927,9068039786,9075146359,8974851984,9164832703,9148048126,9058985531,9109148509,9049509534,9015585572,8996125213,9195161259,9167261982,8869338480,8849236088,8883391024,8938536236,8891358090,8798503421,9108061543,9139204474,8914096285,8990658747,9095131710,8942066165,8889629232,8855303531,9017578962,9061231741,9216651161,8988490432,8816870171
STAT,(NULL),PushTime,44,109488547815,2575415533,2558685586,2484737683,2446929386,2507544844,2557301895,2453573865,2455494189,2435191220,2441326934,2437252592,2444687275,2456960246,2481037670,2398081458,2580261983,2516328327,2441331573,2557689060,2416531274,2496177255,2584937222,2533745970,2401756079,2436908181,2485744829,2500699799,2526521124,2586344058,2529090870,2565914523,2494173708,2431894051,2507619010,2434046034,2308268233,2579174593,2494143120,2525925263,2351290884,2512614015,2433019786,2535300354,2586876261
STAT,(NULL),RusageSys,44,276000,276000,0,0,0,0,0,0,0,0,0,0,0,0,0,0,0,0,0,0,0,0,0,0,0,0,0,0,0,0,0,0,0,0,0,0,0,0,0,0,0,0,0,0,0
STAT,(NULL),RusageUser,44,293996000,293996000,0,0,0,0,0,0,0,0,0,0,0,0,0,0,0,0,0,0,0,0,0,0,0,0,0,0,0,0,0,0,0,0,0,0,0,0,0,0,0,0,0,0,0
STAT,(NULL),Threads,44,44,44,0,0,0,0,0,0,0,0,0,0,0,0,0,0,0,0,0,0,0,0,0,0,0,0,0,0,0,0,0,0,0,0,0,0,0,0,0,0,0,0,0,0,0
STAT,(NULL),Time,44,14925704278,14925704278,0,0,0,0,0,0,0,0,0,0,0,0,0,0,0,0,0,0,0,0,0,0,0,0,0,0,0,0,0,0,0,0,0,0,0,0,0,0,0,0,0,0,0
STAT,(NULL),TotalTime,44,24643707742,24643707742,0,0,0,0,0,0,0,0,0,0,0,0,0,0,0,0,0,0,0,0,0,0,0,0,0,0,0,0,0,0,0,0,0,0,0,0,0,0,0,0,0,0,0
STAT,(NULL),UserTime,44,108490196366,2481643530,2531752780,2408775978,2683144828,2582730367,2531720451,2408339269,2320215070,2477224881,2431815563,2418267119,2486738160,2423807621,2420475400,2494462729,2408799467,2322222866,2386569622,2366600773,2439176374,2426281562,2376415761,2438878927,2365235041,2359365179,2592600724,2578203552,2535580157,2438767239,2538170827,2585385401,2378675977,2389909957,2531346180,2523664534,2537338395,2450955355,2554752304,2568275273,2572227827,2399814678,2321512180,2440824569,2561531919
STAT,(NULL),Work,44,646661493758,14696417306,14696886029,14696902706,14696903372,14696907980,14696857327,14696889781,14696913326,14696879696,14696891490,14696927238,14696916737,14696914610,14696887842,14696924462,14696879448,14696901460,14696874546,14696906321,14696870824,14696876080,14696917600,14696909690,14696451912,14696878107,14696897372,14696882093,14696910206,14696913514,14696441221,14696861957,14696459059,14696897052,14696861870,14696860658,14696862389,14696893661,14696883285,14696907001,14696871056,14696897384,14696903169,14696895371,14696909550
STAT,(NULL),nBad,44,67179895,1445404,1531326,1438742,2084751,1636046,1388808,1397748,1269618,1793938,1506496,1307687,1597317,1684654,1374945,1898992,1268294,1245414,1459633,1403559,1421074,1505948,1302322,1628599,1249751,1482486,1571911,1919663,1428771,1299830,1487733,1592473,1323632,1254136,1521689,1485278,2220979,1412725,1795523,1703251,2201602,1254115,1210891,1562251,1609890
STAT,(NULL),nEmpty,44,19132244,466944,497322,407618,503793,513886,520930,392103,381126,417921,379022,421018,430988,383305,421466,367844,416423,403066,403392,396366,383158,414286,417931,410107,399883,377684,527532,440985,472625,453128,521427,524409,405175,417500,453517,466574,385915,457483,437385,510512,395516,441398,365634,421156,506791
STAT,(NULL),nEmptyPop,44,66424,1487,1718,1064,1175,1911,1586,1644,1258,1803,926,1509,1778,990,1651,992,1383,1911,1130,1282,1274,1335,1597,1120,1437,1175,1584,2286,1459,1950,1541,2145,1708,2303,1665,1416,939,1734,1130,1955,1421,1865,1034,1685,1468
STAT,(NULL),nOverall,44,187179683,4421990,4666962,3989982,5057573,4824554,4675506,3908108,3739112,4315350,3965282,3988289,4284415,4055768,4089645,4082634,3978444,3851406,3938253,3965311,3907844,4171446,3980628,4157101,3862985,3774434,4849325,4597253,4487671,4219436,4723379,4862387,4001160,3969468,4385311,4463838,4189967,4324335,4467343,4844447,4482400,4101901,3582925,4204597,4769518
STAT,(NULL),nPop,44,34674642,833957,884740,738923,923779,914585,909114,716585,691431,776152,708337,752371,786747,720176,761085,706891,746602,722768,730319,725677,707727,760696,748459,755411,720548,691257,930389,822752,845156,803379,913624,928061,737215,747124,817763,837191,734008,816439,808500,912712,767907,781852,663162,770263,902808
STAT,(NULL),nPush,44,34674636,831967,877720,736719,915355,902137,892782,724015,695720,778849,717309,747408,785323,724869,766136,715158,749520,733184,735341,733805,711514,771252,758148,748795,729090,688968,907040,815208,842588,807451,897871,915260,755240,749880,810460,835562,736552,816449,808768,904226,777458,785264,671088,772610,894577
STAT,(NULL),nPushInit,44,6,0,1,1,1,0,1,1,1,0,0,0,0,0,0,0,0,0,0,0,0,0,0,0,0,0,0,0,0,0,0,0,0,0,0,0,0,0,0,0,0,0,0,0,0
==== BENCHMARK TOOK 11.988
==== BENCHMARK START ===
==== PARAMS kernel=4.9.5-64-net1 malloc=libc hostname=rack-castor threads=44 delta=4 prog=sssp-klsm4096  ===
ERROR: ld.so: object '/specific/disk1/home/adamx/malloc/lib64/libjemalloc.so' from LD_PRELOAD cannot be preloaded (cannot open shared object file): ignored.
Galois Benchmark Suite v2.2.1 (r0)
Copyright (C) 2014 The University of Texas at Austin
http://iss.ices.utexas.edu/galois/

application: Single Source Shortest Path
Computes the shortest path from a source node to all nodes in a directed graph using a modified chaotic iteration algorithm
http://iss.ices.utexas.edu/?p=projects/galois/benchmarks/single_source_shortest_path

INFO: CommandLine ./build/debug/apps/sssp/sssp -noverify -t 44 -delta 4 -wl klsm4096 -startNode 0 /specific/disk1/home/mad/Galois-PQ/inputs/planar10M.gr
INFO: Hostname rack-castor
Read 10000000 nodes
Running Asynchronous with CAS version
INFO: Using delta-step of 1
WARNING: Performance varies considerably due to delta parameter.
WARNING: Do not expect the default to be good for your graph.
Node 1 has distance 7300
STATTYPE,LOOP,CATEGORY,n,sum,T0,T1,T2,T3,T4,T5,T6,T7,T8,T9,T10,T11,T12,T13,T14,T15,T16,T17,T18,T19,T20,T21,T22,T23,T24,T25,T26,T27,T28,T29,T30,T31,T32,T33,T34,T35,T36,T37,T38,T39,T40,T41,T42,T43
STAT,(NULL),BadWork,44,38599838480,1083083180,829006453,845389735,753104106,773774696,902743787,959560949,891150920,872824047,868530505,1195640411,815288923,811776925,870169475,799646345,994129829,744128713,748829273,987697263,1043413763,936852473,795475804,741660985,1093185915,848085904,876258879,867492523,798895796,739360228,809956208,875469987,774794817,1115052167,754742641,1001585124,952399567,993726430,735946389,798996001,857946134,811400699,1018024909,759616988,853022614
STAT,(NULL),BarrierTime,44,12124899,950102,533264,499741,823660,467236,452264,432254,290801,291617,312200,654396,359896,353074,296501,674158,200552,224958,224284,179052,206420,199453,169265,86562,96380,481111,133372,468488,116546,118638,106280,155103,68623,63493,74194,36012,113694,69628,422448,54574,428075,47689,62553,52526,73762
STAT,(NULL),ConflictTime,44,0,0,0,0,0,0,0,0,0,0,0,0,0,0,0,0,0,0,0,0,0,0,0,0,0,0,0,0,0,0,0,0,0,0,0,0,0,0,0,0,0,0,0,0,0
STAT,(NULL),Conflicts,44,0,0,0,0,0,0,0,0,0,0,0,0,0,0,0,0,0,0,0,0,0,0,0,0,0,0,0,0,0,0,0,0,0,0,0,0,0,0,0,0,0,0,0,0,0
STAT,(NULL),EmptyPopTime,44,737644913,15572663,14657789,20981791,22546395,17432298,14544081,20119255,19543484,12380418,17609218,17766026,14844019,25057044,12683098,14267709,12266394,13754183,11100608,25639726,11777941,11689282,17748389,15212991,30455505,11686936,12262854,14216052,15880306,14836868,10340881,11074545,19411361,10826741,11717793,12611009,21932947,14390463,28000984,24516021,23843710,18933840,13701488,18442995,19366812
STAT,(NULL),EmptyWork,44,5374572838,114215878,132391325,122430311,129880822,135183536,128950742,115988882,112613133,118576214,122645633,106710379,121407311,122829463,113879701,115791797,119413254,123225743,117026284,115744690,119970745,119711204,110888146,122968297,114626215,116703200,133460605,118069224,132667539,123087146,134245074,132687233,122617720,126074166,129396678,125098202,113560439,114060462,123785831,130540201,121297075,126745174,120301066,121538081,131568017
STAT,(NULL),GaloisTime,44,26603912149,607254011,597978215,599472040,598299174,601398072,610739916,604613077,586809403,603918442,594356755,615884830,592212127,596553523,587577193,572943924,596055824,589700353,595544165,612639690,615643177,599691450,581260466,601671775,611975728,592972342,618681033,613520415,608377416,595784126,606292084,625985979,611038503,631635279,616899003,634085033,609486746,616121695,585424734,607743896,618126698,614710286,621491487,592725066,608616998
STAT,(NULL),InitPushTime,44,2441128,4730,47364,48772,22056,2884,20528,22480,71377,49368,47821,52381,42073,41311,64396,49856,48551,48251,61528,45816,45244,45612,50606,69219,108020,107741,107962,107323,66836,67819,68508,68912,58813,58373,57919,57332,56276,57383,57163,56746,56592,54663,54472,55359,54692
STAT,(NULL),Iterations,44,35046256,779469,890695,757238,893701,899584,926913,729593,705631,764087,742656,739210,775995,790432,727109,741419,760944,750425,724857,729165,762682,803333,679351,788043,766841,708976,949705,785363,877489,806190,931021,929886,755648,892706,812121,831855,695861,742581,757772,910343,773063,819019,773340,765663,898281
STAT,(NULL),LoopTime,44,14926664336,14926664336,0,0,0,0,0,0,0,0,0,0,0,0,0,0,0,0,0,0,0,0,0,0,0,0,0,0,0,0,0,0,0,0,0,0,0,0,0,0,0,0,0,0,0
STAT,(NULL),MeminfoPost,44,968,22,22,22,22,22,22,22,22,22,22,22,22,22,22,22,22,22,22,22,22,22,22,22,22,22,22,22,22,22,22,22,22,22,22,22,22,22,22,22,22,22,22,22,22
STAT,(NULL),MeminfoPre,44,968,22,22,22,22,22,22,22,22,22,22,22,22,22,22,22,22,22,22,22,22,22,22,22,22,22,22,22,22,22,22,22,22,22,22,22,22,22,22,22,22,22,22,22,22
STAT,(NULL),NumaPost,44,14863,8655,5227,820,161,0,0,0,0,0,0,0,0,0,0,0,0,0,0,0,0,0,0,0,0,0,0,0,0,0,0,0,0,0,0,0,0,0,0,0,0,0,0,0,0
STAT,(NULL),PopTime,44,402674559521,9100384250,8999339491,9273800587,8957194037,9037861183,8957922536,9215176122,9395669974,9224562012,9297994431,9178900307,9205222292,9168054404,9273071435,9295100037,9248522895,9301720522,9256901164,9206496871,9108589114,9120429819,9384005918,9206380705,9215559730,9444175910,8946559998,9105648461,9100263352,9115540440,8919659362,8935979834,9087038539,9047105265,9091742369,8943683955,9335605078,9165685662,9133591407,8957198072,9205357769,9143692490,9193551488,9226298130,8947322104
STAT,(NULL),PushTime,44,105678682649,2391202069,2478495164,2335345272,2546262213,2436251862,2458340746,2380464327,2293346337,2353849845,2350563684,2259944406,2418912016,2419475182,2405568013,2406250387,2340289571,2366273427,2414105527,2359116891,2396201066,2433156699,2327882614,2404647499,2296649973,2247020988,2457500901,2414239838,2410165487,2482790621,2554658497,2446804325,2492077682,2354025154,2446091294,2462879906,2261228090,2370224205,2540581562,2502228484,2326553914,2403271351,2313575462,2411366669,2508803429
STAT,(NULL),RusageSys,44,200000,200000,0,0,0,0,0,0,0,0,0,0,0,0,0,0,0,0,0,0,0,0,0,0,0,0,0,0,0,0,0,0,0,0,0,0,0,0,0,0,0,0,0,0,0
STAT,(NULL),RusageUser,44,296056000,296056000,0,0,0,0,0,0,0,0,0,0,0,0,0,0,0,0,0,0,0,0,0,0,0,0,0,0,0,0,0,0,0,0,0,0,0,0,0,0,0,0,0,0,0
STAT,(NULL),Threads,44,44,44,0,0,0,0,0,0,0,0,0,0,0,0,0,0,0,0,0,0,0,0,0,0,0,0,0,0,0,0,0,0,0,0,0,0,0,0,0,0,0,0,0,0,0
STAT,(NULL),Time,44,15024201976,15024201976,0,0,0,0,0,0,0,0,0,0,0,0,0,0,0,0,0,0,0,0,0,0,0,0,0,0,0,0,0,0,0,0,0,0,0,0,0,0,0,0,0,0,0
STAT,(NULL),TotalTime,44,24639237568,24639237568,0,0,0,0,0,0,0,0,0,0,0,0,0,0,0,0,0,0,0,0,0,0,0,0,0,0,0,0,0,0,0,0,0,0,0,0,0,0,0,0,0,0,0
STAT,(NULL),UserTime,44,109946582940,2567185539,2572954772,2443786422,2541634944,2567690538,2625320940,2459455630,2387835608,2482530644,2412649501,2616613118,2443221622,2463849446,2403038116,2391463758,2479271262,2401143590,2401141268,2476180872,2543637123,2511138744,2374032311,2444935806,2526548691,2383257212,2627351013,2530122204,2528462234,2463776795,2570620065,2643284394,2463633086,2626149496,2499969471,2617458591,2454003194,2515333779,2384431820,2573589562,2500636884,2488462924,2533195211,2425445563,2580139177
STAT,(NULL),Work,44,651033804079,14795938532,14796258623,14796289110,14795915029,14796281763,14796301071,14796307640,14796295270,14796306566,14796289176,14795936061,14796272126,14796276817,14796271062,14795915165,14796286781,14796261822,14796285332,14796307204,14796280642,14796286255,14796315802,14796323227,14796317812,14795928994,14796282024,14795945666,14796299419,14796295736,14796309730,14796260179,14796273506,14796281388,14796269273,14796307930,14796301623,14796271525,14795909713,14796290094,14795909373,14796302609,14796283404,14796292188,14796270817
STAT,(NULL),nBad,44,71814725,2056869,1506528,1557030,1377037,1411283,1737294,1773828,1690875,1646544,1627821,2221292,1513112,1517074,1628960,1487218,1883710,1343186,1362875,1855851,1954664,1764736,1460626,1344405,2061446,1590570,1628809,1613890,1457003,1328523,1500708,1598431,1410330,2169767,1387414,1865692,1822817,1893666,1338605,1466234,1566627,1485319,1946843,1382723,1576490
STAT,(NULL),nEmpty,44,19116306,401031,499154,412245,506430,508865,511491,385294,374879,412481,400369,363399,422905,432995,391721,400724,405419,413905,399213,386093,403852,435302,361925,439925,397137,381094,534278,424974,497676,451468,527355,521235,414090,484412,456323,450443,361903,388031,418393,515853,423687,460674,412756,422595,502312
STAT,(NULL),nEmptyPop,44,68848,1452,1566,1411,2293,2001,1575,1181,1500,1308,1432,1483,1882,1604,1219,1540,1059,1642,1520,1172,1232,1459,1571,1493,1918,1228,1508,1451,2145,1974,1737,1636,1522,1176,1690,1342,1441,1199,2134,2416,1770,1718,1116,1631,1501
STAT,(NULL),nOverall,44,191814513,4554337,4715978,4154508,4666127,4705633,5003476,4143560,3983301,4234854,4124799,4524594,4251172,4304212,4039228,4102962,4281848,4051734,3921555,4130919,4321136,4431126,3822428,4191911,4449832,3948200,5001095,4335626,4572379,4271533,4859370,4920463,4113280,4914293,4285810,4591448,4019115,4267400,4087287,4751132,4206695,4317309,4340047,4131213,4769588
STAT,(NULL),nPop,44,35046256,779469,890695,757238,893701,899584,926913,729593,705631,764087,742656,739210,775995,790432,727109,741419,760944,750425,724857,729165,762682,803333,679351,788043,766841,708976,949705,785363,877489,806190,931021,929886,755648,892706,812121,831855,695861,742581,757772,910343,773063,819019,773340,765663,898281
STAT,(NULL),nPush,44,35046250,785537,890734,763781,887400,891671,930967,728141,704886,774771,749597,757841,787272,796638,740183,752192,764260,758638,727212,734435,768072,801755,686191,782161,766609,709668,934533,782635,859803,803946,922743,913410,758239,886987,803823,822671,689230,745362,768308,898009,765640,814782,764905,770194,900418
STAT,(NULL),nPushInit,44,6,0,1,1,1,0,1,1,1,0,0,0,0,0,0,0,0,0,0,0,0,0,0,0,0,0,0,0,0,0,0,0,0,0,0,0,0,0,0,0,0,0,0,0,0
==== BENCHMARK TOOK 11.943
==== BENCHMARK START ===
==== PARAMS kernel=4.9.5-64-net1 malloc=libc hostname=rack-castor threads=44 delta=4 prog=sssp-klsm4096  ===
ERROR: ld.so: object '/specific/disk1/home/adamx/malloc/lib64/libjemalloc.so' from LD_PRELOAD cannot be preloaded (cannot open shared object file): ignored.
Galois Benchmark Suite v2.2.1 (r0)
Copyright (C) 2014 The University of Texas at Austin
http://iss.ices.utexas.edu/galois/

application: Single Source Shortest Path
Computes the shortest path from a source node to all nodes in a directed graph using a modified chaotic iteration algorithm
http://iss.ices.utexas.edu/?p=projects/galois/benchmarks/single_source_shortest_path

INFO: CommandLine ./build/debug/apps/sssp/sssp -noverify -t 44 -delta 4 -wl klsm4096 -startNode 0 /specific/disk1/home/mad/Galois-PQ/inputs/planar10M.gr
INFO: Hostname rack-castor
Read 10000000 nodes
Running Asynchronous with CAS version
INFO: Using delta-step of 1
WARNING: Performance varies considerably due to delta parameter.
WARNING: Do not expect the default to be good for your graph.
Node 1 has distance 7300
STATTYPE,LOOP,CATEGORY,n,sum,T0,T1,T2,T3,T4,T5,T6,T7,T8,T9,T10,T11,T12,T13,T14,T15,T16,T17,T18,T19,T20,T21,T22,T23,T24,T25,T26,T27,T28,T29,T30,T31,T32,T33,T34,T35,T36,T37,T38,T39,T40,T41,T42,T43
STAT,(NULL),BadWork,44,37578354731,802860975,746101725,741490377,779584589,749120380,809052006,817203326,850286778,770199649,865458151,778069253,737034439,1254136063,816994954,831927894,854808722,755243304,722446525,678355602,758453577,727565697,821899600,686166146,783671080,1071947288,810742899,730980697,2649479574,914054096,839330477,777325533,730606642,855259593,735395930,749664375,712109343,727836453,716927561,1160665481,787693804,858831866,1086003965,723596014,801772328
STAT,(NULL),BarrierTime,44,9600163,1021108,523818,491180,471409,449623,424961,354398,289630,353113,303172,256424,210184,283354,274932,309699,253452,247360,226665,243760,241637,228120,93697,62824,93204,79114,69669,71805,73186,71064,108516,72068,88966,79236,63740,104852,52140,102278,455242,51853,102036,41830,62806,73389,68649
STAT,(NULL),ConflictTime,44,0,0,0,0,0,0,0,0,0,0,0,0,0,0,0,0,0,0,0,0,0,0,0,0,0,0,0,0,0,0,0,0,0,0,0,0,0,0,0,0,0,0,0,0,0
STAT,(NULL),Conflicts,44,0,0,0,0,0,0,0,0,0,0,0,0,0,0,0,0,0,0,0,0,0,0,0,0,0,0,0,0,0,0,0,0,0,0,0,0,0,0,0,0,0,0,0,0,0
STAT,(NULL),EmptyPopTime,44,745623646,19564726,24682042,17690126,24119508,23467693,11727896,18937952,18140179,21900879,11939958,10452442,11064218,12878469,13962110,27716947,19755500,8882239,11420486,17471516,22040842,22730953,15204922,20100079,11968670,13527694,10805339,21708682,3626589,12521744,21680440,18915831,16836435,25202915,11814363,19919425,14026325,17517289,18111139,19020992,22252128,15743512,11045242,18620435,14906775
STAT,(NULL),EmptyWork,44,5285549982,118718953,124847544,118614198,128021319,131099600,128285819,122879711,115479562,123403685,113435322,118452826,126543303,115903381,117228957,111995676,115530346,113589411,118198944,117959580,125223096,113922622,116455132,119639923,120949104,101550311,131280913,120481665,84921817,120093059,130413070,133782305,122031230,117528705,129605356,122106697,121839932,123999389,117122412,122898747,120025417,125870625,111815221,121815044,129990053
STAT,(NULL),GaloisTime,44,26204519540,593211070,580376543,581552094,591501253,586473026,592072174,584708844,598729618,589780747,591422278,585038472,586889411,637608167,603228161,573259552,578224762,565198002,580998698,576612965,594366808,571829372,581224639,583707532,588943262,591450968,600252600,592296202,749980288,615639069,602713845,596920089,593323267,605761518,599575388,594167186,592619157,586697275,586946739,613651934,592926910,606023166,622550038,581328759,582737692
STAT,(NULL),InitPushTime,44,2437293,4536,46124,21772,22664,2776,22092,75368,43376,36799,44064,65296,66418,38344,38004,39380,41588,36805,34787,38364,37772,39700,91770,92700,100560,60640,59634,59532,59158,59429,59055,57809,75710,76616,76101,104112,57757,57434,82772,76156,76734,76192,75420,74326,31647
STAT,(NULL),Iterations,44,34764467,798618,875974,755122,885847,880586,885813,769789,706847,821920,697552,745610,772845,795952,710230,754212,778926,707232,732028,737290,828870,726058,748713,766819,735141,669095,926288,770722,843417,773427,924077,922026,780122,743489,816716,779990,703935,781443,746127,918713,803262,861190,681162,800982,900290
STAT,(NULL),LoopTime,44,14753559820,14753559820,0,0,0,0,0,0,0,0,0,0,0,0,0,0,0,0,0,0,0,0,0,0,0,0,0,0,0,0,0,0,0,0,0,0,0,0,0,0,0,0,0,0,0
STAT,(NULL),MeminfoPost,44,968,22,22,22,22,22,22,22,22,22,22,22,22,22,22,22,22,22,22,22,22,22,22,22,22,22,22,22,22,22,22,22,22,22,22,22,22,22,22,22,22,22,22,22,22
STAT,(NULL),MeminfoPre,44,968,22,22,22,22,22,22,22,22,22,22,22,22,22,22,22,22,22,22,22,22,22,22,22,22,22,22,22,22,22,22,22,22,22,22,22,22,22,22,22,22,22,22,22,22
STAT,(NULL),NumaPost,44,14853,8596,5248,665,344,0,0,0,0,0,0,0,0,0,0,0,0,0,0,0,0,0,0,0,0,0,0,0,0,0,0,0,0,0,0,0,0,0,0,0,0,0,0,0,0
STAT,(NULL),PopTime,44,393020851885,8872955435,8885638352,9023260807,8865373892,8793179054,8811739753,8943021432,9115762381,8922771193,9124566156,9050616273,8918933284,8865973438,8990303009,9047014945,8954422860,9186639336,9105381538,9041175273,8944506093,9041844270,8970829088,8958498981,9005672283,9295966925,8718831045,8907703404,8387500414,8844201026,8778596206,8743745083,8937659095,8989124591,8833937910,8922967077,9045312484,8902503687,9022310048,8728329226,8903629044,8947172711,9120790699,8870795871,8679696213
STAT,(NULL),PushTime,44,109260049083,2540395339,2525228088,2499441849,2494331653,2591337804,2548937488,2542992674,2321426555,2513556161,2411447400,2479223558,2578028536,2317131862,2482294362,2468297382,2537411798,2439986466,2451335320,2514249729,2470209665,2526785336,2546756660,2556284992,2529950414,2185072091,2582270172,2562182673,1860729699,2525567734,2523107084,2578131511,2524735244,2440635339,2573888148,2539098857,2484383051,2566869612,2506336655,2447490501,2520935998,2389288536,2245744907,2613940331,2702599849
STAT,(NULL),RusageSys,44,204000,204000,0,0,0,0,0,0,0,0,0,0,0,0,0,0,0,0,0,0,0,0,0,0,0,0,0,0,0,0,0,0,0,0,0,0,0,0,0,0,0,0,0,0,0
STAT,(NULL),RusageUser,44,292616000,292616000,0,0,0,0,0,0,0,0,0,0,0,0,0,0,0,0,0,0,0,0,0,0,0,0,0,0,0,0,0,0,0,0,0,0,0,0,0,0,0,0,0,0,0
STAT,(NULL),Threads,44,44,44,0,0,0,0,0,0,0,0,0,0,0,0,0,0,0,0,0,0,0,0,0,0,0,0,0,0,0,0,0,0,0,0,0,0,0,0,0,0,0,0,0,0,0
STAT,(NULL),Time,44,14855937202,14855937202,0,0,0,0,0,0,0,0,0,0,0,0,0,0,0,0,0,0,0,0,0,0,0,0,0,0,0,0,0,0,0,0,0,0,0,0,0,0,0,0,0,0,0
STAT,(NULL),TotalTime,44,24414610906,24414610906,0,0,0,0,0,0,0,0,0,0,0,0,0,0,0,0,0,0,0,0,0,0,0,0,0,0,0,0,0,0,0,0,0,0,0,0,0,0,0,0,0,0,0
STAT,(NULL),UserTime,44,108945945830,2479299301,2483375363,2383591072,2520802072,2498590432,2531386480,2411609382,2454611430,2452736646,2371336494,2380362420,2402686298,2674650492,2417130907,2395863748,2418804759,2309855060,2356813568,2356679017,2467801420,2347037583,2393675875,2385916045,2366666811,2436581743,2580710331,2419772969,3537390837,2506125772,2567637865,2552653439,2429565174,2445896660,2475328710,2425890782,2365965966,2426559204,2373322632,2692756794,2464381455,2540051182,2512203474,2417648109,2514220057
STAT,(NULL),Work,44,643485325994,14624263664,14624669108,14624700570,14624664981,14624691643,14624676525,14624694003,14624713298,14624669176,14624698508,14624690127,14624698971,14624688582,14624698726,14624663185,14624660054,14624676689,14624700375,14624675808,14624678938,14624690396,14624701669,14624709148,14624681304,14624692338,14624704649,14624696522,14624698611,14624701792,14624665464,14624700855,14624666090,14624672680,14624689006,14624668924,14624692441,14624647509,14624287950,14624701077,14624653228,14624710718,14624683379,14624678592,14624658721
STAT,(NULL),nBad,44,69220197,1466742,1351926,1357853,1424699,1341627,1460282,1517384,1569864,1409697,1617330,1435412,1334846,2307838,1482693,1559194,1593170,1403372,1331063,1222283,1367609,1332393,1506119,1234860,1437329,1990426,1485673,1329444,5112744,1690441,1561646,1407845,1325279,1575491,1326757,1372999,1283945,1313616,1307275,2252084,1447723,1572024,2013230,1313687,1472283
STAT,(NULL),nEmpty,44,19051820,438421,498607,419138,499923,499933,498007,425674,374541,457783,372486,410548,431264,413482,384677,409746,421970,385264,405488,410921,466204,399935,410815,431133,407274,336414,523456,430966,299604,420349,523928,526804,436301,402670,459538,435364,388748,439227,415945,496137,445925,484536,349357,449926,513391
STAT,(NULL),nEmptyPop,44,71426,1571,2813,1814,2260,2429,1335,1368,1124,2274,1140,1319,1406,1678,1305,1359,1438,1182,1465,1765,2623,2120,1137,2026,1273,995,1724,1976,623,1335,1630,1871,2117,1349,1296,1871,1265,1512,1713,1270,2145,1671,1024,2155,1660
STAT,(NULL),nOverall,44,189219985,4337690,4544970,4046543,4647203,4583825,4669246,4144006,3999656,4385303,3915130,4034862,4114220,4607264,3920857,4150030,4297616,3878482,3933601,3929381,4367271,3930031,4072749,4041372,3946029,4004788,4852747,4091706,6534974,4248821,4821410,4763043,4143727,4102283,4302439,4151029,3796321,4122714,3978757,5087832,4303095,4533670,3992270,4230797,4660225
STAT,(NULL),nPop,44,34764467,798618,875974,755122,885847,880586,885813,769789,706847,821920,697552,745610,772845,795952,710230,754212,778926,707232,732028,737290,828870,726058,748713,766819,735141,669095,926288,770722,843417,773427,924077,922026,780122,743489,816716,779990,703935,781443,746127,918713,803262,861190,681162,800982,900290
STAT,(NULL),nPush,44,34764462,806122,868079,754115,877363,873265,883224,773693,708289,830787,698892,748046,772266,809515,714189,765565,785242,722234,736257,745302,821503,733745,759482,768464,738820,681330,917622,769805,835385,761585,914871,910296,783667,742624,819335,778085,704644,783530,750605,907604,798239,836967,675126,810160,888523
STAT,(NULL),nPushInit,44,5,0,1,1,1,0,1,1,0,0,0,0,0,0,0,0,0,0,0,0,0,0,0,0,0,0,0,0,0,0,0,0,0,0,0,0,0,0,0,0,0,0,0,0,0
==== BENCHMARK TOOK 11.917
==== BENCHMARK START ===
==== PARAMS kernel=4.9.5-64-net1 malloc=libc hostname=rack-castor threads=44 delta=4 prog=sssp-klsm4096  ===
ERROR: ld.so: object '/specific/disk1/home/adamx/malloc/lib64/libjemalloc.so' from LD_PRELOAD cannot be preloaded (cannot open shared object file): ignored.
Galois Benchmark Suite v2.2.1 (r0)
Copyright (C) 2014 The University of Texas at Austin
http://iss.ices.utexas.edu/galois/

application: Single Source Shortest Path
Computes the shortest path from a source node to all nodes in a directed graph using a modified chaotic iteration algorithm
http://iss.ices.utexas.edu/?p=projects/galois/benchmarks/single_source_shortest_path

INFO: CommandLine ./build/debug/apps/sssp/sssp -noverify -t 44 -delta 4 -wl klsm4096 -startNode 0 /specific/disk1/home/mad/Galois-PQ/inputs/planar10M.gr
INFO: Hostname rack-castor
Read 10000000 nodes
Running Asynchronous with CAS version
INFO: Using delta-step of 1
WARNING: Performance varies considerably due to delta parameter.
WARNING: Do not expect the default to be good for your graph.
Node 1 has distance 7300
STATTYPE,LOOP,CATEGORY,n,sum,T0,T1,T2,T3,T4,T5,T6,T7,T8,T9,T10,T11,T12,T13,T14,T15,T16,T17,T18,T19,T20,T21,T22,T23,T24,T25,T26,T27,T28,T29,T30,T31,T32,T33,T34,T35,T36,T37,T38,T39,T40,T41,T42,T43
STAT,(NULL),BadWork,44,36702439970,824677266,778703788,865885622,849917410,790678788,796667610,747950305,855135134,1566165406,834146898,1038815924,816976158,775798299,927377637,713860392,813882144,951136674,745086888,813099190,747888255,785537209,852331283,844985555,820397589,823179234,823186249,785486991,802261808,928190805,876596977,794653067,734564256,832746246,826970362,848863547,768918620,872288275,801208294,768948726,767182624,727509705,777165466,740737284,844680010
STAT,(NULL),BarrierTime,44,13753777,1095726,555001,561230,971227,478626,931598,452732,808511,382084,323688,353344,693295,316984,341310,336452,277280,279073,249004,226740,662936,171284,160244,36612,55904,19111,87256,70302,60393,517316,57306,517612,51843,37548,518933,66850,36958,517481,41492,85205,68848,42806,57166,100528,77938
STAT,(NULL),ConflictTime,44,0,0,0,0,0,0,0,0,0,0,0,0,0,0,0,0,0,0,0,0,0,0,0,0,0,0,0,0,0,0,0,0,0,0,0,0,0,0,0,0,0,0,0,0,0
STAT,(NULL),Conflicts,44,0,0,0,0,0,0,0,0,0,0,0,0,0,0,0,0,0,0,0,0,0,0,0,0,0,0,0,0,0,0,0,0,0,0,0,0,0,0,0,0,0,0,0,0,0
STAT,(NULL),EmptyPopTime,44,809381334,20127300,17593782,8799135,16538018,22687937,17523636,15819073,10289757,6287301,12041811,11432972,21891321,21653120,16537672,27753995,17945036,15975141,22685821,19357905,33328347,15096143,36533298,15515863,21792359,17103568,14158139,19110207,17836123,24457135,15369547,21048363,17501510,17400562,15836287,18299014,25291859,15605969,15630196,14983250,18493240,14702253,20067080,20809000,20471289
STAT,(NULL),EmptyWork,44,5355670036,125816020,127395395,119527663,131366263,136043785,131542202,120628728,116830277,108260765,114194995,116874456,128516353,117946092,123276149,115706266,119315557,116104292,122538940,128005010,120632277,120021634,115750345,116236620,115685316,116883965,133086902,122626714,117192295,121849801,129920088,128331062,121201285,125786872,122788806,121564394,113626470,119575406,122087159,125368110,117298230,119949231,116927453,123250485,128139908
STAT,(NULL),GaloisTime,44,26239205280,592349365,594053746,595254265,604447061,593504816,596716183,579184812,592853844,659635036,590076219,613496976,600870076,589309693,610344945,581485680,593908371,597305774,586607842,598467309,592837370,588399979,599105443,587581832,583536971,590499790,603624020,590555287,600943759,607247960,603268390,601892694,591430722,597245170,600462726,606257041,590143845,587551240,586160308,594390640,597874368,591405028,595932328,585121785,595864571
STAT,(NULL),InitPushTime,44,2742123,5285,47660,22068,21144,19852,21651,21340,72045,51044,39616,39992,65545,38904,34626,39764,39964,39364,38344,44260,37996,39144,39320,98215,98230,97709,97160,96807,96082,97210,96844,97079,96404,96220,96096,95935,95913,96008,95649,95582,56437,56100,55777,55850,55888
STAT,(NULL),Iterations,44,34735161,856860,886156,793166,911737,918427,923949,711187,691868,787835,719865,760268,846769,699190,776588,694283,731688,749061,774738,754295,734122,734666,696062,761372,747432,748102,907643,820031,757171,834748,897747,906714,750746,818410,787605,784970,720633,787582,799330,885797,750793,753978,711033,765926,884618
STAT,(NULL),LoopTime,44,14956028599,14956028599,0,0,0,0,0,0,0,0,0,0,0,0,0,0,0,0,0,0,0,0,0,0,0,0,0,0,0,0,0,0,0,0,0,0,0,0,0,0,0,0,0,0,0
STAT,(NULL),MeminfoPost,44,968,22,22,22,22,22,22,22,22,22,22,22,22,22,22,22,22,22,22,22,22,22,22,22,22,22,22,22,22,22,22,22,22,22,22,22,22,22,22,22,22,22,22,22,22
STAT,(NULL),MeminfoPre,44,968,22,22,22,22,22,22,22,22,22,22,22,22,22,22,22,22,22,22,22,22,22,22,22,22,22,22,22,22,22,22,22,22,22,22,22,22,22,22,22,22,22,22,22,22
STAT,(NULL),NumaPost,44,14943,8652,5495,635,161,0,0,0,0,0,0,0,0,0,0,0,0,0,0,0,0,0,0,0,0,0,0,0,0,0,0,0,0,0,0,0,0,0,0,0,0,0,0,0,0
STAT,(NULL),PopTime,44,399229519311,9012308967,8891171065,9108664948,8889818168,8852207854,8836966902,9250033465,9288739152,8954694366,9165525504,9060060895,9006201664,9292689014,9077636253,9230822247,9075253530,9089646141,9092203909,9204772100,9055916918,9184171331,9055163528,9171649726,9155309939,9231319672,8987030446,9052685886,9029612371,8969709631,8933062897,8987375455,9154006921,9109844421,9097913072,9105591796,9205395870,9053775003,8975808902,8893762226,9054125850,9140794119,9246469833,9046098365,8953508989
STAT,(NULL),PushTime,44,112379482860,2574111720,2672275486,2517097663,2601471937,2676721049,2701645792,2507738779,2446468146,2296406331,2541620205,2498937423,2556773925,2436219421,2498788884,2522684017,2615574379,2550051953,2588586976,2433076005,2634086662,2520860553,2582731047,2558500375,2548447450,2462209960,2520846675,2590131054,2626955265,2555517238,2594965591,2531304985,2554503673,2499519913,2536008819,2500677491,2518852940,2586728866,2683428184,2671552923,2624793463,2566604972,2451355813,2652876783,2569772074
STAT,(NULL),RusageSys,44,256000,256000,0,0,0,0,0,0,0,0,0,0,0,0,0,0,0,0,0,0,0,0,0,0,0,0,0,0,0,0,0,0,0,0,0,0,0,0,0,0,0,0,0,0,0
STAT,(NULL),RusageUser,44,296644000,296644000,0,0,0,0,0,0,0,0,0,0,0,0,0,0,0,0,0,0,0,0,0,0,0,0,0,0,0,0,0,0,0,0,0,0,0,0,0,0,0,0,0,0,0
STAT,(NULL),Threads,44,44,44,0,0,0,0,0,0,0,0,0,0,0,0,0,0,0,0,0,0,0,0,0,0,0,0,0,0,0,0,0,0,0,0,0,0,0,0,0,0,0,0,0,0,0
STAT,(NULL),Time,44,15059167669,15059167669,0,0,0,0,0,0,0,0,0,0,0,0,0,0,0,0,0,0,0,0,0,0,0,0,0,0,0,0,0,0,0,0,0,0,0,0,0,0,0,0,0,0,0
STAT,(NULL),TotalTime,44,22824511070,22824511070,0,0,0,0,0,0,0,0,0,0,0,0,0,0,0,0,0,0,0,0,0,0,0,0,0,0,0,0,0,0,0,0,0,0,0,0,0,0,0,0,0,0,0
STAT,(NULL),UserTime,44,108414999006,2503200035,2525425524,2478573944,2584273479,2546749363,2543522333,2354512701,2372735943,2802633813,2404457860,2527112366,2513660220,2370097470,2501333040,2349462119,2405917093,2458834738,2415293524,2444239249,2391116210,2399368344,2438634979,2378429286,2403141403,2409896680,2569167349,2452804643,2435374261,2549132282,2551327166,2557961042,2389269359,2478116886,2454903496,2475523635,2374602790,2464677114,2444799561,2527856296,2415328756,2394457912,2397160537,2399756959,2560157246
STAT,(NULL),Work,44,652448217798,14828023111,14828469698,14828464790,14828009266,14828466676,14828008282,14828488126,14828033234,14828469308,14828481466,14828448648,14828003719,14828483390,14828471943,14828464092,14828457070,14828457823,14828488720,14828494626,14828012600,14828503760,14828514870,14828491444,14828472859,14828506895,14828443592,14828460656,14828469602,14828007669,14828473122,14828007092,14828477233,14828492464,14828007265,14828462565,14828491844,14828007397,14828482908,14828445467,14828459582,14828487535,14828471850,14828430663,14828452876
STAT,(NULL),nBad,44,67133835,1500783,1404498,1570312,1577322,1435662,1432550,1349339,1591546,2961475,1552648,1930724,1509393,1420778,1677326,1282422,1499778,1793403,1323887,1466091,1336022,1414594,1535575,1623015,1489884,1490454,1474262,1432988,1460416,1801284,1616277,1418268,1324605,1501821,1527187,1584563,1390465,1611643,1462994,1391402,1380647,1313492,1379110,1339024,1553906
STAT,(NULL),nEmpty,44,19197579,482284,503710,437912,517795,524594,531166,393309,371658,381161,385874,400228,478992,382640,425825,381827,402451,404484,435463,416078,408302,406789,372940,418616,407522,411696,515239,460024,416024,453698,505186,514639,418086,453326,436752,431725,393672,428899,442810,501179,414737,420512,388378,426254,493123
STAT,(NULL),nEmptyPop,44,73849,1902,1991,1236,2169,1968,2350,1417,921,901,1396,1309,1602,1769,1766,1289,1942,2145,2242,1309,1458,1303,1407,1216,2366,1711,1653,1670,1716,1559,1625,2326,1677,1926,1382,1506,2068,1368,1449,1718,1687,1463,1453,2164,2354
STAT,(NULL),nOverall,44,187133623,4512237,4608058,4276914,4742518,4744888,4731916,3826547,3856474,4890545,4023930,4333128,4428955,3812398,4223656,3764642,3965482,4149005,4086953,4073177,3924458,3949524,3890373,4128707,4093692,4050196,4727694,4336248,4110248,4588110,4726923,4721052,4008731,4396019,4228337,4254319,3939139,4321693,4295802,4632616,4048313,4019580,3886676,4090840,4712910
STAT,(NULL),nPop,44,34735161,856860,886156,793166,911737,918427,923949,711187,691868,787835,719865,760268,846769,699190,776588,694283,731688,749061,774738,754295,734122,734666,696062,761372,747432,748102,907643,820031,757171,834748,897747,906714,750746,818410,787605,784970,720633,787582,799330,885797,750793,753978,711033,765926,884618
STAT,(NULL),nPush,44,34735154,854194,882842,791107,886980,905509,909909,713732,695886,786012,733864,757762,829864,704839,758792,702685,736117,752376,773039,751311,739345,733452,703313,768852,747992,744727,896487,822060,767108,835424,887752,894515,760291,826736,787115,786511,732171,791346,806869,882709,758847,765326,716864,772396,880126
STAT,(NULL),nPushInit,44,7,0,1,1,1,1,1,1,1,0,0,0,0,0,0,0,0,0,0,0,0,0,0,0,0,0,0,0,0,0,0,0,0,0,0,0,0,0,0,0,0,0,0,0,0
==== BENCHMARK TOOK 11.085
==== BENCHMARK START ===
==== PARAMS kernel=4.9.5-64-net1 malloc=libc hostname=rack-castor threads=44 delta=4 prog=sssp-klsm4096  ===
ERROR: ld.so: object '/specific/disk1/home/adamx/malloc/lib64/libjemalloc.so' from LD_PRELOAD cannot be preloaded (cannot open shared object file): ignored.
Galois Benchmark Suite v2.2.1 (r0)
Copyright (C) 2014 The University of Texas at Austin
http://iss.ices.utexas.edu/galois/

application: Single Source Shortest Path
Computes the shortest path from a source node to all nodes in a directed graph using a modified chaotic iteration algorithm
http://iss.ices.utexas.edu/?p=projects/galois/benchmarks/single_source_shortest_path

INFO: CommandLine ./build/debug/apps/sssp/sssp -noverify -t 44 -delta 4 -wl klsm4096 -startNode 0 /specific/disk1/home/mad/Galois-PQ/inputs/planar10M.gr
INFO: Hostname rack-castor
Read 10000000 nodes
Running Asynchronous with CAS version
INFO: Using delta-step of 1
WARNING: Performance varies considerably due to delta parameter.
WARNING: Do not expect the default to be good for your graph.
Node 1 has distance 7300
STATTYPE,LOOP,CATEGORY,n,sum,T0,T1,T2,T3,T4,T5,T6,T7,T8,T9,T10,T11,T12,T13,T14,T15,T16,T17,T18,T19,T20,T21,T22,T23,T24,T25,T26,T27,T28,T29,T30,T31,T32,T33,T34,T35,T36,T37,T38,T39,T40,T41,T42,T43
STAT,(NULL),BadWork,44,35864408052,848317424,766103128,683584311,953540438,906839058,785468228,753375029,756586873,869510375,746311332,815603368,898305678,902184981,699186512,901300519,657405306,933530972,772501837,666544817,772170882,676327756,833154711,786234364,763035022,829108158,884333485,805762158,758485894,753596142,780424398,778510870,961674008,788609960,766107891,1079277864,728576750,724297527,1345676663,776199053,1039558643,681700506,771784919,719298985,744301257
STAT,(NULL),BarrierTime,44,10098356,1079167,472181,490752,494919,457370,411354,419075,345222,312694,343408,339852,291776,248112,324288,321624,264176,256148,246696,215372,220632,157729,256232,39807,96551,94753,116054,63595,467025,100775,63334,102383,87666,114909,59131,99613,53564,97893,72276,64168,121604,52265,35339,62279,64593
STAT,(NULL),ConflictTime,44,0,0,0,0,0,0,0,0,0,0,0,0,0,0,0,0,0,0,0,0,0,0,0,0,0,0,0,0,0,0,0,0,0,0,0,0,0,0,0,0,0,0,0,0,0
STAT,(NULL),Conflicts,44,0,0,0,0,0,0,0,0,0,0,0,0,0,0,0,0,0,0,0,0,0,0,0,0,0,0,0,0,0,0,0,0,0,0,0,0,0,0,0,0,0,0,0,0,0
STAT,(NULL),EmptyPopTime,44,775087071,17836016,19176623,16964738,12948764,7244088,22978522,18612381,20245518,13816801,15968397,20018154,18610021,15858896,16986729,15150528,25949605,17341905,14574030,16470629,11388739,13385223,16950520,18640841,15478890,20721876,13953580,14382604,18381344,14174914,17576771,17990256,32804863,23429345,15775256,12064910,15129864,18072555,8791418,15304637,13164277,21996980,19782920,35016424,23975719
STAT,(NULL),EmptyWork,44,5300128757,122519284,125679493,122708708,127822481,127541636,131105101,117566909,117795239,110734106,117891403,115886525,115674678,109693581,118217978,111429437,122318037,116733649,119729049,122098407,118544243,117383838,113624879,122728246,121592475,118713507,129566434,124827891,120795154,120183265,131874083,128309277,117419842,123644972,123417156,120679503,118978139,119863490,103233442,127506713,115367930,125987556,113269047,125254790,124217184
STAT,(NULL),GaloisTime,44,25942274222,586646907,580417237,575388574,595477004,595954150,593323766,579180393,574786341,583267110,578028244,580530406,590450401,583507390,582020172,579601246,572616416,591774164,584021623,578414881,598870372,560652103,570420399,597793814,588391255,590401489,604894721,588067980,595600537,584721819,589109956,593119192,606566992,598639530,600518953,620876725,594086189,595741006,616539482,588564661,614172273,592412785,591685818,592104697,582915049
STAT,(NULL),InitPushTime,44,2345116,5076,73208,22972,49100,20736,22088,2740,67858,47720,47724,44592,38380,38264,37896,39340,41188,40636,38548,39812,37812,92319,34311,105585,78269,79281,77514,78994,77154,77294,77734,79046,58337,57721,57508,56724,56210,57273,57280,56437,54868,55088,53944,55132,55403
STAT,(NULL),Iterations,44,34383923,818463,887884,731142,906721,907542,910883,746569,721902,676861,718644,722466,718183,678181,744345,694103,719511,729985,756156,746141,747477,712685,755308,790840,775873,730700,925519,823357,782928,772423,904815,922692,764128,793216,746617,845582,744128,761307,761177,905285,791549,754302,689705,755779,890849
STAT,(NULL),LoopTime,44,14741106103,14741106103,0,0,0,0,0,0,0,0,0,0,0,0,0,0,0,0,0,0,0,0,0,0,0,0,0,0,0,0,0,0,0,0,0,0,0,0,0,0,0,0,0,0,0
STAT,(NULL),MeminfoPost,44,968,22,22,22,22,22,22,22,22,22,22,22,22,22,22,22,22,22,22,22,22,22,22,22,22,22,22,22,22,22,22,22,22,22,22,22,22,22,22,22,22,22,22,22,22
STAT,(NULL),MeminfoPre,44,968,22,22,22,22,22,22,22,22,22,22,22,22,22,22,22,22,22,22,22,22,22,22,22,22,22,22,22,22,22,22,22,22,22,22,22,22,22,22,22,22,22,22,22,22
STAT,(NULL),NumaPost,44,14822,8624,5218,637,343,0,0,0,0,0,0,0,0,0,0,0,0,0,0,0,0,0,0,0,0,0,0,0,0,0,0,0,0,0,0,0,0,0,0,0,0,0,0,0,0
STAT,(NULL),PopTime,44,397993903593,8969698975,8882875183,9086513927,8860527311,8820326188,8849797168,9133366215,9112000434,9208296073,9190219060,9081254496,9098120980,9320383816,9168804277,9184315825,9250851009,9223642631,9145007183,9044600490,9078362575,9144076134,9142846555,8959703159,9119017020,9232105696,8853011993,9036984388,8999042436,9056248930,8863144583,8886405443,9039182698,9033661806,8995558308,8873510332,9095426275,9062565664,8906708571,8850136871,8964603023,9059476743,9229115265,9047335826,8835072058
STAT,(NULL),PushTime,44,105928847728,2457526545,2504868458,2490592206,2462493542,2492345073,2482824633,2394420494,2447194957,2307989420,2374902413,2419497939,2374378232,2233723980,2384118394,2351386107,2317178000,2227423497,2373175872,2501141702,2373829428,2495803829,2390047816,2468168177,2370995753,2285144398,2462309083,2414719347,2457914274,2437732723,2520936991,2466142027,2350184288,2406979653,2443918625,2390350778,2389280641,2414811378,2279850288,2507621517,2291645083,2441978105,2300319604,2410825363,2560157095
STAT,(NULL),RusageSys,44,236000,236000,0,0,0,0,0,0,0,0,0,0,0,0,0,0,0,0,0,0,0,0,0,0,0,0,0,0,0,0,0,0,0,0,0,0,0,0,0,0,0,0,0,0,0
STAT,(NULL),RusageUser,44,292472000,292472000,0,0,0,0,0,0,0,0,0,0,0,0,0,0,0,0,0,0,0,0,0,0,0,0,0,0,0,0,0,0,0,0,0,0,0,0,0,0,0,0,0,0,0
STAT,(NULL),Threads,44,44,44,0,0,0,0,0,0,0,0,0,0,0,0,0,0,0,0,0,0,0,0,0,0,0,0,0,0,0,0,0,0,0,0,0,0,0,0,0,0,0,0,0,0,0
STAT,(NULL),Time,44,14832720781,14832720781,0,0,0,0,0,0,0,0,0,0,0,0,0,0,0,0,0,0,0,0,0,0,0,0,0,0,0,0,0,0,0,0,0,0,0,0,0,0,0,0,0,0,0
STAT,(NULL),TotalTime,44,24480709082,24480709082,0,0,0,0,0,0,0,0,0,0,0,0,0,0,0,0,0,0,0,0,0,0,0,0,0,0,0,0,0,0,0,0,0,0,0,0,0,0,0,0,0,0,0
STAT,(NULL),UserTime,44,107262668432,2464018960,2505231401,2326081641,2558979790,2574837674,2538219739,2375103162,2346225257,2394145893,2341238809,2401061410,2421014926,2355081454,2348101892,2376366359,2329334939,2441333304,2381741617,2355523103,2437253813,2286946114,2384358786,2451211717,2402773431,2371159008,2554510131,2439264391,2426512501,2405185481,2495604074,2526279891,2472089859,2431893153,2439057750,2600763605,2405345485,2407194575,2703125317,2529113464,2619295472,2376394126,2364073941,2407711601,2491909416
STAT,(NULL),Work,44,643224818815,14618347853,14618773024,14618757961,14618730894,14618767094,14618780334,14618780419,14618754284,14618798216,14618767062,14618770842,14618775686,14618811108,14618738658,14618740698,14618734242,14618743658,14618755518,14618785488,14618783462,14618748352,14618758001,14618802233,14618747966,14618747821,14618728360,14618781912,14618373886,14618745996,14618781639,14618743928,14618760199,14618733000,14618787099,14618745412,14618788881,14618747966,14618774950,14618782783,14618727238,14618788822,14618783806,14618760157,14618781907
STAT,(NULL),nBad,44,66198498,1601552,1406769,1241153,1710636,1717690,1448071,1382313,1404928,1605038,1352061,1551472,1729737,1654918,1257637,1723584,1174419,1742451,1401917,1204152,1404007,1215149,1529772,1427706,1403572,1552430,1671130,1475168,1390417,1378058,1426268,1422995,1764007,1420289,1387003,2101704,1324697,1321640,2599559,1429179,1951345,1211072,1414044,1306337,1360452
STAT,(NULL),nEmpty,44,18922394,450526,499733,409847,503013,502880,516524,413506,393632,356134,396694,383390,380869,356836,416788,362550,402571,389722,420752,418115,413782,396524,410532,438326,432332,397018,520927,460307,436404,428294,514976,528196,412863,443350,411530,453412,412315,425647,358795,514066,412752,426088,373538,421031,505307
STAT,(NULL),nEmptyPop,44,64760,1607,2091,1250,1084,1142,2254,1516,1229,1539,1487,1248,974,1072,1780,1575,1462,1108,1267,1576,1675,1364,1736,1686,1257,1180,1502,1452,1603,1560,1895,2107,1194,1353,1139,1364,1082,1368,942,1806,1631,1427,1357,1737,2082
STAT,(NULL),nOverall,44,186198286,4432540,4675515,3870885,4862004,4875286,4748783,4011997,3952116,3860316,3877457,4080228,4060805,3869396,3947433,3991728,3817869,4093797,4039069,3952550,4020073,3808041,4150704,4247060,4136196,4018260,4873548,4372348,4173471,4146526,4695688,4753433,4226545,4211915,4034527,4720468,3996133,4041582,4842041,4713637,4560163,3952778,3807142,4032261,4643972
STAT,(NULL),nPop,44,34383923,818463,887884,731142,906721,907542,910883,746569,721902,676861,718644,722466,718183,678181,744345,694103,719511,729985,756156,746141,747477,712685,755308,790840,775873,730700,925519,823357,782928,772423,904815,922692,764128,793216,746617,845582,744128,761307,761177,905285,791549,754302,689705,755779,890849
STAT,(NULL),nPush,44,34383917,821819,889850,735009,901172,907305,905120,746642,723361,682686,720035,728109,719594,688530,748602,698802,725812,722066,752037,756810,746176,718665,760901,789563,777780,734578,915513,822438,776574,778493,893501,908055,752245,788881,746521,845575,741321,764002,764772,899696,786949,752632,690290,759965,895470
STAT,(NULL),nPushInit,44,6,0,1,1,1,1,1,0,1,0,0,0,0,0,0,0,0,0,0,0,0,0,0,0,0,0,0,0,0,0,0,0,0,0,0,0,0,0,0,0,0,0,0,0,0
==== BENCHMARK TOOK 11.945
==== BENCHMARK START ===
==== PARAMS kernel=4.9.5-64-net1 malloc=libc hostname=rack-castor threads=44 delta=4 prog=sssp-klsm4096  ===
ERROR: ld.so: object '/specific/disk1/home/adamx/malloc/lib64/libjemalloc.so' from LD_PRELOAD cannot be preloaded (cannot open shared object file): ignored.
Galois Benchmark Suite v2.2.1 (r0)
Copyright (C) 2014 The University of Texas at Austin
http://iss.ices.utexas.edu/galois/

application: Single Source Shortest Path
Computes the shortest path from a source node to all nodes in a directed graph using a modified chaotic iteration algorithm
http://iss.ices.utexas.edu/?p=projects/galois/benchmarks/single_source_shortest_path

INFO: CommandLine ./build/debug/apps/sssp/sssp -noverify -t 44 -delta 4 -wl klsm4096 -startNode 0 /specific/disk1/home/mad/Galois-PQ/inputs/planar10M.gr
INFO: Hostname rack-castor
Read 10000000 nodes
Running Asynchronous with CAS version
INFO: Using delta-step of 1
WARNING: Performance varies considerably due to delta parameter.
WARNING: Do not expect the default to be good for your graph.
Node 1 has distance 7300
STATTYPE,LOOP,CATEGORY,n,sum,T0,T1,T2,T3,T4,T5,T6,T7,T8,T9,T10,T11,T12,T13,T14,T15,T16,T17,T18,T19,T20,T21,T22,T23,T24,T25,T26,T27,T28,T29,T30,T31,T32,T33,T34,T35,T36,T37,T38,T39,T40,T41,T42,T43
STAT,(NULL),BadWork,44,37340516010,791859635,795110219,1107124075,783849459,771012155,768427620,792111743,834326564,874419465,742627166,892947742,881092196,910984317,872756390,852206165,715008151,757227649,926535277,852837594,719475999,737388098,765132904,823444587,793100231,1256651155,857889759,917228083,935401525,833146731,793483030,924168967,830920716,750502529,843558307,725971749,892307391,966323596,875726569,776582266,875375136,815040776,1068698404,780569359,859964561
STAT,(NULL),BarrierTime,44,10083241,1123555,578620,550496,496165,459573,466112,427392,341308,393469,298452,318105,365449,262523,274225,316293,299109,266392,257876,309321,236928,217504,237389,54700,65958,17914,36478,60068,57254,31384,38710,26064,31991,37491,485774,66763,60175,19477,42055,40983,268769,62336,29876,20936,31829
STAT,(NULL),ConflictTime,44,0,0,0,0,0,0,0,0,0,0,0,0,0,0,0,0,0,0,0,0,0,0,0,0,0,0,0,0,0,0,0,0,0,0,0,0,0,0,0,0,0,0,0,0,0
STAT,(NULL),Conflicts,44,0,0,0,0,0,0,0,0,0,0,0,0,0,0,0,0,0,0,0,0,0,0,0,0,0,0,0,0,0,0,0,0,0,0,0,0,0,0,0,0,0,0,0,0,0
STAT,(NULL),EmptyPopTime,44,765654899,14311878,16516977,15844273,31037973,13248840,21667863,26271814,14735235,14702447,12154628,21600598,11161401,23828293,12543152,21310047,21065602,19261347,11694707,32616204,25419007,23635577,21481974,12898598,20972695,16810694,14022354,14455220,11916903,10898993,19587617,12965581,12219722,15832206,16618966,15478273,12089275,14320299,14107718,21103571,14247948,13491461,13357016,18152950,23997002
STAT,(NULL),EmptyWork,44,5351189277,121765377,130831027,111101419,130740862,130230434,131328497,115029810,113424989,116888795,115833368,118740391,123458063,119526019,113881784,118868669,118567828,114729626,114827395,124605307,119241316,123538644,120890224,124821980,119502375,105921404,129647455,124210498,122263767,125487621,127971879,136313043,122872730,129663797,120049432,120845218,119747727,122748848,118246948,129197491,124337407,121870931,109773491,120449776,127195615
STAT,(NULL),GaloisTime,44,26243076833,591575339,591887150,611135961,593052862,589966291,593654830,593371536,582118476,590445467,585034716,602796456,613464006,599929600,590697810,598924158,574828346,574131220,594779241,592674685,587707592,575372766,573225431,599902111,588670377,617187600,601339875,606938417,606324987,601186959,594424197,621007514,598451927,601985075,599374644,592618390,608396587,616359599,603242767,590711264,605681260,594816347,605778760,587085128,600819109
STAT,(NULL),InitPushTime,44,2763653,39094,24312,22144,21548,20364,21141,75268,47760,36982,40268,36305,38968,65582,64739,36177,36320,35779,34029,33871,37988,38772,35579,118536,105988,105827,105564,105416,105380,105732,105189,105101,79280,78159,78554,78056,77968,76244,76274,77748,67232,66696,66492,67826,67401
STAT,(NULL),Iterations,44,34839460,828171,891771,710550,913776,912322,913870,695498,709970,760890,718396,820064,809376,746178,750062,723725,746370,748684,715949,807805,721747,740443,771837,834299,766695,714926,924377,822550,795710,776488,914194,939078,765777,848978,753296,751492,788483,749447,749205,885815,779477,807414,663413,759090,891802
STAT,(NULL),LoopTime,44,14836715683,14836715683,0,0,0,0,0,0,0,0,0,0,0,0,0,0,0,0,0,0,0,0,0,0,0,0,0,0,0,0,0,0,0,0,0,0,0,0,0,0,0,0,0,0,0
STAT,(NULL),MeminfoPost,44,968,22,22,22,22,22,22,22,22,22,22,22,22,22,22,22,22,22,22,22,22,22,22,22,22,22,22,22,22,22,22,22,22,22,22,22,22,22,22,22,22,22,22,22,22
STAT,(NULL),MeminfoPre,44,968,22,22,22,22,22,22,22,22,22,22,22,22,22,22,22,22,22,22,22,22,22,22,22,22,22,22,22,22,22,22,22,22,22,22,22,22,22,22,22,22,22,22,22,22
STAT,(NULL),NumaPost,44,15008,8706,5314,644,344,0,0,0,0,0,0,0,0,0,0,0,0,0,0,0,0,0,0,0,0,0,0,0,0,0,0,0,0,0,0,0,0,0,0,0,0,0,0,0,0
STAT,(NULL),PopTime,44,399401133359,8970026549,8893203455,9182105658,8881854277,8924609152,8913872396,9250392622,9306235165,9192820900,9254032566,9039228709,9163045162,9188089619,9227599895,9052005432,9069552149,9210525930,9239422358,9089867119,9196073261,9147329667,9207405751,8991915105,9060825798,9313179028,8871497886,9081724637,9016021977,9079024884,8916752979,8861696547,9085494132,8985215829,9022042757,9137860236,9081156541,9050918310,9015355895,8932674127,8982158432,9091510372,9266825158,9019096831,8938888106
STAT,(NULL),PushTime,44,106672482925,2536778813,2548582655,2291459052,2533594324,2499464095,2505496601,2344583905,2333434573,2371734028,2364067892,2420718179,2261227467,2326912009,2337118715,2452770257,2544051667,2411953330,2345390996,2406393590,2412938446,2500416956,2395661583,2469878948,2496872885,2089413136,2515312075,2371132448,2433270814,2426280246,2502187395,2452731651,2437809467,2481091156,2506503238,2447067436,2367779763,2391034256,2482596056,2493351037,2476417622,2423982157,2271319471,2544257414,2447445121
STAT,(NULL),RusageSys,44,260000,260000,0,0,0,0,0,0,0,0,0,0,0,0,0,0,0,0,0,0,0,0,0,0,0,0,0,0,0,0,0,0,0,0,0,0,0,0,0,0,0,0,0,0,0
STAT,(NULL),RusageUser,44,294196000,294196000,0,0,0,0,0,0,0,0,0,0,0,0,0,0,0,0,0,0,0,0,0,0,0,0,0,0,0,0,0,0,0,0,0,0,0,0,0,0,0,0,0,0,0
STAT,(NULL),Threads,44,44,44,0,0,0,0,0,0,0,0,0,0,0,0,0,0,0,0,0,0,0,0,0,0,0,0,0,0,0,0,0,0,0,0,0,0,0,0,0,0,0,0,0,0,0
STAT,(NULL),Time,44,14947880166,14947880166,0,0,0,0,0,0,0,0,0,0,0,0,0,0,0,0,0,0,0,0,0,0,0,0,0,0,0,0,0,0,0,0,0,0,0,0,0,0,0,0,0,0,0
STAT,(NULL),TotalTime,44,24576988453,24576988453,0,0,0,0,0,0,0,0,0,0,0,0,0,0,0,0,0,0,0,0,0,0,0,0,0,0,0,0,0,0,0,0,0,0,0,0,0,0,0,0,0,0,0
STAT,(NULL),UserTime,44,108621375106,2471332134,2524771801,2494147747,2535514209,2548276902,2539775173,2376140503,2355845508,2419204414,2374672088,2502711596,2533438761,2447506474,2423950344,2461917152,2377730201,2375189908,2399676854,2459639036,2364414986,2335502178,2387130701,2506375470,2418949078,2563281140,2573972942,2507330942,2515994239,2462914128,2544869539,2621078229,2448945170,2492005035,2441203733,2391923455,2516623462,2510411776,2472243502,2538755273,2502950037,2460121720,2438739049,2416750785,2567447732
STAT,(NULL),Work,44,647081213516,14705901799,14706428429,14706434114,14706404643,14706439692,14706412504,14706388751,14706429966,14706406477,14706448098,14706434840,14706378688,14706417432,14706409402,14706432910,14706399261,14706425174,14706430344,14706391413,14706405272,14706423556,14706414877,14706403682,14706394535,14706442178,14706424876,14706401859,14706404214,14706431064,14706422657,14706436162,14706430917,14706425212,14705968838,14706394393,14706399612,14706443572,14706418626,14706422342,14706193547,14706400018,14706430460,14706438852,14706428258
STAT,(NULL),nBad,44,69678477,1468389,1455585,2037948,1454773,1418569,1409847,1447470,1614610,1648870,1363903,1695787,1638645,1700493,1686523,1573140,1302178,1416238,1776276,1605783,1307989,1358551,1408359,1501939,1479109,2365131,1613446,1730461,1748055,1587560,1471843,1753015,1519091,1365747,1587255,1328699,1651533,1808986,1631585,1420667,1647068,1553693,2054904,1448272,1620492
STAT,(NULL),nEmpty,44,19088646,463422,506875,363630,518073,516909,518698,378643,378600,411178,394711,446009,442163,402211,401236,385444,412947,409104,377661,446158,399416,412711,427293,465774,418752,348916,518371,448524,431827,428127,517070,522644,419893,477202,410198,417460,426830,400038,405137,499622,423850,446538,335161,415516,498104
STAT,(NULL),nEmptyPop,44,69272,1444,1709,1595,2698,1926,2639,1635,1217,1966,1491,2347,1551,1458,1223,1424,1597,1578,911,2329,2107,1213,1925,1429,1349,1169,1351,1286,1379,1192,1933,1490,1264,1424,1324,1626,1355,1336,1446,1779,1361,1426,779,1800,1791
STAT,(NULL),nOverall,44,189678265,4396297,4636593,4175638,4764177,4762071,4759193,3816160,3990162,4212684,3898487,4503833,4422783,4139069,4199851,4073118,4014924,4088388,4072414,4355679,3882513,3948549,4151871,4440621,4190483,4402385,4889690,4504229,4383643,4194974,4784245,5012933,4164633,4477747,4130993,4023115,4354759,4206854,4142367,4651595,4284108,4347337,3949570,4138874,4738656
STAT,(NULL),nPop,44,34839460,828171,891771,710550,913776,912322,913870,695498,709970,760890,718396,820064,809376,746178,750062,723725,746370,748684,715949,807805,721747,740443,771837,834299,766695,714926,924377,822550,795710,776488,914194,939078,765777,848978,753296,751492,788483,749447,749205,885815,779477,807414,663413,759090,891802
STAT,(NULL),nPush,44,34839453,830606,880237,710249,903242,906325,903578,694279,719768,766771,720224,828132,796457,739422,762294,728361,752483,760773,717517,805336,719782,749624,775915,827603,784703,718836,913982,822434,791566,777576,902723,931974,769437,845781,753691,749370,783614,752974,750076,883742,779895,814197,666955,765891,881058
STAT,(NULL),nPushInit,44,7,1,1,1,1,1,1,1,0,0,0,0,0,0,0,0,0,0,0,0,0,0,0,0,0,0,0,0,0,0,0,0,0,0,0,0,0,0,0,0,0,0,0,0,0
==== BENCHMARK TOOK 11.884
==== BENCHMARK START ===
==== PARAMS kernel=4.9.5-64-net1 malloc=libc hostname=rack-castor threads=44 delta=4 prog=sssp-klsm4096  ===
ERROR: ld.so: object '/specific/disk1/home/adamx/malloc/lib64/libjemalloc.so' from LD_PRELOAD cannot be preloaded (cannot open shared object file): ignored.
Galois Benchmark Suite v2.2.1 (r0)
Copyright (C) 2014 The University of Texas at Austin
http://iss.ices.utexas.edu/galois/

application: Single Source Shortest Path
Computes the shortest path from a source node to all nodes in a directed graph using a modified chaotic iteration algorithm
http://iss.ices.utexas.edu/?p=projects/galois/benchmarks/single_source_shortest_path

INFO: CommandLine ./build/debug/apps/sssp/sssp -noverify -t 44 -delta 4 -wl klsm4096 -startNode 0 /specific/disk1/home/mad/Galois-PQ/inputs/planar10M.gr
INFO: Hostname rack-castor
Read 10000000 nodes
Running Asynchronous with CAS version
INFO: Using delta-step of 1
WARNING: Performance varies considerably due to delta parameter.
WARNING: Do not expect the default to be good for your graph.
Node 1 has distance 7300
STATTYPE,LOOP,CATEGORY,n,sum,T0,T1,T2,T3,T4,T5,T6,T7,T8,T9,T10,T11,T12,T13,T14,T15,T16,T17,T18,T19,T20,T21,T22,T23,T24,T25,T26,T27,T28,T29,T30,T31,T32,T33,T34,T35,T36,T37,T38,T39,T40,T41,T42,T43
STAT,(NULL),BadWork,44,46511860378,884094258,1000333626,887398484,1128601420,996663716,1038705346,1251565476,995274470,981185358,1047498280,1029240999,891066704,856939163,1326842038,1568252628,1550141204,934822064,1291347601,900641162,1203925551,881488140,964814520,956944771,922307364,1451332567,1016878017,940362197,1012681496,1076749094,1039495933,1119331667,1231699388,932441928,1011756814,1041452660,866916189,998785426,1010961190,955543383,1178913627,1011200854,1196181033,952576772,976505800
STAT,(NULL),BarrierTime,44,13383235,994961,559987,505363,494379,512446,420284,413100,289095,346462,272517,365246,300492,307097,349991,317580,220166,240283,609502,753804,212356,245312,684532,91249,50974,65149,577984,65298,579656,481435,52739,70708,23723,63050,81360,69652,479772,53760,358346,69229,68172,53129,68270,55056,489569
STAT,(NULL),ConflictTime,44,0,0,0,0,0,0,0,0,0,0,0,0,0,0,0,0,0,0,0,0,0,0,0,0,0,0,0,0,0,0,0,0,0,0,0,0,0,0,0,0,0,0,0,0,0
STAT,(NULL),Conflicts,44,0,0,0,0,0,0,0,0,0,0,0,0,0,0,0,0,0,0,0,0,0,0,0,0,0,0,0,0,0,0,0,0,0,0,0,0,0,0,0,0,0,0,0,0,0
STAT,(NULL),EmptyPopTime,44,779501842,30179440,13850418,20169178,11178794,22349557,19709022,11346179,14049003,21290107,14004932,12190633,17040866,16814421,22510665,18558567,16203830,17703783,15848435,18620298,20812177,26192983,25068607,16578991,15256015,12514759,14432119,13219160,20872043,10149768,18556075,15859597,15295437,12307789,16421805,20173635,20219165,23460974,25943710,17441941,15781161,13826555,13474543,17458815,24565890
STAT,(NULL),EmptyWork,44,5519314162,123962743,131003074,124410825,130108309,132317985,136154603,119747784,119352575,121509580,121626803,124082999,128211352,126119991,121148999,106426698,120397018,118983646,116059213,125583745,124836355,121453072,122944701,131487839,134149649,110154672,135159534,128323986,126142322,124933998,135033297,136431170,126394311,130980470,133352329,127903543,118229574,124710871,122349148,132240640,119882302,133608860,115667612,125289265,130446700
STAT,(NULL),GaloisTime,44,28224287595,626058417,631135262,623040495,647892044,634729901,633963790,652307311,620747252,631255063,634591583,641730040,636586859,618168424,658399689,674630461,675526407,613401275,657904191,622109889,656540256,606244227,625421135,644951006,636532196,671933679,650069786,637454628,650356057,646007642,645523906,654887390,669019380,641167387,647305158,645850891,624319820,627809884,631179962,633153962,669254470,642347423,672796711,632761931,627220355
STAT,(NULL),InitPushTime,44,2517894,38280,24384,22376,22172,2820,21756,21372,97570,47371,66337,44844,35167,35136,34791,39732,40708,39504,64079,37996,41804,38568,38432,100628,100269,100320,99535,99587,99359,99521,99638,99557,61490,58286,61175,57794,57075,57603,60126,59716,60566,56166,60639,55924,57721
STAT,(NULL),Iterations,44,36898931,800048,934221,779930,940857,943706,938187,806299,762379,795029,778712,793409,789008,750474,848777,732970,846453,765987,776729,834469,807603,740505,779107,870196,857773,701868,960670,844407,860445,814052,960479,972308,834576,864843,899793,887712,736227,833484,856502,940836,816904,939465,763992,806891,930649
STAT,(NULL),LoopTime,44,15555288618,15555288618,0,0,0,0,0,0,0,0,0,0,0,0,0,0,0,0,0,0,0,0,0,0,0,0,0,0,0,0,0,0,0,0,0,0,0,0,0,0,0,0,0,0,0
STAT,(NULL),MeminfoPost,44,968,22,22,22,22,22,22,22,22,22,22,22,22,22,22,22,22,22,22,22,22,22,22,22,22,22,22,22,22,22,22,22,22,22,22,22,22,22,22,22,22,22,22,22,22
STAT,(NULL),MeminfoPre,44,968,22,22,22,22,22,22,22,22,22,22,22,22,22,22,22,22,22,22,22,22,22,22,22,22,22,22,22,22,22,22,22,22,22,22,22,22,22,22,22,22,22,22,22,22
STAT,(NULL),NumaPost,44,15365,8893,5647,664,161,0,0,0,0,0,0,0,0,0,0,0,0,0,0,0,0,0,0,0,0,0,0,0,0,0,0,0,0,0,0,0,0,0,0,0,0,0,0,0,0
STAT,(NULL),PopTime,44,412135872963,9446390584,9268620375,9533505367,9190358644,9258242422,9099922917,9368525017,9501726393,9465990710,9437506119,9449103918,9392230305,9617760074,9365547812,9544168563,9350247460,9563554053,9486940497,9404117089,9400890256,9611115753,9370418213,9378372176,9289409396,9585730642,9175404073,9345039570,9342722308,9327595219,9243824404,9222368015,9237128309,9225606985,9234750631,9243565089,9655754459,9397618189,9333344324,9238862446,9309108127,9215201828,9484606591,9331409556,9191568085
STAT,(NULL),PushTime,44,114419905287,2612727030,2669870365,2561275952,2679365601,2654596220,2804958197,2545527528,2598553235,2577502538,2591541775,2572449567,2659734048,2531218057,2479175332,2233374061,2322948463,2569995473,2408510495,2646249664,2494229357,2561695951,2693526518,2577159881,2722164259,2300551723,2710776877,2675284803,2599455255,2688998459,2626540145,2595138607,2623727047,2763438236,2712441439,2700086539,2500631978,2629492360,2674535450,2696857325,2565985975,2689631911,2418864074,2716691832,2762425685
STAT,(NULL),RusageSys,44,276000,276000,0,0,0,0,0,0,0,0,0,0,0,0,0,0,0,0,0,0,0,0,0,0,0,0,0,0,0,0,0,0,0,0,0,0,0,0,0,0,0,0,0,0,0
STAT,(NULL),RusageUser,44,308680000,308680000,0,0,0,0,0,0,0,0,0,0,0,0,0,0,0,0,0,0,0,0,0,0,0,0,0,0,0,0,0,0,0,0,0,0,0,0,0,0,0,0,0,0,0
STAT,(NULL),Threads,44,44,44,0,0,0,0,0,0,0,0,0,0,0,0,0,0,0,0,0,0,0,0,0,0,0,0,0,0,0,0,0,0,0,0,0,0,0,0,0,0,0,0,0,0,0
STAT,(NULL),Time,44,15672005826,15672005826,0,0,0,0,0,0,0,0,0,0,0,0,0,0,0,0,0,0,0,0,0,0,0,0,0,0,0,0,0,0,0,0,0,0,0,0,0,0,0,0,0,0,0
STAT,(NULL),TotalTime,44,25476280838,25476280838,0,0,0,0,0,0,0,0,0,0,0,0,0,0,0,0,0,0,0,0,0,0,0,0,0,0,0,0,0,0,0,0,0,0,0,0,0,0,0,0,0,0,0
STAT,(NULL),UserTime,44,117835755507,2590556423,2715400010,2567476990,2770976331,2727643970,2735171504,2732426593,2575449541,2612331649,2630604230,2630322442,2596074884,2519799183,2783095757,2852721840,2944554847,2546241323,2744612899,2613197371,2732569331,2503177872,2592499664,2681327177,2632365788,2748992281,2744034983,2630555970,2690329287,2632192607,2760399720,2805192881,2758313240,2656376178,2685606732,2692297703,2510722342,2626785562,2642524646,2711322007,2749865319,2735261114,2724468068,2606266490,2693650758
STAT,(NULL),Work,44,678936700405,15430065440,15430473089,15430497455,15430456964,15430443178,15430496613,15430500570,15430465042,15430483439,15430492166,15430461018,15430496268,15430492390,15430449143,15430472034,15430493358,15430478700,15430049078,15429961333,15430496328,15430471290,15430038606,15430454521,15430494215,15430480642,15429961891,15430479904,15429961500,15430063840,15430493626,15430475455,15430518693,15430470718,15430464088,15430463815,15430056855,15430479504,15430187705,15430477489,15430476912,15430490885,15430477123,15430481264,15430056258
STAT,(NULL),nBad,44,85910391,1610835,1848112,1619336,2146447,1834047,1918944,2364998,1850688,1806619,1935346,1926317,1613511,1550649,2533863,2887643,2799145,1707895,2380256,1636807,2302882,1609326,1773561,1753043,1654154,2740356,1875928,1726148,1865610,1999524,1898273,2062834,2277506,1711166,1843000,1978178,1566857,1839932,1891058,1747759,2207567,1866879,2201705,1766820,1778867
STAT,(NULL),nEmpty,44,19799649,438171,516418,422367,506958,525328,514817,414476,404557,428679,411222,424303,431652,407447,440409,339758,416251,413057,389590,458541,418464,396506,413485,478358,475930,339196,533104,462180,464248,434076,531574,532688,439486,477715,494281,481341,397920,450023,464294,523523,427835,517771,392352,433795,515503
STAT,(NULL),nEmptyPop,44,74127,1724,1622,1903,1520,2089,2415,1030,1282,1816,1278,1937,1636,1686,1278,1005,1606,1350,1432,1902,1313,2141,1763,1916,1456,1074,1696,1598,1836,1375,1995,2050,1220,1603,2268,2137,1780,1786,1577,2447,1355,1867,1473,1543,2347
STAT,(NULL),nOverall,44,205910179,4356957,5032488,4306372,5224263,5037799,5100086,4718070,4310410,4409765,4423632,4442085,4301317,4131561,4916269,4732529,5178947,4251347,4659840,4530191,4681908,4143700,4404157,4718511,4600088,4363464,5148472,4604672,4773624,4574984,5163333,5293232,4755568,4663418,4886756,4894220,4071969,4617292,4726842,5024229,4683083,5082861,4474361,4495040,5000467
STAT,(NULL),nPop,44,36898931,800048,934221,779930,940857,943706,938187,806299,762379,795029,778712,793409,789008,750474,848777,732970,846453,765987,776729,834469,807603,740505,779107,870196,857773,701868,960670,844407,860445,814052,960479,972308,834576,864843,899793,887712,736227,833484,856502,940836,816904,939465,763992,806891,930649
STAT,(NULL),nPush,44,36898924,800665,927978,782676,931509,932415,930833,810293,768918,788836,783110,787020,790045,758256,849096,735198,851894,770090,774911,836313,806061,754069,797029,863650,857628,706627,948815,849239,867422,820023,947706,957750,837992,863460,904243,888139,736402,837636,859763,926507,811375,939721,762600,816206,928805
STAT,(NULL),nPushInit,44,7,1,1,1,1,0,1,1,1,0,0,0,0,0,0,0,0,0,0,0,0,0,0,0,0,0,0,0,0,0,0,0,0,0,0,0,0,0,0,0,0,0,0,0,0
==== BENCHMARK TOOK 12.370
==== BENCHMARK START ===
==== PARAMS kernel=4.9.5-64-net1 malloc=libc hostname=rack-castor threads=44 delta=4 prog=sssp-klsm4096  ===
ERROR: ld.so: object '/specific/disk1/home/adamx/malloc/lib64/libjemalloc.so' from LD_PRELOAD cannot be preloaded (cannot open shared object file): ignored.
Galois Benchmark Suite v2.2.1 (r0)
Copyright (C) 2014 The University of Texas at Austin
http://iss.ices.utexas.edu/galois/

application: Single Source Shortest Path
Computes the shortest path from a source node to all nodes in a directed graph using a modified chaotic iteration algorithm
http://iss.ices.utexas.edu/?p=projects/galois/benchmarks/single_source_shortest_path

INFO: CommandLine ./build/debug/apps/sssp/sssp -noverify -t 44 -delta 4 -wl klsm4096 -startNode 0 /specific/disk1/home/mad/Galois-PQ/inputs/planar10M.gr
INFO: Hostname rack-castor
Read 10000000 nodes
Running Asynchronous with CAS version
INFO: Using delta-step of 1
WARNING: Performance varies considerably due to delta parameter.
WARNING: Do not expect the default to be good for your graph.
Node 1 has distance 7300
STATTYPE,LOOP,CATEGORY,n,sum,T0,T1,T2,T3,T4,T5,T6,T7,T8,T9,T10,T11,T12,T13,T14,T15,T16,T17,T18,T19,T20,T21,T22,T23,T24,T25,T26,T27,T28,T29,T30,T31,T32,T33,T34,T35,T36,T37,T38,T39,T40,T41,T42,T43
STAT,(NULL),BadWork,44,36718970653,836532163,748444459,730335526,791059921,796865326,789734202,699788973,829091652,881520364,796830044,995616267,794852872,1023764751,661225510,746867295,787439503,912456085,935549489,689978310,982864979,764563622,742591894,855020476,995144638,1234880037,759813792,698276460,732702255,897799282,790855187,818481627,928339780,1045977760,686836065,746555531,786327060,754697889,697181048,973498634,849848702,999393887,861643459,860927221,806796656
STAT,(NULL),BarrierTime,44,11584620,1138816,572501,532992,501527,501927,485391,473194,376412,374200,334648,352536,335324,753482,377892,358918,308620,335852,263372,248944,195139,284154,223339,110845,71521,72834,119422,75890,87454,109174,65527,68556,118128,89632,76003,112222,23224,98029,97293,60761,101409,54048,88669,466740,88059
STAT,(NULL),ConflictTime,44,0,0,0,0,0,0,0,0,0,0,0,0,0,0,0,0,0,0,0,0,0,0,0,0,0,0,0,0,0,0,0,0,0,0,0,0,0,0,0,0,0,0,0,0,0
STAT,(NULL),Conflicts,44,0,0,0,0,0,0,0,0,0,0,0,0,0,0,0,0,0,0,0,0,0,0,0,0,0,0,0,0,0,0,0,0,0,0,0,0,0,0,0,0,0,0,0,0,0
STAT,(NULL),EmptyPopTime,44,750484247,19935105,14035416,14400351,11089547,14871760,13890539,18897416,21334432,16264403,24494482,13897826,12962921,27575603,39696380,15190352,18232101,14863416,16896959,14042239,13029741,23271621,18033304,12584731,10292312,8884313,11840105,18211847,17913183,19235716,12341295,13586804,13289320,13797616,23105007,15610495,16193009,21377442,12813988,22943377,18087570,24528677,22100503,14923002,9918021
STAT,(NULL),EmptyWork,44,5272058620,119941962,129511081,120805515,126236208,128389731,127999885,113367293,114422777,116122548,120660867,109952444,120093608,110379018,112829347,118130885,120585624,111315151,115304025,117386172,115714768,113428210,114221131,120769697,116391674,111493507,129835027,122183572,126815308,119123924,126125967,126043843,123750641,119822670,118483446,126180209,115924958,121657836,122330008,128495225,122449740,113562514,121174159,117667469,124978976
STAT,(NULL),GaloisTime,44,25902182611,585494782,574632176,572465857,581543528,578965629,583760880,568151561,582213131,597170031,589342445,600438789,590829624,599637938,566414333,561453853,578935103,584829472,594661190,575312732,603424215,567910808,561649374,600790967,606011919,620698822,593794932,591954768,594878491,599459299,585372648,596811378,602226265,608115399,580714088,586616813,593498053,585424275,579235842,598196625,597734557,606251491,595260230,594480923,585417375
STAT,(NULL),InitPushTime,44,2710201,5360,112217,24492,19943,19521,20234,2888,67476,39924,40892,46064,39176,37315,39192,36126,39304,39160,37576,37928,80623,38132,50023,109772,109854,109362,108892,109303,108673,108746,108834,108732,87978,88176,87531,87663,56973,57486,57303,56716,55272,54978,54494,54971,54926
STAT,(NULL),Iterations,44,34633301,816876,878952,752288,887993,891996,896080,715640,720136,742487,762235,676438,760305,745690,690481,726334,781708,726902,693144,688353,764089,722414,711829,766915,727866,734279,921243,753928,840419,831678,905556,920861,845042,786137,747753,804699,702867,791161,785397,911969,858678,779464,808879,765204,890936
STAT,(NULL),LoopTime,44,14548863558,14548863558,0,0,0,0,0,0,0,0,0,0,0,0,0,0,0,0,0,0,0,0,0,0,0,0,0,0,0,0,0,0,0,0,0,0,0,0,0,0,0,0,0,0,0
STAT,(NULL),MeminfoPost,44,968,22,22,22,22,22,22,22,22,22,22,22,22,22,22,22,22,22,22,22,22,22,22,22,22,22,22,22,22,22,22,22,22,22,22,22,22,22,22,22,22,22,22,22,22
STAT,(NULL),MeminfoPre,44,968,22,22,22,22,22,22,22,22,22,22,22,22,22,22,22,22,22,22,22,22,22,22,22,22,22,22,22,22,22,22,22,22,22,22,22,22,22,22,22,22,22,22,22,22
STAT,(NULL),NumaPost,44,14874,8570,5296,665,343,0,0,0,0,0,0,0,0,0,0,0,0,0,0,0,0,0,0,0,0,0,0,0,0,0,0,0,0,0,0,0,0,0,0,0,0,0,0,0,0
STAT,(NULL),PopTime,44,389679810182,8808368132,8742060032,8928086748,8693566395,8684785252,8737832366,9046664014,9000667348,8961400013,8945391189,9050009749,8800301502,8834729272,9121129949,8986312194,8873955073,8849557697,8943084226,9062076937,8886637513,8941112786,8978276372,8947992965,8924252590,9008445169,8694264510,8897547074,8712666997,8666050872,8671606736,8702713616,8843154463,8784085124,8905590855,8751879647,8952960003,8843205626,8850160411,8682341833,8783138312,8816813752,8907834419,8796425609,8660674840
STAT,(NULL),PushTime,44,105337809752,2414385966,2492596889,2430967780,2508694019,2528061755,2456326812,2353206246,2332057474,2290198065,2337180588,2169878158,2460587997,2318735243,2277556092,2411209017,2424520202,2436716233,2340378567,2341769772,2286159308,2423364094,2438645513,2296952760,2349545687,2143744016,2467901316,2397907023,2489144030,2477261113,2517850791,2428387260,2338599462,2340966679,2428127815,2501647952,2346661289,2443091723,2463508605,2405576860,2395060302,2347227605,2303741964,2459700081,2522009629
STAT,(NULL),RusageSys,44,240000,240000,0,0,0,0,0,0,0,0,0,0,0,0,0,0,0,0,0,0,0,0,0,0,0,0,0,0,0,0,0,0,0,0,0,0,0,0,0,0,0,0,0,0,0
STAT,(NULL),RusageUser,44,288420000,288420000,0,0,0,0,0,0,0,0,0,0,0,0,0,0,0,0,0,0,0,0,0,0,0,0,0,0,0,0,0,0,0,0,0,0,0,0,0,0,0,0,0,0,0
STAT,(NULL),Threads,44,44,44,0,0,0,0,0,0,0,0,0,0,0,0,0,0,0,0,0,0,0,0,0,0,0,0,0,0,0,0,0,0,0,0,0,0,0,0,0,0,0,0,0,0,0
STAT,(NULL),Time,44,14645863829,14645863829,0,0,0,0,0,0,0,0,0,0,0,0,0,0,0,0,0,0,0,0,0,0,0,0,0,0,0,0,0,0,0,0,0,0,0,0,0,0,0,0,0,0,0
STAT,(NULL),TotalTime,44,23687253324,23687253324,0,0,0,0,0,0,0,0,0,0,0,0,0,0,0,0,0,0,0,0,0,0,0,0,0,0,0,0,0,0,0,0,0,0,0,0,0,0,0,0,0,0,0
STAT,(NULL),UserTime,44,107376677510,2468214937,2463507115,2349616070,2495212612,2481268376,2496532491,2316055731,2365647144,2435187414,2399272856,2472165206,2431566590,2525285826,2298716477,2324046557,2400114775,2419060505,2406017501,2305754402,2511374297,2347255438,2305515893,2437249312,2409845908,2523075856,2518704489,2388535913,2474923517,2535210366,2503044046,2548797670,2495320099,2549553730,2360319431,2434405126,2391103411,2401583353,2388291427,2578786708,2499869393,2507956447,2466228800,2433143286,2513341009
STAT,(NULL),Work,44,634341361563,14416453204,14416840959,14416908569,14416885505,14416883684,14416884771,14416888576,14416885806,14416856614,14416897043,14416864236,14416897504,14416485754,14416855310,14416880767,14416882146,14416852414,14416873832,14416887670,14416860664,14416850158,14416888623,14416849696,14416891628,14416887137,14416842768,14416887117,14416877005,14416855105,14416899164,14416895212,14416844748,14416874534,14416883382,14416849932,14416936431,14416861411,14416864802,14416902664,14416858412,14416896046,14416873873,14416492150,14416874537
STAT,(NULL),nBad,44,67959183,1517247,1373100,1315186,1468825,1496326,1443887,1275133,1509320,1662072,1472665,1889881,1449286,1955927,1190258,1385310,1463422,1710353,1676444,1249632,1790790,1403958,1355944,1596781,1868553,2336159,1397551,1262433,1333769,1687460,1458258,1513518,1754820,1908666,1259713,1380162,1436288,1378477,1264748,1839666,1590927,1899584,1594715,1643831,1498138
STAT,(NULL),nEmpty,44,19025648,455915,496509,419342,499403,503612,507368,395260,392394,394608,421308,337751,418298,384453,381171,399284,433698,384979,369924,378851,407247,395159,389955,418155,390210,376175,527526,420394,475317,450563,513328,519631,468522,417896,416303,449688,380471,440337,443079,502718,477236,413420,442865,416019,499306
STAT,(NULL),nEmptyPop,44,62556,1446,1649,1083,1492,1812,1564,1557,1389,1683,1336,1062,1198,2012,1953,1282,1302,1306,1043,1331,1395,1733,1155,1311,996,746,1337,1447,1993,1646,1827,1545,1118,1368,1609,1337,1199,1616,1500,1359,1586,1345,1169,1190,1529
STAT,(NULL),nOverall,44,187958971,4346333,4607326,4010600,4683977,4676700,4682319,3859247,3949214,4189054,4108537,4076099,4117052,4348219,3725984,3938200,4191866,4117287,3891940,3727626,4296592,3942314,3878382,4199135,4064559,4308633,4743157,4018099,4398729,4590176,4725666,4831772,4530934,4431916,3989665,4274672,3879406,4228039,4121378,4927374,4593699,4407064,4410281,4202999,4716750
STAT,(NULL),nPop,44,34633301,816876,878952,752288,887993,891996,896080,715640,720136,742487,762235,676438,760305,745690,690481,726334,781708,726902,693144,688353,764089,722414,711829,766915,727866,734279,921243,753928,840419,831678,905556,920861,845042,786137,747753,804699,702867,791161,785397,911969,858678,779464,808879,765204,890936
STAT,(NULL),nPush,44,34633295,818343,881791,754172,892387,886977,888239,717069,723949,748198,763638,683270,767617,746288,697303,734909,783914,739012,698197,697320,762410,729096,723636,761424,727021,733457,906586,757345,834273,834754,898775,910434,825619,779788,747159,804611,700779,797274,779684,898582,848508,778236,808852,768118,894281
STAT,(NULL),nPushInit,44,6,0,1,1,1,1,1,0,1,0,0,0,0,0,0,0,0,0,0,0,0,0,0,0,0,0,0,0,0,0,0,0,0,0,0,0,0,0,0,0,0,0,0,0,0
==== BENCHMARK TOOK 11.500
==== BENCHMARK START ===
==== PARAMS kernel=4.9.5-64-net1 malloc=libc hostname=rack-castor threads=44 delta=4 prog=sssp-klsm4096  ===
ERROR: ld.so: object '/specific/disk1/home/adamx/malloc/lib64/libjemalloc.so' from LD_PRELOAD cannot be preloaded (cannot open shared object file): ignored.
Galois Benchmark Suite v2.2.1 (r0)
Copyright (C) 2014 The University of Texas at Austin
http://iss.ices.utexas.edu/galois/

application: Single Source Shortest Path
Computes the shortest path from a source node to all nodes in a directed graph using a modified chaotic iteration algorithm
http://iss.ices.utexas.edu/?p=projects/galois/benchmarks/single_source_shortest_path

INFO: CommandLine ./build/debug/apps/sssp/sssp -noverify -t 44 -delta 4 -wl klsm4096 -startNode 0 /specific/disk1/home/mad/Galois-PQ/inputs/planar10M.gr
INFO: Hostname rack-castor
Read 10000000 nodes
Running Asynchronous with CAS version
INFO: Using delta-step of 1
WARNING: Performance varies considerably due to delta parameter.
WARNING: Do not expect the default to be good for your graph.
Node 1 has distance 7300
STATTYPE,LOOP,CATEGORY,n,sum,T0,T1,T2,T3,T4,T5,T6,T7,T8,T9,T10,T11,T12,T13,T14,T15,T16,T17,T18,T19,T20,T21,T22,T23,T24,T25,T26,T27,T28,T29,T30,T31,T32,T33,T34,T35,T36,T37,T38,T39,T40,T41,T42,T43
STAT,(NULL),BadWork,44,36272674807,781769465,727102089,696789749,756806597,808975538,842980688,825534535,953787824,948274648,1091743111,721615562,747364822,672403558,890835120,740823921,824642609,746755989,963195606,760403269,724263657,773800817,721237206,935348848,713695224,1137207031,791842512,767108968,747007680,818178294,958381785,811192905,1009517422,799699947,788228131,875077378,684852888,838456191,804117760,915774881,812967049,902073143,869103889,728992308,842744193
STAT,(NULL),BarrierTime,44,13074140,931322,523670,526773,472745,469083,460297,406099,320716,343741,369938,308799,364771,687259,247850,260079,197169,622448,196430,236686,201850,129018,555574,90156,79990,99478,112191,105566,531230,62219,71280,87310,98750,58411,88152,54442,513177,40547,482998,513821,111933,61780,55210,434298,488884
STAT,(NULL),ConflictTime,44,0,0,0,0,0,0,0,0,0,0,0,0,0,0,0,0,0,0,0,0,0,0,0,0,0,0,0,0,0,0,0,0,0,0,0,0,0,0,0,0,0,0,0,0,0
STAT,(NULL),Conflicts,44,0,0,0,0,0,0,0,0,0,0,0,0,0,0,0,0,0,0,0,0,0,0,0,0,0,0,0,0,0,0,0,0,0,0,0,0,0,0,0,0,0,0,0,0,0
STAT,(NULL),EmptyPopTime,44,709794524,17373223,15037026,26271080,16625454,24172145,11752205,16336873,11942922,14863506,14412272,20549923,16634832,18366034,18416844,15964507,16493082,12845049,11127399,11843590,20103060,15023916,22403041,9166134,18340793,17275660,15073129,9874199,19873505,13852165,24114948,16275945,14368837,13562255,13475528,13959913,18499817,15459772,16862793,8654240,14939848,18096489,15501907,19037904,14970760
STAT,(NULL),EmptyWork,44,5306298557,122453243,125905175,107477245,127355816,132416594,130266200,118844546,111359059,109440556,106834358,120341306,118815520,117892483,112169359,115040844,111849875,118462724,115701903,117974327,119222165,118198679,116577227,116401470,123242802,110143130,131125059,121664434,130425909,121436231,126406070,130092512,123125065,121417737,122029142,126705727,119784046,121183614,123510401,128254564,122631913,124988700,115310885,123006093,128813849
STAT,(NULL),GaloisTime,44,25963794332,584327020,575344673,550414155,581459913,587219488,588045902,587444981,596849312,596046221,596873324,577712009,580666366,572442389,590082123,568054584,574616244,572738168,603367309,591542083,576953931,577266841,566292974,606954999,584819101,613063152,594344446,590979140,602001383,606157654,609276440,604758301,618234293,596420170,598293328,607452276,578218476,594083367,582112855,595262225,604490597,605951578,600937636,582865764,591357141
STAT,(NULL),InitPushTime,44,2418959,101058,58105,56781,20501,2698,20340,2864,61544,36902,37421,36523,52004,38760,38220,39508,47271,47472,46796,47104,46002,77374,81297,110323,110381,109545,60060,59935,59180,59818,59297,58212,58292,58138,57977,57339,56584,57435,57354,56819,55234,54750,55374,55293,55074
STAT,(NULL),Iterations,44,34429698,815187,883221,654399,890718,901273,904540,721383,688776,705727,709696,733553,704643,705647,684717,740843,700602,748343,732692,749361,726635,803889,704779,764715,757960,731860,917728,774479,812144,757976,920106,922574,831335,805804,790746,825068,706816,748965,821276,900517,806860,820312,705931,799776,896126
STAT,(NULL),LoopTime,44,14568220258,14568220258,0,0,0,0,0,0,0,0,0,0,0,0,0,0,0,0,0,0,0,0,0,0,0,0,0,0,0,0,0,0,0,0,0,0,0,0,0,0,0,0,0,0,0
STAT,(NULL),MeminfoPost,44,968,22,22,22,22,22,22,22,22,22,22,22,22,22,22,22,22,22,22,22,22,22,22,22,22,22,22,22,22,22,22,22,22,22,22,22,22,22,22,22,22,22,22,22,22
STAT,(NULL),MeminfoPre,44,968,22,22,22,22,22,22,22,22,22,22,22,22,22,22,22,22,22,22,22,22,22,22,22,22,22,22,22,22,22,22,22,22,22,22,22,22,22,22,22,22,22,22,22,22
STAT,(NULL),NumaPost,44,14777,8528,5268,637,344,0,0,0,0,0,0,0,0,0,0,0,0,0,0,0,0,0,0,0,0,0,0,0,0,0,0,0,0,0,0,0,0,0,0,0,0,0,0,0,0
STAT,(NULL),PopTime,44,391063881264,8847981125,8818357539,9294026650,8761242710,8797313289,8736689992,8983821775,9013190521,9084347065,9018047003,8981812529,9007195658,9028305969,8997291938,8874324767,9104573475,8900165160,8885581082,9053329665,8954906359,8883136191,9021016356,8825625483,8936399360,8974112527,8648556586,8803851105,8729706245,8788872959,8647255879,8640469915,8817445497,8809254167,8865979568,8813228794,9097578097,8894773781,8890794057,8655946245,8886948673,8682683638,9078596058,8826844777,8702301035
STAT,(NULL),PushTime,44,104786007781,2408713367,2425872585,2235045536,2454132604,2376158637,2434200094,2356764575,2282123010,2187969308,2239082704,2369964003,2355405828,2390239137,2310020035,2524411244,2265189617,2458740036,2333331716,2242799368,2405803834,2419444868,2393521754,2365076801,2385638533,2225985574,2518211224,2506889967,2496232504,2463362935,2440277985,2482838603,2292233348,2447265827,2393912713,2375083725,2295670515,2391936808,2367658005,2506084221,2326656598,2494198394,2201556583,2469547029,2470756029
STAT,(NULL),RusageSys,44,200000,200000,0,0,0,0,0,0,0,0,0,0,0,0,0,0,0,0,0,0,0,0,0,0,0,0,0,0,0,0,0,0,0,0,0,0,0,0,0,0,0,0,0,0,0
STAT,(NULL),RusageUser,44,288888000,288888000,0,0,0,0,0,0,0,0,0,0,0,0,0,0,0,0,0,0,0,0,0,0,0,0,0,0,0,0,0,0,0,0,0,0,0,0,0,0,0,0,0,0,0
STAT,(NULL),Threads,44,44,44,0,0,0,0,0,0,0,0,0,0,0,0,0,0,0,0,0,0,0,0,0,0,0,0,0,0,0,0,0,0,0,0,0,0,0,0,0,0,0,0,0,0,0
STAT,(NULL),Time,44,14658125714,14658125714,0,0,0,0,0,0,0,0,0,0,0,0,0,0,0,0,0,0,0,0,0,0,0,0,0,0,0,0,0,0,0,0,0,0,0,0,0,0,0,0,0,0,0
STAT,(NULL),TotalTime,44,23785539937,23785539937,0,0,0,0,0,0,0,0,0,0,0,0,0,0,0,0,0,0,0,0,0,0,0,0,0,0,0,0,0,0,0,0,0,0,0,0,0,0,0,0,0,0,0
STAT,(NULL),UserTime,44,107424754437,2456754927,2477087782,2224370623,2496788332,2520323954,2536650090,2374391773,2422139832,2444937898,2462355531,2367225763,2358886838,2310358705,2409624301,2339808847,2364882687,2374653683,2488495791,2420115402,2360615667,2424530697,2317790577,2514376463,2389160377,2497021540,2530290742,2404342623,2459361914,2443919856,2590269944,2563166332,2572194601,2449681290,2443911433,2501171042,2327851094,2420164285,2456663835,2543400088,2481934036,2511682176,2425698520,2416300147,2529402399
STAT,(NULL),Work,44,635274406587,14437733187,14438140313,14438121543,14438143774,14438153716,14438118024,14438165207,14438156172,14438148998,14438124239,14438182747,14438160962,14437732690,14438179622,14438167945,14438169159,14437741988,14438164265,14438129113,14438166617,14438167634,14437729848,14438148448,14438158338,14438139794,14438126429,14438134037,14437701749,14438176193,14438169238,14438152410,14438124449,14438164244,14438136167,14438170716,14437702694,14438181962,14437740347,14437701122,14438113110,14438163142,14438142017,14437761003,14437701215
STAT,(NULL),nBad,44,67204753,1424587,1322611,1272785,1373870,1502504,1563957,1534079,1804324,1778834,2080632,1314105,1336666,1201187,1681514,1381267,1523282,1360362,1750657,1402567,1341169,1408739,1310218,1771518,1293546,2192057,1464636,1471642,1353329,1498031,1811398,1506346,1887653,1499878,1460350,1614790,1225107,1579440,1483773,1753427,1506016,1668872,1600697,1332326,1560005
STAT,(NULL),nEmpty,44,18883493,450835,499969,354728,503032,506829,509090,394902,362177,366986,362650,404417,388537,394113,355349,406033,374887,411924,389006,412565,398026,445526,390090,408223,420745,372904,519624,426961,454262,413844,509707,518393,444694,446433,437114,456186,391446,408010,451510,501733,445404,447701,376231,449405,501292
STAT,(NULL),nEmptyPop,44,69126,2054,2142,2215,1889,1964,1352,1375,1167,1500,1051,1430,1515,2082,1118,1594,1857,1371,1135,1221,1189,1476,1443,1074,2073,1127,1932,1334,1698,1276,1861,2243,1591,1803,1344,1265,1350,1086,1664,1403,1908,1920,1306,2151,1577
STAT,(NULL),nOverall,44,187204541,4390035,4616561,3609205,4669262,4751074,4764383,3930601,3930630,4078122,4177584,3963053,3805478,3752523,3964944,4031713,3922998,4051156,4136751,4054827,3959789,4313495,3790760,4291012,4060456,4321601,4795508,4185204,4309905,4145021,4943712,4870008,4653533,4327768,4258068,4441574,3798105,4104172,4452363,4801897,4351492,4487128,3967751,4218630,4754689
STAT,(NULL),nPop,44,34429698,815187,883221,654399,890718,901273,904540,721383,688776,705727,709696,733553,704643,705647,684717,740843,700602,748343,732692,749361,726635,803889,704779,764715,757960,731860,917728,774479,812144,757976,920106,922574,831335,805804,790746,825068,706816,748965,821276,900517,806860,820312,705931,799776,896126
STAT,(NULL),nPush,44,34429692,824326,884539,661318,889114,895304,899671,722049,691585,712665,716440,740991,707953,700176,689024,749355,703351,753311,729871,744073,742907,804615,703063,761252,754929,737842,906044,772218,813950,762968,917862,921098,820254,805939,789818,821869,709933,743034,828220,893208,801851,817998,700147,794442,889115
STAT,(NULL),nPushInit,44,6,1,1,1,1,0,1,0,1,0,0,0,0,0,0,0,0,0,0,0,0,0,0,0,0,0,0,0,0,0,0,0,0,0,0,0,0,0,0,0,0,0,0,0,0
==== BENCHMARK TOOK 11.512
==== BENCHMARK START ===
==== PARAMS kernel=4.9.5-64-net1 malloc=libc hostname=rack-castor threads=44 delta=4 prog=sssp-klsm4096  ===
ERROR: ld.so: object '/specific/disk1/home/adamx/malloc/lib64/libjemalloc.so' from LD_PRELOAD cannot be preloaded (cannot open shared object file): ignored.
Galois Benchmark Suite v2.2.1 (r0)
Copyright (C) 2014 The University of Texas at Austin
http://iss.ices.utexas.edu/galois/

application: Single Source Shortest Path
Computes the shortest path from a source node to all nodes in a directed graph using a modified chaotic iteration algorithm
http://iss.ices.utexas.edu/?p=projects/galois/benchmarks/single_source_shortest_path

INFO: CommandLine ./build/debug/apps/sssp/sssp -noverify -t 44 -delta 4 -wl klsm4096 -startNode 0 /specific/disk1/home/mad/Galois-PQ/inputs/planar10M.gr
INFO: Hostname rack-castor
Read 10000000 nodes
Running Asynchronous with CAS version
INFO: Using delta-step of 1
WARNING: Performance varies considerably due to delta parameter.
WARNING: Do not expect the default to be good for your graph.
Node 1 has distance 7300
STATTYPE,LOOP,CATEGORY,n,sum,T0,T1,T2,T3,T4,T5,T6,T7,T8,T9,T10,T11,T12,T13,T14,T15,T16,T17,T18,T19,T20,T21,T22,T23,T24,T25,T26,T27,T28,T29,T30,T31,T32,T33,T34,T35,T36,T37,T38,T39,T40,T41,T42,T43
STAT,(NULL),BadWork,44,38033271423,726791852,818329232,731815338,846263887,805846199,1314726659,692068490,734923167,798252744,891580062,785511193,1193400421,1063152493,809414994,784437827,1019992125,723748820,862394499,857740451,780349423,1325849151,684509975,758136322,836259628,775201557,828329592,845537591,763467659,868453823,820218170,845118639,820330598,1129782426,731685636,1011722299,1190775917,727106812,798188927,922736106,774245634,947992902,881730666,700563377,804588140
STAT,(NULL),BarrierTime,44,10119861,1062889,509266,546114,496881,445583,431637,416842,374000,331984,298740,285136,292212,282084,225079,282782,249234,212903,183816,205840,209434,85368,200339,88060,76953,100604,119134,106868,100252,94466,109927,120715,78208,131097,133902,79968,103828,450056,96668,80578,92102,74553,74275,53080,126404
STAT,(NULL),ConflictTime,44,0,0,0,0,0,0,0,0,0,0,0,0,0,0,0,0,0,0,0,0,0,0,0,0,0,0,0,0,0,0,0,0,0,0,0,0,0,0,0,0,0,0,0,0,0
STAT,(NULL),Conflicts,44,0,0,0,0,0,0,0,0,0,0,0,0,0,0,0,0,0,0,0,0,0,0,0,0,0,0,0,0,0,0,0,0,0,0,0,0,0,0,0,0,0,0,0,0,0
STAT,(NULL),EmptyPopTime,44,797080383,15990815,12469149,23584504,10028615,10902672,17551673,21438583,17640142,17800606,15573435,14744042,12378922,7791586,13646632,20172354,15799473,15776290,12106451,13477992,14429661,19315082,16449667,20960235,37003071,12876691,23387846,14660681,19411464,82301279,17618976,18513717,14561336,15001736,15111131,12606259,11630001,23421686,19417173,11735383,22276309,13749059,20801566,17130474,13835964
STAT,(NULL),EmptyWork,44,5358340452,123121602,132886716,117772706,133640911,127582893,117872813,123240425,122142130,118386054,108836815,122792004,118762794,115103576,124264589,121514162,111699639,116178179,121186227,120886149,123714443,110275537,121399182,123313795,117520987,119309141,130132648,119245760,125806590,126278834,130617406,133172188,126879901,121180186,122281975,122519953,106010314,123984488,118702630,127811773,123347732,121166354,115850819,123416995,126530437
STAT,(NULL),GaloisTime,44,26495072167,587142978,597370608,582681911,605515209,594974343,630221590,591378278,587414924,592456692,593642282,603838332,633221058,609612030,602802949,588718468,597375351,577265579,605492367,601513183,593612537,630662633,578697664,595041730,598847859,595110299,606804386,607575073,607350380,615939325,603065463,609568927,602006976,626222765,599207951,625449367,616173193,589239122,595730214,604793422,606415562,612424415,606597110,589740156,596157506
STAT,(NULL),InitPushTime,44,2225565,5364,116462,56490,55997,20483,20356,2908,72272,51208,39216,38628,38180,34414,87575,65868,35585,35084,37424,38320,51441,81702,54995,81608,85045,85030,80687,80728,80868,84106,79397,79184,42313,35732,39648,31170,40268,31905,39148,31713,30120,29817,29774,33660,33672
STAT,(NULL),Iterations,44,34848425,788216,888965,759810,905767,890759,929332,739384,715002,728846,658741,761850,779848,742927,776884,791618,717785,674308,754175,781449,786540,718556,702249,767240,725927,741011,933941,767487,779751,823074,929692,941741,859965,815848,798822,788844,672791,800987,765827,921021,764998,849220,706930,785288,915009
STAT,(NULL),LoopTime,44,14793550793,14793550793,0,0,0,0,0,0,0,0,0,0,0,0,0,0,0,0,0,0,0,0,0,0,0,0,0,0,0,0,0,0,0,0,0,0,0,0,0,0,0,0,0,0,0
STAT,(NULL),MeminfoPost,44,968,22,22,22,22,22,22,22,22,22,22,22,22,22,22,22,22,22,22,22,22,22,22,22,22,22,22,22,22,22,22,22,22,22,22,22,22,22,22,22,22,22,22,22,22
STAT,(NULL),MeminfoPre,44,968,22,22,22,22,22,22,22,22,22,22,22,22,22,22,22,22,22,22,22,22,22,22,22,22,22,22,22,22,22,22,22,22,22,22,22,22,22,22,22,22,22,22,22,22
STAT,(NULL),NumaPost,44,14829,8565,5455,648,161,0,0,0,0,0,0,0,0,0,0,0,0,0,0,0,0,0,0,0,0,0,0,0,0,0,0,0,0,0,0,0,0,0,0,0,0,0,0,0,0
STAT,(NULL),PopTime,44,397342693030,9003208165,8866824789,9120637703,8768973694,8823079137,8680587993,9041150309,9169373043,9174783080,9240675410,9067776309,9012114928,9102238056,9048227767,9051235422,9181810016,9309008709,9181330410,8920605533,9147661084,9121114002,9237096291,9092946728,9103552461,9149340691,8811442307,9048789311,9071714014,8889371005,8872932865,8835228400,8886184708,8923763335,9009684025,9028806616,9249847897,9025202352,9089127260,8814110364,9172941387,9001023494,9213345294,8972439437,8811387229
STAT,(NULL),PushTime,44,106006393532,2503716394,2513074990,2430731804,2572184321,2573932198,2438532795,2492480194,2413262594,2363215397,2324946977,2393363243,2263631107,2313219370,2396935811,2430693199,2301313376,2318556728,2286225514,2512573917,2347240011,2180156135,2365971395,2442359568,2399527771,2364214509,2500880281,2411075804,2414180290,2419072802,2468062174,2494245273,2534810822,2412062060,2469286113,2341690075,2121356385,2477573946,2418792310,2521451449,2294066402,2362826139,2288980633,2548040143,2565881113
STAT,(NULL),RusageSys,44,256000,256000,0,0,0,0,0,0,0,0,0,0,0,0,0,0,0,0,0,0,0,0,0,0,0,0,0,0,0,0,0,0,0,0,0,0,0,0,0,0,0,0,0,0,0
STAT,(NULL),RusageUser,44,293444000,293444000,0,0,0,0,0,0,0,0,0,0,0,0,0,0,0,0,0,0,0,0,0,0,0,0,0,0,0,0,0,0,0,0,0,0,0,0,0,0,0,0,0,0,0
STAT,(NULL),Threads,44,44,44,0,0,0,0,0,0,0,0,0,0,0,0,0,0,0,0,0,0,0,0,0,0,0,0,0,0,0,0,0,0,0,0,0,0,0,0,0,0,0,0,0,0,0
STAT,(NULL),Time,44,14915714565,14915714565,0,0,0,0,0,0,0,0,0,0,0,0,0,0,0,0,0,0,0,0,0,0,0,0,0,0,0,0,0,0,0,0,0,0,0,0,0,0,0,0,0,0,0
STAT,(NULL),TotalTime,44,24678570456,24678570456,0,0,0,0,0,0,0,0,0,0,0,0,0,0,0,0,0,0,0,0,0,0,0,0,0,0,0,0,0,0,0,0,0,0,0,0,0,0,0,0,0,0,0
STAT,(NULL),UserTime,44,109389620169,2434753784,2545308718,2392524351,2577592826,2537465858,2783170246,2398246346,2358101809,2401295655,2384260323,2465421056,2627828453,2519973034,2482057997,2455602265,2459939707,2331152346,2461595743,2498879136,2441279078,2606413189,2348322566,2393314728,2411483267,2427083225,2595289510,2466590665,2429473948,2534971369,2575640075,2577208672,2503493314,2569707177,2452365558,2536864736,2562919514,2428515380,2426166805,2588034474,2448889660,2556747631,2422361498,2417169731,2554144746
STAT,(NULL),Work,44,645409756338,14668070490,14668403891,14668387166,14668402625,14668435550,14668431970,14668442382,14668389594,14668443420,14668413070,14668428334,14668421398,14668442712,14668428246,14668420224,14668396547,14668431966,14668448836,14668432074,14668400804,14668437250,14668404319,14668432784,14668440012,14668415618,14668401442,14668411812,14668420586,14668421693,14668411859,14668400761,14668444229,14668386690,14668387042,14668441568,14668418196,14668065879,14668424552,14668441135,14668430071,14668445235,14668400198,14668412196,14668389912
STAT,(NULL),nBad,44,69896815,1301469,1493957,1313882,1559921,1469576,2595362,1235557,1315786,1476531,1687684,1426978,2264689,1975881,1462479,1434025,1865929,1292942,1558039,1503225,1390581,2465034,1208815,1405445,1543622,1350154,1530598,1521262,1409110,1664061,1517554,1571458,1501737,2118323,1312487,1896694,2198865,1316136,1462640,1771054,1386286,1764775,1618134,1260606,1477472
STAT,(NULL),nEmpty,44,19079014,441791,502184,423560,509146,505473,480063,414100,394713,397401,341928,420022,399744,383863,428704,438723,373240,367446,412675,429543,439370,358346,390706,424606,392448,409841,526354,421138,434409,451569,525023,533234,480506,432641,446170,421260,325385,447957,420908,512482,422595,462965,377469,441116,516197
STAT,(NULL),nEmptyPop,44,72030,1408,1555,1706,1450,1787,1573,1570,1331,1443,1263,1889,1258,1262,1630,1340,1238,2018,1105,1380,1675,991,1629,2161,1787,1193,2297,1594,2017,1463,2203,2316,1866,1452,1743,1713,1217,1964,1640,1831,1568,1839,1683,2190,1792
STAT,(NULL),nOverall,44,189896603,4173117,4658979,4049840,4776579,4640230,5407818,3920575,3856978,3990725,3815206,4115512,4575841,4319355,4194861,4249925,4146395,3697576,4106877,4235787,4182199,4333762,3751519,4126225,4014710,3987476,4910894,4169508,4161060,4474783,4873618,4921242,4571023,4613553,4247387,4424014,4182121,4253102,4153246,4921454,4120386,4652473,3967534,4145532,4805606
STAT,(NULL),nPop,44,34848425,788216,888965,759810,905767,890759,929332,739384,715002,728846,658741,761850,779848,742927,776884,791618,717785,674308,754175,781449,786540,718556,702249,767240,725927,741011,933941,767487,779751,823074,929692,941741,859965,815848,798822,788844,672791,800987,765827,921021,764998,849220,706930,785288,915009
STAT,(NULL),nPush,44,34848419,794585,888045,757696,902273,877376,921148,745366,720998,741879,663947,755967,786856,737793,776753,790101,723972,682794,737309,785224,785595,716336,699979,769155,724939,742459,933897,768274,781041,822092,918781,932003,867612,816681,808347,787346,682138,804696,769506,913824,757821,839702,713297,785617,917199
STAT,(NULL),nPushInit,44,6,0,1,1,1,1,1,0,1,0,0,0,0,0,0,0,0,0,0,0,0,0,0,0,0,0,0,0,0,0,0,0,0,0,0,0,0,0,0,0,0,0,0,0,0
==== BENCHMARK TOOK 12.009
