==== BENCHMARK START ===
==== PARAMS kernel=4.9.5-64-net1 malloc=libc hostname=rack-castor threads=22 delta=4 prog=sssp-multiqueue4  ===
Galois Benchmark Suite v2.2.1 (r0)
Copyright (C) 2014 The University of Texas at Austin
http://iss.ices.utexas.edu/galois/

application: Single Source Shortest Path
Computes the shortest path from a source node to all nodes in a directed graph using a modified chaotic iteration algorithm
http://iss.ices.utexas.edu/?p=projects/galois/benchmarks/single_source_shortest_path

INFO: CommandLine ./build/debug/apps/sssp/sssp -noverify -t 22 -delta 4 -wl multiqueue4 -startNode 0 /specific/disk1/home/mad/Galois-PQ/inputs/scalefree/rmat16p-2e24.gr
INFO: Hostname rack-castor
Read 16777216 nodes
Running Asynchronous with CAS version
INFO: Using delta-step of 1
WARNING: Performance varies considerably due to delta parameter.
WARNING: Do not expect the default to be good for your graph.
Node 1 has distance 2
STATTYPE,LOOP,CATEGORY,n,sum,T0,T1,T2,T3,T4,T5,T6,T7,T8,T9,T10,T11,T12,T13,T14,T15,T16,T17,T18,T19,T20,T21
STAT,(NULL),BadWork,22,2811110,43940,0,875603,0,0,176404,0,580176,29978,311688,0,408880,0,114509,0,0,0,0,0,0,269932,0
STAT,(NULL),BarrierTime,22,4078904,389271,353214,350326,313608,272017,309056,281420,143724,162782,164768,176355,204012,210382,183728,166099,66992,78236,33756,95312,52190,37556,34100
STAT,(NULL),ConflictTime,22,0,0,0,0,0,0,0,0,0,0,0,0,0,0,0,0,0,0,0,0,0,0,0
STAT,(NULL),Conflicts,22,0,0,0,0,0,0,0,0,0,0,0,0,0,0,0,0,0,0,0,0,0,0,0
STAT,(NULL),EmptyPopTime,22,412081744,20202319,17221303,18849049,17221996,17359344,17399624,18990673,18838553,19637629,19013302,19120546,19042396,18945475,18957033,19459258,18391397,19816940,18752867,19178395,17958251,18422838,19302556
STAT,(NULL),EmptyWork,22,7891301864,354247725,344803702,363097987,350005465,348851024,348642313,363352867,364027002,369708723,360069167,357651675,368501900,367856304,365957812,364700066,355669962,352925849,365656873,368690332,348979036,354027764,353878316
STAT,(NULL),GaloisTime,22,28056832595,1270393525,1177783196,1293418000,1179353728,1185382668,1184599419,1284498644,1272351398,1349149741,1305605152,1325020737,1300289481,1313241029,1311392594,1331837893,1275277369,1267174812,1280739656,1315815363,1254992418,1270281945,1308233827
STAT,(NULL),InitPushTime,22,7120837,417229,316510,319797,280249,284307,284656,292991,356916,319632,304862,294861,305615,300751,322712,340104,347932,312233,378088,321520,330668,342544,346660
STAT,(NULL),Iterations,22,41825568,1927824,2074395,1870240,2086873,2085469,2090113,1846510,1874381,1787282,1855732,1846163,1841933,1843885,1848061,1762230,1899905,1901842,1878002,1823893,1985595,1902473,1792767
STAT,(NULL),LoopTime,22,24870805175,24870805175,0,0,0,0,0,0,0,0,0,0,0,0,0,0,0,0,0,0,0,0,0
STAT,(NULL),MeminfoPost,22,1562,71,71,71,71,71,71,71,71,71,71,71,71,71,71,71,71,71,71,71,71,71,71
STAT,(NULL),MeminfoPre,22,1562,71,71,71,71,71,71,71,71,71,71,71,71,71,71,71,71,71,71,71,71,71,71
STAT,(NULL),NumaPost,22,5598,3279,1003,980,336,0,0,0,0,0,0,0,0,0,0,0,0,0,0,0,0,0,0
STAT,(NULL),PopTime,22,63527718452,2887086033,2841203368,2927698674,2827758747,2821879353,2820980727,2914589851,2900710086,2926228671,2898034355,2904873957,2889676520,2895210685,2890133728,2932981773,2886920207,2886716801,2888307876,2906743326,2857218304,2889746694,2933018716
STAT,(NULL),PushTime,22,171076408507,7795727198,7556196562,7846990711,7489633078,7509279013,7503878694,7832754689,7750191045,7848555574,7862252510,7883941329,7738547902,7849809599,7865149595,7927947766,7916261633,7832742469,7716708585,7830817553,7703929448,7915552485,7899541069
STAT,(NULL),RusageSys,22,0,0,0,0,0,0,0,0,0,0,0,0,0,0,0,0,0,0,0,0,0,0,0
STAT,(NULL),RusageUser,22,243696000,243696000,0,0,0,0,0,0,0,0,0,0,0,0,0,0,0,0,0,0,0,0,0
STAT,(NULL),Threads,22,22,22,0,0,0,0,0,0,0,0,0,0,0,0,0,0,0,0,0,0,0,0,0
STAT,(NULL),Time,22,24871973445,24871973445,0,0,0,0,0,0,0,0,0,0,0,0,0,0,0,0,0,0,0,0,0
STAT,(NULL),TotalTime,22,45459299048,45459299048,0,0,0,0,0,0,0,0,0,0,0,0,0,0,0,0,0,0,0,0,0
STAT,(NULL),UserTime,22,264543204967,12013595007,12404044022,11891198929,12477278806,12458499425,12465750168,11927067539,12035132494,11827973388,11896276309,11850644237,12025195136,11896187647,11889660382,11764325811,11888730690,11981877210,12071086267,11900006583,12158175837,11893220218,11827278862
STAT,(NULL),Work,22,535509754953,24341368662,24341346571,24341347090,24341346944,24341347952,24341347463,24341368602,24341347146,24341369583,24341347922,24341347419,24341356943,24341347423,24341347396,24341353528,24341347090,24341380619,24341347096,24341347020,24341347202,24341347096,24341348186
STAT,(NULL),nBad,22,3724,51,0,1018,0,0,220,0,842,55,519,0,548,0,159,0,0,0,0,0,0,312,0
STAT,(NULL),nEmpty,22,25151935,1172435,1249551,1128032,1257838,1256152,1259993,1095818,1116088,1074172,1118073,1119272,1093833,1101749,1109430,1052897,1155830,1148021,1121365,1086656,1205780,1157408,1071542
STAT,(NULL),nEmptyPop,22,1309193,60300,64942,58549,65334,65288,65434,57761,58678,55910,58091,57796,57664,57725,57855,55145,59472,59496,58785,57100,62169,59570,56129
STAT,(NULL),nOverall,22,268290347,12113891,13357206,11949136,13474603,13458998,13470744,11983016,12376283,11731160,11842236,11591854,12183099,11784778,11750087,11484439,11703610,12047102,12339885,11834148,12436032,11696143,11681897
STAT,(NULL),nPop,22,41825568,1927824,2074395,1870240,2086873,2085469,2090113,1846510,1874381,1787282,1855732,1846163,1841933,1843885,1848061,1762230,1899905,1901842,1878002,1823893,1985595,1902473,1792767
STAT,(NULL),nPush,22,41822836,1859003,2093675,1877298,2113212,2108574,2114036,1802169,1950680,1854462,1875968,1793466,1931019,1807780,1805273,1789010,1814139,1897074,1940913,1835116,1929942,1798501,1831526
STAT,(NULL),nPushInit,22,2732,125,124,126,121,125,123,125,125,125,128,125,129,125,125,127,126,126,122,122,121,125,112
==== BENCHMARK TOOK 21.456
==== BENCHMARK START ===
==== PARAMS kernel=4.9.5-64-net1 malloc=libc hostname=rack-castor threads=22 delta=4 prog=sssp-multiqueue4  ===
Galois Benchmark Suite v2.2.1 (r0)
Copyright (C) 2014 The University of Texas at Austin
http://iss.ices.utexas.edu/galois/

application: Single Source Shortest Path
Computes the shortest path from a source node to all nodes in a directed graph using a modified chaotic iteration algorithm
http://iss.ices.utexas.edu/?p=projects/galois/benchmarks/single_source_shortest_path

INFO: CommandLine ./build/debug/apps/sssp/sssp -noverify -t 22 -delta 4 -wl multiqueue4 -startNode 0 /specific/disk1/home/mad/Galois-PQ/inputs/scalefree/rmat16p-2e24.gr
INFO: Hostname rack-castor
Read 16777216 nodes
Running Asynchronous with CAS version
INFO: Using delta-step of 1
WARNING: Performance varies considerably due to delta parameter.
WARNING: Do not expect the default to be good for your graph.
Node 1 has distance 2
STATTYPE,LOOP,CATEGORY,n,sum,T0,T1,T2,T3,T4,T5,T6,T7,T8,T9,T10,T11,T12,T13,T14,T15,T16,T17,T18,T19,T20,T21
STAT,(NULL),BadWork,22,3701123,471404,16902,0,0,34856,0,0,0,0,0,0,0,0,0,132572,146766,0,27635,98363,1936792,0,835833
STAT,(NULL),BarrierTime,22,6385103,505904,500738,424508,473795,480089,387243,305888,386484,325680,340040,234795,199503,42720,19522,183140,27022,160948,295541,290950,356640,218329,225624
STAT,(NULL),ConflictTime,22,0,0,0,0,0,0,0,0,0,0,0,0,0,0,0,0,0,0,0,0,0,0,0
STAT,(NULL),Conflicts,22,0,0,0,0,0,0,0,0,0,0,0,0,0,0,0,0,0,0,0,0,0,0,0
STAT,(NULL),EmptyPopTime,22,408558626,18352610,17267179,19177568,17177826,17231114,17288286,18993311,18345680,19216247,19294236,18919547,18446891,19456891,18976379,18046806,18890379,19037858,18355992,18813686,20180522,18271933,18817685
STAT,(NULL),EmptyWork,22,7891518051,349767533,348801015,370523268,353991879,349590848,345862320,366003355,356026703,356017343,362343556,363308734,356605655,364666598,359960941,356818776,362631076,362799026,357845772,361376326,365583045,354419041,366575241
STAT,(NULL),GaloisTime,22,27883560670,1242879744,1172487862,1295635131,1175350746,1174129315,1174938954,1301615303,1262163719,1328025075,1318563288,1296354736,1286010419,1325685912,1304307872,1251329080,1280768762,1296313993,1273103399,1287298450,1306835920,1249602929,1280160061
STAT,(NULL),InitPushTime,22,8025233,404994,393909,310564,278851,272791,293589,334748,294130,347326,335844,395515,380225,524140,512970,365972,536756,417006,293981,298626,318360,366216,348720
STAT,(NULL),Iterations,22,41827191,1950130,2066627,1815336,2082300,2079974,2085316,1818372,1917505,1822240,1813168,1860985,1920199,1783945,1845323,1928770,1826547,1821943,1903795,1866339,1858462,1920725,1839190
STAT,(NULL),LoopTime,22,24760033029,24760033029,0,0,0,0,0,0,0,0,0,0,0,0,0,0,0,0,0,0,0,0,0
STAT,(NULL),MeminfoPost,22,1562,71,71,71,71,71,71,71,71,71,71,71,71,71,71,71,71,71,71,71,71,71,71
STAT,(NULL),MeminfoPre,22,1562,71,71,71,71,71,71,71,71,71,71,71,71,71,71,71,71,71,71,71,71,71,71
STAT,(NULL),NumaPost,22,5610,3267,1006,1001,336,0,0,0,0,0,0,0,0,0,0,0,0,0,0,0,0,0,0
STAT,(NULL),PopTime,22,63236058988,2870578153,2822144200,2909738573,2813257098,2807694288,2803677534,2900616760,2874757164,2904991884,2906615654,2875611644,2856190699,2911127338,2888795442,2862525771,2905852583,2910260836,2857533992,2889020477,2882106502,2881550713,2901411683
STAT,(NULL),PushTime,22,168630515404,7618136458,7462688856,7677505357,7388919086,7405500210,7395151344,7785828043,7695240660,7797815237,7714359934,7732855776,7692175383,7693277036,7707366912,7794138761,7747545998,7751446733,7704296841,7656948505,7710138303,7764675410,7734504561
STAT,(NULL),RusageSys,22,0,0,0,0,0,0,0,0,0,0,0,0,0,0,0,0,0,0,0,0,0,0,0
STAT,(NULL),RusageUser,22,242304000,242304000,0,0,0,0,0,0,0,0,0,0,0,0,0,0,0,0,0,0,0,0,0
STAT,(NULL),Threads,22,22,22,0,0,0,0,0,0,0,0,0,0,0,0,0,0,0,0,0,0,0,0,0
STAT,(NULL),Time,22,24761098942,24761098942,0,0,0,0,0,0,0,0,0,0,0,0,0,0,0,0,0,0,0,0,0
STAT,(NULL),TotalTime,22,45528924354,45528924354,0,0,0,0,0,0,0,0,0,0,0,0,0,0,0,0,0,0,0,0,0
STAT,(NULL),UserTime,22,264398001764,12102476930,12378802604,11929614319,12453494902,12448045194,12465273685,11829135034,11995657554,11796124102,11881015048,11915139735,11992761901,11887977611,11922783428,11919331928,11886503362,11862331474,11991056287,11988734149,11917347214,11933670426,11900724877
STAT,(NULL),Work,22,532450383927,24202289958,24202288637,24202306119,24202290030,24202289408,24202289384,24202288658,24202288009,24202287552,24202289168,24202287593,24202287970,24202287116,24202287510,24202289050,24202287838,24202288512,24202289570,24202288946,24202288210,24202288579,24202306110
STAT,(NULL),nBad,22,3972,596,24,0,0,55,0,0,0,0,0,0,0,0,0,139,150,0,33,134,1823,0,1018
STAT,(NULL),nEmpty,22,25153562,1178540,1242146,1078674,1251556,1249736,1253533,1083025,1156112,1100395,1088939,1114373,1168401,1058258,1108097,1175169,1093776,1096098,1142132,1115136,1120717,1171696,1107053
STAT,(NULL),nEmptyPop,22,1309105,61033,64688,56781,65177,65105,65270,56918,60028,57035,56753,58247,60100,55842,57758,60358,57165,57027,59583,58417,58170,60126,57524
STAT,(NULL),nOverall,22,268290595,12503529,13325161,12086911,13436303,13424018,13446164,11726969,12191983,11504601,11873257,11889269,11966980,11871037,11891988,11857831,11793971,11777877,12048855,12117232,11795412,11888019,11873228
STAT,(NULL),nPop,22,41827191,1950130,2066627,1815336,2082300,2079974,2085316,1818372,1917505,1822240,1813168,1860985,1920199,1783945,1845323,1928770,1826547,1821943,1903795,1866339,1858462,1920725,1839190
STAT,(NULL),nPush,22,41824464,1977920,2071512,1911464,2093105,2091261,2093410,1781505,1900159,1774987,1906387,1784817,1851401,1862195,1876936,1852812,1840889,1838653,1857395,1902752,1821241,1853368,1880295
STAT,(NULL),nPushInit,22,2727,127,124,126,122,125,123,126,125,124,128,123,126,124,123,127,126,125,122,125,120,124,112
==== BENCHMARK TOOK 21.456
==== BENCHMARK START ===
==== PARAMS kernel=4.9.5-64-net1 malloc=libc hostname=rack-castor threads=22 delta=4 prog=sssp-multiqueue4  ===
Galois Benchmark Suite v2.2.1 (r0)
Copyright (C) 2014 The University of Texas at Austin
http://iss.ices.utexas.edu/galois/

application: Single Source Shortest Path
Computes the shortest path from a source node to all nodes in a directed graph using a modified chaotic iteration algorithm
http://iss.ices.utexas.edu/?p=projects/galois/benchmarks/single_source_shortest_path

INFO: CommandLine ./build/debug/apps/sssp/sssp -noverify -t 22 -delta 4 -wl multiqueue4 -startNode 0 /specific/disk1/home/mad/Galois-PQ/inputs/scalefree/rmat16p-2e24.gr
INFO: Hostname rack-castor
Read 16777216 nodes
Running Asynchronous with CAS version
INFO: Using delta-step of 1
WARNING: Performance varies considerably due to delta parameter.
WARNING: Do not expect the default to be good for your graph.
Node 1 has distance 2
STATTYPE,LOOP,CATEGORY,n,sum,T0,T1,T2,T3,T4,T5,T6,T7,T8,T9,T10,T11,T12,T13,T14,T15,T16,T17,T18,T19,T20,T21
STAT,(NULL),BadWork,22,4416510,0,70427,114800,138088,30216,0,0,0,0,29546,1150554,0,749224,375916,11852,0,0,1267615,49480,66100,362692,0
STAT,(NULL),BarrierTime,22,7544349,698384,587785,546536,555089,530372,532264,491532,188181,271162,390156,194674,380088,166579,400888,218402,34158,303020,92085,363804,121354,203096,274740
STAT,(NULL),ConflictTime,22,0,0,0,0,0,0,0,0,0,0,0,0,0,0,0,0,0,0,0,0,0,0,0
STAT,(NULL),Conflicts,22,0,0,0,0,0,0,0,0,0,0,0,0,0,0,0,0,0,0,0,0,0,0,0
STAT,(NULL),EmptyPopTime,22,415399056,18998865,17420844,19738708,17418901,17486278,18876012,19201601,19028888,19263774,19251105,18959034,18715771,18880277,19588692,18714101,19102967,19096264,19137227,19424943,18687147,19208160,19199497
STAT,(NULL),EmptyWork,22,7939581211,358078659,346007005,369579990,349852350,345989800,347641472,369023808,357291495,359191279,361046694,366898463,364787399,359523210,370018514,355724252,366153226,359431635,365412376,373543544,363873755,363558663,366953622
STAT,(NULL),GaloisTime,22,28013952883,1281051072,1167968409,1337344919,1178023300,1187314910,1183081776,1302386968,1283327771,1326622543,1306688112,1272542842,1280327593,1289631182,1319476308,1269697564,1274378701,1267576560,1314728395,1313727602,1283883184,1293887673,1280285499
STAT,(NULL),InitPushTime,22,8862138,335828,356779,386460,283955,290215,289325,323548,546246,474018,338336,512048,338004,541948,334796,496244,571252,329500,538516,323868,490324,403620,357308
STAT,(NULL),Iterations,22,41826776,1876896,2082982,1768396,2101746,2099279,2102125,1834797,1868835,1854586,1848495,1902942,1922627,1897965,1811523,1907980,1852871,1860296,1855194,1814776,1909469,1815179,1837817
STAT,(NULL),LoopTime,22,24867972356,24867972356,0,0,0,0,0,0,0,0,0,0,0,0,0,0,0,0,0,0,0,0,0
STAT,(NULL),MeminfoPost,22,1562,71,71,71,71,71,71,71,71,71,71,71,71,71,71,71,71,71,71,71,71,71,71
STAT,(NULL),MeminfoPre,22,1562,71,71,71,71,71,71,71,71,71,71,71,71,71,71,71,71,71,71,71,71,71,71
STAT,(NULL),NumaPost,22,5615,3275,997,824,519,0,0,0,0,0,0,0,0,0,0,0,0,0,0,0,0,0,0
STAT,(NULL),PopTime,22,63890548422,2934651442,2849564579,2956224270,2834509181,2837996832,2827203287,2930362867,2917081278,2915967989,2922161548,2900306039,2890308938,2901109320,2934469701,2911412878,2923686391,2920864486,2911432905,2921394203,2893409237,2922025204,2934405847
STAT,(NULL),PushTime,22,169433983767,7773656815,7509051307,7858894817,7428509878,7430845717,7434001094,7770417567,7750731153,7790975172,7763284411,7707065976,7690559121,7738415749,7735385922,7757670432,7797969206,7657790707,7776042304,7752162276,7707091351,7825941796,7777520996
STAT,(NULL),RusageSys,22,4000,4000,0,0,0,0,0,0,0,0,0,0,0,0,0,0,0,0,0,0,0,0,0
STAT,(NULL),RusageUser,22,242892000,242892000,0,0,0,0,0,0,0,0,0,0,0,0,0,0,0,0,0,0,0,0,0
STAT,(NULL),Threads,22,22,22,0,0,0,0,0,0,0,0,0,0,0,0,0,0,0,0,0,0,0,0,0
STAT,(NULL),Time,22,24869092216,24869092216,0,0,0,0,0,0,0,0,0,0,0,0,0,0,0,0,0,0,0,0,0
STAT,(NULL),TotalTime,22,45733289196,45733289196,0,0,0,0,0,0,0,0,0,0,0,0,0,0,0,0,0,0,0,0,0
STAT,(NULL),UserTime,22,264046364587,11894463775,12370889922,11719118802,12452589027,12441267342,12450096750,11869507273,11933438119,11848880873,11888471406,11995125696,12016203992,11953341608,11881964969,11947681115,11879608935,12036142962,11874146893,11880650286,11993956800,11836280685,11882537357
STAT,(NULL),Work,22,533742018072,24260997320,24260998110,24260999962,24260997030,24260997191,24260996979,24260996936,24260994608,24260996982,24260999244,24260995696,24261020383,24260995854,24260998078,24260995348,24260995197,24261001758,24261028344,24260998178,24260997020,24261019936,24260997918
STAT,(NULL),nBad,22,5323,0,117,147,207,37,0,0,0,0,21,1036,0,944,420,11,0,0,1652,67,108,556,0
STAT,(NULL),nEmpty,22,25153141,1129809,1257903,1055198,1268505,1269255,1269257,1102604,1120367,1122658,1111506,1136854,1164167,1148445,1079748,1165114,1107909,1109348,1125417,1078066,1145794,1083120,1102097
STAT,(NULL),nEmptyPop,22,1309371,58761,65215,55372,65805,65726,65811,57447,58505,58067,57873,59574,60142,59421,56718,59730,58012,58234,58032,56821,59780,56784,57541
STAT,(NULL),nOverall,22,268291946,11952594,13300945,11431837,13415367,13401037,13423798,11868263,12050043,11743867,11906095,12194633,12116939,11997414,11880045,12039029,11845794,12386483,11749553,11865887,12091428,11722570,11908325
STAT,(NULL),nPop,22,41826776,1876896,2082982,1768396,2101746,2099279,2102125,1834797,1868835,1854586,1848495,1902942,1922627,1897965,1811523,1907980,1852871,1860296,1855194,1814776,1909469,1815179,1837817
STAT,(NULL),nPush,22,41824057,1869306,2081409,1748042,2102590,2098267,2103470,1857740,1853179,1838592,1890031,1872500,1883205,1878414,1852233,1919930,1807888,1940307,1822827,1857862,1865284,1821228,1859753
STAT,(NULL),nPushInit,22,2719,122,125,126,123,122,123,126,124,124,127,124,128,123,127,126,126,125,121,123,118,125,111
==== BENCHMARK TOOK 21.582
==== BENCHMARK START ===
==== PARAMS kernel=4.9.5-64-net1 malloc=libc hostname=rack-castor threads=22 delta=4 prog=sssp-multiqueue4  ===
Galois Benchmark Suite v2.2.1 (r0)
Copyright (C) 2014 The University of Texas at Austin
http://iss.ices.utexas.edu/galois/

application: Single Source Shortest Path
Computes the shortest path from a source node to all nodes in a directed graph using a modified chaotic iteration algorithm
http://iss.ices.utexas.edu/?p=projects/galois/benchmarks/single_source_shortest_path

INFO: CommandLine ./build/debug/apps/sssp/sssp -noverify -t 22 -delta 4 -wl multiqueue4 -startNode 0 /specific/disk1/home/mad/Galois-PQ/inputs/scalefree/rmat16p-2e24.gr
INFO: Hostname rack-castor
Read 16777216 nodes
Running Asynchronous with CAS version
INFO: Using delta-step of 1
WARNING: Performance varies considerably due to delta parameter.
WARNING: Do not expect the default to be good for your graph.
Node 1 has distance 2
STATTYPE,LOOP,CATEGORY,n,sum,T0,T1,T2,T3,T4,T5,T6,T7,T8,T9,T10,T11,T12,T13,T14,T15,T16,T17,T18,T19,T20,T21
STAT,(NULL),BadWork,22,963686,85916,0,0,137480,0,52551,0,410120,0,40068,0,0,0,0,66136,145832,13236,0,12347,0,0,0
STAT,(NULL),BarrierTime,22,7563696,696240,594349,583863,551166,547745,562020,370544,243794,426026,409881,120773,151243,119992,124336,383768,311489,350371,322638,103061,325407,24310,240680
STAT,(NULL),ConflictTime,22,0,0,0,0,0,0,0,0,0,0,0,0,0,0,0,0,0,0,0,0,0,0,0
STAT,(NULL),Conflicts,22,0,0,0,0,0,0,0,0,0,0,0,0,0,0,0,0,0,0,0,0,0,0,0
STAT,(NULL),EmptyPopTime,22,425240921,19501060,17985767,19668452,17901262,17917593,17987877,19595015,19614159,19814047,19678766,19663165,19888054,19315643,19432909,19838378,19551781,19989719,19562172,19704468,19327378,19858843,19444413
STAT,(NULL),EmptyWork,22,7955816732,363514838,348387426,363650522,352704186,345479408,353955128,363056684,364699297,366803988,357182700,368682853,369234442,364350330,364077152,365652692,360935878,363454946,366293308,370043081,364293555,363916875,355447443
STAT,(NULL),GaloisTime,22,28338014245,1287184116,1179780501,1307006181,1187392760,1186177134,1190854103,1294398761,1305952986,1315188856,1319020155,1294171054,1323736507,1298735978,1326530776,1315778564,1296975102,1327111270,1326046212,1333832138,1303276111,1313184096,1305680884
STAT,(NULL),InitPushTime,22,8684579,339872,354625,367068,287754,272576,277567,409547,483320,292363,308143,561579,593619,571597,566588,333436,338688,307411,300517,482029,296396,565840,374044
STAT,(NULL),Iterations,22,41824694,1885771,2096731,1855253,2110292,2107995,2112680,1870722,1869614,1856249,1869456,1873340,1840990,1883352,1879840,1820266,1844374,1812561,1855310,1825905,1874728,1809445,1869820
STAT,(NULL),LoopTime,22,24960888984,24960888984,0,0,0,0,0,0,0,0,0,0,0,0,0,0,0,0,0,0,0,0,0
STAT,(NULL),MeminfoPost,22,1562,71,71,71,71,71,71,71,71,71,71,71,71,71,71,71,71,71,71,71,71,71,71
STAT,(NULL),MeminfoPre,22,1562,71,71,71,71,71,71,71,71,71,71,71,71,71,71,71,71,71,71,71,71,71,71
STAT,(NULL),NumaPost,22,5614,3270,1001,824,519,0,0,0,0,0,0,0,0,0,0,0,0,0,0,0,0,0,0
STAT,(NULL),PopTime,22,64358360412,2935232740,2870921582,2952688216,2857232575,2854874383,2844247851,2938665102,2951141823,2954544891,2943739839,2926976557,2939038390,2920153319,2928950736,2951812119,2943597402,2962514930,2926554733,2931081188,2923747886,2956973168,2943670982
STAT,(NULL),PushTime,22,170842024924,7786878626,7532244865,7828687234,7482884038,7492486220,7468541850,7799951100,7853606391,7696486468,7802593340,7697543959,7803558514,7790184577,7855204772,7903155399,7890139050,7928296168,7801832396,7880811698,7722481004,7890953692,7933503563
STAT,(NULL),RusageSys,22,4000,4000,0,0,0,0,0,0,0,0,0,0,0,0,0,0,0,0,0,0,0,0,0
STAT,(NULL),RusageUser,22,244452000,244452000,0,0,0,0,0,0,0,0,0,0,0,0,0,0,0,0,0,0,0,0,0
STAT,(NULL),Threads,22,22,22,0,0,0,0,0,0,0,0,0,0,0,0,0,0,0,0,0,0,0,0,0
STAT,(NULL),Time,22,24962004384,24962004384,0,0,0,0,0,0,0,0,0,0,0,0,0,0,0,0,0,0,0,0,0
STAT,(NULL),TotalTime,22,47176577344,47176577344,0,0,0,0,0,0,0,0,0,0,0,0,0,0,0,0,0,0,0,0,0
STAT,(NULL),UserTime,22,265266687614,12025240084,12468231420,11945852740,12519438157,12520617096,12541964840,12001885377,11922539750,12064713820,11975336523,12110512537,11962092520,12024811652,11923354681,11861315226,11906352883,11816188355,11977265423,11882080415,12084426138,11872663176,11859804801
STAT,(NULL),Work,22,537188367096,24417649416,24417649526,24417649812,24417648774,24417649241,24417649705,24417670633,24417667531,24417648982,24417649084,24417647085,24417646107,24417646472,24417646018,24417649254,24417667120,24417668317,24417649933,24417668456,24417649898,24417646858,24417648874
STAT,(NULL),nBad,22,1326,133,0,0,207,0,80,0,533,0,41,0,0,0,0,91,212,13,0,16,0,0,0
STAT,(NULL),nEmpty,22,25151063,1132086,1264432,1108783,1274140,1271392,1275944,1120343,1126898,1106658,1130967,1107601,1103807,1129837,1142819,1100347,1103886,1099134,1114944,1094927,1117445,1080685,1143988
STAT,(NULL),nEmptyPop,22,1309444,59050,65658,58100,66086,66012,66157,58528,58493,58123,58538,58663,57652,58976,58867,57003,57704,56710,58084,57127,58693,56667,58553
STAT,(NULL),nOverall,22,268287949,12090489,13421553,11951895,13546131,13493343,13537245,12144764,11923003,12359698,11966087,12405098,11892693,12042970,11707505,11590104,11778626,11426669,11923058,11672675,12254516,11675568,11484259
STAT,(NULL),nPop,22,41824694,1885771,2096731,1855253,2110292,2107995,2112680,1870722,1869614,1856249,1869456,1873340,1840990,1883352,1879840,1820266,1844374,1812561,1855310,1825905,1874728,1809445,1869820
STAT,(NULL),nPush,22,41821964,1879958,2091040,1837532,2109909,2109935,2113744,1922812,1879833,1964111,1883730,1938614,1855847,1836802,1815885,1814160,1818586,1781446,1870453,1807697,1901516,1804088,1784266
STAT,(NULL),nPushInit,22,2730,128,125,126,123,124,122,124,123,126,128,123,127,124,124,126,126,125,123,124,124,123,112
==== BENCHMARK TOOK 22.217
==== BENCHMARK START ===
==== PARAMS kernel=4.9.5-64-net1 malloc=libc hostname=rack-castor threads=22 delta=4 prog=sssp-multiqueue4  ===
Galois Benchmark Suite v2.2.1 (r0)
Copyright (C) 2014 The University of Texas at Austin
http://iss.ices.utexas.edu/galois/

application: Single Source Shortest Path
Computes the shortest path from a source node to all nodes in a directed graph using a modified chaotic iteration algorithm
http://iss.ices.utexas.edu/?p=projects/galois/benchmarks/single_source_shortest_path

INFO: CommandLine ./build/debug/apps/sssp/sssp -noverify -t 22 -delta 4 -wl multiqueue4 -startNode 0 /specific/disk1/home/mad/Galois-PQ/inputs/scalefree/rmat16p-2e24.gr
INFO: Hostname rack-castor
Read 16777216 nodes
Running Asynchronous with CAS version
INFO: Using delta-step of 1
WARNING: Performance varies considerably due to delta parameter.
WARNING: Do not expect the default to be good for your graph.
Node 1 has distance 2
STATTYPE,LOOP,CATEGORY,n,sum,T0,T1,T2,T3,T4,T5,T6,T7,T8,T9,T10,T11,T12,T13,T14,T15,T16,T17,T18,T19,T20,T21
STAT,(NULL),BadWork,22,2750298,0,0,844687,0,178459,0,0,327609,0,0,150571,0,0,0,0,0,0,81591,219764,220415,0,727202
STAT,(NULL),BarrierTime,22,6249412,514910,460584,457624,409271,398503,425796,388288,259390,242876,25935,273104,244662,309141,323768,171371,157332,166056,182696,176271,234612,204952,222270
STAT,(NULL),ConflictTime,22,0,0,0,0,0,0,0,0,0,0,0,0,0,0,0,0,0,0,0,0,0,0,0
STAT,(NULL),Conflicts,22,0,0,0,0,0,0,0,0,0,0,0,0,0,0,0,0,0,0,0,0,0,0,0
STAT,(NULL),EmptyPopTime,22,405321559,18209857,17205968,18776660,17232129,17179627,17222620,18151887,18585441,18731400,18349459,20419505,18892078,18352113,18133372,18873164,18564328,18748080,18802181,18223014,18671995,18975706,19020975
STAT,(NULL),EmptyWork,22,7838707431,352914085,345670791,360303456,339511645,351507849,347432258,354330871,354675478,361889817,348014645,359802123,370133013,355255448,350185586,361469560,353412782,363612743,366348290,358713920,354351515,369770104,359401452
STAT,(NULL),GaloisTime,22,27342210273,1196485801,1158956915,1257927420,1163565673,1164591518,1162543322,1254316159,1278865707,1272812538,1258219038,1294046527,1276299404,1259104263,1257472595,1268532244,1247541673,1246632223,1282213616,1242039138,1269110210,1242311183,1288623106
STAT,(NULL),InitPushTime,22,7788123,471346,328010,385880,300529,311848,303321,343504,351348,351684,555684,326125,354672,315146,340360,474946,353072,342184,329944,335760,281906,309217,321637
STAT,(NULL),Iterations,22,41824705,1965869,2059495,1854960,2074899,2069466,2075004,1921809,1862800,1863004,1920731,1796973,1835833,1884660,1927558,1798192,1850925,1831373,1848342,1921960,1862522,1804524,1793806
STAT,(NULL),LoopTime,22,24428664750,24428664750,0,0,0,0,0,0,0,0,0,0,0,0,0,0,0,0,0,0,0,0,0
STAT,(NULL),MeminfoPost,22,1562,71,71,71,71,71,71,71,71,71,71,71,71,71,71,71,71,71,71,71,71,71,71
STAT,(NULL),MeminfoPre,22,1562,71,71,71,71,71,71,71,71,71,71,71,71,71,71,71,71,71,71,71,71,71,71
STAT,(NULL),NumaPost,22,5602,3275,999,992,336,0,0,0,0,0,0,0,0,0,0,0,0,0,0,0,0,0,0
STAT,(NULL),PopTime,22,62794163327,2842908250,2808086513,2868480250,2806464728,2789174627,2790471454,2850348674,2877665346,2857213610,2857169565,2885833457,2853347206,2854669609,2841074069,2887043032,2876434087,2868615325,2869740910,2853880306,2864317431,2891999947,2899224931
STAT,(NULL),PushTime,22,166297875789,7475299738,7384319715,7559498126,7344541994,7342903874,7327302573,7687815831,7720651801,7554699847,7593661706,7638406342,7550134631,7558006875,7638370064,7677879810,7654715627,7592146385,7606261976,7512233109,7591007743,7549103423,7738914599
STAT,(NULL),RusageSys,22,8000,8000,0,0,0,0,0,0,0,0,0,0,0,0,0,0,0,0,0,0,0,0,0
STAT,(NULL),RusageUser,22,239640000,239640000,0,0,0,0,0,0,0,0,0,0,0,0,0,0,0,0,0,0,0,0,0
STAT,(NULL),Threads,22,22,22,0,0,0,0,0,0,0,0,0,0,0,0,0,0,0,0,0,0,0,0,0
STAT,(NULL),Time,22,24429716620,24429716620,0,0,0,0,0,0,0,0,0,0,0,0,0,0,0,0,0,0,0,0,0
STAT,(NULL),TotalTime,22,45418155338,45418155338,0,0,0,0,0,0,0,0,0,0,0,0,0,0,0,0,0,0,0,0,0
STAT,(NULL),UserTime,22,261928573740,12050856143,12222434861,11871690108,12265359204,12271317019,12291703273,11771712779,11686230105,11871329490,11861259037,11738168809,11867869652,11891285363,11831439371,11722876563,11786005711,11846919638,11793307585,11951586685,11839215565,11864515756,11631491023
STAT,(NULL),Work,22,526608889764,23936765206,23936764311,23936764432,23936765430,23936764808,23936765424,23936765101,23936764692,23936785345,23936763119,23936786225,23936786883,23936764693,23936764651,23936763581,23936764832,23936765414,23936765086,23936765751,23936765505,23936764678,23936764597
STAT,(NULL),nBad,22,3663,0,0,1109,0,201,0,0,392,0,0,233,0,0,0,0,0,0,125,312,284,0,1007
STAT,(NULL),nEmpty,22,25151077,1184194,1244136,1103422,1254384,1250133,1254578,1173680,1134656,1114536,1174076,1070379,1091449,1131767,1172073,1071530,1110475,1084095,1114538,1157466,1116916,1057901,1084693
STAT,(NULL),nEmptyPop,22,1309392,61555,64483,58077,64964,64790,64967,60180,58336,58276,60144,56215,57429,59003,60358,56303,57945,57338,57868,60185,58311,56501,56164
STAT,(NULL),nOverall,22,268290286,12663306,13138593,12207254,13234512,13222829,13262376,11739225,11553983,12140467,11981257,11772498,12071608,12079822,11791705,11703733,11820664,12052360,11853418,12356792,11969399,12292840,11381645
STAT,(NULL),nPop,22,41824705,1965869,2059495,1854960,2074899,2069466,2075004,1921809,1862800,1863004,1920731,1796973,1835833,1884660,1927558,1798192,1850925,1831373,1848342,1921960,1862522,1804524,1793806
STAT,(NULL),nPush,22,41821981,1991533,2049143,1893172,2071433,2065864,2072540,1826049,1811720,1916067,1869245,1859631,1865823,1931171,1779022,1787881,1794529,1900921,1855196,1920823,1846276,1937311,1776631
STAT,(NULL),nPushInit,22,2724,120,124,126,119,128,124,125,126,126,124,126,128,125,125,124,126,124,122,123,122,125,112
==== BENCHMARK TOOK 21.439
==== BENCHMARK START ===
==== PARAMS kernel=4.9.5-64-net1 malloc=libc hostname=rack-castor threads=22 delta=4 prog=sssp-multiqueue4  ===
Galois Benchmark Suite v2.2.1 (r0)
Copyright (C) 2014 The University of Texas at Austin
http://iss.ices.utexas.edu/galois/

application: Single Source Shortest Path
Computes the shortest path from a source node to all nodes in a directed graph using a modified chaotic iteration algorithm
http://iss.ices.utexas.edu/?p=projects/galois/benchmarks/single_source_shortest_path

INFO: CommandLine ./build/debug/apps/sssp/sssp -noverify -t 22 -delta 4 -wl multiqueue4 -startNode 0 /specific/disk1/home/mad/Galois-PQ/inputs/scalefree/rmat16p-2e24.gr
INFO: Hostname rack-castor
Read 16777216 nodes
Running Asynchronous with CAS version
INFO: Using delta-step of 1
WARNING: Performance varies considerably due to delta parameter.
WARNING: Do not expect the default to be good for your graph.
Node 1 has distance 2
STATTYPE,LOOP,CATEGORY,n,sum,T0,T1,T2,T3,T4,T5,T6,T7,T8,T9,T10,T11,T12,T13,T14,T15,T16,T17,T18,T19,T20,T21
STAT,(NULL),BadWork,22,1495550,0,19102,64278,0,0,0,0,0,157612,0,0,137923,0,0,0,0,811029,10633,186389,108584,0,0
STAT,(NULL),BarrierTime,22,6382892,564674,475564,452640,455828,433231,425996,131327,355523,276096,307381,308445,155055,305658,291892,20546,226596,272551,169660,202882,210245,190434,150668
STAT,(NULL),ConflictTime,22,0,0,0,0,0,0,0,0,0,0,0,0,0,0,0,0,0,0,0,0,0,0,0
STAT,(NULL),Conflicts,22,0,0,0,0,0,0,0,0,0,0,0,0,0,0,0,0,0,0,0,0,0,0,0
STAT,(NULL),EmptyPopTime,22,419927969,19047289,17444107,19393012,17574577,17544121,17509759,19071219,19221561,19669668,19601131,20556898,19122200,19373132,19402239,19066872,19576799,19951245,19274281,19156283,19400328,19435112,19536136
STAT,(NULL),EmptyWork,22,8053758245,366919191,347770723,371230451,350536941,345754018,350480635,367782664,366719674,376782741,377347268,372076058,368116899,367069407,376621089,359938721,369931075,374571416,364376534,369458834,382223660,364814753,363235493
STAT,(NULL),GaloisTime,22,28371988013,1271880688,1186029223,1321502934,1185740149,1187503748,1187414688,1287795384,1294356688,1337801446,1325578188,1303473240,1305434926,1320812857,1318830100,1295680208,1316937389,1333164438,1329931554,1307873360,1325252357,1301289624,1327704824
STAT,(NULL),InitPushTime,22,7542899,349148,363226,376924,275571,280447,288734,545945,305812,326296,297207,297036,438526,304474,301691,556850,341912,299834,331900,303263,294235,313720,350148
STAT,(NULL),Iterations,22,41823724,1920289,2102673,1843097,2116881,2113595,2119467,1892951,1877934,1824175,1828299,1889458,1901138,1845924,1853463,1883157,1810662,1761462,1865553,1864424,1848660,1846634,1813828
STAT,(NULL),LoopTime,22,24965393932,24965393932,0,0,0,0,0,0,0,0,0,0,0,0,0,0,0,0,0,0,0,0,0
STAT,(NULL),MeminfoPost,22,1562,71,71,71,71,71,71,71,71,71,71,71,71,71,71,71,71,71,71,71,71,71,71
STAT,(NULL),MeminfoPre,22,1562,71,71,71,71,71,71,71,71,71,71,71,71,71,71,71,71,71,71,71,71,71,71
STAT,(NULL),NumaPost,22,5602,3275,999,809,519,0,0,0,0,0,0,0,0,0,0,0,0,0,0,0,0,0,0
STAT,(NULL),PopTime,22,64584716720,2946270847,2880408633,2961846003,2863907874,2866669890,2863505922,2939717522,2951158295,2960666867,2948232100,2927620113,2925340506,2938071919,2942410241,2952160560,2969615925,2985840940,2943611910,2943294611,2948525371,2950184055,2975656616
STAT,(NULL),PushTime,22,170519200208,7707143509,7528210729,7877707563,7467135674,7473800092,7458135182,7844853683,7824480153,7796354544,7803531779,7758533020,7735182415,7752045833,7773867703,7847538063,7862749879,7843416122,7839875248,7772522435,7814221280,7846177801,7891717501
STAT,(NULL),RusageSys,22,0,0,0,0,0,0,0,0,0,0,0,0,0,0,0,0,0,0,0,0,0,0,0
STAT,(NULL),RusageUser,22,244588000,244588000,0,0,0,0,0,0,0,0,0,0,0,0,0,0,0,0,0,0,0,0,0
STAT,(NULL),Threads,22,22,22,0,0,0,0,0,0,0,0,0,0,0,0,0,0,0,0,0,0,0,0,0
STAT,(NULL),Time,22,24966615532,24966615532,0,0,0,0,0,0,0,0,0,0,0,0,0,0,0,0,0,0,0,0,0
STAT,(NULL),TotalTime,22,46072267768,46072267768,0,0,0,0,0,0,0,0,0,0,0,0,0,0,0,0,0,0,0,0,0
STAT,(NULL),UserTime,22,265506983632,12118581148,12469980772,11878163849,12544949703,12538572285,12552798978,11970621468,11973908104,11938567886,11955553248,12047584353,12076645478,12032471542,11998716335,11955458004,11891033069,11872901051,11932775563,12017539687,11940221762,11947944951,11851994396
STAT,(NULL),Work,22,537458770315,24429957224,24429943032,24429942620,24429942768,24429942674,24429943381,24429940260,24429943140,24429942440,24429942853,24429943503,24429942062,24429942694,24429960787,24429940183,24429942824,24429943434,24429942370,24429942660,24429942894,24429943198,24429943314
STAT,(NULL),nBad,22,1833,0,21,80,0,0,0,0,0,149,0,0,230,0,0,0,0,1018,11,207,117,0,0
STAT,(NULL),nEmpty,22,25150095,1155078,1270104,1113897,1278232,1276191,1281256,1137784,1125654,1089007,1083839,1130291,1148119,1098791,1106305,1150215,1088405,1042985,1131481,1119163,1106035,1117501,1099762
STAT,(NULL),nEmptyPop,22,1308891,60057,65810,57678,66252,66147,66335,59242,58767,57093,57222,59127,59496,57775,57970,58946,56673,55133,58388,58351,57860,57797,56772
STAT,(NULL),nOverall,22,268288456,12434298,13376668,11674775,13517589,13495187,13518040,11909483,12020255,11856188,11919184,12165018,12110161,12077877,12002043,11805707,11711206,11735804,11684206,12038797,11843143,11824625,11568202
STAT,(NULL),nPop,22,41823724,1920289,2102673,1843097,2116881,2113595,2119467,1892951,1877934,1824175,1828299,1889458,1901138,1845924,1853463,1883157,1810662,1761462,1865553,1864424,1848660,1846634,1813828
STAT,(NULL),nPush,22,41821004,1942984,2084648,1777768,2104324,2102238,2104859,1809913,1842024,1855801,1830852,1909077,1871567,1926589,1890049,1813784,1846863,1855210,1808014,1903612,1842677,1855541,1842610
STAT,(NULL),nPushInit,22,2720,121,126,126,122,122,124,122,126,124,128,124,125,127,123,124,126,126,124,122,122,124,112
==== BENCHMARK TOOK 21.762
==== BENCHMARK START ===
==== PARAMS kernel=4.9.5-64-net1 malloc=libc hostname=rack-castor threads=22 delta=4 prog=sssp-multiqueue4  ===
Galois Benchmark Suite v2.2.1 (r0)
Copyright (C) 2014 The University of Texas at Austin
http://iss.ices.utexas.edu/galois/

application: Single Source Shortest Path
Computes the shortest path from a source node to all nodes in a directed graph using a modified chaotic iteration algorithm
http://iss.ices.utexas.edu/?p=projects/galois/benchmarks/single_source_shortest_path

INFO: CommandLine ./build/debug/apps/sssp/sssp -noverify -t 22 -delta 4 -wl multiqueue4 -startNode 0 /specific/disk1/home/mad/Galois-PQ/inputs/scalefree/rmat16p-2e24.gr
INFO: Hostname rack-castor
Read 16777216 nodes
Running Asynchronous with CAS version
INFO: Using delta-step of 1
WARNING: Performance varies considerably due to delta parameter.
WARNING: Do not expect the default to be good for your graph.
Node 1 has distance 2
STATTYPE,LOOP,CATEGORY,n,sum,T0,T1,T2,T3,T4,T5,T6,T7,T8,T9,T10,T11,T12,T13,T14,T15,T16,T17,T18,T19,T20,T21
STAT,(NULL),BadWork,22,429000,23026,0,0,46264,45730,0,0,0,0,0,0,0,155047,0,0,0,117000,0,0,0,41933,0
STAT,(NULL),BarrierTime,22,4174664,378489,356421,354297,324459,289043,298256,212383,205810,218468,176651,131429,188820,186868,135667,171455,79848,80116,83327,133734,53308,78715,37100
STAT,(NULL),ConflictTime,22,0,0,0,0,0,0,0,0,0,0,0,0,0,0,0,0,0,0,0,0,0,0,0
STAT,(NULL),Conflicts,22,0,0,0,0,0,0,0,0,0,0,0,0,0,0,0,0,0,0,0,0,0,0,0
STAT,(NULL),EmptyPopTime,22,417496210,18221577,17341138,19079680,17453170,17473901,17503339,19163598,19063063,19294952,19494682,19254437,19083677,19162765,19643953,19288356,20989191,19586881,19566997,19357170,19052848,18993502,19427333
STAT,(NULL),EmptyWork,22,7963862079,354371797,352673669,364453386,350651059,348935719,350342833,363753187,360377899,358762465,364719560,371090550,370170027,369886415,367191539,362395147,369777941,360172631,364512232,366832501,365039132,362790244,364962146
STAT,(NULL),GaloisTime,22,28393098186,1219681918,1181186415,1295336313,1189484081,1185782242,1187464066,1320791796,1317419812,1342807840,1332069625,1305695565,1307714065,1319002044,1355341590,1314043985,1310014458,1326648927,1355976323,1317485492,1313153330,1280999694,1314998605
STAT,(NULL),InitPushTime,22,7190904,461011,350574,356197,270485,285721,287290,323576,307029,301743,303069,325972,330808,333120,326444,313053,346072,345612,325416,296794,335004,313978,351936
STAT,(NULL),Iterations,22,41824120,2011968,2089172,1888066,2105972,2104024,2110438,1845867,1884103,1853346,1843290,1859149,1892710,1859408,1804419,1822879,1810549,1812608,1812730,1839216,1880973,1867269,1825964
STAT,(NULL),LoopTime,22,24994637991,24994637991,0,0,0,0,0,0,0,0,0,0,0,0,0,0,0,0,0,0,0,0,0
STAT,(NULL),MeminfoPost,22,1562,71,71,71,71,71,71,71,71,71,71,71,71,71,71,71,71,71,71,71,71,71,71
STAT,(NULL),MeminfoPre,22,1562,71,71,71,71,71,71,71,71,71,71,71,71,71,71,71,71,71,71,71,71,71,71
STAT,(NULL),NumaPost,22,5626,3273,1178,839,336,0,0,0,0,0,0,0,0,0,0,0,0,0,0,0,0,0,0
STAT,(NULL),PopTime,22,64118859247,2878896827,2853439356,2929772748,2840837448,2840017254,2838204832,2936091638,2934831672,2932459411,2934279163,2916383911,2908379677,2922402733,2943532064,2946335025,2941097923,2954888779,2937939342,2931634445,2917087698,2932659971,2947687330
STAT,(NULL),PushTime,22,171195580977,7711909186,7554649642,7837972429,7481934352,7501393053,7478945766,7923189804,7877761547,7910039312,7846864138,7745265931,7784723507,7848239553,7863931449,7926114840,7879895226,7931522410,7883135664,7733521193,7821872647,7784349628,7868349700
STAT,(NULL),RusageSys,22,0,0,0,0,0,0,0,0,0,0,0,0,0,0,0,0,0,0,0,0,0,0,0
STAT,(NULL),RusageUser,22,244888000,244888000,0,0,0,0,0,0,0,0,0,0,0,0,0,0,0,0,0,0,0,0,0
STAT,(NULL),Threads,22,22,22,0,0,0,0,0,0,0,0,0,0,0,0,0,0,0,0,0,0,0,0,0
STAT,(NULL),Time,22,24995700430,24995700430,0,0,0,0,0,0,0,0,0,0,0,0,0,0,0,0,0,0,0,0,0
STAT,(NULL),TotalTime,22,46662202234,46662202234,0,0,0,0,0,0,0,0,0,0,0,0,0,0,0,0,0,0,0,0,0
STAT,(NULL),UserTime,22,266033253375,12277015443,12500807653,12013484337,12579737633,12566495681,12587637265,11897106283,11950645088,11896733046,11962670470,12102406336,12070027991,11981404358,11910455659,11891919704,11938323617,11867278864,11898965770,12091267995,12023892481,12080305075,11944672626
STAT,(NULL),Work,22,538124348592,24460191296,24460191187,24460191378,24460190941,24460190899,24460206869,24460230158,24460200678,24460192123,24460192285,24460212887,24460191404,24460192540,24460214441,24460193666,24460191952,24460192304,24460213744,24460193190,24460191384,24460191982,24460191284
STAT,(NULL),nBad,22,546,26,0,0,55,62,0,0,0,0,0,0,0,184,0,0,0,158,0,0,0,61,0
STAT,(NULL),nEmpty,22,25150493,1212407,1254764,1139573,1264604,1264333,1268183,1114226,1150518,1124550,1104239,1101531,1141677,1122711,1083511,1099573,1078105,1097749,1091026,1090438,1129114,1116126,1101535
STAT,(NULL),nEmptyPop,22,1309077,62982,65396,59116,65925,65864,66065,57755,58956,58015,57702,58152,59247,58206,56442,57064,56679,56744,56701,57573,58880,58452,57161
STAT,(NULL),nOverall,22,268287169,12764166,13444151,12009453,13566063,13536721,13559038,11636816,11765608,11597093,11850607,12306659,12070408,11824734,11643479,11621233,11823927,11526714,11609056,12265854,11934574,12169010,11761805
STAT,(NULL),nPop,22,41824120,2011968,2089172,1888066,2105972,2104024,2110438,1845867,1884103,1853346,1843290,1859149,1892710,1859408,1804419,1822879,1810549,1812608,1812730,1839216,1880973,1867269,1825964
STAT,(NULL),nPush,22,41821385,1975326,2101475,1874910,2121439,2118072,2122110,1787672,1842846,1803285,1830631,1886352,1875843,1863071,1826376,1803114,1859093,1797298,1802868,1955474,1835837,1902362,1835931
STAT,(NULL),nPushInit,22,2735,126,124,126,119,127,124,125,126,125,128,125,128,126,125,126,126,125,123,123,121,125,112
==== BENCHMARK TOOK 22.001
==== BENCHMARK START ===
==== PARAMS kernel=4.9.5-64-net1 malloc=libc hostname=rack-castor threads=22 delta=4 prog=sssp-multiqueue4  ===
Galois Benchmark Suite v2.2.1 (r0)
Copyright (C) 2014 The University of Texas at Austin
http://iss.ices.utexas.edu/galois/

application: Single Source Shortest Path
Computes the shortest path from a source node to all nodes in a directed graph using a modified chaotic iteration algorithm
http://iss.ices.utexas.edu/?p=projects/galois/benchmarks/single_source_shortest_path

INFO: CommandLine ./build/debug/apps/sssp/sssp -noverify -t 22 -delta 4 -wl multiqueue4 -startNode 0 /specific/disk1/home/mad/Galois-PQ/inputs/scalefree/rmat16p-2e24.gr
INFO: Hostname rack-castor
Read 16777216 nodes
Running Asynchronous with CAS version
INFO: Using delta-step of 1
WARNING: Performance varies considerably due to delta parameter.
WARNING: Do not expect the default to be good for your graph.
Node 1 has distance 2
STATTYPE,LOOP,CATEGORY,n,sum,T0,T1,T2,T3,T4,T5,T6,T7,T8,T9,T10,T11,T12,T13,T14,T15,T16,T17,T18,T19,T20,T21
STAT,(NULL),BadWork,22,3283110,0,0,23305,474271,9288,37408,40787,0,81292,4288,13368,191640,1605130,0,0,43464,99373,26968,0,462956,45116,124456
STAT,(NULL),BarrierTime,22,9311450,773194,648175,616416,612070,600209,587779,546276,453732,464310,490124,138848,451572,267239,403594,137322,390648,377470,325127,386726,442283,193878,4458
STAT,(NULL),ConflictTime,22,0,0,0,0,0,0,0,0,0,0,0,0,0,0,0,0,0,0,0,0,0,0,0
STAT,(NULL),Conflicts,22,0,0,0,0,0,0,0,0,0,0,0,0,0,0,0,0,0,0,0,0,0,0,0
STAT,(NULL),EmptyPopTime,22,409750642,18077065,17375820,19537020,17266013,17357706,17412825,19382477,18768795,18928552,19178809,18990515,19451216,18494761,18972876,18517346,18694039,19212689,18045592,18347758,18594716,18897576,20246476
STAT,(NULL),EmptyWork,22,7852831376,349243567,347767139,363936125,348462011,345527956,351447287,355851558,360340916,354484564,361882144,365940235,367623552,360394395,363166903,353471217,359192825,354027220,350580604,361830508,363445829,360333830,353880991
STAT,(NULL),GaloisTime,22,27654931366,1207657304,1165649274,1311641894,1177776918,1170066952,1174538194,1315146462,1267293813,1312294903,1295811759,1296414153,1315992562,1270434611,1282106992,1265314920,1241591668,1289808011,1241778429,1240488235,1248203983,1264416670,1300503659
STAT,(NULL),InitPushTime,22,8386820,340636,358524,337208,281579,292242,288910,324812,361388,303321,330412,578350,337124,503401,381108,590546,341436,338564,356476,297048,295443,520720,627572
STAT,(NULL),Iterations,22,41825283,2012859,2065246,1770248,2082163,2080212,2083937,1789034,1878861,1853616,1829602,1858628,1795601,1901671,1837676,1880389,1862460,1812004,1952941,1924612,1897330,1834226,1821967
STAT,(NULL),LoopTime,22,24830755939,24830755939,0,0,0,0,0,0,0,0,0,0,0,0,0,0,0,0,0,0,0,0,0
STAT,(NULL),MeminfoPost,22,1562,71,71,71,71,71,71,71,71,71,71,71,71,71,71,71,71,71,71,71,71,71,71
STAT,(NULL),MeminfoPre,22,1562,71,71,71,71,71,71,71,71,71,71,71,71,71,71,71,71,71,71,71,71,71,71
STAT,(NULL),NumaPost,22,5619,3272,1002,826,519,0,0,0,0,0,0,0,0,0,0,0,0,0,0,0,0,0,0
STAT,(NULL),PopTime,22,63162350949,2838233655,2827162679,2922196728,2811266515,2814043381,2805194993,2915425672,2890483541,2898560434,2905985702,2880512636,2902362231,2861697280,2883214332,2880349901,2882061535,2895779946,2835011746,2849007040,2875060036,2887592183,2901148783
STAT,(NULL),PushTime,22,170989091465,7719954777,7567472733,7879703745,7502716171,7517884980,7505461576,7940614928,7849072752,7909154909,7827578080,7870810855,7746617785,7845466025,7783727747,7904379289,7819413129,7910731794,7758694950,7661703211,7649171083,7853647510,7965113436
STAT,(NULL),RusageSys,22,4000,4000,0,0,0,0,0,0,0,0,0,0,0,0,0,0,0,0,0,0,0,0,0
STAT,(NULL),RusageUser,22,242844000,242844000,0,0,0,0,0,0,0,0,0,0,0,0,0,0,0,0,0,0,0,0,0
STAT,(NULL),Threads,22,22,22,0,0,0,0,0,0,0,0,0,0,0,0,0,0,0,0,0,0,0,0,0
STAT,(NULL),Time,22,24831868824,24831868824,0,0,0,0,0,0,0,0,0,0,0,0,0,0,0,0,0,0,0,0,0
STAT,(NULL),TotalTime,22,44549427502,44549427502,0,0,0,0,0,0,0,0,0,0,0,0,0,0,0,0,0,0,0,0,0
STAT,(NULL),UserTime,22,263620525511,12125445328,12333187001,11761598828,12401125637,12393731701,12404558320,11712191189,11872653675,11765191212,11848173056,11825942762,11906564558,11902125660,11927422441,11836577509,11937658970,11789052940,12054503278,12127238212,12104138896,11873722893,11717721445
STAT,(NULL),Work,22,533691667422,24258709564,24258710645,24258710644,24258709549,24258710930,24258709570,24258710282,24258710174,24258731439,24258709796,24258707116,24258708812,24258708376,24258706663,24258707134,24258710158,24258728066,24258710177,24258710859,24258710692,24258708172,24258728604
STAT,(NULL),nBad,22,3854,0,0,31,609,8,48,47,0,101,3,10,267,1614,0,0,49,138,42,0,656,76,155
STAT,(NULL),nEmpty,22,25151639,1228356,1244321,1045765,1253435,1253675,1255448,1077629,1135038,1132838,1096622,1126571,1074390,1149780,1091523,1141215,1105207,1086425,1179999,1147823,1124054,1093230,1108295
STAT,(NULL),nEmptyPop,22,1309313,63019,64658,55426,65185,65124,65243,56009,58830,57983,57265,58188,56218,59545,57533,58880,58303,56681,61145,60264,59397,57423,56994
STAT,(NULL),nOverall,22,268290477,12560141,13294630,11689545,13403941,13392143,13402335,11463309,11927026,11513473,11852669,11710041,12022655,11858005,12074702,11694588,12110772,11579135,12258322,12600387,12622050,11913067,11347541
STAT,(NULL),nPop,22,41825283,2012859,2065246,1770248,2082163,2080212,2083937,1789034,1878861,1853616,1829602,1858628,1795601,1901671,1837676,1880389,1862460,1812004,1952941,1924612,1897330,1834226,1821967
STAT,(NULL),nPush,22,41822557,1969918,2106291,1808928,2128052,2124020,2129157,1805388,1821797,1788427,1814794,1845057,1928302,1814602,1847205,1807611,1841075,1783117,1890851,1981794,1982744,1825373,1778054
STAT,(NULL),nPushInit,22,2726,119,126,126,121,126,124,126,125,124,128,123,129,124,126,126,126,126,122,124,124,122,109
==== BENCHMARK TOOK 21.069
==== BENCHMARK START ===
==== PARAMS kernel=4.9.5-64-net1 malloc=libc hostname=rack-castor threads=22 delta=4 prog=sssp-multiqueue4  ===
Galois Benchmark Suite v2.2.1 (r0)
Copyright (C) 2014 The University of Texas at Austin
http://iss.ices.utexas.edu/galois/

application: Single Source Shortest Path
Computes the shortest path from a source node to all nodes in a directed graph using a modified chaotic iteration algorithm
http://iss.ices.utexas.edu/?p=projects/galois/benchmarks/single_source_shortest_path

INFO: CommandLine ./build/debug/apps/sssp/sssp -noverify -t 22 -delta 4 -wl multiqueue4 -startNode 0 /specific/disk1/home/mad/Galois-PQ/inputs/scalefree/rmat16p-2e24.gr
INFO: Hostname rack-castor
Read 16777216 nodes
Running Asynchronous with CAS version
INFO: Using delta-step of 1
WARNING: Performance varies considerably due to delta parameter.
WARNING: Do not expect the default to be good for your graph.
Node 1 has distance 2
STATTYPE,LOOP,CATEGORY,n,sum,T0,T1,T2,T3,T4,T5,T6,T7,T8,T9,T10,T11,T12,T13,T14,T15,T16,T17,T18,T19,T20,T21
STAT,(NULL),BadWork,22,4491059,455127,0,60699,147679,356223,114410,22688,158263,145174,848482,0,65508,51353,525515,38560,208251,56036,0,1165702,0,31820,39569
STAT,(NULL),BarrierTime,22,8505317,629375,604287,384637,539744,539327,557489,523916,369341,402192,384392,160480,456208,388632,479681,434192,301334,278948,318602,362448,339422,26017,24653
STAT,(NULL),ConflictTime,22,0,0,0,0,0,0,0,0,0,0,0,0,0,0,0,0,0,0,0,0,0,0,0
STAT,(NULL),Conflicts,22,0,0,0,0,0,0,0,0,0,0,0,0,0,0,0,0,0,0,0,0,0,0,0
STAT,(NULL),EmptyPopTime,22,414228788,18999213,17371442,18871470,17312109,17339857,17470985,19333073,19104237,20867210,18946624,20465115,19169142,19111316,18890232,19455530,18423348,19146203,19180716,18422779,18031806,19600715,18715666
STAT,(NULL),EmptyWork,22,7949179083,358236952,344610426,360742940,349906218,349568833,349180166,367654398,364389144,372236514,368531517,364928732,367289586,372096906,371297866,365708300,353214120,363369373,357648362,369675615,347290540,372781721,358820854
STAT,(NULL),GaloisTime,22,27667037270,1254418984,1170360665,1275723220,1170726314,1171517790,1169697790,1290838703,1281002754,1294341094,1259309965,1274796701,1303316340,1282191068,1269128179,1308848699,1237237102,1287675795,1305534197,1258845007,1246057476,1299584174,1255885253
STAT,(NULL),InitPushTime,22,8053957,390890,321243,603842,282119,282538,283445,317612,336688,324968,342824,536279,315512,325476,295398,335848,342828,332132,324444,301455,320444,567864,570108
STAT,(NULL),Iterations,22,41827885,1906728,2077898,1869166,2094825,2092554,2096945,1817405,1849661,1811222,1875557,1865769,1839380,1835852,1886948,1773864,1907336,1827736,1838795,1925163,1991995,1764841,1878245
STAT,(NULL),LoopTime,22,24840476513,24840476513,0,0,0,0,0,0,0,0,0,0,0,0,0,0,0,0,0,0,0,0,0
STAT,(NULL),MeminfoPost,22,1562,71,71,71,71,71,71,71,71,71,71,71,71,71,71,71,71,71,71,71,71,71,71
STAT,(NULL),MeminfoPre,22,1562,71,71,71,71,71,71,71,71,71,71,71,71,71,71,71,71,71,71,71,71,71,71
STAT,(NULL),NumaPost,22,5605,3276,1183,810,336,0,0,0,0,0,0,0,0,0,0,0,0,0,0,0,0,0,0
STAT,(NULL),PopTime,22,63639677543,2900246542,2838027856,2908684235,2828154282,2830674215,2820941250,2925726345,2920252941,2923827080,2892844733,2901225400,2904830927,2901040029,2891598452,2935641373,2896477956,2922560659,2913544884,2872258914,2869268140,2939597636,2902253694
STAT,(NULL),PushTime,22,169012784298,7713791175,7506319299,7763529607,7459471591,7453387953,7432431450,7740034698,7789329654,7636526860,7666965292,7647422582,7719490804,7688900121,7636730333,7864109061,7742930153,7828860671,7729300359,7715267597,7701376048,7805388609,7771220381
STAT,(NULL),RusageSys,22,0,0,0,0,0,0,0,0,0,0,0,0,0,0,0,0,0,0,0,0,0,0,0
STAT,(NULL),RusageUser,22,241960000,241960000,0,0,0,0,0,0,0,0,0,0,0,0,0,0,0,0,0,0,0,0,0
STAT,(NULL),Threads,22,22,22,0,0,0,0,0,0,0,0,0,0,0,0,0,0,0,0,0,0,0,0,0
STAT,(NULL),Time,22,24841582197,24841582197,0,0,0,0,0,0,0,0,0,0,0,0,0,0,0,0,0,0,0,0,0
STAT,(NULL),TotalTime,22,46176507220,46176507220,0,0,0,0,0,0,0,0,0,0,0,0,0,0,0,0,0,0,0,0,0
STAT,(NULL),UserTime,22,262998056428,11921622951,12290626994,11839761544,12341748337,12344828704,12377595214,11823728217,11793240001,11919518864,11960719385,11958474879,11853218745,11903976893,11979671928,11673553387,11919037775,11745704697,11842107956,11932847344,11985292591,11730361640,11860418382
STAT,(NULL),Work,22,531683122091,24167408939,24167409822,24167406112,24167410120,24167409871,24167409564,24167408154,24167432403,24167409830,24167409700,24167413754,24167408456,24167432292,24167409175,24167408202,24167426824,24167425276,24167429514,24167409231,24167409401,24167429445,24167406006
STAT,(NULL),nBad,22,5354,593,0,86,183,469,152,27,225,190,1225,0,83,69,563,53,278,67,0,1004,0,37,50
STAT,(NULL),nEmpty,22,25154226,1156746,1259516,1121667,1269594,1268611,1272605,1085953,1110586,1069566,1108643,1106766,1102529,1089176,1129941,1067226,1145277,1104972,1116015,1164988,1221088,1045320,1137441
STAT,(NULL),nEmptyPop,22,1309274,59689,65052,58517,65583,65510,65647,56899,57859,56704,58717,58409,57582,57428,59073,55539,59668,57176,57520,60277,62369,55257,58799
STAT,(NULL),nOverall,22,268291977,12123958,13196827,11890919,13292221,13295712,13327679,11984816,11730642,12245152,12302041,12284067,11913182,12042232,12250619,11342624,12096277,11508853,11796692,12020458,12100834,11667931,11878241
STAT,(NULL),nPop,22,41827885,1906728,2077898,1869166,2094825,2092554,2096945,1817405,1849661,1811222,1875557,1865769,1839380,1835852,1886948,1773864,1907336,1827736,1838795,1925163,1991995,1764841,1878245
STAT,(NULL),nPush,22,41825156,1913128,2069825,1807812,2096368,2090527,2093523,1898062,1802300,1929152,1890843,1936935,1857623,1841676,1926598,1759312,1875088,1783245,1905797,1847685,1849497,1811978,1838182
STAT,(NULL),nPushInit,22,2729,126,124,126,119,124,125,125,126,125,127,123,126,126,126,126,126,125,123,124,123,124,110
==== BENCHMARK TOOK 21.841
==== BENCHMARK START ===
==== PARAMS kernel=4.9.5-64-net1 malloc=libc hostname=rack-castor threads=22 delta=4 prog=sssp-multiqueue4  ===
Galois Benchmark Suite v2.2.1 (r0)
Copyright (C) 2014 The University of Texas at Austin
http://iss.ices.utexas.edu/galois/

application: Single Source Shortest Path
Computes the shortest path from a source node to all nodes in a directed graph using a modified chaotic iteration algorithm
http://iss.ices.utexas.edu/?p=projects/galois/benchmarks/single_source_shortest_path

INFO: CommandLine ./build/debug/apps/sssp/sssp -noverify -t 22 -delta 4 -wl multiqueue4 -startNode 0 /specific/disk1/home/mad/Galois-PQ/inputs/scalefree/rmat16p-2e24.gr
INFO: Hostname rack-castor
Read 16777216 nodes
Running Asynchronous with CAS version
INFO: Using delta-step of 1
WARNING: Performance varies considerably due to delta parameter.
WARNING: Do not expect the default to be good for your graph.
Node 1 has distance 2
STATTYPE,LOOP,CATEGORY,n,sum,T0,T1,T2,T3,T4,T5,T6,T7,T8,T9,T10,T11,T12,T13,T14,T15,T16,T17,T18,T19,T20,T21
STAT,(NULL),BadWork,22,1786743,18196,457552,0,0,0,52836,0,0,0,0,0,197804,0,0,102776,0,267511,0,6960,0,288284,394824
STAT,(NULL),BarrierTime,22,2972195,339316,274699,203064,254226,241345,225619,219271,150131,79696,142542,91702,121984,132903,59658,117453,44750,54593,39043,19276,75686,45348,39890
STAT,(NULL),ConflictTime,22,0,0,0,0,0,0,0,0,0,0,0,0,0,0,0,0,0,0,0,0,0,0,0
STAT,(NULL),Conflicts,22,0,0,0,0,0,0,0,0,0,0,0,0,0,0,0,0,0,0,0,0,0,0,0
STAT,(NULL),EmptyPopTime,22,423066297,19285109,18001818,20019071,17786866,17952839,17919410,19347886,20722566,19522195,19460206,19804213,19693707,19398321,19588171,18876193,19308083,19470795,20028369,19198523,18573266,19195321,19913369
STAT,(NULL),EmptyWork,22,7880184978,362515774,345154982,365536606,351076514,346394485,349114473,350697936,359743877,359959011,358954113,361640851,365333351,360914116,360051923,358617171,359095902,359237513,369297354,357810743,356132669,354771519,368134095
STAT,(NULL),GaloisTime,22,27994366181,1271722783,1169200743,1321895080,1174766107,1176991824,1180078815,1289847008,1295697520,1301100060,1307069596,1298129719,1312874774,1296728061,1299932742,1267081795,1285227027,1284824973,1330079829,1284489195,1262492467,1272513429,1311622634
STAT,(NULL),InitPushTime,22,7127381,398800,365085,427408,274496,285954,284662,289944,302884,365324,311277,345320,303227,292015,358386,305235,314612,308298,323692,341148,289138,316885,323591
STAT,(NULL),Iterations,22,41824275,1897393,2079136,1780595,2095023,2092445,2099471,1878744,1861524,1863846,1887486,1842153,1845056,1864094,1860616,1895367,1837426,1833669,1794157,1900993,1974406,1869687,1770988
STAT,(NULL),LoopTime,22,24776630748,24776630748,0,0,0,0,0,0,0,0,0,0,0,0,0,0,0,0,0,0,0,0,0
STAT,(NULL),MeminfoPost,22,1562,71,71,71,71,71,71,71,71,71,71,71,71,71,71,71,71,71,71,71,71,71,71
STAT,(NULL),MeminfoPre,22,1562,71,71,71,71,71,71,71,71,71,71,71,71,71,71,71,71,71,71,71,71,71,71
STAT,(NULL),NumaPost,22,5605,3276,1000,810,519,0,0,0,0,0,0,0,0,0,0,0,0,0,0,0,0,0,0
STAT,(NULL),PopTime,22,63712247266,2906075004,2844517248,2949828379,2825056807,2833724336,2830290402,2910527663,2907020871,2921785252,2903493044,2919098715,2908273485,2895350251,2909772310,2892817051,2923832483,2913131888,2913800254,2891192207,2867907197,2910333501,2934418918
STAT,(NULL),PushTime,22,169856257184,7668011588,7507657500,7834083257,7454606732,7466762342,7446559827,7801645897,7832655972,7717097283,7766964894,7696236450,7744856712,7788437161,7746311382,7838143151,7856937998,7838741979,7819254097,7765376749,7738039805,7724371644,7803504764
STAT,(NULL),RusageSys,22,4000,4000,0,0,0,0,0,0,0,0,0,0,0,0,0,0,0,0,0,0,0,0,0
STAT,(NULL),RusageUser,22,243128000,243128000,0,0,0,0,0,0,0,0,0,0,0,0,0,0,0,0,0,0,0,0,0
STAT,(NULL),Threads,22,22,22,0,0,0,0,0,0,0,0,0,0,0,0,0,0,0,0,0,0,0,0,0
STAT,(NULL),Time,22,24777740728,24777740728,0,0,0,0,0,0,0,0,0,0,0,0,0,0,0,0,0,0,0,0,0
STAT,(NULL),TotalTime,22,47154160372,47154160372,0,0,0,0,0,0,0,0,0,0,0,0,0,0,0,0,0,0,0,0,0
STAT,(NULL),UserTime,22,264409625224,12057649658,12400730945,11793899569,12461968214,12443436194,12461298980,11913193909,11869420697,11965796623,11929320664,11990352441,11934229421,11924433680,11949603594,11909726726,11840858621,11869853514,11832801462,11967192563,12042115835,12004075420,11847666494
STAT,(NULL),Work,22,534277868779,24285356392,24285357084,24285355670,24285355509,24285357539,24285357585,24285355861,24285356928,24285357060,24285356623,24285374069,24285357668,24285357360,24285355968,24285358452,24285356408,24285356161,24285360579,24285356128,24285356913,24285356631,24285356191
STAT,(NULL),nBad,22,2193,21,545,0,0,0,82,0,0,0,0,0,245,0,0,157,0,323,0,7,0,346,467
STAT,(NULL),nEmpty,22,25150643,1130783,1252723,1061606,1261739,1260890,1265893,1132040,1122293,1117301,1152303,1096086,1110118,1119354,1119489,1145788,1108807,1096009,1068293,1144715,1205392,1121621,1057400
STAT,(NULL),nEmptyPop,22,1308967,59381,65075,55733,65569,65490,65710,58800,58274,58331,59085,57617,57746,58342,58230,59308,57509,57390,56133,59496,61802,58517,55429
STAT,(NULL),nOverall,22,268288816,12424237,13343604,11678749,13433470,13417326,13432886,11927819,11808940,12097757,11848701,12201536,11922030,11852927,11970282,11818625,11648754,11764038,11621409,11980614,12114209,12186662,11794241
STAT,(NULL),nPop,22,41824275,1897393,2079136,1780595,2095023,2092445,2099471,1878744,1861524,1863846,1887486,1842153,1845056,1864094,1860616,1895367,1837426,1833669,1794157,1900993,1974406,1869687,1770988
STAT,(NULL),nPush,22,41821552,1930878,2083234,1792009,2103922,2099360,2104935,1859936,1863441,1910956,1870866,1906445,1864748,1816673,1842732,1808666,1787955,1814578,1815887,1850260,1887230,1914113,1892728
STAT,(NULL),nPushInit,22,2723,126,125,126,121,123,124,125,124,123,127,125,126,124,124,126,126,126,122,122,121,125,112
==== BENCHMARK TOOK 22.239
