==== BENCHMARK START ===
==== PARAMS kernel=4.9.5-64-net1 malloc=libc hostname=rack-castor threads=22 delta=4 prog=sssp-klsm512  ===
ERROR: ld.so: object '/specific/disk1/home/adamx/malloc/lib64/libjemalloc.so' from LD_PRELOAD cannot be preloaded (cannot open shared object file): ignored.
Galois Benchmark Suite v2.2.1 (r0)
Copyright (C) 2014 The University of Texas at Austin
http://iss.ices.utexas.edu/galois/

application: Single Source Shortest Path
Computes the shortest path from a source node to all nodes in a directed graph using a modified chaotic iteration algorithm
http://iss.ices.utexas.edu/?p=projects/galois/benchmarks/single_source_shortest_path

INFO: CommandLine ./build/debug/apps/sssp/sssp -noverify -t 22 -delta 4 -wl klsm512 -startNode 0 /specific/disk1/home/mad/Galois-PQ/inputs/ljournal-2008.gr
INFO: Hostname rack-castor
Read 5363260 nodes
Running Asynchronous with CAS version
INFO: Using delta-step of 1
WARNING: Performance varies considerably due to delta parameter.
WARNING: Do not expect the default to be good for your graph.
Node 1 has distance 126
STATTYPE,LOOP,CATEGORY,n,sum,T0,T1,T2,T3,T4,T5,T6,T7,T8,T9,T10,T11,T12,T13,T14,T15,T16,T17,T18,T19,T20,T21
STAT,(NULL),BadWork,22,21354386,723942,1174090,360591,1738995,3478416,2236280,928281,284845,490548,455689,661109,620711,924979,360457,674231,483762,224192,1637522,2001749,1104597,335615,453785
STAT,(NULL),BarrierTime,22,4740336,557735,363303,390344,318786,328295,314607,316195,196534,134819,148780,109885,216630,231708,224890,222396,117148,38407,30572,65517,171039,172552,70194
STAT,(NULL),ConflictTime,22,0,0,0,0,0,0,0,0,0,0,0,0,0,0,0,0,0,0,0,0,0,0,0
STAT,(NULL),Conflicts,22,0,0,0,0,0,0,0,0,0,0,0,0,0,0,0,0,0,0,0,0,0,0,0
STAT,(NULL),EmptyPopTime,22,37323169081,1820958696,192504164,382776051,66640349,282116074,471265,274328508,357337378,179395311,751526058,1638980335,4407114724,318830026,2003947874,986529323,1350751304,2528790385,6916669805,2998468818,3817827609,3237226018,2809979006
STAT,(NULL),EmptyWork,22,1971406559,74262502,146405062,61095269,207726958,196803348,221178089,64978936,56800354,70798232,63665784,68227988,71290529,76267453,97446122,61356088,47882259,46481928,82968172,66009724,98935017,38970771,51855974
STAT,(NULL),GaloisTime,22,4909648224,187103919,373365538,146804734,580745334,558486520,601884094,139378345,126375945,171137028,159642053,156211221,181414712,172323714,211509487,123664961,100252080,105232896,210462550,167269423,242686809,84212899,109483962
STAT,(NULL),InitPushTime,22,1027289,5440,110240,41356,41132,36456,40076,40808,40532,51314,66264,65839,34781,34897,38204,39536,39692,64805,63191,37264,38360,38412,58690
STAT,(NULL),Iterations,22,9372783,386462,703358,288595,991436,969902,1029741,307185,256223,313768,334015,326372,328852,349146,433304,275179,223798,227790,399958,338056,471569,180956,237118
STAT,(NULL),LoopTime,22,217267248556,217267248556,0,0,0,0,0,0,0,0,0,0,0,0,0,0,0,0,0,0,0,0,0
STAT,(NULL),MeminfoPost,22,528,24,24,24,24,24,24,24,24,24,24,24,24,24,24,24,24,24,24,24,24,24,24
STAT,(NULL),MeminfoPre,22,528,24,24,24,24,24,24,24,24,24,24,24,24,24,24,24,24,24,24,24,24,24,24
STAT,(NULL),NumaPost,22,63931,62286,787,758,100,0,0,0,0,0,0,0,0,0,0,0,0,0,0,0,0,0,0
STAT,(NULL),PopTime,22,619307869452,30469396750,34646658974,24130046112,36050962565,35814194217,36451866394,30196017947,32120569300,23359632766,27839283675,28654956441,27285830971,30441046975,28996662801,24721779191,20485096782,23313254420,17291409927,28295786212,25022738366,26251872406,27468806260
STAT,(NULL),PushTime,22,4056476437844,182419386435,177218662846,190767003408,172662119402,173003178508,171994077023,185038759261,183300722663,191450962468,186590278960,184936522796,183179482654,184282772537,183714696433,190115994759,194276915858,190138980412,190126386114,183722436659,185117453856,186723229523,185696415269
STAT,(NULL),RusageSys,22,4884000,4884000,0,0,0,0,0,0,0,0,0,0,0,0,0,0,0,0,0,0,0,0,0
STAT,(NULL),RusageUser,22,2168360000,2168360000,0,0,0,0,0,0,0,0,0,0,0,0,0,0,0,0,0,0,0,0,0
STAT,(NULL),Threads,22,22,22,0,0,0,0,0,0,0,0,0,0,0,0,0,0,0,0,0,0,0,0,0
STAT,(NULL),Time,22,218135650186,218135650186,0,0,0,0,0,0,0,0,0,0,0,0,0,0,0,0,0,0,0,0,0
STAT,(NULL),TotalTime,22,224668066706,224668066706,0,0,0,0,0,0,0,0,0,0,0,0,0,0,0,0,0,0,0,0,0
STAT,(NULL),UserTime,22,55850044711,2112462544,4505975753,1595846051,7515377909,7228793967,7814095440,1370108653,1121767982,1851646026,1679173401,1628671147,1958439057,1792330975,2059309455,1074247412,822674367,950829160,2455673088,1833601560,2783929878,748061251,947029635
STAT,(NULL),Work,22,4775840682277,217083660385,217083651245,217083650619,217083651258,217083651175,217083663204,217083652593,217083673132,217083709931,217083700429,217083703129,217083674728,217083651095,217083650975,217083650890,217083654914,217083675256,217083685663,217083713009,217083653419,217083652976,217083652252
STAT,(NULL),nBad,22,27592,1045,1650,553,2576,3686,2886,1118,524,570,668,861,889,1296,492,1036,653,378,1430,2307,1741,611,622
STAT,(NULL),nEmpty,22,4556227,199766,332645,144644,437069,433613,455200,161935,134163,150675,173255,167672,161045,176603,219253,145833,120371,120741,194511,170950,231790,98701,125792
STAT,(NULL),nEmptyPop,22,5249,285,240,284,214,166,268,234,174,195,204,202,396,289,266,302,154,272,268,286,158,197,195
STAT,(NULL),nOverall,22,77907350,2938953,6433282,2178519,11069574,10599790,11421502,1800500,1416632,2521738,2249030,2168425,2671882,2414620,2691894,1294118,973997,1172557,3433225,2492131,3865641,940805,1158535
STAT,(NULL),nPop,22,9372783,386462,703358,288595,991436,969902,1029741,307185,256223,313768,334015,326372,328852,349146,433304,275179,223798,227790,399958,338056,471569,180956,237118
STAT,(NULL),nPush,22,9372782,430505,758836,253017,1295210,1280800,1338984,222984,164096,292606,264479,317084,334562,315615,306506,137782,116463,128866,386376,309831,446289,124738,147153
STAT,(NULL),nPushInit,22,1,0,1,0,0,0,0,0,0,0,0,0,0,0,0,0,0,0,0,0,0,0,0
==== BENCHMARK TOOK 102.997
==== BENCHMARK START ===
==== PARAMS kernel=4.9.5-64-net1 malloc=libc hostname=rack-castor threads=22 delta=4 prog=sssp-klsm512  ===
ERROR: ld.so: object '/specific/disk1/home/adamx/malloc/lib64/libjemalloc.so' from LD_PRELOAD cannot be preloaded (cannot open shared object file): ignored.
Galois Benchmark Suite v2.2.1 (r0)
Copyright (C) 2014 The University of Texas at Austin
http://iss.ices.utexas.edu/galois/

application: Single Source Shortest Path
Computes the shortest path from a source node to all nodes in a directed graph using a modified chaotic iteration algorithm
http://iss.ices.utexas.edu/?p=projects/galois/benchmarks/single_source_shortest_path

INFO: CommandLine ./build/debug/apps/sssp/sssp -noverify -t 22 -delta 4 -wl klsm512 -startNode 0 /specific/disk1/home/mad/Galois-PQ/inputs/ljournal-2008.gr
INFO: Hostname rack-castor
Read 5363260 nodes
Running Asynchronous with CAS version
INFO: Using delta-step of 1
WARNING: Performance varies considerably due to delta parameter.
WARNING: Do not expect the default to be good for your graph.
Node 1 has distance 126
STATTYPE,LOOP,CATEGORY,n,sum,T0,T1,T2,T3,T4,T5,T6,T7,T8,T9,T10,T11,T12,T13,T14,T15,T16,T17,T18,T19,T20,T21
STAT,(NULL),BadWork,22,26813267,1504985,955212,1739253,2191054,2152674,3750103,648282,1190387,468782,753445,768403,1512537,1008599,1705460,793518,138005,761469,987836,699753,1040038,1197222,846250
STAT,(NULL),BarrierTime,22,3200733,450712,302119,260772,247053,211935,208741,143610,154211,173547,118548,110125,138276,38738,75529,72906,72016,63956,51600,68882,17922,66615,152920
STAT,(NULL),ConflictTime,22,0,0,0,0,0,0,0,0,0,0,0,0,0,0,0,0,0,0,0,0,0,0,0
STAT,(NULL),Conflicts,22,0,0,0,0,0,0,0,0,0,0,0,0,0,0,0,0,0,0,0,0,0,0,0
STAT,(NULL),EmptyPopTime,22,21434753597,1108631300,503997318,1228421592,470310340,417724983,507572105,1295390399,1905570315,771133123,530547495,480031705,229491750,2328278764,2751276856,876003077,271665263,601684557,1005710115,1703474854,861611643,415638878,1170587165
STAT,(NULL),EmptyWork,22,2003543197,68612896,153484294,56045831,218878258,210521315,227867420,58705543,73697964,81095024,78538798,80351188,89626209,70302617,70334463,47092480,50888735,46596722,71082358,57188317,85407207,53474279,53751279
STAT,(NULL),GaloisTime,22,5027045090,168784953,403609663,127813507,611939012,587492329,627967389,144411184,157644138,177668198,178915682,180567233,231627247,178285592,191494349,98702580,109570686,109831096,176672315,135537782,192185133,118068205,118256817
STAT,(NULL),InitPushTime,22,961512,5660,96484,37976,40284,41288,39852,67467,36559,39052,61288,65179,38256,64570,34174,35719,35825,38808,37176,37076,32927,38132,37760
STAT,(NULL),Iterations,22,9377570,313228,727372,248969,1043386,1000580,1052695,265653,380979,362325,364700,359224,423543,317800,331782,198854,245903,230956,314347,276913,377266,279929,261166
STAT,(NULL),LoopTime,22,220575507588,220575507588,0,0,0,0,0,0,0,0,0,0,0,0,0,0,0,0,0,0,0,0,0
STAT,(NULL),MeminfoPost,22,528,24,24,24,24,24,24,24,24,24,24,24,24,24,24,24,24,24,24,24,24,24,24
STAT,(NULL),MeminfoPre,22,528,24,24,24,24,24,24,24,24,24,24,24,24,24,24,24,24,24,24,24,24,24,24
STAT,(NULL),NumaPost,22,64031,62582,788,561,100,0,0,0,0,0,0,0,0,0,0,0,0,0,0,0,0,0,0
STAT,(NULL),PopTime,22,843367670100,39452361219,42328585835,30227216033,47121236376,47508071660,47360970671,35177765022,35722177210,38420270834,37785837703,39248402043,40665348628,37761201309,35421745257,35594475833,28476675040,37761361639,40699614121,32864735708,39948947110,34292519896,39528150953
STAT,(NULL),PushTime,22,3921606968117,177746508834,172112917504,187528700473,164044252618,164129550529,163458321037,182383569091,181258324026,179344228439,180242823710,178714855086,176640108722,178110683886,179748701747,182953778613,190699985893,180942480953,176542080745,184479119624,177356705033,184674560660,178494710894
STAT,(NULL),RusageSys,22,5184000,5184000,0,0,0,0,0,0,0,0,0,0,0,0,0,0,0,0,0,0,0,0,0
STAT,(NULL),RusageUser,22,2201408000,2201408000,0,0,0,0,0,0,0,0,0,0,0,0,0,0,0,0,0,0,0,0,0
STAT,(NULL),Threads,22,22,22,0,0,0,0,0,0,0,0,0,0,0,0,0,0,0,0,0,0,0,0,0
STAT,(NULL),Time,22,221597842484,221597842484,0,0,0,0,0,0,0,0,0,0,0,0,0,0,0,0,0,0,0,0,0
STAT,(NULL),TotalTime,22,228569729518,228569729518,0,0,0,0,0,0,0,0,0,0,0,0,0,0,0,0,0,0,0,0,0
STAT,(NULL),UserTime,22,55666890835,1869048426,4911353668,1245752083,7947331558,7560588313,8231249269,1354105226,1296535966,1619553440,1597283078,1709739736,2557746280,1965194214,2230397100,843897401,805163987,951994596,1918789464,1173893044,1969094272,859687718,1048491996
STAT,(NULL),Work,22,4849108987025,220414040168,220414032832,220414058207,220414050472,220414086441,220414032122,220414030600,220414058944,220414032785,220414030990,220414030874,220414033264,220414075104,220414037988,220414033960,220414035225,220414033247,220414056414,220414032784,220414098310,220414033299,220414032995
STAT,(NULL),nBad,22,36504,1861,1466,1897,3235,2782,4640,825,1546,820,1021,1135,1901,1395,2245,1240,263,1044,1223,1168,1535,2038,1224
STAT,(NULL),nEmpty,22,4560917,153641,338627,128255,461201,444673,462845,133575,212519,183827,185818,183591,204076,153866,158675,105209,137005,124846,153229,144727,191521,157600,141591
STAT,(NULL),nEmptyPop,22,668482,31036,35362,17281,36038,35374,36052,30794,181,34967,30614,30587,30639,30799,25448,34920,30758,35101,31374,35631,25760,35186,34580
STAT,(NULL),nOverall,22,77916262,2600453,7121907,1679811,11734876,11174602,12150620,1808092,1541283,2060120,2028525,2243793,3552106,2774295,3203336,1071774,908824,1184982,2675402,1475264,2665064,955424,1305709
STAT,(NULL),nPop,22,9377570,313228,727372,248969,1043386,1000580,1052695,265653,380979,362325,364700,359224,423543,317800,331782,198854,245903,230956,314347,276913,377266,279929,261166
STAT,(NULL),nPush,22,9377569,358475,815940,219963,1349390,1285552,1400174,210009,198552,236005,216109,248654,465596,350415,439533,147338,119180,174459,363241,185473,317510,104742,171259
STAT,(NULL),nPushInit,22,1,0,1,0,0,0,0,0,0,0,0,0,0,0,0,0,0,0,0,0,0,0,0
==== BENCHMARK TOOK 104.836
==== BENCHMARK START ===
==== PARAMS kernel=4.9.5-64-net1 malloc=libc hostname=rack-castor threads=22 delta=4 prog=sssp-klsm512  ===
ERROR: ld.so: object '/specific/disk1/home/adamx/malloc/lib64/libjemalloc.so' from LD_PRELOAD cannot be preloaded (cannot open shared object file): ignored.
Galois Benchmark Suite v2.2.1 (r0)
Copyright (C) 2014 The University of Texas at Austin
http://iss.ices.utexas.edu/galois/

application: Single Source Shortest Path
Computes the shortest path from a source node to all nodes in a directed graph using a modified chaotic iteration algorithm
http://iss.ices.utexas.edu/?p=projects/galois/benchmarks/single_source_shortest_path

INFO: CommandLine ./build/debug/apps/sssp/sssp -noverify -t 22 -delta 4 -wl klsm512 -startNode 0 /specific/disk1/home/mad/Galois-PQ/inputs/ljournal-2008.gr
INFO: Hostname rack-castor
Read 5363260 nodes
Running Asynchronous with CAS version
INFO: Using delta-step of 1
WARNING: Performance varies considerably due to delta parameter.
WARNING: Do not expect the default to be good for your graph.
Node 1 has distance 126
STATTYPE,LOOP,CATEGORY,n,sum,T0,T1,T2,T3,T4,T5,T6,T7,T8,T9,T10,T11,T12,T13,T14,T15,T16,T17,T18,T19,T20,T21
STAT,(NULL),BadWork,22,16783526,622428,1562227,518704,1615639,1195888,2119436,270107,149270,664057,836731,607420,1297959,644853,492323,798851,285464,204351,1185105,441497,777719,211136,282361
STAT,(NULL),BarrierTime,22,4175268,492580,316810,311198,257212,240383,264176,270062,214719,177892,169596,143231,152440,184584,129963,183198,127357,121928,132082,131858,7840,68412,77747
STAT,(NULL),ConflictTime,22,0,0,0,0,0,0,0,0,0,0,0,0,0,0,0,0,0,0,0,0,0,0,0
STAT,(NULL),Conflicts,22,0,0,0,0,0,0,0,0,0,0,0,0,0,0,0,0,0,0,0,0,0,0,0
STAT,(NULL),EmptyPopTime,22,36204772620,1416744138,366505454,3193419919,215279229,240468233,59492527,1428084813,770906217,1584633298,3053666365,3811698364,2974296180,1440015562,1669408361,1949327816,1792474346,1833720892,2865682305,1520173391,2079113057,794886770,1144775383
STAT,(NULL),EmptyWork,22,1980018018,56900543,146471608,73180446,204703246,199859990,213597835,48554684,57765235,72687530,71875358,65905033,92193633,79390439,90869236,59756700,44158681,53843154,83443645,89129251,85678660,44819199,45233912
STAT,(NULL),GaloisTime,22,4926414802,139276801,372898579,161643881,581070563,559495695,606422681,105934385,116953635,176860141,166840828,157710596,233475502,171422168,219960053,118912913,90819287,115788777,207999344,216857899,204705416,93857193,107508465
STAT,(NULL),InitPushTime,22,871424,4728,126296,42832,36820,36605,36159,36905,36803,39640,39676,35328,36356,35082,38456,36047,36232,39388,33989,33965,37128,38372,34617
STAT,(NULL),Iterations,22,9371463,274630,696760,338225,987967,952044,1024677,214783,270814,383096,340130,304366,441911,359258,416272,271400,196523,247201,376464,417042,420759,224110,213031
STAT,(NULL),LoopTime,22,218305761228,218305761228,0,0,0,0,0,0,0,0,0,0,0,0,0,0,0,0,0,0,0,0,0
STAT,(NULL),MeminfoPost,22,528,24,24,24,24,24,24,24,24,24,24,24,24,24,24,24,24,24,24,24,24,24,24
STAT,(NULL),MeminfoPre,22,528,24,24,24,24,24,24,24,24,24,24,24,24,24,24,24,24,24,24,24,24,24,24
STAT,(NULL),NumaPost,22,63959,62293,780,603,283,0,0,0,0,0,0,0,0,0,0,0,0,0,0,0,0,0,0
STAT,(NULL),PopTime,22,707982301210,29047745840,39652081543,30426208123,40888999997,40729889237,41265625099,24592604725,28289405234,31296504764,28632644662,28930871539,31487595736,30572076006,32067997110,22964371817,32070309209,34323384248,30114307369,33184290628,31322650114,33099768352,33022969858
STAT,(NULL),PushTime,22,3993331334240,185954478446,173106436285,182855165209,168649877776,169219494241,168080779813,191105276734,187977818877,183157904334,184574503183,183634677842,180737397841,184258101545,181773725360,192065433343,183458291708,180933369196,182583729796,180733165710,182278250683,183354841975,182838614343
STAT,(NULL),RusageSys,22,4780000,4780000,0,0,0,0,0,0,0,0,0,0,0,0,0,0,0,0,0,0,0,0,0
STAT,(NULL),RusageUser,22,2179540000,2179540000,0,0,0,0,0,0,0,0,0,0,0,0,0,0,0,0,0,0,0,0,0
STAT,(NULL),Threads,22,22,22,0,0,0,0,0,0,0,0,0,0,0,0,0,0,0,0,0,0,0,0,0
STAT,(NULL),Time,22,219335801204,219335801204,0,0,0,0,0,0,0,0,0,0,0,0,0,0,0,0,0,0,0,0,0
STAT,(NULL),TotalTime,22,226093450940,226093450940,0,0,0,0,0,0,0,0,0,0,0,0,0,0,0,0,0,0,0,0,0
STAT,(NULL),UserTime,22,55747087950,1574486044,4545239339,1480016224,7649703448,7240425110,7963715224,909177121,976784125,1901042649,1690102144,1588770391,2664675457,1668627280,2367673302,1031830988,733579982,929525981,2334470565,2446017566,2219234500,801459139,1030531371
STAT,(NULL),Work,22,4800174195441,218189731960,218189718366,218189747951,218189760643,218189718369,218189735833,218189722026,218189722590,218189761379,218189719908,218189762820,218189760208,218189720776,218189777040,218189719817,218189719859,218189721860,218189720855,218189720247,218189788462,218189721988,218189722484
STAT,(NULL),nBad,22,25301,904,2263,744,2233,1717,2994,607,261,994,1196,1016,2094,1199,773,1220,525,436,1568,711,978,395,473
STAT,(NULL),nEmpty,22,4554906,140930,326028,176354,432627,418000,447865,112411,147725,199942,173851,152828,213860,187105,203143,146213,104292,132441,185190,204145,212992,123908,113056
STAT,(NULL),nEmptyPop,22,7519,395,217,424,330,398,305,254,269,258,220,502,243,425,290,332,260,520,470,303,374,266,464
STAT,(NULL),nOverall,22,77905059,2194087,6515883,1878195,11263445,10648578,11733895,1118620,1175233,2602977,2245883,2144312,3690806,2175998,3250014,1263219,879108,1090012,3311967,3415273,2989088,960865,1357601
STAT,(NULL),nPop,22,9371463,274630,696760,338225,987967,952044,1024677,214783,270814,383096,340130,304366,441911,359258,416272,271400,196523,247201,376464,417042,420759,224110,213031
STAT,(NULL),nPush,22,9371462,312055,747557,208543,1334436,1261280,1379020,139348,152177,301038,279053,278200,475643,263483,369696,156786,117078,123212,419508,406088,359659,116182,171420
STAT,(NULL),nPushInit,22,1,0,1,0,0,0,0,0,0,0,0,0,0,0,0,0,0,0,0,0,0,0,0
==== BENCHMARK TOOK 103.643
==== BENCHMARK START ===
==== PARAMS kernel=4.9.5-64-net1 malloc=libc hostname=rack-castor threads=22 delta=4 prog=sssp-klsm512  ===
ERROR: ld.so: object '/specific/disk1/home/adamx/malloc/lib64/libjemalloc.so' from LD_PRELOAD cannot be preloaded (cannot open shared object file): ignored.
Galois Benchmark Suite v2.2.1 (r0)
Copyright (C) 2014 The University of Texas at Austin
http://iss.ices.utexas.edu/galois/

application: Single Source Shortest Path
Computes the shortest path from a source node to all nodes in a directed graph using a modified chaotic iteration algorithm
http://iss.ices.utexas.edu/?p=projects/galois/benchmarks/single_source_shortest_path

INFO: CommandLine ./build/debug/apps/sssp/sssp -noverify -t 22 -delta 4 -wl klsm512 -startNode 0 /specific/disk1/home/mad/Galois-PQ/inputs/ljournal-2008.gr
INFO: Hostname rack-castor
Read 5363260 nodes
Running Asynchronous with CAS version
INFO: Using delta-step of 1
WARNING: Performance varies considerably due to delta parameter.
WARNING: Do not expect the default to be good for your graph.
Node 1 has distance 126
STATTYPE,LOOP,CATEGORY,n,sum,T0,T1,T2,T3,T4,T5,T6,T7,T8,T9,T10,T11,T12,T13,T14,T15,T16,T17,T18,T19,T20,T21
STAT,(NULL),BadWork,22,23592797,1054663,1353119,589968,1645722,2732633,1758117,602531,478445,1195312,1613756,1231430,443708,1098833,1215327,595249,436967,698228,1064611,461110,393201,1830956,1098911
STAT,(NULL),BarrierTime,22,5948015,473929,437490,356242,309509,317840,421010,368476,233115,307530,219053,303368,296569,244394,301073,219164,183460,184180,165277,153074,154728,171512,127022
STAT,(NULL),ConflictTime,22,0,0,0,0,0,0,0,0,0,0,0,0,0,0,0,0,0,0,0,0,0,0,0
STAT,(NULL),Conflicts,22,0,0,0,0,0,0,0,0,0,0,0,0,0,0,0,0,0,0,0,0,0,0,0
STAT,(NULL),EmptyPopTime,22,45734523486,1492536758,84770613,1243065978,120396994,42079788,189761371,6857660322,1200815187,1315406764,2839408372,3124674500,3567309523,3637427252,1566243096,1226333764,1560554384,3358036771,467366718,3019797154,2863642473,5306750444,650485260
STAT,(NULL),EmptyWork,22,1983817193,69751940,156330679,73049634,227882830,215653942,232797716,58356600,56661179,68413816,58848645,62172188,72299200,65070428,80465025,63321134,42650941,53277207,76443134,70026426,63758362,55293601,61292566
STAT,(NULL),GaloisTime,22,4938316248,164048841,401241840,170782435,618633682,588607141,639972490,130373336,124706379,178399688,144906988,141925728,187021141,147866913,203200949,132832574,86166720,114235337,200602528,185871594,155788701,101525977,119605266
STAT,(NULL),InitPushTime,22,1126471,4168,137636,116474,40484,36487,36214,50512,67818,36310,35761,39076,34818,47927,38228,65332,39516,38928,58596,62510,38368,38204,63104
STAT,(NULL),Iterations,22,9375614,311650,764412,354023,1078171,1026892,1100878,288734,246424,327638,301371,275402,333394,290021,360040,302655,199645,262971,362325,339078,317864,246324,285702
STAT,(NULL),LoopTime,22,225316114903,225316114903,0,0,0,0,0,0,0,0,0,0,0,0,0,0,0,0,0,0,0,0,0
STAT,(NULL),MeminfoPost,22,528,24,24,24,24,24,24,24,24,24,24,24,24,24,24,24,24,24,24,24,24,24,24
STAT,(NULL),MeminfoPre,22,528,24,24,24,24,24,24,24,24,24,24,24,24,24,24,24,24,24,24,24,24,24,24
STAT,(NULL),NumaPost,22,64194,62534,787,590,283,0,0,0,0,0,0,0,0,0,0,0,0,0,0,0,0,0,0
STAT,(NULL),PopTime,22,1009671322383,45134446492,54471285163,43494804545,59359960479,58765954481,59043591793,44903673860,47287900388,46485483521,32560511320,47647384303,45244751686,45166299943,45748542882,35932135182,37998053950,36603448034,51511691494,44154624451,39158864732,39005191097,49992722587
STAT,(NULL),PushTime,22,3835450931814,176622176797,165396902427,178410998148,157027968789,158077302079,156862015514,171958588970,175401828646,174984629714,188032978182,172843975896,173994364703,174593317651,175253483211,186632060974,184794978238,184061840759,170363211467,175586776878,181265510634,179899032008,173386990129
STAT,(NULL),RusageSys,22,4964000,4964000,0,0,0,0,0,0,0,0,0,0,0,0,0,0,0,0,0,0,0,0,0
STAT,(NULL),RusageUser,22,2249028000,2249028000,0,0,0,0,0,0,0,0,0,0,0,0,0,0,0,0,0,0,0,0,0
STAT,(NULL),Threads,22,22,22,0,0,0,0,0,0,0,0,0,0,0,0,0,0,0,0,0,0,0,0,0
STAT,(NULL),Time,22,226396823414,226396823414,0,0,0,0,0,0,0,0,0,0,0,0,0,0,0,0,0,0,0,0,0
STAT,(NULL),TotalTime,22,233291988058,233291988058,0,0,0,0,0,0,0,0,0,0,0,0,0,0,0,0,0,0,0,0,0
STAT,(NULL),UserTime,22,55485321036,1665412740,4637843672,1755674431,7793532683,7458778441,8180236348,1239721343,1076460961,2116041575,1511721929,1328242253,2082628413,1538391362,2296439170,1161688223,665971053,957536662,2529057272,2131275663,1640809780,780581501,937275561
STAT,(NULL),Work,22,4953266980938,225148582144,225148459256,225148561995,225148551033,225148550631,225148461794,225148459114,225148462090,225148462347,225148554315,225148462748,225148528511,225148546404,225148470127,225148486054,225148461774,225148462242,225148485529,225148490132,225148547414,225148477762,225148457522
STAT,(NULL),nBad,22,32159,1559,1898,998,2094,3371,2510,793,471,1810,2180,1655,762,1134,1563,1062,705,931,1429,622,621,2481,1510
STAT,(NULL),nEmpty,22,4558915,154269,362231,178970,480837,459403,486677,155498,128722,162240,156780,137714,158882,149320,172303,166094,108437,141597,172438,166399,166654,138517,154933
STAT,(NULL),nEmptyPop,22,9193,253,322,445,377,306,419,1104,345,393,725,557,400,245,271,426,232,580,280,568,353,292,300
STAT,(NULL),nOverall,22,77911917,2252170,6584912,2376150,11398262,10967067,11963213,1622535,1362381,3053347,2092825,1709078,2880191,2119464,3220733,1442662,769929,1154731,3725111,3038565,2211223,880548,1086820
STAT,(NULL),nPop,22,9375614,311650,764412,354023,1078171,1026892,1100878,288734,246424,327638,301371,275402,333394,290021,360040,302655,199645,262971,362325,339078,317864,246324,285702
STAT,(NULL),nPush,22,9375613,278710,749870,299289,1306440,1305886,1421971,221400,164787,458427,269355,192887,331293,256553,399896,171597,97040,132407,489150,343383,258679,108102,118491
STAT,(NULL),nPushInit,22,1,0,1,0,0,0,0,0,0,0,0,0,0,0,0,0,0,0,0,0,0,0,0
==== BENCHMARK TOOK 106.940
==== BENCHMARK START ===
==== PARAMS kernel=4.9.5-64-net1 malloc=libc hostname=rack-castor threads=22 delta=4 prog=sssp-klsm512  ===
ERROR: ld.so: object '/specific/disk1/home/adamx/malloc/lib64/libjemalloc.so' from LD_PRELOAD cannot be preloaded (cannot open shared object file): ignored.
Galois Benchmark Suite v2.2.1 (r0)
Copyright (C) 2014 The University of Texas at Austin
http://iss.ices.utexas.edu/galois/

application: Single Source Shortest Path
Computes the shortest path from a source node to all nodes in a directed graph using a modified chaotic iteration algorithm
http://iss.ices.utexas.edu/?p=projects/galois/benchmarks/single_source_shortest_path

INFO: CommandLine ./build/debug/apps/sssp/sssp -noverify -t 22 -delta 4 -wl klsm512 -startNode 0 /specific/disk1/home/mad/Galois-PQ/inputs/ljournal-2008.gr
INFO: Hostname rack-castor
Read 5363260 nodes
Running Asynchronous with CAS version
INFO: Using delta-step of 1
WARNING: Performance varies considerably due to delta parameter.
WARNING: Do not expect the default to be good for your graph.
Node 1 has distance 126
STATTYPE,LOOP,CATEGORY,n,sum,T0,T1,T2,T3,T4,T5,T6,T7,T8,T9,T10,T11,T12,T13,T14,T15,T16,T17,T18,T19,T20,T21
STAT,(NULL),BadWork,22,16773692,838445,1443512,365044,1764147,1477673,706735,1296575,234007,425363,319414,462287,862928,259122,1414714,448063,585985,891827,494989,621114,540989,1030917,289842
STAT,(NULL),BarrierTime,22,3427674,426152,230737,318036,264121,264122,228250,236960,145252,101071,181621,162724,68039,72540,84638,129455,61848,83376,66544,23832,92405,92777,93174
STAT,(NULL),ConflictTime,22,0,0,0,0,0,0,0,0,0,0,0,0,0,0,0,0,0,0,0,0,0,0,0
STAT,(NULL),Conflicts,22,0,0,0,0,0,0,0,0,0,0,0,0,0,0,0,0,0,0,0,0,0,0,0
STAT,(NULL),EmptyPopTime,22,37388530209,3673327551,389391049,474651139,86961372,74395194,235039903,3227671783,4334252851,2619777437,5529231588,6194920265,2381333654,902800292,3119982265,357387956,227521027,392604678,347397923,1399412591,484227521,351766476,584475694
STAT,(NULL),EmptyWork,22,2006961120,81627225,149385037,79176796,220413040,216580657,222468323,51161224,58631210,60367609,57301017,63054109,74423743,78766799,79062257,49408062,62044922,47979093,73480493,82181053,88636225,54676540,56135686
STAT,(NULL),GaloisTime,22,4940662234,184697553,379382627,162261772,594531736,562733278,609414435,115576423,128841994,145471049,146712954,143297561,199665282,186465776,183834315,106168217,127872831,102945730,186417542,201863927,235103549,120959452,116444231
STAT,(NULL),InitPushTime,22,869068,4664,99476,41892,40736,40624,40140,36866,40516,36065,35755,39208,39756,39448,34854,40368,39748,38980,37600,37992,34842,34857,34681
STAT,(NULL),Iterations,22,9371144,370774,707084,362169,1018607,976690,1041447,231381,242417,299295,282890,299823,365345,375877,371399,217786,292052,217678,345045,396365,433512,249993,273515
STAT,(NULL),LoopTime,22,216246966344,216246966344,0,0,0,0,0,0,0,0,0,0,0,0,0,0,0,0,0,0,0,0,0
STAT,(NULL),MeminfoPost,22,528,24,24,24,24,24,24,24,24,24,24,24,24,24,24,24,24,24,24,24,24,24,24
STAT,(NULL),MeminfoPre,22,528,24,24,24,24,24,24,24,24,24,24,24,24,24,24,24,24,24,24,24,24,24,24
STAT,(NULL),NumaPost,22,64039,62408,774,574,283,0,0,0,0,0,0,0,0,0,0,0,0,0,0,0,0,0,0
STAT,(NULL),PopTime,22,486653091766,21827106192,27933976230,23539239621,29108170292,28936500140,28973277643,15977082855,21089797611,20763994932,14286661804,14886133414,23857391656,25284416942,20364321062,22741694447,20313315361,20512787122,20761947303,24899250550,22394109984,20130413079,18071503526
STAT,(NULL),PushTime,22,4167923015117,188493803559,182668704703,190416615387,178439848064,179124686323,178170008003,195647381090,189246791995,190988733388,194572644427,193363628031,187308083769,187806914259,190393431888,191915658058,194307257921,194166193684,192700019909,187399998390,190199768118,194292746579,196300097572
STAT,(NULL),RusageSys,22,5100000,5100000,0,0,0,0,0,0,0,0,0,0,0,0,0,0,0,0,0,0,0,0,0
STAT,(NULL),RusageUser,22,2158524000,2158524000,0,0,0,0,0,0,0,0,0,0,0,0,0,0,0,0,0,0,0,0,0
STAT,(NULL),Threads,22,22,22,0,0,0,0,0,0,0,0,0,0,0,0,0,0,0,0,0,0,0,0,0
STAT,(NULL),Time,22,217256857196,217256857196,0,0,0,0,0,0,0,0,0,0,0,0,0,0,0,0,0,0,0,0,0
STAT,(NULL),TotalTime,22,223633275044,223633275044,0,0,0,0,0,0,0,0,0,0,0,0,0,0,0,0,0,0,0,0,0
STAT,(NULL),UserTime,22,55765135142,1861137052,4600859614,1449754757,7671775823,7206803925,7911491534,1102826261,1263386039,1543355253,1529147661,1470666954,2300801630,1862335208,1981068041,951382813,1083687684,899189953,2052436241,2138993437,2719854368,1171137863,993043031
STAT,(NULL),Work,22,4754679736221,216121815548,216121860591,216121780400,216121781040,216121780381,216121780940,216121786987,216121808232,216121866023,216121780872,216121800510,216121858586,216121854356,216121854639,216121794539,216121806910,216121783564,216121807149,216121780492,216121787012,216121786742,216121780708
STAT,(NULL),nBad,22,25515,1388,1995,596,2312,2124,1058,1873,394,717,528,1009,1224,453,2026,654,769,1586,879,1050,786,1551,543
STAT,(NULL),nEmpty,22,4554584,188688,330496,188362,449930,434427,454961,118839,122908,157038,146037,157358,174905,192109,189050,112618,158126,118216,170762,196648,209560,134047,149499
STAT,(NULL),nEmptyPop,22,7263,574,300,827,268,266,205,244,192,232,297,243,326,277,266,219,216,670,220,378,179,649,215
STAT,(NULL),nOverall,22,77905273,2534948,6581604,1820635,11260635,10517931,11549526,1453769,1660221,2118168,2103034,2008038,3201429,2498155,2741258,1187889,1325795,1104058,2814943,2888118,3799274,1537612,1198233
STAT,(NULL),nPop,22,9371144,370774,707084,362169,1018607,976690,1041447,231381,242417,299295,282890,299823,365345,375877,371399,217786,292052,217678,345045,396365,433512,249993,273515
STAT,(NULL),nPush,22,9371143,326948,754827,210134,1291320,1207138,1322115,212366,191676,296282,266646,243597,365643,285832,374881,134453,142996,142582,356813,332133,489667,239717,183377
STAT,(NULL),nPushInit,22,1,0,1,0,0,0,0,0,0,0,0,0,0,0,0,0,0,0,0,0,0,0,0
==== BENCHMARK TOOK 102.526
==== BENCHMARK START ===
==== PARAMS kernel=4.9.5-64-net1 malloc=libc hostname=rack-castor threads=22 delta=4 prog=sssp-klsm512  ===
ERROR: ld.so: object '/specific/disk1/home/adamx/malloc/lib64/libjemalloc.so' from LD_PRELOAD cannot be preloaded (cannot open shared object file): ignored.
Galois Benchmark Suite v2.2.1 (r0)
Copyright (C) 2014 The University of Texas at Austin
http://iss.ices.utexas.edu/galois/

application: Single Source Shortest Path
Computes the shortest path from a source node to all nodes in a directed graph using a modified chaotic iteration algorithm
http://iss.ices.utexas.edu/?p=projects/galois/benchmarks/single_source_shortest_path

INFO: CommandLine ./build/debug/apps/sssp/sssp -noverify -t 22 -delta 4 -wl klsm512 -startNode 0 /specific/disk1/home/mad/Galois-PQ/inputs/ljournal-2008.gr
INFO: Hostname rack-castor
Read 5363260 nodes
Running Asynchronous with CAS version
INFO: Using delta-step of 1
WARNING: Performance varies considerably due to delta parameter.
WARNING: Do not expect the default to be good for your graph.
Node 1 has distance 126
STATTYPE,LOOP,CATEGORY,n,sum,T0,T1,T2,T3,T4,T5,T6,T7,T8,T9,T10,T11,T12,T13,T14,T15,T16,T17,T18,T19,T20,T21
STAT,(NULL),BadWork,22,22303014,457927,1834049,510655,1678416,1737066,1272860,739758,1043707,1129232,642876,1944941,2334387,609517,1321246,61024,724495,667155,382729,1561907,1109643,218106,321318
STAT,(NULL),BarrierTime,22,4334115,462384,325075,352758,306300,306358,258569,239088,170631,186804,119987,204886,211120,130584,187674,110467,125068,107604,109936,119731,157352,106856,34883
STAT,(NULL),ConflictTime,22,0,0,0,0,0,0,0,0,0,0,0,0,0,0,0,0,0,0,0,0,0,0,0
STAT,(NULL),Conflicts,22,0,0,0,0,0,0,0,0,0,0,0,0,0,0,0,0,0,0,0,0,0,0,0
STAT,(NULL),EmptyPopTime,22,33454792102,865247056,130577419,1307748351,260101743,827320385,299683288,3318269033,3919214336,2433843148,774807060,533826338,248511013,1519998283,1112935287,4970633027,3449652746,62184798,2062770057,1689090267,221610706,1332868236,2113899525
STAT,(NULL),EmptyWork,22,2022617459,76789149,155651193,57864785,220324199,212038188,229418530,62942716,55762654,74354926,77635109,68654047,93078008,59158025,79310780,53640187,48310488,51025957,79441622,61170229,103013883,46473631,56559153
STAT,(NULL),GaloisTime,22,4934500521,178693824,392765855,144473650,596524567,573008549,615233731,137336717,137296023,166895833,175467114,154062344,228829352,151262513,194608582,105979727,93615501,106088878,181562187,148528810,250307858,93910269,108048637
STAT,(NULL),InitPushTime,22,1096407,4956,123211,82443,40992,40984,40616,68456,67951,39776,66345,35443,34966,65142,34639,65795,39392,39740,37752,33716,36912,38332,58848
STAT,(NULL),Iterations,22,9372106,345413,740257,273768,1026422,996270,1043653,287764,287147,342069,361380,322067,415191,277278,388327,250280,224809,234564,350352,270018,462650,208647,263780
STAT,(NULL),LoopTime,22,223884412952,223884412952,0,0,0,0,0,0,0,0,0,0,0,0,0,0,0,0,0,0,0,0,0
STAT,(NULL),MeminfoPost,22,528,24,24,24,24,24,24,24,24,24,24,24,24,24,24,24,24,24,24,24,24,24,24
STAT,(NULL),MeminfoPre,22,528,24,24,24,24,24,24,24,24,24,24,24,24,24,24,24,24,24,24,24,24,24,24
STAT,(NULL),NumaPost,22,63900,62253,972,575,100,0,0,0,0,0,0,0,0,0,0,0,0,0,0,0,0,0,0
STAT,(NULL),PopTime,22,1122152977846,54478637597,61029815635,49555695065,64462927063,64239627148,64660992924,47691422835,49252317124,46288095675,49024795893,56463835643,49011115681,54862113447,54115938598,39017719395,34982618829,45441750539,49040941169,46329604338,54190467589,46667609483,41344936176
STAT,(NULL),PushTime,22,3703350096414,166259480753,157226808421,171090019514,150478378795,150522693025,149929575209,171255287033,169007014723,173095279997,171795963347,164973022443,171411252274,165533290522,166080953173,178721870041,184382050255,177168577547,170522230833,173791686889,166049503955,174824815432,179230342233
STAT,(NULL),RusageSys,22,5032000,5032000,0,0,0,0,0,0,0,0,0,0,0,0,0,0,0,0,0,0,0,0,0
STAT,(NULL),RusageUser,22,2234496000,2234496000,0,0,0,0,0,0,0,0,0,0,0,0,0,0,0,0,0,0,0,0,0
STAT,(NULL),Threads,22,22,22,0,0,0,0,0,0,0,0,0,0,0,0,0,0,0,0,0,0,0,0,0
STAT,(NULL),Time,22,224890149336,224890149336,0,0,0,0,0,0,0,0,0,0,0,0,0,0,0,0,0,0,0,0,0
STAT,(NULL),TotalTime,22,231711330704,231711330704,0,0,0,0,0,0,0,0,0,0,0,0,0,0,0,0,0,0,0,0,0
STAT,(NULL),UserTime,22,55577371341,1845349417,4768580841,1548397504,7685941559,7329511326,7969294810,1238937989,1332591260,1645728381,1855527523,1510797708,2711412512,1578373016,2120452883,834353161,747950735,874571501,1817253106,1684117569,2889295223,738521423,850411894
STAT,(NULL),Work,22,4921494439353,223704324880,223704278640,223704278515,223704278159,223704278405,223704332508,223704280894,223704276093,223704278104,223704338056,223704278605,223704278142,223704295554,223704307986,223704313256,223704311394,223704281556,223704278534,223704282032,223704280026,223704282294,223704305720
STAT,(NULL),nBad,22,29721,760,2305,721,2207,2303,1575,1102,1533,1368,844,2617,2815,863,1567,122,963,817,658,2051,1789,332,409
STAT,(NULL),nEmpty,22,4555495,173002,349697,135885,454885,444278,458435,149328,151176,176349,182352,167672,197969,140529,196225,137460,124852,128218,172127,131926,221945,112790,148395
STAT,(NULL),nEmptyPop,22,10402,357,270,445,967,909,716,262,291,337,377,428,387,314,338,757,496,424,332,512,363,422,698
STAT,(NULL),nOverall,22,77909479,2522218,6894086,2138276,11332184,10771352,11733840,1566909,1743107,2172114,2557456,2005545,3872208,2160928,2907588,954785,862567,1043393,2426442,2347435,4085771,855476,955799
STAT,(NULL),nPop,22,9372106,345413,740257,273768,1026422,996270,1043653,287764,287147,342069,361380,322067,415191,277278,388327,250280,224809,234564,350352,270018,462650,208647,263780
STAT,(NULL),nPush,22,9372105,288361,822031,287851,1307433,1235960,1335689,171300,209745,250040,303840,242009,523799,315239,391046,101103,98876,122420,270264,351587,537704,104268,101540
STAT,(NULL),nPushInit,22,1,0,1,0,0,0,0,0,0,0,0,0,0,0,0,0,0,0,0,0,0,0,0
==== BENCHMARK TOOK 106.248
==== BENCHMARK START ===
==== PARAMS kernel=4.9.5-64-net1 malloc=libc hostname=rack-castor threads=22 delta=4 prog=sssp-klsm512  ===
ERROR: ld.so: object '/specific/disk1/home/adamx/malloc/lib64/libjemalloc.so' from LD_PRELOAD cannot be preloaded (cannot open shared object file): ignored.
Galois Benchmark Suite v2.2.1 (r0)
Copyright (C) 2014 The University of Texas at Austin
http://iss.ices.utexas.edu/galois/

application: Single Source Shortest Path
Computes the shortest path from a source node to all nodes in a directed graph using a modified chaotic iteration algorithm
http://iss.ices.utexas.edu/?p=projects/galois/benchmarks/single_source_shortest_path

INFO: CommandLine ./build/debug/apps/sssp/sssp -noverify -t 22 -delta 4 -wl klsm512 -startNode 0 /specific/disk1/home/mad/Galois-PQ/inputs/ljournal-2008.gr
INFO: Hostname rack-castor
Read 5363260 nodes
Running Asynchronous with CAS version
INFO: Using delta-step of 1
WARNING: Performance varies considerably due to delta parameter.
WARNING: Do not expect the default to be good for your graph.
Node 1 has distance 126
STATTYPE,LOOP,CATEGORY,n,sum,T0,T1,T2,T3,T4,T5,T6,T7,T8,T9,T10,T11,T12,T13,T14,T15,T16,T17,T18,T19,T20,T21
STAT,(NULL),BadWork,22,20873104,546710,1434757,130988,1986960,1887649,1885532,2923250,1276476,781333,1189097,1553997,1022165,654030,1130944,172598,82547,213433,365458,669799,577558,61746,326077
STAT,(NULL),BarrierTime,22,3507755,484155,281244,304416,262738,235310,231819,192844,154709,180728,91564,130812,138968,133560,131316,87450,98176,102708,79470,61352,19484,54132,50800
STAT,(NULL),ConflictTime,22,0,0,0,0,0,0,0,0,0,0,0,0,0,0,0,0,0,0,0,0,0,0,0
STAT,(NULL),Conflicts,22,0,0,0,0,0,0,0,0,0,0,0,0,0,0,0,0,0,0,0,0,0,0,0
STAT,(NULL),EmptyPopTime,22,36480290879,611946292,134101678,4316192323,109793114,151266499,328501275,1091584516,3931137679,1642645827,1408902541,1328572166,965097197,1013960243,161179643,1043109170,1553811564,857631413,4101109930,4628798042,2691646721,737452412,3671850634
STAT,(NULL),EmptyWork,22,2003069380,77155618,148662682,61929683,220345200,214920107,223255371,62361007,51762034,88650125,75648924,75994088,71954017,80650204,86409486,52543689,57963123,46620291,63570458,70438721,77045094,47400603,47788855
STAT,(NULL),GaloisTime,22,4958460883,185601191,380833033,140481157,604093128,566880118,612574096,142111030,128732623,208494469,173590030,177753432,189660295,190045067,221151542,118120840,120983745,98771294,157915469,173485315,176253103,91157307,99772599
STAT,(NULL),InitPushTime,22,972133,5284,138424,72668,37373,40212,39848,36847,36669,39224,39416,43904,38676,38668,38652,64922,39264,38656,37472,37268,33082,37900,37704
STAT,(NULL),Iterations,22,9372722,370719,723097,306415,1039008,993814,1053305,309718,255541,397851,327573,346456,331781,369573,388645,246691,283490,227594,293255,322500,349442,205358,230896
STAT,(NULL),LoopTime,22,221418014534,221418014534,0,0,0,0,0,0,0,0,0,0,0,0,0,0,0,0,0,0,0,0,0
STAT,(NULL),MeminfoPost,22,528,24,24,24,24,24,24,24,24,24,24,24,24,24,24,24,24,24,24,24,24,24,24
STAT,(NULL),MeminfoPre,22,528,24,24,24,24,24,24,24,24,24,24,24,24,24,24,24,24,24,24,24,24,24,24
STAT,(NULL),NumaPost,22,63935,62285,790,577,283,0,0,0,0,0,0,0,0,0,0,0,0,0,0,0,0,0,0
STAT,(NULL),PopTime,22,809005816726,40627251847,45796312527,36046185300,47892651825,47824662474,47506499267,37370588211,35217499884,37034269319,36213534698,38261148940,38537810766,36295692486,38795626883,30102977348,32500487582,33796668699,29621673401,31789217984,34693159199,31837564975,21244333111
STAT,(NULL),PushTime,22,3959228192826,177817461914,170186161403,179383603850,164551533560,165189103253,164587770070,181155389307,180539140798,180083317145,181604758875,179611042499,179191234186,181664719244,179366086957,188861321472,186118408515,185682353242,185736107108,182797174053,181873155593,187855535694,195372814088
STAT,(NULL),RusageSys,22,5316000,5316000,0,0,0,0,0,0,0,0,0,0,0,0,0,0,0,0,0,0,0,0,0
STAT,(NULL),RusageUser,22,2209616000,2209616000,0,0,0,0,0,0,0,0,0,0,0,0,0,0,0,0,0,0,0,0,0
STAT,(NULL),Threads,22,22,22,0,0,0,0,0,0,0,0,0,0,0,0,0,0,0,0,0,0,0,0,0
STAT,(NULL),Time,22,222457061302,222457061302,0,0,0,0,0,0,0,0,0,0,0,0,0,0,0,0,0,0,0,0,0
STAT,(NULL),TotalTime,22,228230050006,228230050006,0,0,0,0,0,0,0,0,0,0,0,0,0,0,0,0,0,0,0,0,0
STAT,(NULL),UserTime,22,55760299284,1927679018,4601025452,1298704679,7868680259,7300264428,7988496200,1425063136,1378823449,2189719825,1770662462,1792584971,2291340717,2002030272,2616642927,1069021179,895442767,765052199,1566720462,1787983769,1735837501,677986339,810537273
STAT,(NULL),Work,22,4867438238494,221247188980,221247176049,221247181316,221247175940,221247178495,221247186086,221247232235,221247179123,221247189086,221247231154,221247175692,221247183302,221247196384,221247197208,221247178370,221247181972,221247181918,221247204684,221247227228,221247229758,221247180634,221247182880
STAT,(NULL),nBad,22,29846,813,1937,317,2553,2607,2731,3576,2336,1118,1610,2057,1471,885,1843,256,103,269,523,1081,920,154,686
STAT,(NULL),nEmpty,22,4556076,189701,341883,161524,460991,446312,465830,162106,131780,194696,162937,175418,156140,183295,184576,130196,158125,123757,148831,157874,178148,113044,128912
STAT,(NULL),nEmptyPop,22,12232,253,258,420,1780,1471,2774,490,363,268,339,246,262,320,306,425,240,325,285,341,509,198,359
STAT,(NULL),nOverall,22,77909604,2629648,6574265,1658433,11605456,10717182,11708055,1896707,1897855,2965954,2424369,2427635,3266735,2731538,3712539,1359466,984876,868920,2085310,2402029,2273638,757344,961650
STAT,(NULL),nPop,22,9372722,370719,723097,306415,1039008,993814,1053305,309718,255541,397851,327573,346456,331781,369573,388645,246691,283490,227594,293255,322500,349442,205358,230896
STAT,(NULL),nPush,22,9372721,338712,772016,181271,1391987,1242135,1361102,291302,262684,351488,296720,298927,406514,329206,458085,155485,110690,100358,256134,272162,288859,89896,116988
STAT,(NULL),nPushInit,22,1,0,1,0,0,0,0,0,0,0,0,0,0,0,0,0,0,0,0,0,0,0,0
==== BENCHMARK TOOK 104.622
==== BENCHMARK START ===
==== PARAMS kernel=4.9.5-64-net1 malloc=libc hostname=rack-castor threads=22 delta=4 prog=sssp-klsm512  ===
ERROR: ld.so: object '/specific/disk1/home/adamx/malloc/lib64/libjemalloc.so' from LD_PRELOAD cannot be preloaded (cannot open shared object file): ignored.
Galois Benchmark Suite v2.2.1 (r0)
Copyright (C) 2014 The University of Texas at Austin
http://iss.ices.utexas.edu/galois/

application: Single Source Shortest Path
Computes the shortest path from a source node to all nodes in a directed graph using a modified chaotic iteration algorithm
http://iss.ices.utexas.edu/?p=projects/galois/benchmarks/single_source_shortest_path

INFO: CommandLine ./build/debug/apps/sssp/sssp -noverify -t 22 -delta 4 -wl klsm512 -startNode 0 /specific/disk1/home/mad/Galois-PQ/inputs/ljournal-2008.gr
INFO: Hostname rack-castor
Read 5363260 nodes
Running Asynchronous with CAS version
INFO: Using delta-step of 1
WARNING: Performance varies considerably due to delta parameter.
WARNING: Do not expect the default to be good for your graph.
Node 1 has distance 126
STATTYPE,LOOP,CATEGORY,n,sum,T0,T1,T2,T3,T4,T5,T6,T7,T8,T9,T10,T11,T12,T13,T14,T15,T16,T17,T18,T19,T20,T21
STAT,(NULL),BadWork,22,19218629,1111818,494993,575980,1323776,1437967,2802297,394634,485248,938234,206755,1146748,1514256,843450,630275,229097,849963,744695,554543,995519,1132481,458618,347282
STAT,(NULL),BarrierTime,22,4724676,524000,332416,357726,291478,322466,218607,290712,238206,208148,190253,236045,153102,216043,139744,204472,85656,143014,83510,148156,125109,69681,146132
STAT,(NULL),ConflictTime,22,0,0,0,0,0,0,0,0,0,0,0,0,0,0,0,0,0,0,0,0,0,0,0
STAT,(NULL),Conflicts,22,0,0,0,0,0,0,0,0,0,0,0,0,0,0,0,0,0,0,0,0,0,0,0
STAT,(NULL),EmptyPopTime,22,28385664838,2494037418,122519059,1125486226,320676045,225859262,187442609,1179494880,5796451,164912001,1099178680,1159107011,2934756453,650499465,3612501563,474147789,3432796156,880926343,1821616106,1533871062,502444817,4327387762,130207680
STAT,(NULL),EmptyWork,22,2024939594,55928422,154372707,63141537,221797834,209195223,227229937,59662879,53975562,102429066,85059086,82388634,82812633,95203636,60143874,60576782,42139197,52436708,61107451,76368441,79922477,46309804,52737704
STAT,(NULL),GaloisTime,22,4960553932,134009653,383495078,138196136,598193014,568943001,614876899,127857916,127139249,220010207,189905366,199228902,228225387,232005598,149464940,121272463,89791197,109875407,149265346,191884216,183222064,98768225,104923668
STAT,(NULL),InitPushTime,22,1027078,4356,149260,96048,40248,40336,39852,40556,36511,39188,48752,35267,34705,34967,38172,39540,65193,38980,37624,37484,33097,58982,37960
STAT,(NULL),Iterations,22,9371964,262685,709910,313886,1026525,979869,1049787,281607,244066,445146,386354,379793,374049,448440,291805,281483,203575,246764,283898,361278,371644,201919,227481
STAT,(NULL),LoopTime,22,217765678883,217765678883,0,0,0,0,0,0,0,0,0,0,0,0,0,0,0,0,0,0,0,0,0
STAT,(NULL),MeminfoPost,22,528,24,24,24,24,24,24,24,24,24,24,24,24,24,24,24,24,24,24,24,24,24,24
STAT,(NULL),MeminfoPre,22,528,24,24,24,24,24,24,24,24,24,24,24,24,24,24,24,24,24,24,24,24,24,24
STAT,(NULL),NumaPost,22,63952,62286,963,603,100,0,0,0,0,0,0,0,0,0,0,0,0,0,0,0,0,0,0
STAT,(NULL),PopTime,22,680036458631,26307631149,37573742313,34710681549,39209516351,39348794355,39399735599,29273057143,28761552018,32975005143,25632508216,36064034803,33181960033,34125075362,25613347294,33091352034,26416944463,27885111169,31186155001,31802882108,26392964802,18028109201,23056298525
STAT,(NULL),PushTime,22,4016905659975,187249940373,174737063658,180419008726,169526475678,169920923957,169187219241,185920505874,187347069267,182077564106,188773668207,177945193814,178289005756,180141854920,186701711074,182848423239,186920793456,187773472505,182821055045,181844690786,188635454694,194394359242,193430206357
STAT,(NULL),RusageSys,22,4968000,4968000,0,0,0,0,0,0,0,0,0,0,0,0,0,0,0,0,0,0,0,0,0
STAT,(NULL),RusageUser,22,2173824000,2173824000,0,0,0,0,0,0,0,0,0,0,0,0,0,0,0,0,0,0,0,0,0
STAT,(NULL),Threads,22,22,22,0,0,0,0,0,0,0,0,0,0,0,0,0,0,0,0,0,0,0,0,0
STAT,(NULL),Time,22,218787436023,218787436023,0,0,0,0,0,0,0,0,0,0,0,0,0,0,0,0,0,0,0,0,0
STAT,(NULL),TotalTime,22,224590062188,224590062188,0,0,0,0,0,0,0,0,0,0,0,0,0,0,0,0,0,0,0,0,0
STAT,(NULL),UserTime,22,55706721252,1395724970,4666079921,1180758672,7760614188,7363556056,8020768242,1076694586,1341740204,2097352339,1856953356,2187320175,2920512629,2392633885,1500103867,1041500589,734806511,935450486,1598073627,2187576589,1843263634,742337262,862899464
STAT,(NULL),Work,22,4788022430930,217637405220,217637356684,217637356835,217637395759,217637355851,217637443628,217637365822,217637369995,217637396246,217637388129,217637376496,217637428012,217637356973,217637431348,217637358748,217637358893,217637358634,217637428114,217637360306,217637395944,217637382439,217637360854
STAT,(NULL),nBad,22,26481,1311,602,915,1786,1877,3500,983,793,1456,296,1590,1874,1368,845,441,796,1198,727,1361,1719,652,391
STAT,(NULL),nEmpty,22,4555365,134190,332206,172525,453865,435939,462638,150392,123684,225675,199359,186044,168109,219732,149945,152448,112145,134194,140260,178397,190623,110532,122463
STAT,(NULL),nEmptyPop,22,22921,1082,1092,1183,1522,1180,1520,919,825,1009,763,1026,1031,1010,1132,1099,994,1152,1090,1046,1081,96,1069
STAT,(NULL),nOverall,22,77906239,1893313,6728297,1458699,11425326,10853464,11798229,1294648,1827796,2757704,2444741,3038615,4288626,3235152,2002592,1264104,874640,1129376,2186552,3056775,2454663,861964,1030963
STAT,(NULL),nPop,22,9371964,262685,709910,313886,1026525,979869,1049787,281607,244066,445146,386354,379793,374049,448440,291805,281483,203575,246764,283898,361278,371644,201919,227481
STAT,(NULL),nPush,22,9371963,289593,765450,165411,1311458,1237573,1352718,146538,238043,326341,293141,381816,563332,378453,275061,157236,115259,135787,267422,393248,330995,122141,124947
STAT,(NULL),nPushInit,22,1,0,1,0,0,0,0,0,0,0,0,0,0,0,0,0,0,0,0,0,0,0,0
==== BENCHMARK TOOK 102.981
==== BENCHMARK START ===
==== PARAMS kernel=4.9.5-64-net1 malloc=libc hostname=rack-castor threads=22 delta=4 prog=sssp-klsm512  ===
ERROR: ld.so: object '/specific/disk1/home/adamx/malloc/lib64/libjemalloc.so' from LD_PRELOAD cannot be preloaded (cannot open shared object file): ignored.
Galois Benchmark Suite v2.2.1 (r0)
Copyright (C) 2014 The University of Texas at Austin
http://iss.ices.utexas.edu/galois/

application: Single Source Shortest Path
Computes the shortest path from a source node to all nodes in a directed graph using a modified chaotic iteration algorithm
http://iss.ices.utexas.edu/?p=projects/galois/benchmarks/single_source_shortest_path

INFO: CommandLine ./build/debug/apps/sssp/sssp -noverify -t 22 -delta 4 -wl klsm512 -startNode 0 /specific/disk1/home/mad/Galois-PQ/inputs/ljournal-2008.gr
INFO: Hostname rack-castor
Read 5363260 nodes
Running Asynchronous with CAS version
INFO: Using delta-step of 1
WARNING: Performance varies considerably due to delta parameter.
WARNING: Do not expect the default to be good for your graph.
Node 1 has distance 126
STATTYPE,LOOP,CATEGORY,n,sum,T0,T1,T2,T3,T4,T5,T6,T7,T8,T9,T10,T11,T12,T13,T14,T15,T16,T17,T18,T19,T20,T21
STAT,(NULL),BadWork,22,27539035,287831,2334492,1315278,2205262,2730208,2432122,286099,435252,602389,1916385,686748,1859475,872120,1229776,220406,791224,239629,2123866,1046180,628757,3007922,287614
STAT,(NULL),BarrierTime,22,3820643,443532,322511,338260,218310,232830,261538,258157,192685,194616,152910,86888,93824,166921,112604,99265,100292,101452,111722,57893,111912,110954,51567
STAT,(NULL),ConflictTime,22,0,0,0,0,0,0,0,0,0,0,0,0,0,0,0,0,0,0,0,0,0,0,0
STAT,(NULL),Conflicts,22,0,0,0,0,0,0,0,0,0,0,0,0,0,0,0,0,0,0,0,0,0,0,0
STAT,(NULL),EmptyPopTime,22,25167176237,265186133,22417542,77567568,255883070,281791334,83123463,1321279134,1817111944,1771809512,3383404096,1502652950,2106613269,2238529521,2343704299,28705406,1116817307,946691583,165359416,2416957814,2283804256,350725816,387040804
STAT,(NULL),EmptyWork,22,1998343661,66170056,155841581,62316421,219937454,211114910,235159912,53929664,53228502,62765841,60903414,78461454,74709254,67864106,90752820,59078509,56420524,63439947,71171615,64633067,91407688,43863810,55173112
STAT,(NULL),GaloisTime,22,4930271142,150080847,398205362,130359113,610446378,577043076,632584964,119132542,125064329,143294042,134846123,184931637,181930283,167820158,215456521,122873522,112462991,136585422,198065416,155918178,216309317,99369924,117490997
STAT,(NULL),InitPushTime,22,924197,5100,124856,43380,36253,36311,36147,36814,40304,39176,35425,65201,38404,34772,34411,65296,39456,38956,33550,37088,34314,34614,34369
STAT,(NULL),Iterations,22,9379241,309234,740544,281031,1029988,997909,1073194,251606,259732,291232,283432,380993,338600,328039,419941,292099,260507,277725,369331,313054,410450,222023,248577
STAT,(NULL),LoopTime,22,219657540204,219657540204,0,0,0,0,0,0,0,0,0,0,0,0,0,0,0,0,0,0,0,0,0
STAT,(NULL),MeminfoPost,22,528,24,24,24,24,24,24,24,24,24,24,24,24,24,24,24,24,24,24,24,24,24,24
STAT,(NULL),MeminfoPre,22,528,24,24,24,24,24,24,24,24,24,24,24,24,24,24,24,24,24,24,24,24,24,24
STAT,(NULL),NumaPost,22,64096,62452,786,575,283,0,0,0,0,0,0,0,0,0,0,0,0,0,0,0,0,0,0
STAT,(NULL),PopTime,22,800709119582,34712154948,44325630710,35589643832,46157519768,45898714464,46799219678,32210983872,31993098957,37207022102,31999184227,32939431869,36264523046,38747271744,39175934977,25134912876,34591818383,39697548101,36495674796,36401314926,32209834300,33103314828,29054367178
STAT,(NULL),PushTime,22,3940409018474,182847794879,169772943972,182485304788,164332066680,165092273408,163498417957,184743365379,184314022522,178942728511,182586981439,182893394937,178831135224,176402821723,175418517875,193128041498,182673603057,177335715294,180152644225,178754527953,182321772172,185049329033,188831615948
STAT,(NULL),RusageSys,22,5144000,5144000,0,0,0,0,0,0,0,0,0,0,0,0,0,0,0,0,0,0,0,0,0
STAT,(NULL),RusageUser,22,2192244000,2192244000,0,0,0,0,0,0,0,0,0,0,0,0,0,0,0,0,0,0,0,0,0
STAT,(NULL),Threads,22,22,22,0,0,0,0,0,0,0,0,0,0,0,0,0,0,0,0,0,0,0,0,0
STAT,(NULL),Time,22,220690915456,220690915456,0,0,0,0,0,0,0,0,0,0,0,0,0,0,0,0,0,0,0,0,0
STAT,(NULL),TotalTime,22,227455308787,227455308787,0,0,0,0,0,0,0,0,0,0,0,0,0,0,0,0,0,0,0,0,0
STAT,(NULL),UserTime,22,55696885309,1454558185,4820906717,1150754336,7920093334,7435009592,8247440486,1047255971,1193419883,1368326192,1330627297,1897069972,2037035324,1871639031,2251580430,1022331470,944824062,1315966101,2413031102,1702594266,2372818902,849343303,1050259353
STAT,(NULL),Work,22,4828913280495,219496099176,219496034849,219496034910,219496101364,219496086617,219496035121,219496035780,219496035330,219496034896,219496091908,219496086003,219496110196,219496039897,219496096783,219496033030,219496035472,219496034972,219496035297,219496087611,219496035102,219496036619,219496059562
STAT,(NULL),nBad,22,40751,591,3169,1644,2976,4028,3426,424,644,1077,2737,1238,2378,1050,2095,379,1505,389,3549,1480,1020,4452,500
STAT,(NULL),nEmpty,22,4562545,158824,345831,148253,450544,443162,470474,134855,134474,151806,149702,193799,166368,166091,207823,159398,141669,140961,183027,159037,200003,122978,133466
STAT,(NULL),nEmptyPop,22,6796,420,224,303,469,336,306,301,307,348,346,279,280,332,245,290,263,245,259,496,266,283,198
STAT,(NULL),nOverall,22,77920509,1882413,6912997,1443835,11677618,10929468,12110015,1313120,1538060,1822289,1758577,2552177,2848743,2635076,3052012,1200929,1129867,1702669,3486560,2319151,3253170,1043767,1307996
STAT,(NULL),nPop,22,9379241,309234,740544,281031,1029988,997909,1073194,251606,259732,291232,283432,380993,338600,328039,419941,292099,260507,277725,369331,313054,410450,222023,248577
STAT,(NULL),nPush,22,9379240,215570,784555,171553,1356807,1274381,1405595,181327,185153,230688,264455,293308,369141,356672,348824,129523,139101,201529,469922,274581,423182,156952,146421
STAT,(NULL),nPushInit,22,1,0,1,0,0,0,0,0,0,0,0,0,0,0,0,0,0,0,0,0,0,0,0
==== BENCHMARK TOOK 104.352
==== BENCHMARK START ===
==== PARAMS kernel=4.9.5-64-net1 malloc=libc hostname=rack-castor threads=22 delta=4 prog=sssp-klsm512  ===
ERROR: ld.so: object '/specific/disk1/home/adamx/malloc/lib64/libjemalloc.so' from LD_PRELOAD cannot be preloaded (cannot open shared object file): ignored.
Galois Benchmark Suite v2.2.1 (r0)
Copyright (C) 2014 The University of Texas at Austin
http://iss.ices.utexas.edu/galois/

application: Single Source Shortest Path
Computes the shortest path from a source node to all nodes in a directed graph using a modified chaotic iteration algorithm
http://iss.ices.utexas.edu/?p=projects/galois/benchmarks/single_source_shortest_path

INFO: CommandLine ./build/debug/apps/sssp/sssp -noverify -t 22 -delta 4 -wl klsm512 -startNode 0 /specific/disk1/home/mad/Galois-PQ/inputs/ljournal-2008.gr
INFO: Hostname rack-castor
Read 5363260 nodes
Running Asynchronous with CAS version
INFO: Using delta-step of 1
WARNING: Performance varies considerably due to delta parameter.
WARNING: Do not expect the default to be good for your graph.
Node 1 has distance 126
STATTYPE,LOOP,CATEGORY,n,sum,T0,T1,T2,T3,T4,T5,T6,T7,T8,T9,T10,T11,T12,T13,T14,T15,T16,T17,T18,T19,T20,T21
STAT,(NULL),BadWork,22,20803485,1234846,1180684,891738,1673254,2493595,2226297,344180,563111,705714,850354,1159725,413741,235579,1294808,879158,1893940,425846,563552,98828,426991,555309,692235
STAT,(NULL),BarrierTime,22,5367525,496120,435378,387905,402757,287374,401211,319473,247680,226708,186288,170450,208024,213978,190060,276793,210077,187768,97136,24506,46302,172216,179321
STAT,(NULL),ConflictTime,22,0,0,0,0,0,0,0,0,0,0,0,0,0,0,0,0,0,0,0,0,0,0,0
STAT,(NULL),Conflicts,22,0,0,0,0,0,0,0,0,0,0,0,0,0,0,0,0,0,0,0,0,0,0,0
STAT,(NULL),EmptyPopTime,22,22391010426,812335663,223676617,485996037,426171349,79479452,312159007,1381838997,264693304,4456070405,2059318086,721731092,500548225,3289052354,763054145,632334538,122015608,356460778,1301142430,1040140110,349838568,1239868034,1573085627
STAT,(NULL),EmptyWork,22,1999061395,84706098,137483098,67248861,209348472,195986825,210549072,57600726,61264228,68655078,75439009,96103511,88346222,67949134,79242712,51949887,56608532,58175642,89368733,70852799,80335463,47052504,44794789
STAT,(NULL),GaloisTime,22,4927478828,182492820,366987284,164025153,580367184,559486235,593716324,125258342,131258682,174576499,171131167,219092457,212037803,168369674,176354160,110044260,114747299,113298929,205256754,176086277,184031770,98888676,99971079
STAT,(NULL),InitPushTime,22,981429,5560,94204,50612,40472,36538,41560,67892,59092,42504,35488,38928,40260,34887,38340,35892,36019,48053,37500,62817,62026,38316,34469
STAT,(NULL),Iterations,22,9371844,397991,667898,329889,974928,934667,991854,263584,286999,322452,360719,410282,410519,338683,350812,249349,266480,281271,390292,339537,363664,221015,218959
STAT,(NULL),LoopTime,22,222190613964,222190613964,0,0,0,0,0,0,0,0,0,0,0,0,0,0,0,0,0,0,0,0,0
STAT,(NULL),MeminfoPost,22,528,24,24,24,24,24,24,24,24,24,24,24,24,24,24,24,24,24,24,24,24,24,24
STAT,(NULL),MeminfoPre,22,528,24,24,24,24,24,24,24,24,24,24,24,24,24,24,24,24,24,24,24,24,24,24
STAT,(NULL),NumaPost,22,63964,62319,787,576,282,0,0,0,0,0,0,0,0,0,0,0,0,0,0,0,0,0,0
STAT,(NULL),PopTime,22,1013720595287,46982406407,52693783612,44158668547,58856233193,58534899233,58775597396,43593216757,39442638451,40225692872,42193879191,44984394518,46897029733,44742648289,46707450545,42634585472,39878217321,40974765597,45394150522,48140840974,41645983962,43663042894,42600469801
STAT,(NULL),PushTime,22,3786051286116,172211966442,163957361860,175414664850,154277372134,155265162667,154213969796,175760627704,180943794742,175296841918,175888030308,173688486520,172143802609,171949177827,172431120441,177712043143,180875218580,179644444364,172905796990,170623359507,177821421602,176162142040,176864480072
STAT,(NULL),RusageSys,22,4840000,4840000,0,0,0,0,0,0,0,0,0,0,0,0,0,0,0,0,0,0,0,0,0
STAT,(NULL),RusageUser,22,2217988000,2217988000,0,0,0,0,0,0,0,0,0,0,0,0,0,0,0,0,0,0,0,0,0
STAT,(NULL),Threads,22,22,22,0,0,0,0,0,0,0,0,0,0,0,0,0,0,0,0,0,0,0,0,0
STAT,(NULL),Time,22,223205349856,223205349856,0,0,0,0,0,0,0,0,0,0,0,0,0,0,0,0,0,0,0,0,0
STAT,(NULL),TotalTime,22,229979864240,229979864240,0,0,0,0,0,0,0,0,0,0,0,0,0,0,0,0,0,0,0,0,0
STAT,(NULL),UserTime,22,55713326121,1762580330,4657197100,1745884846,7686997181,7401475067,7930497166,1117943321,1192837999,1814651996,1648691951,2326681802,2194725696,1819292624,1879267661,895532452,989683137,889343180,2140775216,1985207392,1954875639,825495790,853688575
STAT,(NULL),Work,22,4884805779829,222036659988,222036571053,222036652656,222036582226,222036672400,222036571072,222036569430,222036590812,222036655288,222036664160,222036672131,222036685432,222036688088,222036659052,222036571398,222036580919,222036571688,222036686263,222036679139,222036647904,222036575497,222036573233
STAT,(NULL),nBad,22,28219,1708,1507,1453,2456,2972,2808,599,764,1136,1290,1530,638,257,1340,1369,2036,669,865,176,658,721,1267
STAT,(NULL),nEmpty,22,4555236,207187,308562,168534,424119,407517,429789,139377,153929,159902,190510,196856,205597,173888,176027,134198,145259,156773,191027,168136,180520,120197,117332
STAT,(NULL),nEmptyPop,22,6561,295,206,248,588,240,606,218,231,171,444,261,310,518,230,276,284,229,167,199,256,260,324
STAT,(NULL),nOverall,22,77907977,2256798,6786757,2430748,11422245,11029171,11767088,1422181,1521859,2429866,2148742,3154032,2929991,2486753,2575443,1063936,1199589,1001192,2882637,2743322,2615416,973883,1066328
STAT,(NULL),nPop,22,9371844,397991,667898,329889,974928,934667,991854,263584,286999,322452,360719,410282,410519,338683,350812,249349,266480,281271,390292,339537,363664,221015,218959
STAT,(NULL),nPush,22,9371843,254856,806534,302785,1331043,1338497,1372481,158300,169680,292969,284388,362751,338222,355208,326824,146523,189724,121196,335994,334199,300117,114223,135329
STAT,(NULL),nPushInit,22,1,0,1,0,0,0,0,0,0,0,0,0,0,0,0,0,0,0,0,0,0,0,0
==== BENCHMARK TOOK 105.454
