==== BENCHMARK START ===
==== PARAMS kernel=4.9.5-64-net1 malloc=libc hostname=rack-castor threads=44 delta=4 prog=sssp-klsm1024  ===
ERROR: ld.so: object '/specific/disk1/home/adamx/malloc/lib64/libjemalloc.so' from LD_PRELOAD cannot be preloaded (cannot open shared object file): ignored.
Galois Benchmark Suite v2.2.1 (r0)
Copyright (C) 2014 The University of Texas at Austin
http://iss.ices.utexas.edu/galois/

application: Single Source Shortest Path
Computes the shortest path from a source node to all nodes in a directed graph using a modified chaotic iteration algorithm
http://iss.ices.utexas.edu/?p=projects/galois/benchmarks/single_source_shortest_path

INFO: CommandLine ./build/debug/apps/sssp/sssp -noverify -t 44 -delta 4 -wl klsm1024 -startNode 0 /specific/disk1/home/mad/Galois-PQ/inputs/ljournal-2008.gr
INFO: Hostname rack-castor
Read 5363260 nodes
Running Asynchronous with CAS version
INFO: Using delta-step of 1
WARNING: Performance varies considerably due to delta parameter.
WARNING: Do not expect the default to be good for your graph.
Node 1 has distance 126
STATTYPE,LOOP,CATEGORY,n,sum,T0,T1,T2,T3,T4,T5,T6,T7,T8,T9,T10,T11,T12,T13,T14,T15,T16,T17,T18,T19,T20,T21,T22,T23,T24,T25,T26,T27,T28,T29,T30,T31,T32,T33,T34,T35,T36,T37,T38,T39,T40,T41,T42,T43
STAT,(NULL),BadWork,44,150666771,4003051,3320087,2583202,5120936,7728988,8233711,1933001,2227323,2686471,3449126,1893646,1520831,1405029,4905273,5632185,1221551,1787980,3099465,2697947,4466778,1585875,821313,3174423,3136519,1837437,7232501,3666145,2770086,2807642,3959039,7900316,4195063,2161523,2620952,2418653,4062532,3172271,2649952,6248943,1574136,3955303,2513948,3082025,3203593
STAT,(NULL),BarrierTime,44,11895289,671332,467768,526080,418775,513937,375083,455710,421076,420044,406197,416652,366834,367185,185856,355654,154956,196350,246950,319025,322489,260762,94336,216930,213281,176843,119307,215310,216678,215846,78986,125787,161040,184380,181862,183388,164906,181240,182810,182837,188968,184805,188066,185982,182986
STAT,(NULL),ConflictTime,44,0,0,0,0,0,0,0,0,0,0,0,0,0,0,0,0,0,0,0,0,0,0,0,0,0,0,0,0,0,0,0,0,0,0,0,0,0,0,0,0,0,0,0,0,0
STAT,(NULL),Conflicts,44,0,0,0,0,0,0,0,0,0,0,0,0,0,0,0,0,0,0,0,0,0,0,0,0,0,0,0,0,0,0,0,0,0,0,0,0,0,0,0,0,0,0,0,0,0
STAT,(NULL),EmptyPopTime,44,58412876000,1306003284,415846666,1004396456,546882196,568545528,608308152,2955222440,1830568473,985119269,1739405759,373864133,533464857,3851141148,1394648935,4235201755,2623676044,288378720,758178899,2655100563,598393034,1168548062,2220885306,585640952,666078564,3280810998,294830226,3372369393,1604446152,945706760,374989722,299123768,737737394,633980687,441839267,469921739,1974960778,2398053914,1290448941,562950142,1319021189,1873257604,1327320850,858103828,439503453
STAT,(NULL),EmptyWork,44,1981954738,31168676,67591195,34120555,87266409,83277383,87989378,29758328,37702827,43830851,47390322,42770491,41793407,36739539,38619966,29587103,27241148,29156020,45811960,36324746,51887576,28553026,22787668,34400421,27567616,29731341,89459693,40084961,43875070,33243203,68246611,90326897,52290532,41147525,50152310,50061494,32208116,30087209,25537185,53942068,43630615,53222337,32412848,28851722,50106390
STAT,(NULL),GaloisTime,44,6162118356,99758946,195342600,104813552,291146910,280286848,295823984,93296174,120339257,145531892,130358101,126497745,122039886,113895000,138410949,88631714,83840522,86086675,129085434,121112061,161311791,84994995,71373285,105601525,98003585,81234398,295966626,133182890,119812327,106429186,204818115,296686900,147235921,120898878,153652634,140573459,117618928,93693582,82626668,157418606,125999853,147343508,105883958,91162035,152296453
STAT,(NULL),InitPushTime,44,2357316,4600,86804,46828,41024,40224,39916,40600,40300,40468,39536,38880,38416,38424,65047,35340,87462,40904,80923,38252,34347,39308,82661,105321,61336,60625,60624,61960,59041,59576,58974,58572,59275,57677,57148,57010,56789,57046,56877,56306,54824,54479,53812,54897,54883
STAT,(NULL),Iterations,44,9463416,153697,309248,154067,440579,423253,429307,159659,180138,211647,220913,194696,191527,175046,183179,139745,115936,122925,215023,173643,237097,129880,106219,150365,137450,125218,435629,223394,203538,159201,323495,446163,241902,201724,235303,239849,154101,137316,123155,260478,211055,248626,141661,140273,256096
STAT,(NULL),LoopTime,44,111126680888,111126680888,0,0,0,0,0,0,0,0,0,0,0,0,0,0,0,0,0,0,0,0,0,0,0,0,0,0,0,0,0,0,0,0,0,0,0,0,0,0,0,0,0,0,0
STAT,(NULL),MeminfoPost,44,572,13,13,13,13,13,13,13,13,13,13,13,13,13,13,13,13,13,13,13,13,13,13,13,13,13,13,13,13,13,13,13,13,13,13,13,13,13,13,13,13,13,13,13,13
STAT,(NULL),MeminfoPre,44,572,13,13,13,13,13,13,13,13,13,13,13,13,13,13,13,13,13,13,13,13,13,13,13,13,13,13,13,13,13,13,13,13,13,13,13,13,13,13,13,13,13,13,13,13
STAT,(NULL),NumaPost,44,67779,35377,31536,766,100,0,0,0,0,0,0,0,0,0,0,0,0,0,0,0,0,0,0,0,0,0,0,0,0,0,0,0,0,0,0,0,0,0,0,0,0,0,0,0,0
STAT,(NULL),PopTime,44,1695791558152,32169014400,45071502147,36337382228,49682599835,50467409486,50732295998,29488820977,36398104879,44858048276,41539191809,40505463497,36370596125,33826168466,41627004224,33430129734,32482391744,40806560596,39633943549,36391290582,42482604734,35015982519,29999142363,31967982294,36412056167,36671492645,51339121858,36809127437,36643083856,35493794046,46818973067,51397225101,37187338044,35411124178,41989633050,36049741379,38986724275,32645053009,29406955642,38869921243,34024222597,37119082567,35888901377,37003012837,38341343315
STAT,(NULL),PushTime,44,3069263617673,76759443249,63341195803,72833889385,57103317158,56483549891,55814602898,77899062250,71744674040,63711424729,66580970897,68968008406,73054548383,72354345801,66430778803,72699613850,75398709809,69345847850,69007550041,70950968650,66324580113,74251983501,78334020537,77676160691,73122608138,70408852822,55652588179,69580824748,71794329678,73629754613,61477038072,55504529673,71794096562,73915204996,66974451681,73181473921,68818642967,75335011252,79741166820,69944476149,74590881806,70652058247,72883746251,72471013187,70721621176
STAT,(NULL),RusageSys,44,42140000,42140000,0,0,0,0,0,0,0,0,0,0,0,0,0,0,0,0,0,0,0,0,0,0,0,0,0,0,0,0,0,0,0,0,0,0,0,0,0,0,0,0,0,0,0
STAT,(NULL),RusageUser,44,2180544000,2180544000,0,0,0,0,0,0,0,0,0,0,0,0,0,0,0,0,0,0,0,0,0,0,0,0,0,0,0,0,0,0,0,0,0,0,0,0,0,0,0,0,0,0,0
STAT,(NULL),Threads,44,44,44,0,0,0,0,0,0,0,0,0,0,0,0,0,0,0,0,0,0,0,0,0,0,0,0,0,0,0,0,0,0,0,0,0,0,0,0,0,0,0,0,0,0,0
STAT,(NULL),Time,44,113888725592,113888725592,0,0,0,0,0,0,0,0,0,0,0,0,0,0,0,0,0,0,0,0,0,0,0,0,0,0,0,0,0,0,0,0,0,0,0,0,0,0,0,0,0,0,0
STAT,(NULL),TotalTime,44,120220375476,120220375476,0,0,0,0,0,0,0,0,0,0,0,0,0,0,0,0,0,0,0,0,0,0,0,0,0,0,0,0,0,0,0,0,0,0,0,0,0,0,0,0,0,0,0
STAT,(NULL),UserTime,44,54215812983,676153609,1950058060,726942844,3330332602,3158475970,3502523899,575384631,910156310,1297591753,1004228088,1024941408,919100907,859254738,1412080762,558382615,425682882,485516896,1466974478,886749859,1422767536,491484626,393334538,671757571,715229383,569421985,3369577217,1105954046,835996111,832615658,2097477685,3453650996,1122845545,919187088,1431814327,1149771420,1111389256,539644836,494808471,1452834450,937787443,1196579400,803278281,589400085,1336672718
STAT,(NULL),Work,44,4885834199327,111041690944,111041749254,111041688916,111041669560,111041673876,111041756728,111041666690,111041668610,111041675298,111041686196,111041676464,111041670514,111041667388,111041794769,111041688162,111041768690,111041789315,111041671008,111041670538,111041675317,111041730698,111041820332,111041647773,111041653886,111041686551,111041748658,111041649358,111041644078,111041645749,111041790408,111041742794,111041669427,111041643586,111041645022,111041643977,111041668247,111041650096,111041643613,111041644420,111041643231,111041653763,111041644938,111041646992,111041643493
STAT,(NULL),nBad,44,187139,5018,3978,3004,6279,8878,9588,2422,3000,3372,3877,2484,2363,1927,5400,7534,1452,2464,3911,3786,5705,2232,1135,4001,3739,2050,9060,4667,3601,3384,5048,9125,5410,2783,3390,3520,5468,3546,3468,8162,2084,4427,2835,3710,3852
STAT,(NULL),nEmpty,44,4644373,80209,146397,79508,194470,186958,182930,88054,90985,99994,115325,97484,98483,90100,84138,75949,61939,65798,96412,87693,111891,71097,59569,76947,71326,66448,190006,116107,109358,81661,151699,195632,120522,106840,112510,125046,73560,74621,67247,127948,108899,126903,73330,74573,127807
STAT,(NULL),nEmptyPop,44,6482562,156862,177408,128169,177189,176850,178014,164034,155119,155812,83303,146925,175463,162525,92984,119878,154604,118260,451,175589,152487,121452,93245,154387,155148,51805,176515,172817,175581,155120,176518,176149,120693,176859,146215,178049,112131,152998,156216,177620,177626,158411,129106,156993,178982
STAT,(NULL),nOverall,44,78066897,930289,2923799,986629,5116978,4851509,5382373,713718,1278769,1893135,1372030,1455189,1245998,1196834,2139821,722988,497169,598073,2193666,1234768,2019839,616653,495318,874220,984833,723356,5174139,1572123,1094795,1156360,3144057,5276164,1524485,1261037,2073592,1597015,1638239,665945,637680,2092535,1278164,1670835,1093493,765232,1903053
STAT,(NULL),nPop,44,9463416,153697,309248,154067,440579,423253,429307,159659,180138,211647,220913,194696,191527,175046,183179,139745,115936,122925,215023,173643,237097,129880,106219,150365,137450,125218,435629,223394,203538,159201,323495,446163,241902,201724,235303,239849,154101,137316,123155,260478,211055,248626,141661,140273,256096
STAT,(NULL),nPush,44,9463415,110501,349953,113318,602010,565432,637262,89709,153397,224519,164404,168145,147336,138909,293419,117001,60715,72575,237898,143145,234733,72289,62545,101366,150860,90017,607179,186018,138977,150208,379394,617238,170606,153369,234752,194882,234278,96856,97956,253891,155425,193220,151677,117182,228849
STAT,(NULL),nPushInit,44,1,0,1,0,0,0,0,0,0,0,0,0,0,0,0,0,0,0,0,0,0,0,0,0,0,0,0,0,0,0,0,0,0,0,0,0,0,0,0,0,0,0,0,0,0
==== BENCHMARK TOOK 55.533
==== BENCHMARK START ===
==== PARAMS kernel=4.9.5-64-net1 malloc=libc hostname=rack-castor threads=44 delta=4 prog=sssp-klsm1024  ===
ERROR: ld.so: object '/specific/disk1/home/adamx/malloc/lib64/libjemalloc.so' from LD_PRELOAD cannot be preloaded (cannot open shared object file): ignored.
Galois Benchmark Suite v2.2.1 (r0)
Copyright (C) 2014 The University of Texas at Austin
http://iss.ices.utexas.edu/galois/

application: Single Source Shortest Path
Computes the shortest path from a source node to all nodes in a directed graph using a modified chaotic iteration algorithm
http://iss.ices.utexas.edu/?p=projects/galois/benchmarks/single_source_shortest_path

INFO: CommandLine ./build/debug/apps/sssp/sssp -noverify -t 44 -delta 4 -wl klsm1024 -startNode 0 /specific/disk1/home/mad/Galois-PQ/inputs/ljournal-2008.gr
INFO: Hostname rack-castor
Read 5363260 nodes
Running Asynchronous with CAS version
INFO: Using delta-step of 1
WARNING: Performance varies considerably due to delta parameter.
WARNING: Do not expect the default to be good for your graph.
Node 1 has distance 126
STATTYPE,LOOP,CATEGORY,n,sum,T0,T1,T2,T3,T4,T5,T6,T7,T8,T9,T10,T11,T12,T13,T14,T15,T16,T17,T18,T19,T20,T21,T22,T23,T24,T25,T26,T27,T28,T29,T30,T31,T32,T33,T34,T35,T36,T37,T38,T39,T40,T41,T42,T43
STAT,(NULL),BadWork,44,108648247,2651642,2545693,2226437,7211386,3941726,3249434,2018987,2966314,1768730,2461824,1391504,2560361,2786897,4295533,173673,1661014,664568,3326350,1135308,2426139,1959911,2563586,2550580,1639669,316275,5192862,1303020,3767565,2610748,2761523,6187768,3494688,2235465,3764029,1499632,1440092,1361907,1253011,1410777,2594107,1056913,1940089,1261180,3019330
STAT,(NULL),BarrierTime,44,14924607,632272,664510,639666,621243,622000,590725,550239,287459,314226,309089,543736,459946,487748,503245,234901,424230,199760,327264,251676,428920,408967,252292,65890,78401,313796,313637,313537,314344,104259,295271,105330,295102,295137,99534,298143,185478,259596,290242,295876,264203,90631,298304,296622,297160
STAT,(NULL),ConflictTime,44,0,0,0,0,0,0,0,0,0,0,0,0,0,0,0,0,0,0,0,0,0,0,0,0,0,0,0,0,0,0,0,0,0,0,0,0,0,0,0,0,0,0,0,0,0
STAT,(NULL),Conflicts,44,0,0,0,0,0,0,0,0,0,0,0,0,0,0,0,0,0,0,0,0,0,0,0,0,0,0,0,0,0,0,0,0,0,0,0,0,0,0,0,0,0,0,0,0,0
STAT,(NULL),EmptyPopTime,44,50034180112,158586384,183905633,1884866136,124024984,157670491,106145262,2496709503,1627180746,438421455,497738565,927011412,2151967014,1139759705,595914977,1396846420,2180022777,3211186774,2380943146,2738467734,1665141316,198696867,2219739400,244626001,386989445,1268434393,294876240,259040464,2211073148,1812503212,321867089,86097698,2791904636,63988093,766746163,714650686,1709166613,520585909,2267499183,225977584,1967674786,1928011430,593416259,996770042,121334337
STAT,(NULL),EmptyWork,44,2015307453,38310860,61447420,32524633,87907903,85503506,90347742,42191333,35970662,42800255,53036045,34482079,36859833,37273721,37172822,33312720,31518667,25675902,36212728,38463585,39154289,29947507,32700062,45447939,41759149,35524671,88039204,36186520,42932436,43324209,67814893,89931070,49062072,39583847,46746733,47597769,34206910,32604964,30162983,50496154,40559319,40315951,41140334,34855523,54200529
STAT,(NULL),GaloisTime,44,5108015359,90514885,165025539,90938415,266996910,246846142,275948838,87106220,84513913,116852959,123441910,84457798,90284868,92651674,86339327,65642792,63298917,55657052,86066996,92382339,109387596,65476251,71679605,110479256,104610904,79984405,260962444,90239885,123762521,97807905,179790244,271786140,109779847,91719561,126105330,103444932,79011546,70703655,63405410,126865775,103723395,93065804,109238267,75290435,124726752
STAT,(NULL),InitPushTime,44,2485562,4996,90684,73614,36969,40740,40320,50703,68038,39676,39968,39460,56988,40468,34715,65948,41792,54080,82801,39744,38884,40060,39836,111203,71992,72519,72057,72739,71764,71830,70099,71104,59532,58762,58454,57185,56584,57721,57933,57215,55491,55132,54700,55806,55256
STAT,(NULL),Iterations,44,9437495,198008,293824,157967,431336,399583,459547,185240,162332,208696,237540,154687,176652,152697,162500,157244,141906,123606,157359,167510,169472,138161,146483,224614,204964,170167,426982,176739,224238,187565,320349,433193,210845,176571,218208,213942,159568,136442,131465,247877,199840,187204,185824,165960,252588
STAT,(NULL),LoopTime,44,111150214266,111150214266,0,0,0,0,0,0,0,0,0,0,0,0,0,0,0,0,0,0,0,0,0,0,0,0,0,0,0,0,0,0,0,0,0,0,0,0,0,0,0,0,0,0,0
STAT,(NULL),MeminfoPost,44,572,13,13,13,13,13,13,13,13,13,13,13,13,13,13,13,13,13,13,13,13,13,13,13,13,13,13,13,13,13,13,13,13,13,13,13,13,13,13,13,13,13,13,13,13
STAT,(NULL),MeminfoPre,44,572,13,13,13,13,13,13,13,13,13,13,13,13,13,13,13,13,13,13,13,13,13,13,13,13,13,13,13,13,13,13,13,13,13,13,13,13,13,13,13,13,13,13,13,13
STAT,(NULL),NumaPost,44,67401,34360,32168,773,100,0,0,0,0,0,0,0,0,0,0,0,0,0,0,0,0,0,0,0,0,0,0,0,0,0,0,0,0,0,0,0,0,0,0,0,0,0,0,0,0
STAT,(NULL),PopTime,44,1654092097881,35563265393,46388826969,41260745196,50221423209,49652492404,51154357601,33810613142,35390629058,40396023658,35613931154,31083831195,36448710260,41819085931,29024266661,30783587919,30572938104,31130961491,37049640414,33541647520,36191238669,32121599068,33333101605,37374253466,35061715270,35127036965,50453894454,36529688527,37508030031,38986778885,46475283237,51462148818,37351348054,35914166314,37063730255,40266271602,32850640463,33028591559,27051692474,38700279891,34653439968,37847878734,37306027199,32068892305,38457392789
STAT,(NULL),PushTime,44,3121145330343,74374919418,62321896177,66847426595,56914374963,57783236185,55922876201,73920942421,73098234187,68806168036,73614366556,78168920727,71474668811,66980755700,80570404278,78262962923,77746552613,76225982020,70612537688,73821596528,71774210858,78107418055,74802589727,72199424856,74358523554,73876176066,56673063279,73242957170,69687003549,69207303011,61939900792,55615377497,69638369568,74093276866,71542201037,68962281767,75693645108,76795715517,81120183091,70603865202,73263751571,70260579425,71928204286,77249108183,71041378281
STAT,(NULL),RusageSys,44,38448000,38448000,0,0,0,0,0,0,0,0,0,0,0,0,0,0,0,0,0,0,0,0,0,0,0,0,0,0,0,0,0,0,0,0,0,0,0,0,0,0,0,0,0,0,0
STAT,(NULL),RusageUser,44,2184628000,2184628000,0,0,0,0,0,0,0,0,0,0,0,0,0,0,0,0,0,0,0,0,0,0,0,0,0,0,0,0,0,0,0,0,0,0,0,0,0,0,0,0,0,0,0
STAT,(NULL),Threads,44,44,44,0,0,0,0,0,0,0,0,0,0,0,0,0,0,0,0,0,0,0,0,0,0,0,0,0,0,0,0,0,0,0,0,0,0,0,0,0,0,0,0,0,0,0
STAT,(NULL),Time,44,113727762924,113727762924,0,0,0,0,0,0,0,0,0,0,0,0,0,0,0,0,0,0,0,0,0,0,0,0,0,0,0,0,0,0,0,0,0,0,0,0,0,0,0,0,0,0,0
STAT,(NULL),TotalTime,44,119231633024,119231633024,0,0,0,0,0,0,0,0,0,0,0,0,0,0,0,0,0,0,0,0,0,0,0,0,0,0,0,0,0,0,0,0,0,0,0,0,0,0,0,0,0,0,0
STAT,(NULL),UserTime,44,54269959305,834965734,1939455564,944066581,3445839820,3134819260,3510891589,703003157,824037028,1260300950,1158053031,761862995,858075260,991041085,746469662,518211447,466235934,411103699,895163724,828009402,1281434852,537429324,600757595,1086334090,1106967463,673408921,3289729170,902452380,1487763503,912847536,2075908539,3535223982,1120101117,857830607,1515035400,966318582,693894500,612363798,527622079,1353080688,1031415903,890713569,1082538695,635648129,1261532961
STAT,(NULL),Work,44,4886672616642,111060860628,111060663427,111060673506,111060673947,111060675948,111060676100,111060692265,111060869524,111060906123,111060910015,111060676774,111060672500,111060685236,111060677538,111060880641,111060673439,111060884494,111060699625,111060853012,111060675936,111060694065,111060854546,111060911500,111060899847,111060664063,111060663925,111060665433,111060665290,111060877723,111060686188,111060876925,111060663912,111060663997,111060861396,111060664967,111060745711,111060664015,111060670694,111060663806,111060703736,111060877057,111060667960,111060664228,111060664980
STAT,(NULL),nBad,44,142337,3135,3697,3171,8926,4879,4140,2669,3145,2088,3602,1866,3376,3777,5446,277,2226,1120,4595,1630,3085,2271,3099,3839,2062,507,6398,1779,5332,3619,3356,8143,4449,3050,4795,2132,1901,2023,1781,1771,3127,1716,2622,1752,3963
STAT,(NULL),nEmpty,44,4619076,107220,134320,75204,188577,172326,202865,97996,82151,101425,117562,75536,90227,71979,85163,88277,78563,68556,78412,85063,76829,74054,77744,114492,103188,93673,184741,91516,110851,94603,148799,185880,104252,91397,106746,109654,82806,70682,69654,122193,101537,96538,89222,89976,126627
STAT,(NULL),nEmptyPop,44,30147,606,685,520,839,513,976,377,156,345,361,527,844,574,1137,608,474,549,383,1754,499,425,1193,558,867,542,1110,781,521,599,770,833,600,601,636,555,600,461,556,706,1499,1397,435,546,629
STAT,(NULL),nOverall,44,78022095,1114389,2897976,1342520,5286842,4835337,5358840,896757,1157971,1827857,1586878,1035850,1160074,1437362,985008,638930,554190,468406,1271658,1117335,1909637,665044,761151,1486005,1601190,861479,5042477,1287126,2226452,1250257,3089727,5433914,1594381,1171780,2245505,1311393,904515,801620,676970,1941373,1423828,1246895,1509923,826117,1779156
STAT,(NULL),nPop,44,9437495,198008,293824,157967,431336,399583,459547,185240,162332,208696,237540,154687,176652,152697,162500,157244,141906,123606,157359,167510,169472,138161,146483,224614,204964,170167,426982,176739,224238,187565,320349,433193,210845,176571,218208,213942,159568,136442,131465,247877,199840,187204,185824,165960,252588
STAT,(NULL),nPush,44,9437494,152075,335973,180064,646889,560284,612065,98334,146986,200283,182338,118932,148910,186337,138726,74406,67835,52597,174574,128271,230814,77858,102034,198033,187416,99269,583825,150412,296941,161176,359910,652344,194544,140093,316761,150449,111263,94599,93665,224690,194496,146052,164191,103312,197468
STAT,(NULL),nPushInit,44,1,0,1,0,0,0,0,0,0,0,0,0,0,0,0,0,0,0,0,0,0,0,0,0,0,0,0,0,0,0,0,0,0,0,0,0,0,0,0,0,0,0,0,0,0
==== BENCHMARK TOOK 55.023
==== BENCHMARK START ===
==== PARAMS kernel=4.9.5-64-net1 malloc=libc hostname=rack-castor threads=44 delta=4 prog=sssp-klsm1024  ===
ERROR: ld.so: object '/specific/disk1/home/adamx/malloc/lib64/libjemalloc.so' from LD_PRELOAD cannot be preloaded (cannot open shared object file): ignored.
Galois Benchmark Suite v2.2.1 (r0)
Copyright (C) 2014 The University of Texas at Austin
http://iss.ices.utexas.edu/galois/

application: Single Source Shortest Path
Computes the shortest path from a source node to all nodes in a directed graph using a modified chaotic iteration algorithm
http://iss.ices.utexas.edu/?p=projects/galois/benchmarks/single_source_shortest_path

INFO: CommandLine ./build/debug/apps/sssp/sssp -noverify -t 44 -delta 4 -wl klsm1024 -startNode 0 /specific/disk1/home/mad/Galois-PQ/inputs/ljournal-2008.gr
INFO: Hostname rack-castor
Read 5363260 nodes
Running Asynchronous with CAS version
INFO: Using delta-step of 1
WARNING: Performance varies considerably due to delta parameter.
WARNING: Do not expect the default to be good for your graph.
Node 1 has distance 126
STATTYPE,LOOP,CATEGORY,n,sum,T0,T1,T2,T3,T4,T5,T6,T7,T8,T9,T10,T11,T12,T13,T14,T15,T16,T17,T18,T19,T20,T21,T22,T23,T24,T25,T26,T27,T28,T29,T30,T31,T32,T33,T34,T35,T36,T37,T38,T39,T40,T41,T42,T43
STAT,(NULL),BadWork,44,216957735,3353899,4644913,3090596,9370279,11383790,12616800,6296826,3892494,6563537,4661488,2555765,7217253,2265774,4160802,2791655,7156195,1405978,5238867,3801544,7778665,1843738,2813289,3248792,4667324,3107844,9562652,3656720,5652376,1811709,6174289,10875512,4163728,4134337,6467154,4569150,4307386,3019010,3315438,5378408,5879814,3119096,2176735,2238091,4528023
STAT,(NULL),BarrierTime,44,10225847,575192,434563,503633,471442,443985,374518,441896,395157,385882,342168,340856,351736,342236,342624,340728,293120,210004,295264,296848,174082,170188,191187,151087,151363,154074,153639,151851,144396,151430,66704,69740,103858,109470,111374,108835,86563,76629,126053,99328,114641,111792,90370,66726,108615
STAT,(NULL),ConflictTime,44,0,0,0,0,0,0,0,0,0,0,0,0,0,0,0,0,0,0,0,0,0,0,0,0,0,0,0,0,0,0,0,0,0,0,0,0,0,0,0,0,0,0,0,0,0
STAT,(NULL),Conflicts,44,0,0,0,0,0,0,0,0,0,0,0,0,0,0,0,0,0,0,0,0,0,0,0,0,0,0,0,0,0,0,0,0,0,0,0,0,0,0,0,0,0,0,0,0,0
STAT,(NULL),EmptyPopTime,44,44906020412,3458697691,537655306,1661176927,88865286,148066356,112092372,771073431,757346070,598340015,3719714568,1668253064,1060006451,122917502,1064320169,677487677,2297665069,2552945824,247414559,568670473,1747468293,514164842,1354997657,1696353853,1842412554,1432493275,312185840,784050185,65363908,487515611,221510683,183272404,2016085540,700794997,1379429826,881252609,881606110,794649797,2337251283,68706802,48212800,1635226256,380415626,888527747,139363104
STAT,(NULL),EmptyWork,44,2004535731,25552007,60930401,35443989,88950471,92092780,84662212,33876347,29716750,32617454,39515494,33057749,46769911,35712712,35470518,32150238,36132997,25259827,35497222,57384435,58148655,33284399,32503874,38682588,34662243,38765516,91289261,38807790,39764946,37965940,69145123,94383339,39458916,36206177,37680399,49246262,35226193,35800357,30501453,57406883,49980184,44519588,35847101,31485587,52979443
STAT,(NULL),GaloisTime,44,5369271779,71247233,162903424,92645295,261535840,258277676,273653332,82343859,79835291,93673836,101847617,90768433,118163050,101631930,106185451,76694113,78894495,61728850,101772560,138657967,153597405,75167485,72398854,91867716,89286777,96135440,268623760,111870541,99472048,93428076,183840360,282728998,102109085,103864320,117688834,123474635,98930847,83174495,70994470,142494960,138870199,124126769,86819393,68808085,137037975
STAT,(NULL),InitPushTime,44,2383885,4676,84300,56589,40284,36377,39756,37293,36192,38988,39096,38808,34596,38444,38056,39488,39356,39304,37336,37316,42952,42352,75675,72328,102153,72805,101016,71486,71984,71214,100144,71354,58549,58021,57376,56863,56841,57354,57024,56635,55191,54574,54010,55029,54700
STAT,(NULL),Iterations,44,9518341,138526,291965,172650,416617,426338,437435,147332,139409,163900,172699,158277,224442,165181,180871,153531,145645,110751,176770,242244,262317,160972,146251,183867,167914,174055,428197,194431,184654,172526,329671,458623,192693,167681,194512,233907,161251,164130,141027,277354,252361,216994,169087,145621,273662
STAT,(NULL),LoopTime,44,110192869352,110192869352,0,0,0,0,0,0,0,0,0,0,0,0,0,0,0,0,0,0,0,0,0,0,0,0,0,0,0,0,0,0,0,0,0,0,0,0,0,0,0,0,0,0,0
STAT,(NULL),MeminfoPost,44,572,13,13,13,13,13,13,13,13,13,13,13,13,13,13,13,13,13,13,13,13,13,13,13,13,13,13,13,13,13,13,13,13,13,13,13,13,13,13,13,13,13,13,13,13
STAT,(NULL),MeminfoPre,44,572,13,13,13,13,13,13,13,13,13,13,13,13,13,13,13,13,13,13,13,13,13,13,13,13,13,13,13,13,13,13,13,13,13,13,13,13,13,13,13,13,13,13,13,13
STAT,(NULL),NumaPost,44,68222,35518,31842,579,283,0,0,0,0,0,0,0,0,0,0,0,0,0,0,0,0,0,0,0,0,0,0,0,0,0,0,0,0,0,0,0,0,0,0,0,0,0,0,0,0
STAT,(NULL),PopTime,44,1584405834537,29911476720,41219830740,37341560324,48660271027,47193393204,48190373805,33492973926,33596640779,34939222380,38422351960,31726597983,39150664412,37573030770,38730087117,27734388612,29566670391,29384449700,36355566813,38794484073,34689799266,25290610448,27361804900,34154660802,30563772268,31253605203,48267453424,34728275227,33093026700,32559556501,44183228993,49162211130,31286380717,36179469531,33939444286,36446190744,40778133122,32368896089,29132052387,39371251570,38077572447,35560723885,35829169487,30760037503,37384473171
STAT,(NULL),PushTime,44,3153856311450,76053064655,66342156060,70160896153,57776998640,59285955666,58051207590,75025711796,74945277579,73492129122,66891637393,75827227140,68482991910,71306398960,69154173566,81029934696,77555463219,77649978274,72341551245,69272035926,71726041536,83668036044,80798236171,73357832918,76799517877,76476217495,57876340694,73369201612,75883963446,76165204468,63403183377,56887267408,75760982842,72063607007,73338598326,71446918808,67195569269,76199911926,77990969059,69043926375,70267621543,71532123728,72994003600,77893527712,71072718619
STAT,(NULL),RusageSys,44,38372000,38372000,0,0,0,0,0,0,0,0,0,0,0,0,0,0,0,0,0,0,0,0,0,0,0,0,0,0,0,0,0,0,0,0,0,0,0,0,0,0,0,0,0,0,0
STAT,(NULL),RusageUser,44,2165924000,2165924000,0,0,0,0,0,0,0,0,0,0,0,0,0,0,0,0,0,0,0,0,0,0,0,0,0,0,0,0,0,0,0,0,0,0,0,0,0,0,0,0,0,0,0
STAT,(NULL),Threads,44,44,44,0,0,0,0,0,0,0,0,0,0,0,0,0,0,0,0,0,0,0,0,0,0,0,0,0,0,0,0,0,0,0,0,0,0,0,0,0,0,0,0,0,0,0
STAT,(NULL),Time,44,112617024578,112617024578,0,0,0,0,0,0,0,0,0,0,0,0,0,0,0,0,0,0,0,0,0,0,0,0,0,0,0,0,0,0,0,0,0,0,0,0,0,0,0,0,0,0,0
STAT,(NULL),TotalTime,44,118455484436,118455484436,0,0,0,0,0,0,0,0,0,0,0,0,0,0,0,0,0,0,0,0,0,0,0,0,0,0,0,0,0,0,0,0,0,0,0,0,0,0,0,0,0,0,0
STAT,(NULL),UserTime,44,54733924502,599868863,1796420797,828185453,3243288395,3142123753,3407920403,713930220,711093555,963925143,944841078,774004921,1261314423,980217422,1029671399,569252902,585082621,445546101,1038107513,1288676964,1744853829,538643198,499965626,780507213,790253524,822688305,3304011943,1087700133,938314620,776234582,2058996936,3510041899,914888081,1035963256,1307063238,1172821982,1130440561,637473008,558136292,1436119038,1537648443,1223184302,793650132,477519526,1333332909
STAT,(NULL),Work,44,4845281623944,110120043597,110120081635,110120023960,110120028523,110120025103,110120093597,110120029601,110120025598,110120030417,110120030894,110120028350,110120025756,110120028756,110120025004,110120025006,110120026708,110120114752,110120029036,110120029226,110120111572,110120112850,110120041876,110120011163,110120014437,110120014368,110120011006,110120017174,110120022038,110120012637,110120103447,110120101141,110120014154,110120014186,110120011878,110120011045,110120036532,110120049702,110120011007,110120025716,110120011444,110120013803,110120035513,110120055342,110120014394
STAT,(NULL),nBad,44,287281,4560,5945,4033,12316,14675,16056,8203,5369,9084,6036,3475,9809,3363,5772,3672,9826,2113,7296,4967,10601,2693,3743,4294,6638,4013,12230,5244,7561,2485,7846,13975,5620,5313,8095,6197,5656,4081,4299,6642,7937,4241,2831,2760,5716
STAT,(NULL),nEmpty,44,4698318,74603,139664,89191,180972,189777,190485,76955,70544,82553,85606,81252,112554,78809,93461,84609,76666,59910,88571,118685,126524,89429,79461,98764,86586,89870,188740,95369,96630,90113,157793,203747,99649,81792,97003,118703,79889,88788,77338,140077,123769,106627,88501,79738,138551
STAT,(NULL),nEmptyPop,44,1322773,35224,35042,35697,35352,34806,35021,30842,30872,35169,30981,29153,5090,30744,28189,30862,29969,30917,28746,31044,29772,29015,30703,22272,30265,31090,35288,31049,28961,31306,35066,35552,36584,31051,31478,31408,217,31437,35626,35612,35932,35596,378,27530,35865
STAT,(NULL),nOverall,44,78167039,777667,2663418,1148188,4966667,4789904,5172258,955533,975440,1380868,1326215,1038245,1773115,1385531,1447462,699668,736278,548172,1471279,1775266,2535810,661403,604287,1023851,1053384,1118593,5055111,1547627,1283754,1024546,3044041,5329629,1234152,1468594,1926425,1612189,1670195,800352,712606,2027200,2260105,1703755,1023779,555308,1859169
STAT,(NULL),nPop,44,9518341,138526,291965,172650,416617,426338,437435,147332,139409,163900,172699,158277,224442,165181,180871,153531,145645,110751,176770,242244,262317,160972,146251,183867,167914,174055,428197,194431,184654,172526,329671,458623,192693,167681,194512,233907,161251,164130,141027,277354,252361,216994,169087,145621,273662
STAT,(NULL),nPush,44,9518340,94733,309549,129363,588833,571262,604193,149229,127550,199517,170542,123108,238253,154431,184460,95197,108793,61202,192126,194725,344056,70202,67622,118353,126083,140141,596891,177593,184324,123787,359123,626530,162605,173823,249476,189507,199353,91941,91084,245694,271967,195701,119450,76923,219045
STAT,(NULL),nPushInit,44,1,0,1,0,0,0,0,0,0,0,0,0,0,0,0,0,0,0,0,0,0,0,0,0,0,0,0,0,0,0,0,0,0,0,0,0,0,0,0,0,0,0,0,0,0
==== BENCHMARK TOOK 54.670
==== BENCHMARK START ===
==== PARAMS kernel=4.9.5-64-net1 malloc=libc hostname=rack-castor threads=44 delta=4 prog=sssp-klsm1024  ===
ERROR: ld.so: object '/specific/disk1/home/adamx/malloc/lib64/libjemalloc.so' from LD_PRELOAD cannot be preloaded (cannot open shared object file): ignored.
Galois Benchmark Suite v2.2.1 (r0)
Copyright (C) 2014 The University of Texas at Austin
http://iss.ices.utexas.edu/galois/

application: Single Source Shortest Path
Computes the shortest path from a source node to all nodes in a directed graph using a modified chaotic iteration algorithm
http://iss.ices.utexas.edu/?p=projects/galois/benchmarks/single_source_shortest_path

INFO: CommandLine ./build/debug/apps/sssp/sssp -noverify -t 44 -delta 4 -wl klsm1024 -startNode 0 /specific/disk1/home/mad/Galois-PQ/inputs/ljournal-2008.gr
INFO: Hostname rack-castor
Read 5363260 nodes
Running Asynchronous with CAS version
INFO: Using delta-step of 1
WARNING: Performance varies considerably due to delta parameter.
WARNING: Do not expect the default to be good for your graph.
Node 1 has distance 126
STATTYPE,LOOP,CATEGORY,n,sum,T0,T1,T2,T3,T4,T5,T6,T7,T8,T9,T10,T11,T12,T13,T14,T15,T16,T17,T18,T19,T20,T21,T22,T23,T24,T25,T26,T27,T28,T29,T30,T31,T32,T33,T34,T35,T36,T37,T38,T39,T40,T41,T42,T43
STAT,(NULL),BadWork,44,157831076,3191271,3019920,895598,7901864,5382929,7216799,1037421,2622107,6623420,2736785,2791596,1542937,2639852,3645887,2396665,1417126,3001521,6401700,3058802,4940104,3281907,2229963,1279827,2804095,3697804,7543984,5142578,4278327,1023916,5104842,6804732,2214501,9016726,1003346,3097468,4363353,3997560,2706771,1489484,2900320,5356094,2560063,1335166,2133945
STAT,(NULL),BarrierTime,44,13513303,648620,508831,452056,605049,569840,412121,510909,512844,524382,408829,482176,423889,423344,425342,217694,241228,431636,317140,395324,386620,144130,385279,225016,225966,203877,107479,112195,226595,225712,107450,104722,226616,106033,226036,226451,226222,225788,206223,226658,226599,190423,225221,18577,216161
STAT,(NULL),ConflictTime,44,0,0,0,0,0,0,0,0,0,0,0,0,0,0,0,0,0,0,0,0,0,0,0,0,0,0,0,0,0,0,0,0,0,0,0,0,0,0,0,0,0,0,0,0,0
STAT,(NULL),Conflicts,44,0,0,0,0,0,0,0,0,0,0,0,0,0,0,0,0,0,0,0,0,0,0,0,0,0,0,0,0,0,0,0,0,0,0,0,0,0,0,0,0,0,0,0,0,0
STAT,(NULL),EmptyPopTime,44,79232282187,1487716246,663053174,2694021383,545813046,974667168,628322052,805961682,4000589733,988081046,2033054841,3183821037,2108711735,4385881454,2714613401,3025957132,1139100248,2886107487,1105995850,3825435338,1137805788,2862854189,3154896934,1996274529,726400408,3035669299,437615593,877138412,500194961,1595652280,474567826,543743694,2546775480,2353638261,684081148,3008782459,881613647,1522478725,3186546162,479194696,1704477859,1267727457,1833404326,2733171286,490672715
STAT,(NULL),EmptyWork,44,2016967355,40893294,58741612,25616007,93840296,88946647,95699764,33452651,28066695,35808526,33003777,33477102,41212903,30702889,31730931,23456884,25426267,23711261,43098684,37486836,33391732,24565388,29913669,45858505,57256390,35204011,95950915,41735895,53102371,36144656,63297122,97391100,52265394,36753502,45414959,47401929,37185459,27420066,38693218,58837616,49597756,50732824,47188961,32765715,54525176
STAT,(NULL),GaloisTime,44,6781311698,132836717,206241438,101048496,302709766,292711087,312536070,117358218,109807067,120622949,129478159,137317977,138816211,111787908,115350491,89839900,94407042,97975067,148513386,127181430,126349018,93603097,103108420,145948537,163476934,122968365,308890916,154539373,174364691,117624006,218800200,314162938,165905371,139377129,141276051,155208702,114697197,111587097,117586558,171374326,159797662,150266007,150025157,110896219,162938348
STAT,(NULL),InitPushTime,44,2719516,5964,90792,65484,40460,40496,40884,40820,40448,35260,61612,38960,38640,38644,38388,66103,65465,35448,33786,48476,33128,91271,34663,136867,87788,85953,87043,87297,85604,86429,86902,85778,85064,85634,87372,84820,84620,85259,83704,84632,30618,45780,30466,42046,34648
STAT,(NULL),Iterations,44,9466595,186012,306650,117950,431751,423124,451807,159327,140729,155718,164124,172145,197823,136811,151122,102102,129197,116024,203323,169103,156854,110562,132835,219244,256751,162777,437389,211919,245368,159677,321599,447455,247330,187891,200565,218418,183720,133457,174968,274154,226128,235946,188916,156410,261420
STAT,(NULL),LoopTime,44,112345631540,112345631540,0,0,0,0,0,0,0,0,0,0,0,0,0,0,0,0,0,0,0,0,0,0,0,0,0,0,0,0,0,0,0,0,0,0,0,0,0,0,0,0,0,0,0
STAT,(NULL),MeminfoPost,44,572,13,13,13,13,13,13,13,13,13,13,13,13,13,13,13,13,13,13,13,13,13,13,13,13,13,13,13,13,13,13,13,13,13,13,13,13,13,13,13,13,13,13,13,13
STAT,(NULL),MeminfoPre,44,572,13,13,13,13,13,13,13,13,13,13,13,13,13,13,13,13,13,13,13,13,13,13,13,13,13,13,13,13,13,13,13,13,13,13,13,13,13,13,13,13,13,13,13,13
STAT,(NULL),NumaPost,44,67770,33801,33099,770,100,0,0,0,0,0,0,0,0,0,0,0,0,0,0,0,0,0,0,0,0,0,0,0,0,0,0,0,0,0,0,0,0,0,0,0,0,0,0,0,0
STAT,(NULL),PopTime,44,1771124293901,40546215660,46270733874,32579672268,53804374955,51596926109,52570811676,35738980094,38719953770,41051221905,37041160265,35047552553,38711240359,36126836420,38029945490,35258858527,31513954625,29767013464,34534522516,35197765957,43928755220,35269763442,34856554665,40071339036,44958234151,37121658730,53959430081,43602181100,44230498437,37084307561,48591833002,53953983007,45541450193,40390802265,38395446888,41905711319,45944254510,38108236632,31622236413,38798633000,42038283316,33725636163,40358395869,36254227109,36304701305
STAT,(NULL),PushTime,44,3025729031309,69206135867,63153574663,76346048884,54181166135,56210563567,55182952833,74858880439,68782722676,69258893273,72036885566,72754209428,70285838817,70821715024,70604797624,73433426307,79069756066,78958616791,75107986298,72080733892,66062442659,73554963149,73592435022,68958022722,65250170674,71041924226,54044829257,66224254250,65960748521,72708503661,60876548587,53879862462,62584489224,68122289396,72044099777,65927189216,63985536575,71809113984,76666784448,71435191577,67027457007,76115579910,68895261643,72567751688,74058677524
STAT,(NULL),RusageSys,44,37932000,37932000,0,0,0,0,0,0,0,0,0,0,0,0,0,0,0,0,0,0,0,0,0,0,0,0,0,0,0,0,0,0,0,0,0,0,0,0,0,0,0,0,0,0,0
STAT,(NULL),RusageUser,44,2209096000,2209096000,0,0,0,0,0,0,0,0,0,0,0,0,0,0,0,0,0,0,0,0,0,0,0,0,0,0,0,0,0,0,0,0,0,0,0,0,0,0,0,0,0,0,0
STAT,(NULL),Threads,44,44,44,0,0,0,0,0,0,0,0,0,0,0,0,0,0,0,0,0,0,0,0,0,0,0,0,0,0,0,0,0,0,0,0,0,0,0,0,0,0,0,0,0,0,0
STAT,(NULL),Time,44,115020400404,115020400404,0,0,0,0,0,0,0,0,0,0,0,0,0,0,0,0,0,0,0,0,0,0,0,0,0,0,0,0,0,0,0,0,0,0,0,0,0,0,0,0,0,0,0
STAT,(NULL),TotalTime,44,120634668744,120634668744,0,0,0,0,0,0,0,0,0,0,0,0,0,0,0,0,0,0,0,0,0,0,0,0,0,0,0,0,0,0,0,0,0,0,0,0,0,0,0,0,0,0,0
STAT,(NULL),UserTime,44,54345807089,841418888,1902865710,508809698,3327313314,3091403372,3464898597,700586156,614078723,800593428,981632653,1098841877,969401204,778296875,758783425,423680110,412572908,521796646,1315102549,986614243,966475978,449467573,518311966,1037778607,1099683209,897798193,3408505678,1355373098,1336313024,712989728,2030175631,3466078735,1364336404,1212360928,944903741,1210928731,1291935154,676385908,623375285,1311990297,1275608592,945277692,970946298,556409699,1183706564
STAT,(NULL),Work,44,4939236083272,112255455180,112255438160,112255471270,112255329165,112255329415,112255435083,112255332687,112255330900,112255328904,112255345384,112255324094,112255325238,112255329918,112255328118,112255474088,112255450009,112255324546,112255442133,112255328468,112255326416,112255472840,112255328733,112255321808,112255315598,112255342124,112255441463,112255437520,112255315926,112255320084,112255440736,112255444085,112255315786,112255442308,112255317668,112255316360,112255316291,112255321092,112255343185,112255315472,112255317313,112255315799,112255318134,112255498074,112255315697
STAT,(NULL),nBad,44,213145,4521,3858,1346,10519,7071,8972,1520,3240,8763,3476,4040,2183,3968,4766,3153,2393,3620,8417,4565,6610,4568,3067,1845,3760,5340,10117,8823,5834,1273,6860,8433,3123,11716,1677,4245,5518,5057,3190,2062,4058,7197,3367,2013,3001
STAT,(NULL),nEmpty,44,4647489,96250,145124,63960,189545,189261,198974,82775,73232,84217,81264,82802,101803,71245,78932,54926,72270,64568,101496,84640,78189,57624,71366,112864,131619,81190,189382,102889,121136,83725,150045,194261,122669,95777,100014,109316,87116,69212,94219,136500,110587,121487,93188,84101,131729
STAT,(NULL),nEmptyPop,44,11049563,253417,287360,252689,287852,286215,287465,285550,252554,252496,207247,177142,285857,181914,194696,233524,250078,251352,284592,240517,249876,249711,284111,249098,284192,225399,283719,209351,250760,234694,286505,286818,287416,287228,255563,251929,528,246629,253603,288061,279543,281622,253341,228471,288878
STAT,(NULL),nOverall,44,78092903,1118135,2779094,644990,5056278,4696270,5259174,924822,799354,1098633,1419221,1633250,1339442,1117022,1045362,522062,476268,680617,1977900,1438995,1390475,553861,636326,1433806,1476636,1262341,5256368,2016879,1869725,953529,3027088,5325047,1987629,1810094,1263647,1739969,1902350,920332,753560,1825086,1841066,1219615,1287361,679815,1633409
STAT,(NULL),nPop,44,9466595,186012,306650,117950,431751,423124,451807,159327,140729,155718,164124,172145,197823,136811,151122,102102,129197,116024,203323,169103,156854,110562,132835,219244,256751,162777,437389,211919,245368,159677,321599,447455,247330,187891,200565,218418,183720,133457,174968,274154,226128,235946,188916,156410,261420
STAT,(NULL),nPush,44,9466594,124542,320029,75689,589427,542744,616034,103488,94667,169022,173202,195965,152197,140302,133767,63076,53233,112792,277618,171733,183859,77427,101103,157643,169920,187354,633343,274112,249907,107031,348891,612248,226374,270226,149133,204798,243520,108455,94199,205449,208077,136156,149784,76724,181334
STAT,(NULL),nPushInit,44,1,0,1,0,0,0,0,0,0,0,0,0,0,0,0,0,0,0,0,0,0,0,0,0,0,0,0,0,0,0,0,0,0,0,0,0,0,0,0,0,0,0,0,0,0
==== BENCHMARK TOOK 55.697
==== BENCHMARK START ===
==== PARAMS kernel=4.9.5-64-net1 malloc=libc hostname=rack-castor threads=44 delta=4 prog=sssp-klsm1024  ===
ERROR: ld.so: object '/specific/disk1/home/adamx/malloc/lib64/libjemalloc.so' from LD_PRELOAD cannot be preloaded (cannot open shared object file): ignored.
Galois Benchmark Suite v2.2.1 (r0)
Copyright (C) 2014 The University of Texas at Austin
http://iss.ices.utexas.edu/galois/

application: Single Source Shortest Path
Computes the shortest path from a source node to all nodes in a directed graph using a modified chaotic iteration algorithm
http://iss.ices.utexas.edu/?p=projects/galois/benchmarks/single_source_shortest_path

INFO: CommandLine ./build/debug/apps/sssp/sssp -noverify -t 44 -delta 4 -wl klsm1024 -startNode 0 /specific/disk1/home/mad/Galois-PQ/inputs/ljournal-2008.gr
INFO: Hostname rack-castor
Read 5363260 nodes
Running Asynchronous with CAS version
INFO: Using delta-step of 1
WARNING: Performance varies considerably due to delta parameter.
WARNING: Do not expect the default to be good for your graph.
Node 1 has distance 126
STATTYPE,LOOP,CATEGORY,n,sum,T0,T1,T2,T3,T4,T5,T6,T7,T8,T9,T10,T11,T12,T13,T14,T15,T16,T17,T18,T19,T20,T21,T22,T23,T24,T25,T26,T27,T28,T29,T30,T31,T32,T33,T34,T35,T36,T37,T38,T39,T40,T41,T42,T43
STAT,(NULL),BadWork,44,156805219,3874508,2483483,1119859,5304935,7625097,6865730,2432289,2331129,2287141,2487481,2511530,1794930,2570372,2273710,2534427,1530032,2347984,3273750,5941932,5758094,855502,3198137,4551888,722341,2318689,8769557,3117894,4352686,5394176,4782399,6838621,2219791,2430837,7193560,3000852,3087282,4828056,2005592,3870425,5396706,2939384,1833146,3608404,2140881
STAT,(NULL),BarrierTime,44,11092590,628534,463148,583044,424804,423235,398081,388121,455656,399367,425910,415260,416176,418412,418040,298895,219327,347786,343452,351333,309321,177996,190321,165834,28306,25734,65063,174392,174671,173910,57097,58050,174370,172592,57724,174066,164892,174536,174365,174581,46646,133108,28968,36831,160635
STAT,(NULL),ConflictTime,44,0,0,0,0,0,0,0,0,0,0,0,0,0,0,0,0,0,0,0,0,0,0,0,0,0,0,0,0,0,0,0,0,0,0,0,0,0,0,0,0,0,0,0,0,0
STAT,(NULL),Conflicts,44,0,0,0,0,0,0,0,0,0,0,0,0,0,0,0,0,0,0,0,0,0,0,0,0,0,0,0,0,0,0,0,0,0,0,0,0,0,0,0,0,0,0,0,0,0
STAT,(NULL),EmptyPopTime,44,53002444159,359879089,279600381,1879970942,285366819,251481648,301438127,1217154126,2808806243,3185012738,913946845,758301912,1712684080,567036354,876991638,1016190203,1896514965,1348765222,634304552,2284360349,2714528645,2367287101,771680450,1310899204,1326515791,2999032761,485604045,888982609,1388568620,242392907,337254593,296659908,275281508,421247126,1832791080,1224353827,318409903,1078558178,1435885042,419005771,645871414,1663346948,4432882158,1260159611,287438726
STAT,(NULL),EmptyWork,44,1990830015,39458881,63469899,31242914,88514029,87305151,95110330,32117165,35517877,38434499,47500564,39155954,37674719,44233856,29306672,29388066,23357890,30501368,53136220,37822860,37155917,25829579,34268763,44269322,29936303,25918434,92895042,47727066,40450224,47856088,65714200,93005000,43111305,44945751,42245820,44494104,37191448,34699870,32107437,52277428,35226499,32652298,39369193,29848454,54385556
STAT,(NULL),GaloisTime,44,6117320317,119249568,204329019,106481845,292190781,290064422,300428487,94972843,103421078,118847272,134106556,134057285,118545129,136026128,96800795,96853343,73308467,88877147,142204212,123027905,112598436,62397643,93380359,129628057,77674556,72636219,303925223,143734420,128367805,130536864,214226936,303363606,117585500,140443983,148573498,113744605,108976435,106020587,97577664,159177761,131554473,97400875,104071034,92987810,152943686
STAT,(NULL),InitPushTime,44,2592240,5424,109780,42844,41000,36808,40344,41988,40844,66858,36074,39360,38860,38780,38928,36056,36010,35543,37544,33829,33364,38580,34714,99388,99733,98641,98289,98098,97387,97885,98040,97563,65685,66389,65413,65421,67152,65721,63837,64900,56086,56203,55535,55770,55572
STAT,(NULL),Iterations,44,9464512,187507,325506,145378,439874,437311,441186,149167,158558,167089,221190,190867,170846,202117,141646,141985,115242,130071,216108,184232,163840,110392,150275,219306,154884,116999,451212,219414,200403,221161,334956,451348,194757,211751,220671,187689,180709,179210,169379,265551,179688,143710,166833,144163,260331
STAT,(NULL),LoopTime,44,111277546178,111277546178,0,0,0,0,0,0,0,0,0,0,0,0,0,0,0,0,0,0,0,0,0,0,0,0,0,0,0,0,0,0,0,0,0,0,0,0,0,0,0,0,0,0,0
STAT,(NULL),MeminfoPost,44,572,13,13,13,13,13,13,13,13,13,13,13,13,13,13,13,13,13,13,13,13,13,13,13,13,13,13,13,13,13,13,13,13,13,13,13,13,13,13,13,13,13,13,13,13
STAT,(NULL),MeminfoPre,44,572,13,13,13,13,13,13,13,13,13,13,13,13,13,13,13,13,13,13,13,13,13,13,13,13,13,13,13,13,13,13,13,13,13,13,13,13,13,13,13,13,13,13,13,13
STAT,(NULL),NumaPost,44,67780,35156,31950,574,100,0,0,0,0,0,0,0,0,0,0,0,0,0,0,0,0,0,0,0,0,0,0,0,0,0,0,0,0,0,0,0,0,0,0,0,0,0,0,0,0
STAT,(NULL),PopTime,44,1855172899858,44006074673,50315553063,41246459830,54503253383,54942435531,55314863157,39144586285,35594739729,40642699557,39971269818,42459222350,39296504149,44624580101,35617625748,46992678678,37254630226,34015652076,36280779111,36844531971,39379721287,37501303036,39389736091,36776660964,34090053047,42653185578,55399645715,44418136375,40192618302,44597493288,51528702410,55698033074,42098827235,45061462791,43451885589,41732657165,42835235188,34876282002,32932728359,43565874617,41916013265,41548207226,40944382183,33832788591,39683127044
STAT,(NULL),PushTime,44,2922468375609,65733841108,58266021005,67087189995,52637923222,52324265201,51695606628,70130643710,71974362512,66270604610,69088547262,66530702252,69148351144,64698394997,73911799203,62450449811,71575497810,75115609487,73016305646,70853674457,68098251451,70848269463,70357875510,71843349134,74958811517,64912974620,51452548089,64440442796,68347464068,65150140280,56830016621,51227009649,67825460720,64338623139,64240482471,67279093488,67157338820,74416634270,76085265837,65552586336,67184373451,67229357902,65026808309,75447297276,69708110332
STAT,(NULL),RusageSys,44,34660000,34660000,0,0,0,0,0,0,0,0,0,0,0,0,0,0,0,0,0,0,0,0,0,0,0,0,0,0,0,0,0,0,0,0,0,0,0,0,0,0,0,0,0,0,0
STAT,(NULL),RusageUser,44,2191384000,2191384000,0,0,0,0,0,0,0,0,0,0,0,0,0,0,0,0,0,0,0,0,0,0,0,0,0,0,0,0,0,0,0,0,0,0,0,0,0,0,0,0,0,0,0
STAT,(NULL),Threads,44,44,44,0,0,0,0,0,0,0,0,0,0,0,0,0,0,0,0,0,0,0,0,0,0,0,0,0,0,0,0,0,0,0,0,0,0,0,0,0,0,0,0,0,0,0
STAT,(NULL),Time,44,113643400116,113643400116,0,0,0,0,0,0,0,0,0,0,0,0,0,0,0,0,0,0,0,0,0,0,0,0,0,0,0,0,0,0,0,0,0,0,0,0,0,0,0,0,0,0,0
STAT,(NULL),TotalTime,44,119482633394,119482633394,0,0,0,0,0,0,0,0,0,0,0,0,0,0,0,0,0,0,0,0,0,0,0,0,0,0,0,0,0,0,0,0,0,0,0,0,0,0,0,0,0,0,0
STAT,(NULL),UserTime,44,54252303271,946134683,2075658850,853295068,3397394065,3309090516,3497195330,585166463,687793103,949040462,1049271592,1283202619,890883359,1134371142,672117846,619082150,381332889,605235371,1077912419,1061224632,862386909,399553462,557701005,1099831292,721648535,540890967,3470021625,1265616894,1107170145,1036220691,2228723051,3586566646,844373587,1197917058,1488661579,810296764,747488278,692444800,621073589,1455717796,1291600829,633674869,657127264,541558498,1318634579
STAT,(NULL),Work,44,4893010569441,111204847090,111204843448,111204742450,111204847373,111204847600,111204843516,111204853271,111204739318,111204735838,111204736330,111204734732,111204736292,111204733394,111204734342,111204861121,111204865552,111204738284,111204732656,111204734372,111204733057,111204856460,111204857282,111204736912,111204878272,111204880977,111204840738,111204727831,111204726882,111204729784,111204848133,111204845644,111204729747,111204728227,111204847625,111204727917,111204740162,111204727631,111204726051,111204727860,111204843700,111204753807,111204863681,111204855709,111204728373
STAT,(NULL),nBad,44,213669,5535,3292,1358,7336,11719,9420,3260,3124,3239,3023,3315,2504,3544,3504,4183,1873,3559,4408,7844,8090,1225,4178,6708,892,3180,11166,4371,6128,7308,6382,9499,2575,3629,9369,3841,4665,6746,2811,5083,5910,3482,2571,4923,2897
STAT,(NULL),nEmpty,44,4645551,95366,152086,70210,192992,193782,190492,78554,82456,82990,114633,91473,86466,99527,74119,74483,65735,67610,106071,94732,81905,63042,82384,113544,82200,64289,196286,105304,102557,113261,153502,194647,100853,101913,105549,98088,95615,95829,93346,131224,85943,76364,87138,76453,130538
STAT,(NULL),nEmptyPop,44,5629316,148697,148039,121198,149715,148699,148938,147960,131333,114631,131988,131285,129615,131137,130288,130545,141262,129925,130833,127952,130047,38013,129398,108725,251,56812,148507,145265,131331,148587,148687,149374,133101,133338,122899,149593,116719,147037,150074,150382,133503,84815,115182,133168,150468
STAT,(NULL),nOverall,44,78093427,1342497,3089467,1246977,5232082,5076098,5382322,738629,906298,1331600,1463323,1919162,1211460,1583548,888285,811712,449528,796048,1458430,1507404,1169450,451240,680847,1557511,967935,695071,5356196,1821047,1574839,1411494,3375110,5543929,1117685,1709313,2232860,1074350,969016,883668,799375,2117763,1934717,835875,818876,665375,1895015
STAT,(NULL),nPop,44,9464512,187507,325506,145378,439874,437311,441186,149167,158558,167089,221190,190867,170846,202117,141646,141985,115242,130071,216108,184232,163840,110392,150275,219306,154884,116999,451212,219414,200403,221161,334956,451348,194757,211751,220671,187689,180709,179210,169379,265551,179688,143710,166833,144163,260331
STAT,(NULL),nPush,44,9464511,170790,351166,144465,607047,603807,616813,87678,103237,152451,169391,221344,139456,205931,106466,107114,63798,117829,178796,222681,170076,55346,87173,202027,109998,98974,614042,202700,234975,193015,388649,640774,127489,197734,289363,131190,126174,117233,98887,242825,273579,103558,95116,80354,213000
STAT,(NULL),nPushInit,44,1,0,1,0,0,0,0,0,0,0,0,0,0,0,0,0,0,0,0,0,0,0,0,0,0,0,0,0,0,0,0,0,0,0,0,0,0,0,0,0,0,0,0,0,0
==== BENCHMARK TOOK 55.180
==== BENCHMARK START ===
==== PARAMS kernel=4.9.5-64-net1 malloc=libc hostname=rack-castor threads=44 delta=4 prog=sssp-klsm1024  ===
ERROR: ld.so: object '/specific/disk1/home/adamx/malloc/lib64/libjemalloc.so' from LD_PRELOAD cannot be preloaded (cannot open shared object file): ignored.
Galois Benchmark Suite v2.2.1 (r0)
Copyright (C) 2014 The University of Texas at Austin
http://iss.ices.utexas.edu/galois/

application: Single Source Shortest Path
Computes the shortest path from a source node to all nodes in a directed graph using a modified chaotic iteration algorithm
http://iss.ices.utexas.edu/?p=projects/galois/benchmarks/single_source_shortest_path

INFO: CommandLine ./build/debug/apps/sssp/sssp -noverify -t 44 -delta 4 -wl klsm1024 -startNode 0 /specific/disk1/home/mad/Galois-PQ/inputs/ljournal-2008.gr
INFO: Hostname rack-castor
Read 5363260 nodes
Running Asynchronous with CAS version
INFO: Using delta-step of 1
WARNING: Performance varies considerably due to delta parameter.
WARNING: Do not expect the default to be good for your graph.
Node 1 has distance 126
STATTYPE,LOOP,CATEGORY,n,sum,T0,T1,T2,T3,T4,T5,T6,T7,T8,T9,T10,T11,T12,T13,T14,T15,T16,T17,T18,T19,T20,T21,T22,T23,T24,T25,T26,T27,T28,T29,T30,T31,T32,T33,T34,T35,T36,T37,T38,T39,T40,T41,T42,T43
STAT,(NULL),BadWork,44,159866013,4518781,3295781,6042814,7819970,6411389,6603417,3278796,2746069,1426065,849600,2811207,2714375,2770374,3086976,4748687,2985080,880040,3667320,3258154,4144667,3205918,731556,4774649,3940801,1778979,6064134,4272026,4048786,2750142,6371115,7412913,4016461,2095657,4924515,5762497,2220754,2398654,1027207,2874478,1711692,5155670,3447274,1014307,3806266
STAT,(NULL),BarrierTime,44,11650511,571643,444651,582486,440660,498894,441754,514174,286759,317386,280488,399188,449588,440701,449557,328207,231660,226616,352672,296012,308664,310954,169268,184184,184501,181225,181368,87821,179754,179804,70455,185360,179430,160659,181379,182378,185346,66909,57423,183152,163671,163564,162478,21213,166455
STAT,(NULL),ConflictTime,44,0,0,0,0,0,0,0,0,0,0,0,0,0,0,0,0,0,0,0,0,0,0,0,0,0,0,0,0,0,0,0,0,0,0,0,0,0,0,0,0,0,0,0,0,0
STAT,(NULL),Conflicts,44,0,0,0,0,0,0,0,0,0,0,0,0,0,0,0,0,0,0,0,0,0,0,0,0,0,0,0,0,0,0,0,0,0,0,0,0,0,0,0,0,0,0,0,0,0
STAT,(NULL),EmptyPopTime,44,57716726477,1043768475,652224482,835045017,398638951,547062303,507127311,791686458,2175514681,631665166,1904249777,924163554,520549427,2281282728,945445327,1614118008,1404087774,830353187,3423939601,1566349672,1081253337,484428129,1452811556,2708180725,1242170081,3872084844,1384691435,2656291344,928808830,1145591042,378601502,703924440,447545367,650284757,1562091752,597333267,476464607,1651663839,4657677530,198344892,1873251669,709365421,1548418834,1678612598,629562780
STAT,(NULL),EmptyWork,44,2001756940,41458476,59386628,38053912,91967267,88169461,95002685,37253693,37269844,55512165,34786506,40400872,41302771,40076884,38806378,29610988,37370524,31454426,42593487,44405028,48970465,31006472,33444574,39275637,28414043,24568078,82815422,41228668,39902696,34536470,65758769,88151706,48327958,34803961,52547193,44552900,28975252,30977032,22952370,47481111,33891642,52427963,38759233,33099955,50005375
STAT,(NULL),GaloisTime,44,5916901198,116378664,181724086,113470710,284372677,272453755,287076060,103540342,93022556,143220369,102887281,112275961,118063927,106179221,109687527,89230681,88248622,87613770,119351614,132361543,143550627,95474516,85491922,116763559,92360387,63932597,271146254,141703336,126523752,107447254,203106178,289834406,136093683,112419382,140355425,133962443,83755684,95239885,70377703,143358346,111906455,145415034,122916041,83034727,139572236
STAT,(NULL),InitPushTime,44,2661891,43382,114776,80502,41128,40720,40164,41140,40876,39560,39748,39080,39052,39052,38512,35655,35764,38972,37404,64108,37876,43996,39460,99667,102600,102132,102806,101897,101684,101698,101420,101010,58769,57611,57692,57713,56995,57296,57340,56291,55983,55162,55058,55492,54648
STAT,(NULL),Iterations,44,9475745,192569,302085,179483,443489,429828,439567,172738,164459,254934,176694,185440,187415,180919,180955,144206,155171,142211,195575,206037,215913,168612,145424,200813,135158,117212,405513,195925,183384,174321,314564,433925,226137,176385,229816,196579,131988,165817,116804,239082,171569,243763,165445,146318,241503
STAT,(NULL),LoopTime,44,110320390626,110320390626,0,0,0,0,0,0,0,0,0,0,0,0,0,0,0,0,0,0,0,0,0,0,0,0,0,0,0,0,0,0,0,0,0,0,0,0,0,0,0,0,0,0,0
STAT,(NULL),MeminfoPost,44,572,13,13,13,13,13,13,13,13,13,13,13,13,13,13,13,13,13,13,13,13,13,13,13,13,13,13,13,13,13,13,13,13,13,13,13,13,13,13,13,13,13,13,13,13
STAT,(NULL),MeminfoPre,44,572,13,13,13,13,13,13,13,13,13,13,13,13,13,13,13,13,13,13,13,13,13,13,13,13,13,13,13,13,13,13,13,13,13,13,13,13,13,13,13,13,13,13,13,13
STAT,(NULL),NumaPost,44,67881,33296,33728,575,282,0,0,0,0,0,0,0,0,0,0,0,0,0,0,0,0,0,0,0,0,0,0,0,0,0,0,0,0,0,0,0,0,0,0,0,0,0,0,0,0
STAT,(NULL),PopTime,44,1575999196892,37215743734,42601174826,38353254490,47422268501,46315882872,47194782280,36111207827,32287834089,37422772048,33291531272,38140050397,31824652751,33452097688,33059576243,31047883774,29609768853,25747066692,29068928691,37655916014,37798526111,32139396225,31500848377,35864049928,31724125008,34139106967,46328132161,34211333557,31467181366,34832305106,43622676397,47252001843,40550733930,36939440271,34018174816,37821809063,37101958870,31616637727,26819305634,36292338592,32647326233,33293325890,38193045102,30093884606,31909140070
STAT,(NULL),PushTime,44,3154893620341,70971830346,64898684727,69913431608,58781544982,59899287856,58758766167,72467441816,75037491588,70917495621,74239341172,70205554924,76824834037,73540022681,75337723319,76890191163,78595270984,83018201919,76624801386,69663233084,69839222912,76836969070,76689309177,70477381539,76250068707,71472923134,58931222433,71698133210,76568577484,73249998760,63911359348,58481332171,67820592367,71492791555,73198045219,70385914817,71692773460,76205902000,78190756924,72198302364,74597284807,74782909333,69270041301,77748483656,76318175213
STAT,(NULL),RusageSys,44,39072000,39072000,0,0,0,0,0,0,0,0,0,0,0,0,0,0,0,0,0,0,0,0,0,0,0,0,0,0,0,0,0,0,0,0,0,0,0,0,0,0,0,0,0,0,0
STAT,(NULL),RusageUser,44,2167700000,2167700000,0,0,0,0,0,0,0,0,0,0,0,0,0,0,0,0,0,0,0,0,0,0,0,0,0,0,0,0,0,0,0,0,0,0,0,0,0,0,0,0,0,0,0
STAT,(NULL),Threads,44,44,44,0,0,0,0,0,0,0,0,0,0,0,0,0,0,0,0,0,0,0,0,0,0,0,0,0,0,0,0,0,0,0,0,0,0,0,0,0,0,0,0,0,0,0
STAT,(NULL),Time,44,113034663838,113034663838,0,0,0,0,0,0,0,0,0,0,0,0,0,0,0,0,0,0,0,0,0,0,0,0,0,0,0,0,0,0,0,0,0,0,0,0,0,0,0,0,0,0,0
STAT,(NULL),TotalTime,44,119248585732,119248585732,0,0,0,0,0,0,0,0,0,0,0,0,0,0,0,0,0,0,0,0,0,0,0,0,0,0,0,0,0,0,0,0,0,0,0,0,0,0,0,0,0,0,0
STAT,(NULL),UserTime,44,54222335580,855146281,1851126256,991076255,3265539305,3121475079,3401576945,733201818,613198554,1073666851,671536280,821885442,914927957,824671934,753092345,573296680,509585229,529642572,964715799,1182064238,1332807784,657057825,482426953,1038678496,907191869,671714281,3246322290,1495640024,1113335860,874451042,2062827611,3429085796,1241036544,1014590076,1273115541,1260758088,860402809,643909453,483259713,1364504325,980669084,1260886255,1071149106,607214440,1197874495
STAT,(NULL),Work,44,4850756887464,110244547371,110244527052,110244437686,110244534604,110244435733,110244435910,110244457245,110244587122,110244561229,110244563232,110244444062,110244424002,110244435877,110244426796,110244555193,110244561375,110244562138,110244431078,110244429838,110244443112,110244422419,110244579691,110244431630,110244431498,110244436814,110244436620,110244431580,110244436307,110244437270,110244549525,110244432107,110244437068,110244454504,110244434122,110244435647,110244432168,110244553691,110244559936,110244431490,110244436330,110244436959,110244436582,110244579310,110244433541
STAT,(NULL),nBad,44,205202,6127,4596,6044,8385,7838,8556,4478,3590,2113,1222,3568,3693,3846,4765,6681,4132,1300,5336,3879,5261,4394,1120,5661,5220,2018,7666,5172,5288,3328,7906,9860,5086,2716,6123,7037,2905,3683,1203,3705,2388,6382,4514,1462,4955
STAT,(NULL),nEmpty,44,4656221,98936,143138,90360,198070,193984,192373,88119,89072,130247,93316,96953,93963,93975,95630,77036,85058,76099,99783,100300,103769,89094,78595,102553,66629,61003,177225,90556,89300,89444,145762,186876,114935,90507,112217,94847,63773,89608,66093,118690,86837,124129,77256,78657,121454
STAT,(NULL),nEmptyPop,44,4322781,107036,120836,70819,121381,121231,121035,97164,97738,108874,103481,100324,107079,110679,120333,106310,106284,106569,106147,106933,106362,119473,107365,77861,40685,229,112955,98398,98858,70224,120866,121975,99252,90236,77169,113256,2408,121138,76224,113582,99090,108865,108316,75975,121766
STAT,(NULL),nOverall,44,78084960,1136713,2733078,1396845,4970772,4726637,5191431,954906,766096,1405866,866518,1084999,1235588,1111065,979868,726998,613289,643231,1323625,1690757,1898922,833270,563446,1476023,1349828,963928,5068530,2297863,1580488,1202363,3127874,5307826,1775572,1480419,1800016,1839945,1219849,827937,628798,1995272,1414105,1805957,1569243,789315,1709889
STAT,(NULL),nPop,44,9475745,192569,302085,179483,443489,429828,439567,172738,164459,254934,176694,185440,187415,180919,180955,144206,155171,142211,195575,206037,215913,168612,145424,200813,135158,117212,405513,195925,183384,174321,314564,433925,226137,176385,229816,196579,131988,165817,116804,239082,171569,243763,165445,146318,241503
STAT,(NULL),nPush,44,9475744,143186,312600,190166,569620,543396,604045,126327,108283,148248,96458,120864,161896,152541,114480,105153,91519,79451,168119,220184,229426,113533,63227,193581,186155,117256,584239,285437,200899,162840,377941,610422,239374,175323,208909,244207,141014,108298,77826,226564,161642,245055,174784,92179,199077
STAT,(NULL),nPushInit,44,1,0,1,0,0,0,0,0,0,0,0,0,0,0,0,0,0,0,0,0,0,0,0,0,0,0,0,0,0,0,0,0,0,0,0,0,0,0,0,0,0,0,0,0,0
==== BENCHMARK TOOK 55.062
==== BENCHMARK START ===
==== PARAMS kernel=4.9.5-64-net1 malloc=libc hostname=rack-castor threads=44 delta=4 prog=sssp-klsm1024  ===
ERROR: ld.so: object '/specific/disk1/home/adamx/malloc/lib64/libjemalloc.so' from LD_PRELOAD cannot be preloaded (cannot open shared object file): ignored.
Galois Benchmark Suite v2.2.1 (r0)
Copyright (C) 2014 The University of Texas at Austin
http://iss.ices.utexas.edu/galois/

application: Single Source Shortest Path
Computes the shortest path from a source node to all nodes in a directed graph using a modified chaotic iteration algorithm
http://iss.ices.utexas.edu/?p=projects/galois/benchmarks/single_source_shortest_path

INFO: CommandLine ./build/debug/apps/sssp/sssp -noverify -t 44 -delta 4 -wl klsm1024 -startNode 0 /specific/disk1/home/mad/Galois-PQ/inputs/ljournal-2008.gr
INFO: Hostname rack-castor
Read 5363260 nodes
Running Asynchronous with CAS version
INFO: Using delta-step of 1
WARNING: Performance varies considerably due to delta parameter.
WARNING: Do not expect the default to be good for your graph.
Node 1 has distance 126
STATTYPE,LOOP,CATEGORY,n,sum,T0,T1,T2,T3,T4,T5,T6,T7,T8,T9,T10,T11,T12,T13,T14,T15,T16,T17,T18,T19,T20,T21,T22,T23,T24,T25,T26,T27,T28,T29,T30,T31,T32,T33,T34,T35,T36,T37,T38,T39,T40,T41,T42,T43
STAT,(NULL),BadWork,44,195326468,2321864,4121247,1852504,9390293,6662478,8383569,1697224,3088766,3355081,3945224,2206965,8028926,5805533,3977720,3181829,1674699,3882612,2924463,3637008,9436685,4235586,2184346,4490295,4909753,2006931,7972624,3850382,4030436,2549155,7937923,9477932,4566501,3415581,8833087,2466879,2916600,592589,2291213,4411670,4717375,5116938,5510445,3034581,4232956
STAT,(NULL),BarrierTime,44,12845484,795708,669285,448720,627321,609492,342002,592652,317420,289900,540100,542963,292979,512422,264585,506435,170520,426012,212520,218697,445110,442677,434068,24073,30861,34184,56218,31988,286692,60068,233692,57479,28444,30892,278285,44630,32284,285003,286798,160772,286467,286184,35694,286672,286516
STAT,(NULL),ConflictTime,44,0,0,0,0,0,0,0,0,0,0,0,0,0,0,0,0,0,0,0,0,0,0,0,0,0,0,0,0,0,0,0,0,0,0,0,0,0,0,0,0,0,0,0,0,0
STAT,(NULL),Conflicts,44,0,0,0,0,0,0,0,0,0,0,0,0,0,0,0,0,0,0,0,0,0,0,0,0,0,0,0,0,0,0,0,0,0,0,0,0,0,0,0,0,0,0,0,0,0
STAT,(NULL),EmptyPopTime,44,53185192013,2741332248,90541624,1341336142,371900100,190766605,63211656,2337230450,689763856,881134847,351917771,1619167126,493979069,1144113291,2720909551,3582039309,4615946725,1827921615,2506447521,1440344762,2183185294,1396388342,1552634896,2262610907,2441755381,537017247,242999768,849116780,802133151,1258464269,345774511,234881654,1456583737,324952888,14582871,928026571,2097165410,907616379,1606310424,183151592,249703696,297703519,1039855956,953953199,8619303
STAT,(NULL),EmptyWork,44,1996774610,30373453,64594461,29221943,94319432,92224989,90178869,28258773,38653419,42649575,37409763,35272603,44479700,39007116,33714865,28724184,27403223,37588861,42121065,30604768,54987610,25400172,27819639,33247698,42202227,25121325,96218685,46822019,57176620,34524814,70572223,87103520,36436284,47413369,43386192,36860974,33943519,26719591,33681579,49937236,60053432,44361158,40389467,22882370,52711825
STAT,(NULL),GaloisTime,44,5107573958,68747379,175912532,72668253,274928136,260436775,277796867,68728111,89809340,124539497,90769855,84896679,123391680,102373827,90783967,62114502,56636962,78492944,98447561,75318537,140290620,57971350,59765438,88900017,88548355,65659998,270838882,112043753,133664708,83862617,185471218,272182794,95454403,113516063,117763462,83680888,84249267,58553846,71794535,131276478,133317073,102659083,98445545,52443362,128426799
STAT,(NULL),InitPushTime,44,2378743,5084,88124,41592,40324,40284,39832,40456,40332,39072,39380,38876,34447,34566,34426,35850,39556,39088,37480,33464,33030,34748,38192,118678,119406,119899,119719,119978,120347,119750,118255,117999,35936,35304,57369,34224,33940,32499,32111,34400,29671,32880,30703,33748,33724
STAT,(NULL),Iterations,44,9501282,151126,330525,131670,456474,438343,455942,141170,184042,213247,173577,170747,215824,181648,165060,129233,116809,167063,198144,140059,285409,117342,135079,163137,181742,122807,457306,199803,243369,165048,337914,434235,168702,204544,200719,164475,153149,117264,154930,269981,281864,198817,188247,115025,279671
STAT,(NULL),LoopTime,44,111343495808,111343495808,0,0,0,0,0,0,0,0,0,0,0,0,0,0,0,0,0,0,0,0,0,0,0,0,0,0,0,0,0,0,0,0,0,0,0,0,0,0,0,0,0,0,0
STAT,(NULL),MeminfoPost,44,572,13,13,13,13,13,13,13,13,13,13,13,13,13,13,13,13,13,13,13,13,13,13,13,13,13,13,13,13,13,13,13,13,13,13,13,13,13,13,13,13,13,13,13,13
STAT,(NULL),MeminfoPre,44,572,13,13,13,13,13,13,13,13,13,13,13,13,13,13,13,13,13,13,13,13,13,13,13,13,13,13,13,13,13,13,13,13,13,13,13,13,13,13,13,13,13,13,13,13
STAT,(NULL),NumaPost,44,68071,34981,32415,575,100,0,0,0,0,0,0,0,0,0,0,0,0,0,0,0,0,0,0,0,0,0,0,0,0,0,0,0,0,0,0,0,0,0,0,0,0,0,0,0,0
STAT,(NULL),PopTime,44,1735962696205,36774829539,45888623432,35046000519,51862914093,50779639706,51929861071,38193120753,34376493438,40400095512,44113210928,37909929251,42106997380,36916605960,35934876452,33189990421,30447821411,38438426117,40371129068,34798551084,43124139578,32334392065,33432374914,38528075375,36010479705,39950523214,51394132651,37477843751,40639948524,36887554922,47757199513,51895566405,42623450343,39207683271,41932962834,36076495618,38113991953,33306769518,33357676381,37092395667,42484967244,41350966056,37899808359,28319543158,35284639051
STAT,(NULL),PushTime,44,3044799178971,71047133269,63067301579,74056785009,55206738118,56733203951,55392675144,70006090453,75265605014,68407671930,65707692151,70829224783,67069929159,72061262909,71517540392,73876499411,75678928452,70247319827,67371988324,74179471771,64198954983,76951426759,75770891629,69415149945,71871808156,70024371297,55893741174,71600438248,68333215113,72220212436,60712025751,55215129823,66030940462,70419667139,67756497860,73358812756,70062686189,76463613129,75583914392,72416514495,67092373913,68495068974,71233471543,81453555916,74501635243
STAT,(NULL),RusageSys,44,37628000,37628000,0,0,0,0,0,0,0,0,0,0,0,0,0,0,0,0,0,0,0,0,0,0,0,0,0,0,0,0,0,0,0,0,0,0,0,0,0,0,0,0,0,0,0
STAT,(NULL),RusageUser,44,2189440000,2189440000,0,0,0,0,0,0,0,0,0,0,0,0,0,0,0,0,0,0,0,0,0,0,0,0,0,0,0,0,0,0,0,0,0,0,0,0,0,0,0,0,0,0,0
STAT,(NULL),Threads,44,44,44,0,0,0,0,0,0,0,0,0,0,0,0,0,0,0,0,0,0,0,0,0,0,0,0,0,0,0,0,0,0,0,0,0,0,0,0,0,0,0,0,0,0,0
STAT,(NULL),Time,44,114207534936,114207534936,0,0,0,0,0,0,0,0,0,0,0,0,0,0,0,0,0,0,0,0,0,0,0,0,0,0,0,0,0,0,0,0,0,0,0,0,0,0,0,0,0,0,0
STAT,(NULL),TotalTime,44,120019256496,120019256496,0,0,0,0,0,0,0,0,0,0,0,0,0,0,0,0,0,0,0,0,0,0,0,0,0,0,0,0,0,0,0,0,0,0,0,0,0,0,0,0,0,0,0
STAT,(NULL),UserTime,44,54184386072,592941616,1968373745,709346404,3444558993,3199086394,3501633194,621929508,795032353,1399266525,954357408,776868643,1416582308,991995765,957533530,515991409,428620933,625608392,865225423,731066075,1553800855,489779928,411872098,927376980,800566437,652667315,3357429706,1169095885,1289222332,770741126,2184318141,3550496630,1012495387,1142128542,1390163645,771484243,863324810,492088605,601983109,1382084993,1234945635,964602262,943388603,452982659,1279327528
STAT,(NULL),Work,44,4895244669730,111255470396,111255446375,111255689378,111255456869,111255476655,111255710242,111255455280,111255454664,111255712734,111255458956,111255456859,111255681590,111255460356,111255708778,111255463650,111255720346,111255465068,111255684146,111255683108,111255456417,111255456304,111255460770,111255716203,111255704466,111255705904,111255448659,111255709340,111255449100,111255448159,111255508772,111255685291,111255713376,111255710060,111255444682,111255694253,111255709508,111255452956,111255450842,111255580108,111255452473,111255451124,111255705224,111255452816,111255447473
STAT,(NULL),nBad,44,259052,2787,5371,2403,11166,9349,11272,2487,3823,4366,4996,3203,10101,8267,5370,4248,2542,5241,3904,4737,13449,5608,3400,5690,6266,2711,10147,5234,4971,3271,10613,12844,5957,4514,11201,3386,3648,845,3577,6051,6128,6777,7382,4113,5636
STAT,(NULL),nEmpty,44,4681202,82749,159944,67183,202039,194748,199814,72791,100220,100368,88241,90605,105638,86314,81529,71082,64750,90368,107548,72616,146833,61838,75967,79806,96751,67175,204867,95409,115722,85773,160784,185545,82553,99548,94887,82457,77023,62933,83529,138577,145066,97634,92893,63575,145510
STAT,(NULL),nEmptyPop,44,22367,778,279,460,953,332,393,980,621,340,432,679,383,416,727,350,272,470,671,312,324,284,204,714,426,329,405,572,368,798,286,879,527,525,305,397,347,367,318,569,619,524,994,1084,354
STAT,(NULL),nOverall,44,78138810,763534,2887745,1001425,5277214,4904600,5357428,828398,1070239,2068112,1400778,1041671,2073897,1380754,1367588,654350,505457,769282,1149794,1012398,2239585,620011,454654,1324072,1075488,917953,5159492,1705340,1796349,1043003,3292889,5497504,1479942,1635627,2081176,1048268,1242177,644554,764669,1961810,1674359,1324450,1290675,584061,1766038
STAT,(NULL),nPop,44,9501282,151126,330525,131670,456474,438343,455942,141170,184042,213247,173577,170747,215824,181648,165060,129233,116809,167063,198144,140059,285409,117342,135079,163137,181742,122807,457306,199803,243369,165048,337914,434235,168702,204544,200719,164475,153149,117264,154930,269981,281864,198817,188247,115025,279671
STAT,(NULL),nPush,44,9501281,92048,332333,117291,619735,566019,623308,96247,122195,224140,168851,126455,283755,164356,161989,95117,66310,110929,136588,130553,305591,93211,54413,172974,160173,120362,598466,219699,196136,125301,401017,665874,180283,183093,286909,129029,147859,74232,102869,227893,201717,159498,166590,84388,205485
STAT,(NULL),nPushInit,44,1,0,1,0,0,0,0,0,0,0,0,0,0,0,0,0,0,0,0,0,0,0,0,0,0,0,0,0,0,0,0,0,0,0,0,0,0,0,0,0,0,0,0,0,0
==== BENCHMARK TOOK 55.384
==== BENCHMARK START ===
==== PARAMS kernel=4.9.5-64-net1 malloc=libc hostname=rack-castor threads=44 delta=4 prog=sssp-klsm1024  ===
ERROR: ld.so: object '/specific/disk1/home/adamx/malloc/lib64/libjemalloc.so' from LD_PRELOAD cannot be preloaded (cannot open shared object file): ignored.
Galois Benchmark Suite v2.2.1 (r0)
Copyright (C) 2014 The University of Texas at Austin
http://iss.ices.utexas.edu/galois/

application: Single Source Shortest Path
Computes the shortest path from a source node to all nodes in a directed graph using a modified chaotic iteration algorithm
http://iss.ices.utexas.edu/?p=projects/galois/benchmarks/single_source_shortest_path

INFO: CommandLine ./build/debug/apps/sssp/sssp -noverify -t 44 -delta 4 -wl klsm1024 -startNode 0 /specific/disk1/home/mad/Galois-PQ/inputs/ljournal-2008.gr
INFO: Hostname rack-castor
Read 5363260 nodes
Running Asynchronous with CAS version
INFO: Using delta-step of 1
WARNING: Performance varies considerably due to delta parameter.
WARNING: Do not expect the default to be good for your graph.
Node 1 has distance 126
STATTYPE,LOOP,CATEGORY,n,sum,T0,T1,T2,T3,T4,T5,T6,T7,T8,T9,T10,T11,T12,T13,T14,T15,T16,T17,T18,T19,T20,T21,T22,T23,T24,T25,T26,T27,T28,T29,T30,T31,T32,T33,T34,T35,T36,T37,T38,T39,T40,T41,T42,T43
STAT,(NULL),BadWork,44,151485417,4754421,3895847,3216318,5199093,7847102,7730694,2236977,2282134,2246608,2058920,3305538,2169881,2614332,2353485,3764796,904923,3578932,3800909,2339856,5292941,1696031,1081541,1157540,1403702,2157887,7861351,6434890,4907622,2549755,3409110,7814528,3492917,4496611,6018526,2352637,3635071,2238840,1599641,3397030,2477318,4290790,1575275,2285271,1557826
STAT,(NULL),BarrierTime,44,13278164,803219,448488,454630,584991,567176,561707,339927,341496,507379,295124,423230,304978,458212,458044,300712,387016,243544,390392,241264,200864,194477,306820,154849,278557,313454,316518,302076,313716,317141,312007,314316,278236,88995,140703,278668,123251,89192,281487,91170,66459,220623,57543,59150,66363
STAT,(NULL),ConflictTime,44,0,0,0,0,0,0,0,0,0,0,0,0,0,0,0,0,0,0,0,0,0,0,0,0,0,0,0,0,0,0,0,0,0,0,0,0,0,0,0,0,0,0,0,0,0
STAT,(NULL),Conflicts,44,0,0,0,0,0,0,0,0,0,0,0,0,0,0,0,0,0,0,0,0,0,0,0,0,0,0,0,0,0,0,0,0,0,0,0,0,0,0,0,0,0,0,0,0,0
STAT,(NULL),EmptyPopTime,44,50163596505,242225285,75072531,3944663015,461792680,247523492,341458654,1113877685,1988984323,1294944005,1579772479,1331098868,1977979360,843577052,1532456733,1439412379,1903021908,833523811,176221969,1819592844,1815192326,2935884672,402867368,1418035807,1091688359,107535765,55021604,1912969256,1752275928,314359313,188255712,69753685,1397288633,1102929388,1597215361,413789463,2977391781,215756367,1473845836,40668378,2830352633,1145635696,690923112,879144684,187616305
STAT,(NULL),EmptyWork,44,2041818556,40326427,64828041,31966983,90660483,82577199,85504988,31496682,32229565,32950163,34357227,37201897,44545833,53886306,39421303,32844250,27923347,30109795,38428369,39821123,46574091,38757490,29698951,41607948,31977260,38060401,87698666,43057785,48834380,32410673,70226344,89196711,41041531,57676860,52445992,46702516,24053299,36311038,38912977,56433327,48996553,44472685,34382031,44216881,46992185
STAT,(NULL),GaloisTime,44,5249808865,103166880,167692333,81688497,259287882,251992150,256319109,67758841,73118112,72366390,89755973,104167152,110012619,125839784,85990777,68966469,59619827,74415836,109846964,88470123,125900373,77460581,64544568,96359605,70314015,87917151,259512763,124383849,135084016,73571025,183443101,267488064,123474799,135084133,123226520,134407301,72364814,81210721,80015831,135865132,123082257,110834712,96062549,92557633,125167634
STAT,(NULL),InitPushTime,44,2444541,4090,136448,107619,40412,36295,39928,68083,40424,35300,39448,54854,38684,38512,37972,39476,50688,51119,50287,50892,46492,46496,63477,106040,61725,61527,60206,60302,60801,60382,59466,60544,58967,59781,57237,57874,57259,57494,57303,56833,55652,54428,53834,55117,54773
STAT,(NULL),Iterations,44,9463903,179063,302523,143594,426727,410845,401833,132954,148368,144493,157827,170313,203242,241867,176930,134291,123317,142392,175154,182700,214987,177299,137796,199819,151121,163383,417235,192434,218931,152015,323626,425897,192263,261577,247618,219640,123825,156621,186074,272156,222733,208762,157820,196381,245457
STAT,(NULL),LoopTime,44,111910284175,111910284175,0,0,0,0,0,0,0,0,0,0,0,0,0,0,0,0,0,0,0,0,0,0,0,0,0,0,0,0,0,0,0,0,0,0,0,0,0,0,0,0,0,0,0
STAT,(NULL),MeminfoPost,44,572,13,13,13,13,13,13,13,13,13,13,13,13,13,13,13,13,13,13,13,13,13,13,13,13,13,13,13,13,13,13,13,13,13,13,13,13,13,13,13,13,13,13,13,13
STAT,(NULL),MeminfoPre,44,572,13,13,13,13,13,13,13,13,13,13,13,13,13,13,13,13,13,13,13,13,13,13,13,13,13,13,13,13,13,13,13,13,13,13,13,13,13,13,13,13,13,13,13,13
STAT,(NULL),NumaPost,44,67693,33755,33081,574,283,0,0,0,0,0,0,0,0,0,0,0,0,0,0,0,0,0,0,0,0,0,0,0,0,0,0,0,0,0,0,0,0,0,0,0,0,0,0,0,0
STAT,(NULL),PopTime,44,1755351547113,44301930683,47543767889,34664950100,52167826317,53380415553,52800585299,32702678336,36671694562,41763361637,39103437443,40017768116,41536229109,41452224915,41260838500,34889854659,30942461083,36351237207,37676996594,35124563500,39199485281,30566797536,32007257738,37187370358,36852910325,41768578812,53968941658,41973512981,44094592493,34340726788,49086627857,54258829664,38876141646,37305870334,36417503609,40701222728,34579609984,36234028699,34803302941,41959663471,41074969762,29335722421,36229347742,38639257744,39536453039
STAT,(NULL),PushTime,44,3053456702330,66145317246,62114345490,72253843457,55634378696,54713495264,55055964267,77442153467,72545839480,68147668813,70164064030,69205012222,67115651175,68183543016,68216731769,74879517914,78481387484,73910799891,72571205478,73964785711,69209637928,77648332488,78890171973,72232255482,73189331337,69105414786,54203137340,66326816782,64264659483,76462873437,60269039914,53778810378,70010399393,71914984200,72435728006,69109735130,73467866954,74591035496,74830132696,68249504641,66594475148,80009231733,73801789982,71387200951,70728431802
STAT,(NULL),RusageSys,44,41436000,41436000,0,0,0,0,0,0,0,0,0,0,0,0,0,0,0,0,0,0,0,0,0,0,0,0,0,0,0,0,0,0,0,0,0,0,0,0,0,0,0,0,0,0,0
STAT,(NULL),RusageUser,44,2197076000,2197076000,0,0,0,0,0,0,0,0,0,0,0,0,0,0,0,0,0,0,0,0,0,0,0,0,0,0,0,0,0,0,0,0,0,0,0,0,0,0,0,0,0,0,0
STAT,(NULL),Threads,44,44,44,0,0,0,0,0,0,0,0,0,0,0,0,0,0,0,0,0,0,0,0,0,0,0,0,0,0,0,0,0,0,0,0,0,0,0,0,0,0,0,0,0,0,0
STAT,(NULL),Time,44,114786988024,114786988024,0,0,0,0,0,0,0,0,0,0,0,0,0,0,0,0,0,0,0,0,0,0,0,0,0,0,0,0,0,0,0,0,0,0,0,0,0,0,0,0,0,0,0
STAT,(NULL),TotalTime,44,120443600782,120443600782,0,0,0,0,0,0,0,0,0,0,0,0,0,0,0,0,0,0,0,0,0,0,0,0,0,0,0,0,0,0,0,0,0,0,0,0,0,0,0,0,0,0,0
STAT,(NULL),UserTime,44,54279159906,997546892,1864796909,853399696,3216567860,3154510459,3290684269,472547453,518647676,519225353,859129404,1135265603,1046095699,1171443731,695075769,519920879,416100568,630427788,1257817280,793281357,1433726533,563279124,435972151,854885310,594293676,723008098,3256203551,1449773522,1535068206,606573795,2032922243,3366436769,1382168260,1313969984,1204395220,1424657880,709227559,672172393,604304486,1388379652,1158638437,1184617644,978010381,788136608,1205853779
STAT,(NULL),Work,44,4920550244845,111830636509,111830669889,111830784806,111830625184,111830626259,111830622142,111830782554,111830778810,111830624736,111830788348,111830621588,111830777074,111830619155,111830622901,111830780898,111830624614,111830624620,111830625424,111830623739,111830777508,111830778725,111830620676,111830772417,111830643122,111830612687,111830605573,111830623764,111830612078,111830605434,111830613326,111830612679,111830613322,111830804612,111830755794,111830615657,111830772025,111830805188,111830610118,111830803301,111830773743,111830618278,111830783507,111830778295,111830773766
STAT,(NULL),nBad,44,209533,6425,6100,4194,7117,10267,10985,2895,3170,3087,2848,5036,3071,3880,3023,4830,1331,4544,5402,3443,7602,2620,1927,1725,2008,2885,10206,8294,7022,3575,4604,10614,4847,5691,8628,3236,4730,3688,2508,4340,3826,5539,2597,3161,2012
STAT,(NULL),nEmpty,44,4644954,87060,142718,75025,188458,179570,171694,73001,80494,78627,79552,81502,103591,121039,93214,72343,67747,75247,83169,96428,104400,97546,75449,105211,81211,83097,180568,87261,99738,81645,151749,183750,85626,134715,128962,103478,65665,80105,105435,135128,108221,106871,76984,107526,124134
STAT,(NULL),nEmptyPop,44,1041751,23104,26330,23474,25913,27789,27922,18988,22918,22833,22690,22722,26031,25807,25798,22646,22630,22655,22682,25149,22459,22609,25536,25593,198,22416,25478,23127,22707,25959,25750,25815,25857,23167,26044,23172,26206,22631,26052,26097,26461,22941,18152,22954,26289
STAT,(NULL),nOverall,44,78089291,1412527,2768860,1224891,4918489,4843013,5050798,554085,611671,611914,1223594,1674629,1449808,1605223,885003,650359,480388,824891,1863780,1064519,2105272,670215,492018,1160580,765983,961039,5026016,2204586,2289782,780101,3045560,5186998,2063430,1844202,1663753,2120823,987257,877915,725009,1965450,1603964,1713131,1386306,1032627,1698832
STAT,(NULL),nPop,44,9463903,179063,302523,143594,426727,410845,401833,132954,148368,144493,157827,170313,203242,241867,176930,134291,123317,142392,175154,182700,214987,177299,137796,199819,151121,163383,417235,192434,218931,152015,323626,425897,192263,261577,247618,219640,123825,156621,186074,272156,222733,208762,157820,196381,245457
STAT,(NULL),nPush,44,9463902,184086,317024,177172,568490,577424,585866,73795,70529,76425,139068,221377,161410,182923,103889,88662,63092,117768,262437,127592,282309,73406,52824,131508,87136,111402,585821,297009,263723,95989,345183,601463,244597,236940,212798,244050,160581,96851,92462,225221,189289,240501,165040,137287,191483
STAT,(NULL),nPushInit,44,1,0,1,0,0,0,0,0,0,0,0,0,0,0,0,0,0,0,0,0,0,0,0,0,0,0,0,0,0,0,0,0,0,0,0,0,0,0,0,0,0,0,0,0,0
==== BENCHMARK TOOK 55.554
==== BENCHMARK START ===
==== PARAMS kernel=4.9.5-64-net1 malloc=libc hostname=rack-castor threads=44 delta=4 prog=sssp-klsm1024  ===
ERROR: ld.so: object '/specific/disk1/home/adamx/malloc/lib64/libjemalloc.so' from LD_PRELOAD cannot be preloaded (cannot open shared object file): ignored.
Galois Benchmark Suite v2.2.1 (r0)
Copyright (C) 2014 The University of Texas at Austin
http://iss.ices.utexas.edu/galois/

application: Single Source Shortest Path
Computes the shortest path from a source node to all nodes in a directed graph using a modified chaotic iteration algorithm
http://iss.ices.utexas.edu/?p=projects/galois/benchmarks/single_source_shortest_path

INFO: CommandLine ./build/debug/apps/sssp/sssp -noverify -t 44 -delta 4 -wl klsm1024 -startNode 0 /specific/disk1/home/mad/Galois-PQ/inputs/ljournal-2008.gr
INFO: Hostname rack-castor
Read 5363260 nodes
Running Asynchronous with CAS version
INFO: Using delta-step of 1
WARNING: Performance varies considerably due to delta parameter.
WARNING: Do not expect the default to be good for your graph.
Node 1 has distance 126
STATTYPE,LOOP,CATEGORY,n,sum,T0,T1,T2,T3,T4,T5,T6,T7,T8,T9,T10,T11,T12,T13,T14,T15,T16,T17,T18,T19,T20,T21,T22,T23,T24,T25,T26,T27,T28,T29,T30,T31,T32,T33,T34,T35,T36,T37,T38,T39,T40,T41,T42,T43
STAT,(NULL),BadWork,44,206798903,3219264,3822388,3331376,9015197,10084074,9754800,5349331,1585095,2376529,2145559,1731210,3105713,2295626,3653674,2762295,1802663,4573689,4325082,2626749,3126413,5514147,3114788,2576123,4608332,4034886,13335646,8856700,5712407,5285573,4511276,9400531,5637278,2897419,6708563,3749995,3277222,3040449,3593736,4439753,5021183,6558385,6194616,3690607,4352561
STAT,(NULL),BarrierTime,44,12362869,605552,477738,588752,549742,549957,501850,502788,434407,454288,462404,433124,368997,404582,415607,245580,238303,252415,350510,323156,342524,190695,222964,197397,196232,169921,99881,87386,198367,198132,89407,96572,193048,186800,192136,187880,152409,156173,65472,186619,188300,175267,167102,74084,188349
STAT,(NULL),ConflictTime,44,0,0,0,0,0,0,0,0,0,0,0,0,0,0,0,0,0,0,0,0,0,0,0,0,0,0,0,0,0,0,0,0,0,0,0,0,0,0,0,0,0,0,0,0,0
STAT,(NULL),Conflicts,44,0,0,0,0,0,0,0,0,0,0,0,0,0,0,0,0,0,0,0,0,0,0,0,0,0,0,0,0,0,0,0,0,0,0,0,0,0,0,0,0,0,0,0,0,0
STAT,(NULL),EmptyPopTime,44,45518257089,1766501036,228770862,3376168641,200883992,360546410,291560988,1642938099,1664768760,820576780,363270366,896342032,766610894,1673567626,494221591,1295676509,1130270352,4370255188,3136053450,317246963,259102996,1674363902,2252354496,496399119,320493270,246317613,220812626,424889100,44595202,1642740907,19113004,224761982,1644486699,229408672,147378365,1011202541,1792998231,2337544813,892340571,1719055,276732119,436315428,1884909859,2130853947,110192033
STAT,(NULL),EmptyWork,44,2035314449,36270271,71387720,37064229,94793480,89338275,92792861,31828491,29072300,38867291,49097155,31203346,40570892,33697019,39137455,26903284,28232023,35354283,39304079,44160588,37186273,29184497,32004630,38318291,34965660,28387890,95100325,45865238,42677235,34414759,71063608,96956962,44772575,40789952,49715339,38992351,36427047,39458121,28849634,58995414,38911053,44047277,53409650,31145397,54600229
STAT,(NULL),GaloisTime,44,5168198366,89063814,178348224,83615201,268881140,251546251,270633098,72497645,70508015,100150261,127055899,72659334,93480084,99649434,102871905,59430380,60913521,72989594,109163249,111099061,98969482,61235246,66447141,93473005,80505431,68866925,272690719,124444034,97967529,79769855,185117953,286582792,114494118,100009945,119541174,99763275,93112987,88896147,59609919,145804674,116349585,111361947,113697205,66929719,128001449
STAT,(NULL),InitPushTime,44,2622294,5412,91716,45024,40320,40248,39724,40436,40484,39212,35406,38976,53273,38408,34378,65480,36915,36966,35167,38680,38412,35746,42526,108819,72805,71823,71001,72094,72087,71067,70649,71471,76290,78082,76712,79411,83732,83747,78800,78520,78429,81598,75840,78152,78256
STAT,(NULL),Iterations,44,9509052,187961,344354,171446,443957,427672,440169,140646,132391,178777,218605,146540,184263,172598,201345,119580,133744,158304,181820,196342,172316,127143,147443,174118,157018,114328,440816,215448,180769,158505,334074,473837,213329,206482,213497,184772,171673,187295,127547,305053,192330,207907,217609,142974,262255
STAT,(NULL),LoopTime,44,111713191596,111713191596,0,0,0,0,0,0,0,0,0,0,0,0,0,0,0,0,0,0,0,0,0,0,0,0,0,0,0,0,0,0,0,0,0,0,0,0,0,0,0,0,0,0,0
STAT,(NULL),MeminfoPost,44,572,13,13,13,13,13,13,13,13,13,13,13,13,13,13,13,13,13,13,13,13,13,13,13,13,13,13,13,13,13,13,13,13,13,13,13,13,13,13,13,13,13,13,13,13
STAT,(NULL),MeminfoPre,44,572,13,13,13,13,13,13,13,13,13,13,13,13,13,13,13,13,13,13,13,13,13,13,13,13,13,13,13,13,13,13,13,13,13,13,13,13,13,13,13,13,13,13,13,13
STAT,(NULL),NumaPost,44,68035,33712,33438,602,283,0,0,0,0,0,0,0,0,0,0,0,0,0,0,0,0,0,0,0,0,0,0,0,0,0,0,0,0,0,0,0,0,0,0,0,0,0,0,0,0
STAT,(NULL),PopTime,44,1611886445918,32018704584,43731655959,33518603572,49531933841,47635456868,48634933680,34217698137,31406285389,33849759749,39193268627,34427032650,32758795938,36056824719,33048055889,36069357933,29482420740,28481542948,38361873037,35507201101,38090931508,30714593633,27888142854,34682758819,38326975995,32883346754,49449176031,36314590156,38587631051,36633636046,44833448313,49796798726,37674449328,32726023943,41083833204,38604483965,35661288210,29408041120,27186593800,37847165320,37818108543,33273791645,34294803445,33494996646,36679431502
STAT,(NULL),PushTime,44,3192386916766,76885316636,65437181763,73923554942,58202918212,60189103719,58901157569,75078030347,77818402824,75824495162,70593502708,75496653204,77077627522,72690410543,76909733090,73678085426,80469100863,78080635069,68747821783,74500414328,72107379298,78604317480,80895917209,75400973636,72148437950,77792764630,58178094283,73275886250,71872239481,72503528755,64392020099,57597005346,70948694365,77646865820,69044016120,70788164534,73174879881,78975060662,82987143060,72089135697,72014653461,76559725350,74170152956,75359777935,73355936798
STAT,(NULL),RusageSys,44,36964000,36964000,0,0,0,0,0,0,0,0,0,0,0,0,0,0,0,0,0,0,0,0,0,0,0,0,0,0,0,0,0,0,0,0,0,0,0,0,0,0,0,0,0,0,0
STAT,(NULL),RusageUser,44,2197496000,2197496000,0,0,0,0,0,0,0,0,0,0,0,0,0,0,0,0,0,0,0,0,0,0,0,0,0,0,0,0,0,0,0,0,0,0,0,0,0,0,0,0,0,0,0
STAT,(NULL),Threads,44,44,44,0,0,0,0,0,0,0,0,0,0,0,0,0,0,0,0,0,0,0,0,0,0,0,0,0,0,0,0,0,0,0,0,0,0,0,0,0,0,0,0,0,0,0
STAT,(NULL),Time,44,114123154970,114123154970,0,0,0,0,0,0,0,0,0,0,0,0,0,0,0,0,0,0,0,0,0,0,0,0,0,0,0,0,0,0,0,0,0,0,0,0,0,0,0,0,0,0,0
STAT,(NULL),TotalTime,44,119591634544,119591634544,0,0,0,0,0,0,0,0,0,0,0,0,0,0,0,0,0,0,0,0,0,0,0,0,0,0,0,0,0,0,0,0,0,0,0,0,0,0,0,0,0,0,0
STAT,(NULL),UserTime,44,54545525113,830065339,1978571061,686916881,3326511567,3099931103,3434844431,582930737,636886341,992074011,1299729781,702032050,888837010,1071774055,1031904701,496468339,454985956,585145736,1231709034,1145801826,1032353849,542229598,491057846,914002575,714547370,606239197,3410051089,1440250833,980814607,731835114,2125162899,3623819488,1199028266,882827330,1181441343,1083318750,867217804,776923496,471388440,1483105435,1361170905,1200681499,1108952227,542221700,1297763494
STAT,(NULL),Work,44,4911547134967,111626144116,111626129068,111626034254,111626035612,111626035831,111626041592,111626035428,111626050876,111626032994,111626034242,111626055242,111626044982,111626040800,111626039428,111626139566,111626148642,111626132509,111626036855,111626057138,111626039786,111626194278,111626154264,111626033836,111626034866,111626056556,111626135844,111626146536,111626031824,111626031984,111626144939,111626139015,111626032802,111626032342,111626032392,111626032136,111626051915,111626047228,111626155596,111626032059,111626035042,111626030084,111626057170,111626151280,111626032018
STAT,(NULL),nBad,44,279503,5000,5183,4543,11357,13644,13527,7094,2272,3087,3302,2361,4206,3516,5856,3679,3110,6335,5721,3083,4285,6919,4306,3884,6156,5960,17316,11400,7687,6991,5995,12606,8288,3997,9181,4962,4503,4135,4697,6101,6634,8403,8589,4512,5120
STAT,(NULL),nEmpty,44,4689249,101649,168012,93710,194248,191406,192289,75237,70281,89361,106152,78691,93905,84558,104487,64949,75050,86864,86416,98912,85110,70267,83020,87833,82475,58219,191840,102018,92337,83774,155359,208076,105780,107424,103198,94814,85916,98168,69951,155003,91966,103144,107584,77724,132072
STAT,(NULL),nEmptyPop,44,20985,495,751,367,370,673,372,387,336,464,400,461,368,623,442,411,403,464,660,378,560,505,459,547,674,401,677,530,356,414,749,416,539,580,586,373,403,239,349,498,367,525,280,497,636
STAT,(NULL),nOverall,44,78159261,1116029,2892023,875435,5063625,4677088,5239923,737155,853503,1397804,1868374,963424,1211308,1546980,1445706,642439,517733,718894,1814404,1650239,1465893,690910,582427,1270431,960913,820618,5236929,2128938,1373600,1005133,3181759,5534552,1693337,1158100,1644603,1564199,1153310,1004848,582668,2077920,2036633,1726890,1538682,667200,1826682
STAT,(NULL),nPop,44,9509052,187961,344354,171446,443957,427672,440169,140646,132391,178777,218605,146540,184263,172598,201345,119580,133744,158304,181820,196342,172316,127143,147443,174118,157018,114328,440816,215448,180769,158505,334074,473837,213329,206482,213497,184772,171673,187295,127547,305053,192330,207907,217609,142974,262255
STAT,(NULL),nPush,44,9509051,129408,326866,105710,577301,539580,603239,95762,103773,162693,206125,116575,144438,187308,171193,83931,73979,91463,214532,188224,179361,101811,71391,175287,129724,125411,631206,298108,177139,137808,369140,661447,232364,131247,215322,206546,134465,130782,79557,236705,242275,245259,181446,80493,212657
STAT,(NULL),nPushInit,44,1,0,1,0,0,0,0,0,0,0,0,0,0,0,0,0,0,0,0,0,0,0,0,0,0,0,0,0,0,0,0,0,0,0,0,0,0,0,0,0,0,0,0,0,0
==== BENCHMARK TOOK 55.228
==== BENCHMARK START ===
==== PARAMS kernel=4.9.5-64-net1 malloc=libc hostname=rack-castor threads=44 delta=4 prog=sssp-klsm1024  ===
ERROR: ld.so: object '/specific/disk1/home/adamx/malloc/lib64/libjemalloc.so' from LD_PRELOAD cannot be preloaded (cannot open shared object file): ignored.
Galois Benchmark Suite v2.2.1 (r0)
Copyright (C) 2014 The University of Texas at Austin
http://iss.ices.utexas.edu/galois/

application: Single Source Shortest Path
Computes the shortest path from a source node to all nodes in a directed graph using a modified chaotic iteration algorithm
http://iss.ices.utexas.edu/?p=projects/galois/benchmarks/single_source_shortest_path

INFO: CommandLine ./build/debug/apps/sssp/sssp -noverify -t 44 -delta 4 -wl klsm1024 -startNode 0 /specific/disk1/home/mad/Galois-PQ/inputs/ljournal-2008.gr
INFO: Hostname rack-castor
Read 5363260 nodes
Running Asynchronous with CAS version
INFO: Using delta-step of 1
WARNING: Performance varies considerably due to delta parameter.
WARNING: Do not expect the default to be good for your graph.
Node 1 has distance 126
STATTYPE,LOOP,CATEGORY,n,sum,T0,T1,T2,T3,T4,T5,T6,T7,T8,T9,T10,T11,T12,T13,T14,T15,T16,T17,T18,T19,T20,T21,T22,T23,T24,T25,T26,T27,T28,T29,T30,T31,T32,T33,T34,T35,T36,T37,T38,T39,T40,T41,T42,T43
STAT,(NULL),BadWork,44,144252645,3315242,3754129,2001674,8078235,6344525,9121607,2744080,3948467,2276822,2697989,1513685,2984282,2294172,869992,1637357,799818,2280131,2682732,2384534,2707613,1800845,4773240,2422996,1005399,512460,6679741,1891577,5234833,1266528,6691602,6499657,2079560,4537432,4920862,6317455,2232624,2243626,1153175,4408295,2112717,3777474,1743929,2277375,3232157
STAT,(NULL),BarrierTime,44,13614615,634376,496382,664218,577690,584667,405414,397264,357836,505176,446488,363688,408531,409535,463960,255639,181015,241504,317597,340282,368573,382930,394492,132751,280994,282697,106085,91456,282590,282018,97528,282157,263422,228927,77418,147277,213477,226233,75553,45000,266729,268754,243995,256047,266250
STAT,(NULL),ConflictTime,44,0,0,0,0,0,0,0,0,0,0,0,0,0,0,0,0,0,0,0,0,0,0,0,0,0,0,0,0,0,0,0,0,0,0,0,0,0,0,0,0,0,0,0,0,0
STAT,(NULL),Conflicts,44,0,0,0,0,0,0,0,0,0,0,0,0,0,0,0,0,0,0,0,0,0,0,0,0,0,0,0,0,0,0,0,0,0,0,0,0,0,0,0,0,0,0,0,0,0
STAT,(NULL),EmptyPopTime,44,40097639069,1362803767,332568767,2040472543,135314121,476547195,152544252,3846175213,1411695990,124157663,572011660,841172065,1106716665,1597312020,2987163146,1015946001,1251345184,1202855571,1789897124,1179127470,421122732,873886817,673588738,309201442,2553330677,901308558,190834655,893424034,775377901,1366183515,132258132,163459205,221494308,1189821574,170665683,638496045,1505777223,695745348,588247644,122201714,564031756,461029743,368914972,641234750,250175486
STAT,(NULL),EmptyWork,44,2003491274,42533452,67229519,30069447,98937605,85956593,95869054,23350659,32380870,53710091,42582784,42471409,46506072,26948593,30523431,27778153,26052818,24740569,36945728,38768537,46522246,40292591,30184970,33716052,35741142,24344333,90578276,31341821,46539227,36296984,67910298,96529061,36883899,46194614,47071763,45250358,30644667,24864295,32789633,58463368,53207919,45439005,37973780,36359642,54995946
STAT,(NULL),GaloisTime,44,5767539565,121781220,188796030,90462816,297302464,271291337,296291102,80572882,96149808,149239374,100195182,110071197,113469967,77050667,97843269,71175920,67759781,73855248,109334376,103445037,146647717,97150208,84858448,88106931,106163581,69440538,290711509,97871299,128991374,85559246,205794253,300105111,117816170,123227645,150295389,131152485,70867147,78263197,84273238,159596182,143474414,134264170,117719356,94370382,144731898
STAT,(NULL),InitPushTime,44,2567590,5344,88104,42060,58924,39996,63124,62360,36478,39008,65788,38548,64702,64292,37856,39240,57049,47844,82471,55347,51633,47340,40128,108240,74742,75827,75893,74924,74771,74918,73729,73993,58476,57779,57369,57604,56276,57831,57251,56247,55946,54450,53688,55176,54824
STAT,(NULL),Iterations,44,9455961,200602,313287,132602,464662,411098,459275,108062,147052,237095,193123,192597,226776,132002,157826,128019,119883,107086,175008,170463,227691,186450,133528,146562,168878,109672,435210,159403,214375,172674,335429,446004,169882,218691,241833,226421,133258,126207,153947,283359,253973,227969,176616,170095,261316
STAT,(NULL),LoopTime,44,112320554176,112320554176,0,0,0,0,0,0,0,0,0,0,0,0,0,0,0,0,0,0,0,0,0,0,0,0,0,0,0,0,0,0,0,0,0,0,0,0,0,0,0,0,0,0,0
STAT,(NULL),MeminfoPost,44,572,13,13,13,13,13,13,13,13,13,13,13,13,13,13,13,13,13,13,13,13,13,13,13,13,13,13,13,13,13,13,13,13,13,13,13,13,13,13,13,13,13,13,13,13
STAT,(NULL),MeminfoPre,44,572,13,13,13,13,13,13,13,13,13,13,13,13,13,13,13,13,13,13,13,13,13,13,13,13,13,13,13,13,13,13,13,13,13,13,13,13,13,13,13,13,13,13,13,13
STAT,(NULL),NumaPost,44,67620,34584,32176,576,284,0,0,0,0,0,0,0,0,0,0,0,0,0,0,0,0,0,0,0,0,0,0,0,0,0,0,0,0,0,0,0,0,0,0,0,0,0,0,0,0
STAT,(NULL),PopTime,44,1902061104514,43789004490,52227177154,41433322176,59769302472,58352485683,59741590816,40334623932,40311855158,46567173812,39497953418,33870360765,41556915777,42496942782,40039969183,39664426669,38503288032,41368472572,40705515109,41402020346,45416670081,37917154710,34808644430,43228147700,46703925561,26833541682,59268032566,42042988760,40532498235,37149747743,54944870010,59181489106,43288200552,40301156202,51113049330,37486961427,39376345680,34530298933,30530079103,44492227407,41501276965,44512549806,44443196523,37407647255,43418004401
STAT,(NULL),PushTime,44,2933553102391,65848601953,57424838384,67932040980,48404911241,49830453791,48393753261,67248022807,69603106288,63980572608,71105828124,76532442188,68351014632,67155424489,68262543197,70973321142,72008318470,68975789577,68711174344,68677668451,64792337449,72700486286,76006978410,67922605582,62027031317,84014794500,48868984398,68331151551,69702346494,72846740095,54632662659,48832821730,67474463253,69230336538,59170875125,72756928568,70718105232,76384593331,80505065062,65869235526,68793342573,65966309422,66204838862,73356711477,67023531024
STAT,(NULL),RusageSys,44,42648000,42648000,0,0,0,0,0,0,0,0,0,0,0,0,0,0,0,0,0,0,0,0,0,0,0,0,0,0,0,0,0,0,0,0,0,0,0,0,0,0,0,0,0,0,0
STAT,(NULL),RusageUser,44,2203724000,2203724000,0,0,0,0,0,0,0,0,0,0,0,0,0,0,0,0,0,0,0,0,0,0,0,0,0,0,0,0,0,0,0,0,0,0,0,0,0,0,0,0,0,0,0
STAT,(NULL),Threads,44,44,44,0,0,0,0,0,0,0,0,0,0,0,0,0,0,0,0,0,0,0,0,0,0,0,0,0,0,0,0,0,0,0,0,0,0,0,0,0,0,0,0,0,0,0
STAT,(NULL),Time,44,115090099768,115090099768,0,0,0,0,0,0,0,0,0,0,0,0,0,0,0,0,0,0,0,0,0,0,0,0,0,0,0,0,0,0,0,0,0,0,0,0,0,0,0,0,0,0,0
STAT,(NULL),TotalTime,44,121283838380,121283838380,0,0,0,0,0,0,0,0,0,0,0,0,0,0,0,0,0,0,0,0,0,0,0,0,0,0,0,0,0,0,0,0,0,0,0,0,0,0,0,0,0,0,0
STAT,(NULL),UserTime,44,54395438253,1059782634,1983888867,698138735,3518741469,3207773974,3544460182,691764191,769321597,1349656008,905936970,827992042,1049882859,870827380,806466482,471861055,367743930,578795017,871641495,823477016,1401207828,595539265,620253876,642728902,798313963,381076594,3515364334,827728888,1038753360,739978909,2241010829,3650101988,1085648226,1333769597,1572549152,1165717372,522766491,510741305,484051833,1522782230,1169172907,1104914801,1051863077,688183082,1333067541
STAT,(NULL),Work,44,4937885129245,112224789900,112224755196,112224604288,112224607343,112224607205,112224756841,112224761552,112224763404,112224607164,112224605666,112224754018,112224604883,112224605624,112224607428,112224815921,112224787394,112224607146,112224606602,112224625625,112224606649,112224607318,112224607472,112224595812,112224601050,112224595929,112224777146,112224791076,112224596770,112224595625,112224784540,112224598649,112224595867,112224596472,112224786173,112224718214,112224615678,112224596268,112224788094,112224784735,112224595940,112224596279,112224621307,112224607012,112224595970
STAT,(NULL),nBad,44,194937,4839,5101,3311,12215,8575,10798,3837,4826,4859,3533,2012,3490,3358,1199,2526,1398,3109,4786,3397,3410,2110,6287,2976,1339,861,9491,2503,6684,1942,8210,7922,3022,6075,5925,7397,2845,2874,1806,6050,3282,4873,2565,3186,4133
STAT,(NULL),nEmpty,44,4637064,103890,148855,67749,206911,179678,201727,52322,73604,114738,101347,102509,119640,66993,81652,71033,70427,54272,89683,85563,110183,103640,68678,75482,85305,58122,184557,80414,109041,93370,153065,186445,78950,109450,114608,113551,75001,65517,87792,139680,126024,115966,86871,91415,131344
STAT,(NULL),nEmptyPop,44,2898594,68823,83582,73740,83078,83978,83458,57767,64490,74100,14873,74036,17266,244,72159,41743,63552,57453,73428,61756,72695,81925,72898,83182,74537,74656,85164,83412,73999,16039,84534,84788,74193,27069,74675,84490,18283,74874,63861,84429,77746,78409,54045,63987,85178
STAT,(NULL),nOverall,44,78074695,1484349,2977224,943783,5408598,4955510,5409573,998388,1064594,1899576,1248495,1102914,1404836,1277665,1109555,569823,407232,811684,1198920,1110717,1992461,699953,811363,833790,1072162,436341,5457780,1174621,1423113,972825,3371990,5632590,1588536,1949555,2295390,1630473,617370,631061,539066,2189596,1581893,1514874,1466095,907372,1900989
STAT,(NULL),nPop,44,9455961,200602,313287,132602,464662,411098,459275,108062,147052,237095,193123,192597,226776,132002,157826,128019,119883,107086,175008,170463,227691,186450,133528,146562,168878,109672,435210,159403,214375,172674,335429,446004,169882,218691,241833,226421,133258,126207,153947,283359,253973,227969,176616,170095,261316
STAT,(NULL),nPush,44,9455960,204551,344246,123804,646276,576701,638117,118987,143129,204330,147697,124497,162929,156779,130107,64670,49266,102120,137785,143675,245335,77681,112638,100516,120893,57957,660624,146584,164390,116326,396631,677497,198274,245388,294109,231388,81541,80583,60187,267136,172187,182006,210492,116373,219558
STAT,(NULL),nPushInit,44,1,0,1,0,0,0,0,0,0,0,0,0,0,0,0,0,0,0,0,0,0,0,0,0,0,0,0,0,0,0,0,0,0,0,0,0,0,0,0,0,0,0,0,0,0
==== BENCHMARK TOOK 56.075
