==== BENCHMARK START ===
==== PARAMS kernel=4.9.5-64-net1 malloc=libc hostname=rack-castor threads=44 delta=4 prog=sssp-multiqueue4  ===
Galois Benchmark Suite v2.2.1 (r0)
Copyright (C) 2014 The University of Texas at Austin
http://iss.ices.utexas.edu/galois/

application: Single Source Shortest Path
Computes the shortest path from a source node to all nodes in a directed graph using a modified chaotic iteration algorithm
http://iss.ices.utexas.edu/?p=projects/galois/benchmarks/single_source_shortest_path

INFO: CommandLine ./build/debug/apps/sssp/sssp -noverify -t 44 -delta 4 -wl multiqueue4 -startNode 0 /specific/disk1/home/mad/Galois-PQ/inputs/ljournal-2008.gr
INFO: Hostname rack-castor
Read 5363260 nodes
Running Asynchronous with CAS version
INFO: Using delta-step of 1
WARNING: Performance varies considerably due to delta parameter.
WARNING: Do not expect the default to be good for your graph.
Node 1 has distance 126
STATTYPE,LOOP,CATEGORY,n,sum,T0,T1,T2,T3,T4,T5,T6,T7,T8,T9,T10,T11,T12,T13,T14,T15,T16,T17,T18,T19,T20,T21,T22,T23,T24,T25,T26,T27,T28,T29,T30,T31,T32,T33,T34,T35,T36,T37,T38,T39,T40,T41,T42,T43
STAT,(NULL),BadWork,44,13543922,238750,242658,260601,832400,99318,347046,306545,140836,108089,454442,178075,211595,44668,213598,116743,133960,407974,177083,386187,133606,220219,322192,184828,654000,328538,61418,159139,191456,1008493,248941,266614,342568,281748,196696,592098,83377,775704,211334,371236,986713,361474,214111,318406,128445
STAT,(NULL),BarrierTime,44,8314792,580556,395373,422301,392568,395005,394554,393204,318833,322780,258329,326325,326398,320116,262878,264588,236232,209601,253304,171453,183620,200793,243972,74140,74582,74723,74294,74700,74100,56776,74570,74162,73428,72368,17087,63400,72696,50466,61340,61736,69775,63419,49200,61872,73175
STAT,(NULL),ConflictTime,44,0,0,0,0,0,0,0,0,0,0,0,0,0,0,0,0,0,0,0,0,0,0,0,0,0,0,0,0,0,0,0,0,0,0,0,0,0,0,0,0,0,0,0,0,0
STAT,(NULL),Conflicts,44,0,0,0,0,0,0,0,0,0,0,0,0,0,0,0,0,0,0,0,0,0,0,0,0,0,0,0,0,0,0,0,0,0,0,0,0,0,0,0,0,0,0,0,0,0
STAT,(NULL),EmptyPopTime,44,128708400,2078438,2725352,3039806,2724561,2721119,2787147,3005127,2984053,2889579,3027776,2690215,2831407,4181975,2946435,2892595,2873472,2926406,2909526,2735266,2927311,2735149,2810126,3261929,2974682,3229290,2837633,3041136,2960856,2785492,2797502,2739446,2883692,2998003,2904829,3147342,3098599,2901355,3017087,2908481,2909806,2873023,3327911,2940359,2727106
STAT,(NULL),EmptyWork,44,1609768837,53877003,34447186,37003419,36147794,34175554,34663417,35975888,37915221,33997720,36652035,36417864,35194678,37040206,35802735,36398295,36051345,37144878,38220717,37345221,38156559,33169096,34829684,38044348,35307120,38353490,34932818,36942640,36199542,34003721,35087675,36084385,37192395,37087996,35860363,36668230,37192493,33852363,35073374,38420543,36989360,33933897,37813295,36683397,37418877
STAT,(NULL),GaloisTime,44,6019669605,74009542,128351334,141128199,129481791,129257619,128057185,144055194,137515625,141432577,144593192,133867946,135785565,136890403,140021360,141774551,137024771,146289140,138097259,132956268,143563235,129387377,136995600,146334860,141076086,150875177,132336074,137484536,139209900,131571868,129771553,130894990,140501828,146588472,144948519,147757404,146293869,129083203,141437417,131851870,145290345,135812959,155090814,136149778,128772350
STAT,(NULL),InitPushTime,44,2914870,4436,124524,77736,41012,40556,40140,41380,37148,35792,66396,35701,34833,38456,65069,60978,39320,54447,33747,80784,50880,37066,38124,127288,128646,125022,125874,124562,124153,124040,124914,125920,86206,84532,57611,34316,83042,83584,34972,34932,29969,29656,29304,33896,83906
STAT,(NULL),Iterations,44,9366669,101346,229909,207458,232525,231980,232457,196430,210534,213266,199347,229167,223022,217582,212648,207074,212679,200759,213238,225113,203159,225630,211681,195711,212014,189579,234642,219510,217322,229945,234467,234066,215531,206216,210508,199915,204864,226589,205567,231122,209234,219739,185519,216593,231012
STAT,(NULL),LoopTime,44,2906046848,2906046848,0,0,0,0,0,0,0,0,0,0,0,0,0,0,0,0,0,0,0,0,0,0,0,0,0,0,0,0,0,0,0,0,0,0,0,0,0,0,0,0,0,0,0
STAT,(NULL),MeminfoPost,44,572,13,13,13,13,13,13,13,13,13,13,13,13,13,13,13,13,13,13,13,13,13,13,13,13,13,13,13,13,13,13,13,13,13,13,13,13,13,13,13,13,13,13,13,13
STAT,(NULL),MeminfoPre,44,572,13,13,13,13,13,13,13,13,13,13,13,13,13,13,13,13,13,13,13,13,13,13,13,13,13,13,13,13,13,13,13,13,13,13,13,13,13,13,13,13,13,13,13,13
STAT,(NULL),NumaPost,44,3734,1742,1302,590,100,0,0,0,0,0,0,0,0,0,0,0,0,0,0,0,0,0,0,0,0,0,0,0,0,0,0,0,0,0,0,0,0,0,0,0,0,0,0,0,0
STAT,(NULL),PopTime,44,22990869567,453813463,528191661,519820090,534519939,530590706,532832954,517184130,527968257,522394033,516719180,529884872,525701809,526928787,523470403,518199985,522924565,514770311,520239782,526680360,520398034,530276467,523723576,517381416,524828706,510907722,532493243,526220784,524532048,530756143,531864155,531553013,522322431,520367065,518272437,520325203,518429325,528569506,522099072,531168127,520561939,526960989,508802603,524700548,530519728
STAT,(NULL),PushTime,44,43387425978,1128307792,982109957,989229426,971144959,977331819,972133498,992649925,972832999,982406499,985028127,974817800,972150867,977431306,987094494,991146628,985446737,994225598,984066971,968172019,981997524,984201370,985649560,985140755,984892668,994601128,977176828,979353626,981029926,976084846,970709485,979514120,986471226,980240911,991920218,984131986,982077545,982601605,991659237,977738098,990244313,978749316,993574501,994302730,985635035
STAT,(NULL),RusageSys,44,0,0,0,0,0,0,0,0,0,0,0,0,0,0,0,0,0,0,0,0,0,0,0,0,0,0,0,0,0,0,0,0,0,0,0,0,0,0,0,0,0,0,0,0,0
STAT,(NULL),RusageUser,44,55764000,55764000,0,0,0,0,0,0,0,0,0,0,0,0,0,0,0,0,0,0,0,0,0,0,0,0,0,0,0,0,0,0,0,0,0,0,0,0,0,0,0,0,0,0,0
STAT,(NULL),Threads,44,44,44,0,0,0,0,0,0,0,0,0,0,0,0,0,0,0,0,0,0,0,0,0,0,0,0,0,0,0,0,0,0,0,0,0,0,0,0,0,0,0,0,0,0,0
STAT,(NULL),Time,44,2907206244,2907206244,0,0,0,0,0,0,0,0,0,0,0,0,0,0,0,0,0,0,0,0,0,0,0,0,0,0,0,0,0,0,0,0,0,0,0,0,0,0,0,0,0,0,0
STAT,(NULL),TotalTime,44,12177581038,12177581038,0,0,0,0,0,0,0,0,0,0,0,0,0,0,0,0,0,0,0,0,0,0,0,0,0,0,0,0,0,0,0,0,0,0,0,0,0,0,0,0,0,0,0
STAT,(NULL),UserTime,44,49783019125,1104262134,1140524476,1126129338,1142332008,1142272949,1145875855,1123479838,1137135016,1133230625,1130329201,1138673159,1144686553,1133879629,1127012638,1125937416,1132030582,1120993624,1132817575,1148460118,1129309111,1136582470,1132344216,1126188708,1127273438,1118385501,1136575015,1133309866,1132419064,1141153431,1146120884,1135565160,1126978156,1129068053,1122449279,1124320747,1129258681,1139348093,1123067493,1134265981,1120354734,1138022792,1117742221,1121575936,1131277361
STAT,(NULL),Work,44,123924513099,2816459540,2816462889,2816481663,2816463456,2816459260,2816458283,2816459858,2816466782,2816467472,2816460587,2816457802,2816459228,2816459178,2816459205,2816466886,2816467008,2816458289,2816459223,2816458568,2816464882,2816462083,2816459262,2816462764,2816464350,2816466642,2816464465,2816467412,2816469400,2816483881,2816469705,2816464539,2816469704,2816465976,2816481228,2816465360,2816461016,2816491658,2816463540,2816464368,2816466753,2816476387,2816489175,2816468284,2816465088
STAT,(NULL),nBad,44,16664,356,271,378,1129,130,568,415,150,122,541,221,260,38,339,125,148,477,260,315,194,286,383,202,751,361,77,259,241,1234,211,375,390,299,193,627,82,1070,243,429,1105,521,262,454,172
STAT,(NULL),nEmpty,44,4550322,48752,111224,102427,112682,111993,112229,93138,100608,104904,95540,112331,108934,105762,104834,101545,104291,98774,104091,109154,98237,109987,103682,91900,102791,91719,114042,106591,105237,111615,113410,113842,104835,101139,103582,95073,98537,110291,99872,112566,103470,106412,90197,105428,112654
STAT,(NULL),nEmptyPop,44,303535,3427,7462,6616,7540,7537,7558,6382,6837,6914,6481,7429,7249,7055,6901,6710,6898,6523,6917,7304,6596,7300,6858,6373,6859,6180,7620,7121,7047,7339,7613,7598,6979,6698,6710,6513,6658,7220,6677,7516,6784,7064,5945,7026,7501
STAT,(NULL),nOverall,44,77896422,861255,1917460,1686056,1923231,1925190,1931403,1700851,1855577,1683267,1658232,1811379,1833017,1751827,1622127,1623857,1660465,1572843,1733875,1892070,1675633,1794162,1731714,1847948,1795968,1704349,1924926,1848543,1828854,1994939,2000752,1912359,1783313,1691396,1716324,1744262,1736393,1968283,1839638,1894968,1723041,1899691,1561456,1746692,1886836
STAT,(NULL),nPop,44,9366669,101346,229909,207458,232525,231980,232457,196430,210534,213266,199347,229167,223022,217582,212648,207074,212679,200759,213238,225113,203159,225630,211681,195711,212014,189579,234642,219510,217322,229945,234467,234066,215531,206216,210508,199915,204864,226589,205567,231122,209234,219739,185519,216593,231012
STAT,(NULL),nPush,44,9366668,105300,231333,209343,233170,232338,232074,210144,226180,196411,194292,208420,221713,208884,189221,191206,191155,188644,212620,216775,204334,208960,210855,227113,216208,210761,230970,224252,220091,239487,240740,232876,209181,198373,202973,210187,203213,239532,226861,227356,217263,232034,195577,211016,227232
STAT,(NULL),nPushInit,44,1,0,1,0,0,0,0,0,0,0,0,0,0,0,0,0,0,0,0,0,0,0,0,0,0,0,0,0,0,0,0,0,0,0,0,0,0,0,0,0,0,0,0,0,0
==== BENCHMARK TOOK 6.598
==== BENCHMARK START ===
==== PARAMS kernel=4.9.5-64-net1 malloc=libc hostname=rack-castor threads=44 delta=4 prog=sssp-multiqueue4  ===
Galois Benchmark Suite v2.2.1 (r0)
Copyright (C) 2014 The University of Texas at Austin
http://iss.ices.utexas.edu/galois/

application: Single Source Shortest Path
Computes the shortest path from a source node to all nodes in a directed graph using a modified chaotic iteration algorithm
http://iss.ices.utexas.edu/?p=projects/galois/benchmarks/single_source_shortest_path

INFO: CommandLine ./build/debug/apps/sssp/sssp -noverify -t 44 -delta 4 -wl multiqueue4 -startNode 0 /specific/disk1/home/mad/Galois-PQ/inputs/ljournal-2008.gr
INFO: Hostname rack-castor
Read 5363260 nodes
Running Asynchronous with CAS version
INFO: Using delta-step of 1
WARNING: Performance varies considerably due to delta parameter.
WARNING: Do not expect the default to be good for your graph.
Node 1 has distance 126
STATTYPE,LOOP,CATEGORY,n,sum,T0,T1,T2,T3,T4,T5,T6,T7,T8,T9,T10,T11,T12,T13,T14,T15,T16,T17,T18,T19,T20,T21,T22,T23,T24,T25,T26,T27,T28,T29,T30,T31,T32,T33,T34,T35,T36,T37,T38,T39,T40,T41,T42,T43
STAT,(NULL),BadWork,44,12566928,340965,478232,274012,436929,471893,416421,995263,346431,471491,242657,128310,296250,113445,148653,254611,81469,252317,106227,190308,244811,140744,116882,126505,406103,359156,340222,177440,302701,128080,440796,396941,153997,228233,285424,261975,160417,685300,374248,124972,306928,426612,209262,22856,100439
STAT,(NULL),BarrierTime,44,7876777,687021,362041,437382,458741,393068,375277,363284,367512,353541,319050,272610,272500,273276,271052,251691,269825,271168,264394,267876,232490,221016,175074,35190,16647,35097,34385,35012,35687,35445,35612,34948,34658,32802,34225,35012,16185,35240,35526,35774,35206,36223,17908,35012,35094
STAT,(NULL),ConflictTime,44,0,0,0,0,0,0,0,0,0,0,0,0,0,0,0,0,0,0,0,0,0,0,0,0,0,0,0,0,0,0,0,0,0,0,0,0,0,0,0,0,0,0,0,0,0
STAT,(NULL),Conflicts,44,0,0,0,0,0,0,0,0,0,0,0,0,0,0,0,0,0,0,0,0,0,0,0,0,0,0,0,0,0,0,0,0,0,0,0,0,0,0,0,0,0,0,0,0,0
STAT,(NULL),EmptyPopTime,44,122931895,1742645,2643696,2905609,2664471,2661592,2640240,2855412,2937954,2805552,2745070,2859369,2913758,2750348,2864051,2690041,2754998,2819818,2712302,3089923,2972123,2917182,2980635,2843360,2913699,2764031,2701619,2671729,2891110,2749246,2668066,2664107,2883090,2981129,2931866,2810267,3053295,2905980,2803264,2844080,2741867,2805861,2854920,2864025,2658495
STAT,(NULL),EmptyWork,44,1563236721,51821760,33703758,35981424,34359281,33105963,34102792,36204547,36271940,36984838,33844669,36215927,34679539,34573069,36126627,33560137,34616704,34797042,33403460,36820506,36615442,36073261,34588506,35531578,34030257,36290501,35103042,34664429,36598613,35287760,34316448,34230857,35242934,35907324,35287792,36358084,36566554,33961756,35305773,33969753,36673427,34641721,35285751,36295441,33235734
STAT,(NULL),GaloisTime,44,5840739497,98993763,125350058,143265988,126306925,124610498,124603263,137276245,139431178,128997636,128458651,142404469,139377062,138192187,130660867,125293230,131511084,130656700,130914084,143772953,136886579,140956112,136939792,139315618,128818805,135890850,128160640,126583885,136314721,131197851,125755050,127509155,134579037,135268773,135216331,134491396,151166293,132266968,133275085,126177234,136692524,132233760,139478245,138613823,126874129
STAT,(NULL),InitPushTime,44,3087666,3980,237270,107588,40876,36942,36380,41392,40892,35819,39716,35804,38804,38800,39548,39708,39568,39432,37644,37288,33191,38536,34763,103642,103781,102886,102865,102667,102726,102828,102454,102190,102088,101581,101384,101149,101691,101332,101603,101192,55601,54772,54986,55190,55117
STAT,(NULL),Iterations,44,9364616,114394,227360,197386,227995,227758,228349,202957,196694,221186,222715,201672,204147,205757,215983,222833,212447,212035,218579,192549,203006,189978,203489,211625,225089,216225,231597,231689,215585,223197,231483,231744,218483,213119,215065,215952,192187,214108,214829,228053,217390,225796,211227,204163,226741
STAT,(NULL),LoopTime,44,2887619736,2887619736,0,0,0,0,0,0,0,0,0,0,0,0,0,0,0,0,0,0,0,0,0,0,0,0,0,0,0,0,0,0,0,0,0,0,0,0,0,0,0,0,0,0,0
STAT,(NULL),MeminfoPost,44,572,13,13,13,13,13,13,13,13,13,13,13,13,13,13,13,13,13,13,13,13,13,13,13,13,13,13,13,13,13,13,13,13,13,13,13,13,13,13,13,13,13,13,13,13
STAT,(NULL),MeminfoPre,44,572,13,13,13,13,13,13,13,13,13,13,13,13,13,13,13,13,13,13,13,13,13,13,13,13,13,13,13,13,13,13,13,13,13,13,13,13,13,13,13,13,13,13,13,13
STAT,(NULL),NumaPost,44,3712,1733,1120,759,100,0,0,0,0,0,0,0,0,0,0,0,0,0,0,0,0,0,0,0,0,0,0,0,0,0,0,0,0,0,0,0,0,0,0,0,0,0,0,0,0
STAT,(NULL),PopTime,44,22855671955,578731266,526519365,510086135,525627479,524971265,525842993,516974276,511357477,521500960,521326081,513967972,513020032,515311124,519288247,526403792,519276753,518251102,517169678,508483768,511585216,508011300,514905619,512405990,523734361,515960194,522830755,523217955,513939204,521917243,525414183,521836453,517751326,518136445,517099815,520132773,505403292,514970107,520902201,525606115,518854170,522802578,513545051,509871461,520728383
STAT,(NULL),PushTime,44,41792860908,930015272,938547049,957715820,941284714,943406447,941250989,952705718,956014903,943040622,952070300,949458625,947824284,959259889,944026812,946375864,961071631,951283086,948624657,957128319,949835908,961464530,963351898,956594367,944628471,950151106,939217823,946307916,948943944,943313125,944299227,943891330,950996499,945277486,951138141,943878683,955872124,959577137,953031528,952080039,948978596,945274886,951688880,962919911,959042352
STAT,(NULL),RusageSys,44,4000,4000,0,0,0,0,0,0,0,0,0,0,0,0,0,0,0,0,0,0,0,0,0,0,0,0,0,0,0,0,0,0,0,0,0,0,0,0,0,0,0,0,0,0,0
STAT,(NULL),RusageUser,44,54372000,54372000,0,0,0,0,0,0,0,0,0,0,0,0,0,0,0,0,0,0,0,0,0,0,0,0,0,0,0,0,0,0,0,0,0,0,0,0,0,0,0,0,0,0,0
STAT,(NULL),Threads,44,44,44,0,0,0,0,0,0,0,0,0,0,0,0,0,0,0,0,0,0,0,0,0,0,0,0,0,0,0,0,0,0,0,0,0,0,0,0,0,0,0,0,0,0,0
STAT,(NULL),Time,44,2888806639,2888806639,0,0,0,0,0,0,0,0,0,0,0,0,0,0,0,0,0,0,0,0,0,0,0,0,0,0,0,0,0,0,0,0,0,0,0,0,0,0,0,0,0,0,0
STAT,(NULL),TotalTime,44,13005226898,13005226898,0,0,0,0,0,0,0,0,0,0,0,0,0,0,0,0,0,0,0,0,0,0,0,0,0,0,0,0,0,0,0,0,0,0,0,0,0,0,0,0,0,0,0
STAT,(NULL),UserTime,44,48651097550,1084747147,1119295737,1096103083,1115815128,1117303713,1117617563,1100041868,1100045613,1112728157,1107613006,1101151647,1108243351,1095971563,1113092038,1111739124,1096827684,1108249336,1113233567,1096761789,1108162917,1096633179,1093297259,1099367034,1111930240,1104999199,1118043157,1112610363,1107369554,1111591064,1113603423,1115925599,1104604174,1108488654,1104384178,1108384727,1094002921,1102374979,1100738034,1105380130,1102115164,1108298810,1103203000,1095492423,1103516254
STAT,(NULL),Work,44,120831976845,2746170981,2746174148,2746177213,2746173984,2746174009,2746176588,2746183594,2746174112,2746202481,2746173305,2746184086,2746175966,2746177472,2746173542,2746196108,2746173000,2746171069,2746184968,2746185278,2746177751,2746171116,2746202806,2746180386,2746199514,2746178698,2746179293,2746178814,2746179086,2746182398,2746179021,2746179014,2746178990,2746185459,2746183497,2746182723,2746199338,2746180078,2746178982,2746178873,2746182928,2746179168,2746197198,2746181002,2746178808
STAT,(NULL),nBad,44,15176,462,639,358,439,482,592,1407,468,692,347,94,391,99,197,306,78,316,142,254,297,206,116,136,441,387,385,250,407,167,528,402,202,270,264,235,205,653,503,151,317,461,234,24,172
STAT,(NULL),nEmpty,44,4548255,54729,110271,94978,111031,109893,110937,96973,93508,108250,108508,99096,99264,101247,103565,108659,103079,103110,107253,91632,96321,91398,101064,102979,109620,106348,112800,111970,105385,107556,111726,112454,106326,101643,104645,104736,94580,103943,104581,110823,106348,110815,104230,99419,110562
STAT,(NULL),nEmptyPop,44,303946,3862,7400,6430,7420,7415,7431,6606,6434,7068,7261,6548,6643,6675,7015,7105,6934,6920,7026,6295,6617,6194,6505,6877,7182,7048,7537,7540,7043,7232,7529,7540,7087,6893,6926,7010,6153,6994,6973,7426,7045,7350,6736,6646,7375
STAT,(NULL),nOverall,44,77894934,921466,1926353,1638605,1847841,1909804,1922193,1758628,1762011,1873148,1781494,1624261,1733780,1584825,1880577,1839367,1764836,1804020,1761392,1699321,1861233,1668336,1567630,1712132,1912196,1751124,1891887,1940865,1771167,1912595,1934891,1918667,1790569,1870995,1744178,1822049,1566345,1812626,1733313,1846807,1761180,1823087,1751798,1658607,1836735
STAT,(NULL),nPop,44,9364616,114394,227360,197386,227995,227758,228349,202957,196694,221186,222715,201672,204147,205757,215983,222833,212447,212035,218579,192549,203006,189978,203489,211625,225089,216225,231597,231689,215585,223197,231483,231744,218483,213119,215065,215952,192187,214108,214829,228053,217390,225796,211227,204163,226741
STAT,(NULL),nPush,44,9364615,112466,228693,199920,220905,232305,232248,213381,212959,228342,210959,197571,209717,183472,228346,218604,214867,217502,211059,207426,226879,201056,191861,206628,229419,210616,223070,231148,213736,225938,231867,230320,207910,221952,210070,219870,189692,222212,207594,219215,214490,220146,212588,194441,221155
STAT,(NULL),nPushInit,44,1,0,1,0,0,0,0,0,0,0,0,0,0,0,0,0,0,0,0,0,0,0,0,0,0,0,0,0,0,0,0,0,0,0,0,0,0,0,0,0,0,0,0,0,0
==== BENCHMARK TOOK 6.896
==== BENCHMARK START ===
==== PARAMS kernel=4.9.5-64-net1 malloc=libc hostname=rack-castor threads=44 delta=4 prog=sssp-multiqueue4  ===
Galois Benchmark Suite v2.2.1 (r0)
Copyright (C) 2014 The University of Texas at Austin
http://iss.ices.utexas.edu/galois/

application: Single Source Shortest Path
Computes the shortest path from a source node to all nodes in a directed graph using a modified chaotic iteration algorithm
http://iss.ices.utexas.edu/?p=projects/galois/benchmarks/single_source_shortest_path

INFO: CommandLine ./build/debug/apps/sssp/sssp -noverify -t 44 -delta 4 -wl multiqueue4 -startNode 0 /specific/disk1/home/mad/Galois-PQ/inputs/ljournal-2008.gr
INFO: Hostname rack-castor
Read 5363260 nodes
Running Asynchronous with CAS version
INFO: Using delta-step of 1
WARNING: Performance varies considerably due to delta parameter.
WARNING: Do not expect the default to be good for your graph.
Node 1 has distance 126
STATTYPE,LOOP,CATEGORY,n,sum,T0,T1,T2,T3,T4,T5,T6,T7,T8,T9,T10,T11,T12,T13,T14,T15,T16,T17,T18,T19,T20,T21,T22,T23,T24,T25,T26,T27,T28,T29,T30,T31,T32,T33,T34,T35,T36,T37,T38,T39,T40,T41,T42,T43
STAT,(NULL),BadWork,44,11770492,80105,429401,312106,128150,189080,470779,272086,101378,474432,508192,187214,542809,132951,696340,24884,205135,249540,331527,253962,32235,224800,138760,898719,96878,174073,256669,209466,528975,208403,299625,132260,52237,137404,344201,212195,398078,64188,53204,157643,76395,591522,201981,303968,386542
STAT,(NULL),BarrierTime,44,6633613,574906,366504,382969,361870,363366,330807,318928,273093,259191,250457,269420,160456,177170,208115,232568,166751,172445,168371,175712,162746,156264,176316,58568,37517,58576,59191,57995,58691,58566,58407,57981,35168,33312,37693,14491,34877,9394,32027,34557,38988,36988,39216,35953,37032
STAT,(NULL),ConflictTime,44,0,0,0,0,0,0,0,0,0,0,0,0,0,0,0,0,0,0,0,0,0,0,0,0,0,0,0,0,0,0,0,0,0,0,0,0,0,0,0,0,0,0,0,0,0
STAT,(NULL),Conflicts,44,0,0,0,0,0,0,0,0,0,0,0,0,0,0,0,0,0,0,0,0,0,0,0,0,0,0,0,0,0,0,0,0,0,0,0,0,0,0,0,0,0,0,0,0,0
STAT,(NULL),EmptyPopTime,44,133063628,2028149,2835909,3036557,2875774,2856497,2946788,3157429,3121338,3227982,2989675,3034990,3289167,3123799,3191256,3017470,3038868,2906511,3016880,3104686,3170126,3324573,3077383,3008007,3130022,3277266,2866460,2821782,2939740,3029545,2893583,2846741,3291053,2886831,3069811,3135510,3272749,3177869,3176899,2879198,3072424,3093276,3111037,2844205,2867813
STAT,(NULL),EmptyWork,44,1623792837,52386391,34657630,36604103,36064288,35321439,35285793,37952967,36474841,37467621,36367427,35982298,37635097,37944041,37489845,36219864,36265733,35447644,37541977,36223795,38263531,37257480,36870301,35741010,37224540,38517760,37092916,36104887,37269768,36604104,35449558,35754462,37500721,35143004,34953622,36389596,37321341,36789193,38918800,33752460,37086195,36418531,37080971,35458109,35497183
STAT,(NULL),GaloisTime,44,6203014835,171620852,127709414,143767405,128570381,129860966,128838149,144841883,141808620,146776786,139944355,142862444,145179620,148954319,148762654,137972123,138813610,133160331,140820540,143170313,150636295,149709527,140394132,140687641,143450816,156554497,131050284,130044506,139117322,143227283,130686304,132228604,152378726,132411981,139553769,137534468,151288369,146013657,145531859,128776774,146247363,147307223,147254082,128700736,128793852
STAT,(NULL),InitPushTime,44,2387588,3736,153128,70906,40420,40388,40392,40760,37591,39556,54374,40360,60486,66059,38704,39272,44572,40340,38712,38048,35443,37170,39796,103202,63536,62825,64555,64247,64386,63155,63778,63404,58960,57868,57192,57024,56775,57772,57126,56892,54934,55300,54714,55162,54568
STAT,(NULL),Iterations,44,9365968,112908,233177,206250,234670,234337,235325,200634,208142,198907,215285,209205,198085,199643,196378,213067,207422,222211,210557,209373,193797,191361,204626,219226,205309,185333,238525,238841,223790,216815,238152,238902,195900,237807,224111,217714,201893,201676,205278,235021,212037,214862,208639,236255,234522
STAT,(NULL),LoopTime,44,2942849799,2942849799,0,0,0,0,0,0,0,0,0,0,0,0,0,0,0,0,0,0,0,0,0,0,0,0,0,0,0,0,0,0,0,0,0,0,0,0,0,0,0,0,0,0,0
STAT,(NULL),MeminfoPost,44,572,13,13,13,13,13,13,13,13,13,13,13,13,13,13,13,13,13,13,13,13,13,13,13,13,13,13,13,13,13,13,13,13,13,13,13,13,13,13,13,13,13,13,13,13
STAT,(NULL),MeminfoPre,44,572,13,13,13,13,13,13,13,13,13,13,13,13,13,13,13,13,13,13,13,13,13,13,13,13,13,13,13,13,13,13,13,13,13,13,13,13,13,13,13,13,13,13,13,13
STAT,(NULL),NumaPost,44,3727,1738,1307,582,100,0,0,0,0,0,0,0,0,0,0,0,0,0,0,0,0,0,0,0,0,0,0,0,0,0,0,0,0,0,0,0,0,0,0,0,0,0,0,0,0
STAT,(NULL),PopTime,44,23404978685,637720418,538685303,526204125,541638636,539431425,541062359,525151478,531872766,524387758,529679251,525529602,526648059,525140893,524936053,530365990,525158278,530832446,528552718,524598106,521299947,522932212,529221458,530227411,530094678,510822253,535329690,537655027,528803232,526805952,539402045,536483810,517185541,537969437,531627590,533488762,519975674,524075486,523425689,539083721,524520039,527155959,524781632,539024795,535990981
STAT,(NULL),PushTime,44,42799021995,963905205,967855578,979441912,961635708,960083242,961170288,975512205,968601971,972336779,971189302,973054722,969314978,975385496,977324220,976098832,982308033,976922138,969044273,980642390,978518706,974506678,973991433,975297713,978274757,989161292,965537158,964776764,972565216,974963797,962336296,963224815,977207520,966726758,968076815,964784512,978831832,982170529,985158158,975555705,972575669,981329790,972038428,966975167,972609215
STAT,(NULL),RusageSys,44,0,0,0,0,0,0,0,0,0,0,0,0,0,0,0,0,0,0,0,0,0,0,0,0,0,0,0,0,0,0,0,0,0,0,0,0,0,0,0,0,0,0,0,0,0
STAT,(NULL),RusageUser,44,55688000,55688000,0,0,0,0,0,0,0,0,0,0,0,0,0,0,0,0,0,0,0,0,0,0,0,0,0,0,0,0,0,0,0,0,0,0,0,0,0,0,0,0,0,0,0
STAT,(NULL),Threads,44,44,44,0,0,0,0,0,0,0,0,0,0,0,0,0,0,0,0,0,0,0,0,0,0,0,0,0,0,0,0,0,0,0,0,0,0,0,0,0,0,0,0,0,0,0
STAT,(NULL),Time,44,2944059875,2944059875,0,0,0,0,0,0,0,0,0,0,0,0,0,0,0,0,0,0,0,0,0,0,0,0,0,0,0,0,0,0,0,0,0,0,0,0,0,0,0,0,0,0,0
STAT,(NULL),TotalTime,44,12960709562,12960709562,0,0,0,0,0,0,0,0,0,0,0,0,0,0,0,0,0,0,0,0,0,0,0,0,0,0,0,0,0,0,0,0,0,0,0,0,0,0,0,0,0,0,0
STAT,(NULL),UserTime,44,49602246066,985203954,1141124879,1123812847,1142082971,1145316613,1143563346,1126257821,1130993186,1128667042,1132694408,1132399672,1130802589,1122317048,1121162604,1129194747,1127282116,1133601231,1133893424,1125129310,1120984682,1125137694,1129311939,1127904432,1120688919,1114531737,1140986040,1141460138,1132170760,1128231975,1142095177,1142325972,1125303445,1137724888,1135584626,1137537512,1122176361,1120635985,1116651307,1132815167,1129361552,1117557731,1128599736,1139861207,1137107276
STAT,(NULL),Work,44,123771129596,2812974251,2812975157,2812978392,2812972547,2812974998,2812977398,2812990006,2812989617,2812997072,2812973970,2812985064,2812999594,2812973116,2813001735,2812975598,2812977130,2812979580,2812989599,2812976512,2812998949,2812998325,2812974958,2812974792,2812996985,2812972600,2812972654,2812972740,2812973246,2812973112,2812973204,2812981381,2812975738,2812972828,2812972814,2812995929,2812972698,2812998635,2812975459,2812973430,2812973493,2812973132,2812973521,2812974574,2812973063
STAT,(NULL),nBad,44,14959,108,604,347,178,272,655,354,168,663,511,216,620,172,860,45,297,290,486,329,46,258,122,1051,128,217,321,254,776,312,330,171,77,136,358,223,595,72,88,222,102,915,255,265,490
STAT,(NULL),nEmpty,44,4549710,56723,113051,100896,114674,114183,114127,97470,100625,96128,105613,102707,94336,96511,95211,103957,99614,109166,101530,103599,93232,91610,98177,107741,97700,89995,115540,115686,108683,105861,115061,116517,94602,115949,108894,103304,99799,96986,99768,114353,104153,106446,101432,114378,113722
STAT,(NULL),nEmptyPop,44,305753,3900,7640,6759,7691,7679,7725,6489,6720,6395,7043,6845,6366,6550,6312,6978,6829,7302,6931,6872,6228,6158,6708,7156,6585,6099,7807,7799,7295,7083,7800,7811,6425,7789,7321,6971,6627,6472,6720,7700,6928,7020,6821,7726,7678
STAT,(NULL),nOverall,44,77894717,879398,1908360,1719201,1916382,1920829,1899921,1665407,1825323,1753875,1750336,1722434,1784600,1678833,1621850,1736892,1751520,1776444,1766209,1636039,1644797,1748173,1773251,1746595,1855494,1572292,1990352,1982070,1835157,1758222,1991740,1944390,1645583,1923177,1835385,1968881,1632701,1725117,1739360,1907145,1722601,1621224,1758407,1943152,1915598
STAT,(NULL),nPop,44,9365968,112908,233177,206250,234670,234337,235325,200634,208142,198907,215285,209205,198085,199643,196378,213067,207422,222211,210557,209373,193797,191361,204626,219226,205309,185333,238525,238841,223790,216815,238152,238902,195900,237807,224111,217714,201893,201676,205278,235021,212037,214862,208639,236255,234522
STAT,(NULL),nPush,44,9365967,109333,228854,211494,228448,227781,229429,195913,224724,215206,209624,207781,212407,202267,196946,209943,211359,210163,210013,201066,203863,210951,213048,211765,228680,188618,240841,237409,222811,211467,235973,231812,190347,225623,219400,237712,199105,209744,209632,228469,208418,190485,209622,229714,227707
STAT,(NULL),nPushInit,44,1,0,1,0,0,0,0,0,0,0,0,0,0,0,0,0,0,0,0,0,0,0,0,0,0,0,0,0,0,0,0,0,0,0,0,0,0,0,0,0,0,0,0,0,0
==== BENCHMARK TOOK 6.940
==== BENCHMARK START ===
==== PARAMS kernel=4.9.5-64-net1 malloc=libc hostname=rack-castor threads=44 delta=4 prog=sssp-multiqueue4  ===
Galois Benchmark Suite v2.2.1 (r0)
Copyright (C) 2014 The University of Texas at Austin
http://iss.ices.utexas.edu/galois/

application: Single Source Shortest Path
Computes the shortest path from a source node to all nodes in a directed graph using a modified chaotic iteration algorithm
http://iss.ices.utexas.edu/?p=projects/galois/benchmarks/single_source_shortest_path

INFO: CommandLine ./build/debug/apps/sssp/sssp -noverify -t 44 -delta 4 -wl multiqueue4 -startNode 0 /specific/disk1/home/mad/Galois-PQ/inputs/ljournal-2008.gr
INFO: Hostname rack-castor
Read 5363260 nodes
Running Asynchronous with CAS version
INFO: Using delta-step of 1
WARNING: Performance varies considerably due to delta parameter.
WARNING: Do not expect the default to be good for your graph.
Node 1 has distance 126
STATTYPE,LOOP,CATEGORY,n,sum,T0,T1,T2,T3,T4,T5,T6,T7,T8,T9,T10,T11,T12,T13,T14,T15,T16,T17,T18,T19,T20,T21,T22,T23,T24,T25,T26,T27,T28,T29,T30,T31,T32,T33,T34,T35,T36,T37,T38,T39,T40,T41,T42,T43
STAT,(NULL),BadWork,44,14086687,495130,514434,126565,147388,937682,517715,78098,94462,91260,170258,429860,573986,231403,631661,242214,341858,763614,337252,201144,459162,490766,8935,664950,519584,474589,211885,55723,368188,134533,237378,39840,126521,289543,363312,105486,113141,160192,259394,259379,473711,347238,290966,443136,263151
STAT,(NULL),BarrierTime,44,8494418,588576,393431,470936,416216,387085,410123,423125,321855,289491,277889,296818,333056,334428,326914,318925,244160,225326,238917,238924,159952,129283,161988,78176,76993,54362,78603,77789,65883,77080,77631,77103,77340,78293,77734,78212,77102,77320,56716,77782,50054,51147,49617,42902,49161
STAT,(NULL),ConflictTime,44,0,0,0,0,0,0,0,0,0,0,0,0,0,0,0,0,0,0,0,0,0,0,0,0,0,0,0,0,0,0,0,0,0,0,0,0,0,0,0,0,0,0,0,0,0
STAT,(NULL),Conflicts,44,0,0,0,0,0,0,0,0,0,0,0,0,0,0,0,0,0,0,0,0,0,0,0,0,0,0,0,0,0,0,0,0,0,0,0,0,0,0,0,0,0,0,0,0,0
STAT,(NULL),EmptyPopTime,44,1073286799,1540949,24743779,25030413,24745538,24750193,24741438,25138510,24842650,25129014,24824758,24812538,24752362,24733902,24834746,24958402,24860186,24754909,24816964,24981160,25002719,25231958,25104060,25046165,25125936,25304118,24753083,24886856,24772294,24999618,24942839,24887094,25137671,24922142,24983576,24978383,25051718,24765405,25115392,24844733,25056823,24793497,24966711,24792741,24828856
STAT,(NULL),EmptyWork,44,1606964869,53665670,36257292,36562959,36197484,36791768,35530136,36310371,34965877,37585557,35332657,35038553,36424938,35507656,34823302,36788472,36481182,34186859,35238910,36973394,37758891,37300902,38369016,37784804,37544484,37835315,34629984,35408945,35593274,36045441,35020462,35597860,35803758,36249089,37948026,36352127,35949881,35561234,37442759,34494315,36918584,35483308,35797840,35373739,34037794
STAT,(NULL),GaloisTime,44,5995119531,136292622,127914558,141797716,128748302,128256679,127425717,146572067,136409795,150243263,133217362,128355855,131992368,132435071,131702806,138218374,130016840,130755338,136896037,144202106,143612610,140533725,147116155,142736322,150913997,147225888,131503448,133098814,128732935,138548295,127709298,129913710,140149952,140838475,143956276,136622415,144755016,127438561,138678026,128981182,143818598,129896326,139264489,128083495,129538647
STAT,(NULL),InitPushTime,44,2781042,3988,141436,53952,43628,39227,43264,39770,39433,42528,48132,38098,38617,37640,41168,38262,38289,41924,40300,39868,56616,55416,55112,108218,108622,107448,107236,107272,106773,107155,106664,105937,63485,63206,62157,61967,61439,62113,61989,61248,60698,60046,59935,60596,60170
STAT,(NULL),Iterations,44,9366380,110135,228279,202257,229676,230260,230067,191480,215973,186161,219765,229663,224453,224474,223040,203383,222486,220674,212801,198639,206511,191107,184357,206314,189702,192263,231424,227477,233060,212020,232242,233123,210491,212800,202674,218356,206688,229373,202568,228610,208522,233533,212045,230262,227192
STAT,(NULL),LoopTime,44,2873787784,2873787784,0,0,0,0,0,0,0,0,0,0,0,0,0,0,0,0,0,0,0,0,0,0,0,0,0,0,0,0,0,0,0,0,0,0,0,0,0,0,0,0,0,0,0
STAT,(NULL),MeminfoPost,44,572,13,13,13,13,13,13,13,13,13,13,13,13,13,13,13,13,13,13,13,13,13,13,13,13,13,13,13,13,13,13,13,13,13,13,13,13,13,13,13,13,13,13,13,13
STAT,(NULL),MeminfoPre,44,572,13,13,13,13,13,13,13,13,13,13,13,13,13,13,13,13,13,13,13,13,13,13,13,13,13,13,13,13,13,13,13,13,13,13,13,13,13,13,13,13,13,13,13,13
STAT,(NULL),NumaPost,44,3722,1747,1118,574,283,0,0,0,0,0,0,0,0,0,0,0,0,0,0,0,0,0,0,0,0,0,0,0,0,0,0,0,0,0,0,0,0,0,0,0,0,0,0,0,0
STAT,(NULL),PopTime,44,22804460652,474194838,526086501,518341611,526818483,528325860,526703193,506967298,519447095,507772709,521102310,528635129,522620126,523407489,524759149,513435670,524642412,520094278,516847094,513629868,513084462,510750919,507311978,514479279,505832663,507623238,525501728,524276002,526650240,516330369,528101494,527411314,517583016,514285721,512493193,519588384,515151243,524615137,518756101,525406012,512108841,529782146,515693845,526478408,521333806
STAT,(NULL),PushTime,44,42278566101,928764868,955191612,965749963,951695428,954668345,954040212,976999912,965119388,967857099,962193730,951393236,957565888,960094159,951749574,972907190,965989125,967869432,962823467,961938238,966466608,967592854,975583475,966435319,977690430,972227460,954282213,951800114,949833182,963650223,949692571,950989397,957996369,976069472,965237607,958069608,962084287,960040901,968602979,962043394,962985351,944565032,960943708,958551788,960520893
STAT,(NULL),RusageSys,44,0,0,0,0,0,0,0,0,0,0,0,0,0,0,0,0,0,0,0,0,0,0,0,0,0,0,0,0,0,0,0,0,0,0,0,0,0,0,0,0,0,0,0,0,0
STAT,(NULL),RusageUser,44,55304000,55304000,0,0,0,0,0,0,0,0,0,0,0,0,0,0,0,0,0,0,0,0,0,0,0,0,0,0,0,0,0,0,0,0,0,0,0,0,0,0,0,0,0,0,0
STAT,(NULL),Threads,44,44,44,0,0,0,0,0,0,0,0,0,0,0,0,0,0,0,0,0,0,0,0,0,0,0,0,0,0,0,0,0,0,0,0,0,0,0,0,0,0,0,0,0,0,0
STAT,(NULL),Time,44,2875040640,2875040640,0,0,0,0,0,0,0,0,0,0,0,0,0,0,0,0,0,0,0,0,0,0,0,0,0,0,0,0,0,0,0,0,0,0,0,0,0,0,0,0,0,0,0
STAT,(NULL),TotalTime,44,11634004664,11634004664,0,0,0,0,0,0,0,0,0,0,0,0,0,0,0,0,0,0,0,0,0,0,0,0,0,0,0,0,0,0,0,0,0,0,0,0,0,0,0,0,0,0,0
STAT,(NULL),UserTime,44,49159840146,1199136805,1123403450,1106113478,1125393608,1120807186,1125156203,1101608845,1112815852,1105009114,1116924678,1125365406,1120242301,1117418883,1125729331,1107289100,1111606268,1115938300,1116973274,1111875854,1107675058,1112186585,1100111138,1107115461,1096486370,1103378455,1122923853,1124122820,1128011366,1114019324,1128128233,1124793789,1116925872,1101228239,1108974570,1117986920,1110604151,1121172865,1104997926,1117826086,1112708383,1129075089,1116927791,1120315254,1123336612
STAT,(NULL),Work,44,122923635833,2793715964,2793711621,2793722336,2793717557,2793724308,2793726837,2793718501,2793728573,2793748526,2793715926,2793718801,2793709194,2793714146,2793715516,2793729760,2793709208,2793725407,2793714624,2793712600,2793723712,2793756044,2793727570,2793715001,2793714660,2793737174,2793714155,2793711101,2793729239,2793713609,2793711717,2793711044,2793711206,2793711342,2793711382,2793714938,2793711641,2793711695,2793734842,2793712978,2793714933,2793711462,2793711371,2793721993,2793711619
STAT,(NULL),nBad,44,17394,586,602,127,149,1134,665,109,112,135,247,536,715,366,872,288,450,1174,469,247,483,565,5,829,597,604,341,77,423,125,257,38,193,282,360,105,163,193,305,241,654,438,285,493,355
STAT,(NULL),nEmpty,44,4550079,54282,110965,98986,111161,111338,111646,94397,106087,89617,107741,110907,109420,109849,108849,99522,108639,108100,104063,96462,101525,90403,88726,100137,91981,92387,112142,109848,112515,102430,112430,113611,101049,104379,96982,106243,102632,110984,96537,110949,101900,113204,103072,111698,110284
STAT,(NULL),nEmptyPop,44,662691,3609,16607,14668,16675,16691,16671,14343,16225,10377,16353,16660,16482,16496,16441,14703,16428,16368,16125,14557,14803,10530,14125,14791,14268,10562,16713,16592,16773,14975,16739,16737,14915,14987,14669,15175,14823,16637,10882,16627,14856,16787,14974,16683,16589
STAT,(NULL),nOverall,44,77897152,890080,1892779,1674429,1916435,1927966,1914952,1514367,1663802,1670195,1720941,1929211,1770615,1719060,1823997,1689735,1819348,1759620,1738266,1695201,1666368,1813638,1567047,1722146,1590873,1643001,1902137,1924233,1974439,1795267,1969956,1924904,1806573,1668421,1781324,1816507,1630697,1903860,1777260,1894442,1756911,1976632,1841528,1945353,1872636
STAT,(NULL),nPop,44,9366380,110135,228279,202257,229676,230260,230067,191480,215973,186161,219765,229663,224453,224474,223040,203383,222486,220674,212801,198639,206511,191107,184357,206314,189702,192263,231424,227477,233060,212020,232242,233123,210491,212800,202674,218356,206688,229373,202568,228610,208522,233533,212045,230262,227192
STAT,(NULL),nPush,44,9366379,107584,226903,205238,228276,235996,228451,179627,195653,206864,206539,232261,207345,201736,220122,207538,222019,213492,210767,207971,204280,218646,190735,202241,189095,191541,225975,227160,237597,215065,236158,234899,217813,195682,219078,216105,190743,227630,216944,231005,213549,236706,226182,233510,223658
STAT,(NULL),nPushInit,44,1,0,1,0,0,0,0,0,0,0,0,0,0,0,0,0,0,0,0,0,0,0,0,0,0,0,0,0,0,0,0,0,0,0,0,0,0,0,0,0,0,0,0,0,0
==== BENCHMARK TOOK 6.446
==== BENCHMARK START ===
==== PARAMS kernel=4.9.5-64-net1 malloc=libc hostname=rack-castor threads=44 delta=4 prog=sssp-multiqueue4  ===
Galois Benchmark Suite v2.2.1 (r0)
Copyright (C) 2014 The University of Texas at Austin
http://iss.ices.utexas.edu/galois/

application: Single Source Shortest Path
Computes the shortest path from a source node to all nodes in a directed graph using a modified chaotic iteration algorithm
http://iss.ices.utexas.edu/?p=projects/galois/benchmarks/single_source_shortest_path

INFO: CommandLine ./build/debug/apps/sssp/sssp -noverify -t 44 -delta 4 -wl multiqueue4 -startNode 0 /specific/disk1/home/mad/Galois-PQ/inputs/ljournal-2008.gr
INFO: Hostname rack-castor
Read 5363260 nodes
Running Asynchronous with CAS version
INFO: Using delta-step of 1
WARNING: Performance varies considerably due to delta parameter.
WARNING: Do not expect the default to be good for your graph.
Node 1 has distance 126
STATTYPE,LOOP,CATEGORY,n,sum,T0,T1,T2,T3,T4,T5,T6,T7,T8,T9,T10,T11,T12,T13,T14,T15,T16,T17,T18,T19,T20,T21,T22,T23,T24,T25,T26,T27,T28,T29,T30,T31,T32,T33,T34,T35,T36,T37,T38,T39,T40,T41,T42,T43
STAT,(NULL),BadWork,44,22425588,338081,176752,144845,866737,64888,472757,340842,719227,713644,1367916,821126,301816,722333,442162,856464,177399,380917,669039,505848,708283,792229,728834,474044,448407,368818,466886,95971,169516,682104,1145776,568041,270302,290286,518443,202601,670294,154891,862501,373186,288416,528647,353331,635568,545420
STAT,(NULL),BarrierTime,44,7201736,534518,351482,338338,385254,384787,337470,330940,303017,283531,301268,300106,236352,255656,249924,193399,198604,106719,205182,112177,214301,201642,210684,70330,68263,50600,68248,68509,68292,68930,69548,68706,41124,43364,43799,44081,43741,42564,42016,41585,46606,42362,46121,43948,43648
STAT,(NULL),ConflictTime,44,0,0,0,0,0,0,0,0,0,0,0,0,0,0,0,0,0,0,0,0,0,0,0,0,0,0,0,0,0,0,0,0,0,0,0,0,0,0,0,0,0,0,0,0,0
STAT,(NULL),Conflicts,44,0,0,0,0,0,0,0,0,0,0,0,0,0,0,0,0,0,0,0,0,0,0,0,0,0,0,0,0,0,0,0,0,0,0,0,0,0,0,0,0,0,0,0,0,0
STAT,(NULL),EmptyPopTime,44,120136115,1831393,2644673,2872460,2705631,2619990,2547106,2705098,2897615,2839536,2871276,2741111,2757024,2704747,2778204,2742667,2647404,2784143,2677225,2865293,2950625,2656799,2650029,2999207,2816511,3033375,2694505,2735476,2682169,2722216,2561424,2566848,2733814,2864269,2692207,2928876,2990163,2698881,2654833,2551226,2733358,2790937,2892965,2705884,2596922
STAT,(NULL),EmptyWork,44,1608103039,38536938,34599951,36308378,36260240,36972704,34991105,36777504,35884001,37133738,36866118,35681667,37082097,36012720,36677835,36180869,36026920,37262462,36503351,37057996,39057409,34619165,35217743,38347416,37880624,38061675,35957338,36400342,36715200,34435087,35165508,35764369,36721970,35020643,36500997,37650551,39038125,36368110,35991489,35743142,36453726,36181514,38025918,37997203,35971181
STAT,(NULL),GaloisTime,44,6034699710,70646998,127311449,145357071,130382635,128869448,130430186,140138861,143625546,139286934,144745592,133762771,135417277,139365545,139294684,144339595,133932728,140294972,137889817,149821593,137456861,132921978,133033536,149868593,146490965,154924517,131322607,139833958,136390452,133079125,135266763,133062907,139801473,137777331,135947676,144482176,154102797,139802266,136802166,129587651,137693167,142961901,152081507,136521346,128572289
STAT,(NULL),InitPushTime,44,2429465,5031,138316,69263,40376,40260,39828,40824,36818,35245,39184,38764,47407,37916,37804,66169,40396,91799,38148,91858,33094,39056,33713,104463,64541,65186,66345,64929,65384,63720,63770,63477,58330,57588,56878,56884,56276,56503,56422,56144,54663,54281,53556,54538,54318
STAT,(NULL),Iterations,44,9370573,102679,231436,201800,231934,231227,231604,208131,204667,211097,205317,222833,221194,210742,212917,202035,216022,205686,212747,193363,211745,217664,217411,189287,207268,189913,234591,216231,221499,226802,233667,235237,220044,224102,224196,209210,187094,216189,214996,233049,220668,212557,198578,219489,231655
STAT,(NULL),LoopTime,44,2951422694,2951422694,0,0,0,0,0,0,0,0,0,0,0,0,0,0,0,0,0,0,0,0,0,0,0,0,0,0,0,0,0,0,0,0,0,0,0,0,0,0,0,0,0,0,0
STAT,(NULL),MeminfoPost,44,572,13,13,13,13,13,13,13,13,13,13,13,13,13,13,13,13,13,13,13,13,13,13,13,13,13,13,13,13,13,13,13,13,13,13,13,13,13,13,13,13,13,13,13,13
STAT,(NULL),MeminfoPre,44,572,13,13,13,13,13,13,13,13,13,13,13,13,13,13,13,13,13,13,13,13,13,13,13,13,13,13,13,13,13,13,13,13,13,13,13,13,13,13,13,13,13,13,13,13
STAT,(NULL),NumaPost,44,3715,1750,1121,744,100,0,0,0,0,0,0,0,0,0,0,0,0,0,0,0,0,0,0,0,0,0,0,0,0,0,0,0,0,0,0,0,0,0,0,0,0,0,0,0,0
STAT,(NULL),PopTime,44,23064134176,505261704,536114383,519127514,531370573,531757534,532588428,521263814,519626585,526153388,516117855,527486333,526681807,518152550,519916569,519406178,528078276,520840708,523540042,514107631,526496491,524321651,526361284,516658110,525177111,514278106,530019213,524530739,528054100,528099313,529140300,531715524,523284628,526313990,527342824,520415430,513663555,524834865,522661400,534480573,527136071,523209519,514963447,529257282,534126778
STAT,(NULL),PushTime,44,43248054208,920795729,975811975,987753709,973681809,981714755,974062518,992754480,988349126,980362998,988125884,975687153,977643774,996855697,983391623,998253883,984416740,990973405,975737391,994602929,974136813,987855726,983398478,989702044,982986682,995270116,977425557,986576425,983379514,988117338,977221481,973990379,985545074,979162395,984361344,980157690,992369602,987151392,998633503,975886261,979015664,987180345,993376802,984786739,979391266
STAT,(NULL),RusageSys,44,0,0,0,0,0,0,0,0,0,0,0,0,0,0,0,0,0,0,0,0,0,0,0,0,0,0,0,0,0,0,0,0,0,0,0,0,0,0,0,0,0,0,0,0,0
STAT,(NULL),RusageUser,44,55800000,55800000,0,0,0,0,0,0,0,0,0,0,0,0,0,0,0,0,0,0,0,0,0,0,0,0,0,0,0,0,0,0,0,0,0,0,0,0,0,0,0,0,0,0,0
STAT,(NULL),Threads,44,44,44,0,0,0,0,0,0,0,0,0,0,0,0,0,0,0,0,0,0,0,0,0,0,0,0,0,0,0,0,0,0,0,0,0,0,0,0,0,0,0,0,0,0,0
STAT,(NULL),Time,44,2952858740,2952858740,0,0,0,0,0,0,0,0,0,0,0,0,0,0,0,0,0,0,0,0,0,0,0,0,0,0,0,0,0,0,0,0,0,0,0,0,0,0,0,0,0,0,0
STAT,(NULL),TotalTime,44,13589600728,13589600728,0,0,0,0,0,0,0,0,0,0,0,0,0,0,0,0,0,0,0,0,0,0,0,0,0,0,0,0,0,0,0,0,0,0,0,0,0,0,0,0,0,0,0
STAT,(NULL),UserTime,44,49930269298,1281223344,1141820867,1126889885,1143904849,1136370794,1143683677,1124667631,1127920332,1132533082,1129577387,1142945599,1138722901,1125210753,1136242739,1117378893,1133200892,1126147717,1141955418,1119844511,1138207937,1135929907,1137643027,1120728324,1122954588,1112739695,1140884053,1128229166,1131085615,1131849639,1138949094,1141203050,1130217097,1137165928,1131459433,1132668467,1116138854,1127447473,1121563361,1140056279,1135274208,1125982972,1116965411,1127037033,1137647416
STAT,(NULL),Work,44,124010997050,2818436220,2818448110,2818462248,2818424070,2818424966,2818426190,2818428728,2818431395,2818453782,2818428656,2818422896,2818427980,2818421700,2818431494,2818428320,2818428552,2818437631,2818422873,2818429538,2818430210,2818424912,2818432080,2818430145,2818429022,2818450030,2818429286,2818433994,2818429980,2818434024,2818429197,2818428973,2818430382,2818428717,2818430096,2818433981,2818429512,2818434584,2818430288,2818429010,2818433790,2818428623,2818429850,2818429135,2818431880
STAT,(NULL),nBad,44,27226,357,220,210,1050,101,541,337,680,864,1754,1194,344,907,616,1087,240,455,862,500,952,817,865,436,540,411,716,98,213,766,1437,740,250,268,656,257,839,157,1246,438,363,515,459,804,664
STAT,(NULL),nEmpty,44,4554080,50702,112352,98787,112667,111957,112133,101232,100242,102529,100569,108219,107148,102701,104094,100589,104688,100122,102925,93542,100462,106372,105609,88640,100447,93139,113359,104979,106965,110983,113351,113926,107681,109943,109457,100498,89867,105695,104378,112280,107133,104087,98092,106883,112656
STAT,(NULL),nEmptyPop,44,302286,3420,7480,6424,7495,7471,7477,6712,6611,6712,6640,7207,7154,6799,6837,6523,6962,6587,6882,6258,6873,7041,6954,6129,6691,6048,7578,6973,7129,7289,7538,7587,7116,7253,7250,6747,6062,6967,6922,7522,7103,6854,6421,7101,7487
STAT,(NULL),nOverall,44,77906984,844126,1915346,1652920,1914782,1891106,1904808,1699485,1653337,1826346,1661071,1857163,1889122,1704940,1713289,1570599,1808111,1726906,1836473,1550989,1858819,1812377,1834677,1768916,1749595,1570263,1959029,1810996,1925648,1835715,1943162,1963282,1773500,1756739,1855766,1796179,1667580,1787988,1774613,1974919,1854811,1716469,1602420,1763770,1928832
STAT,(NULL),nPop,44,9370573,102679,231436,201800,231934,231227,231604,208131,204667,211097,205317,222833,221194,210742,212917,202035,216022,205686,212747,193363,211745,217664,217411,189287,207268,189913,234591,216231,221499,226802,233667,235237,220044,224102,224196,209210,187094,216189,214996,233049,220668,212557,198578,219489,231655
STAT,(NULL),nPush,44,9370572,100587,228927,189812,229194,230126,229864,203930,202033,222936,203561,223121,225768,208077,209002,187168,217976,202919,222466,180581,226490,221420,219561,215946,213382,194785,234986,218347,236575,222713,233598,234673,216510,202116,223698,209278,204485,207169,217967,238189,224730,201734,197986,205668,230518
STAT,(NULL),nPushInit,44,1,0,1,0,0,0,0,0,0,0,0,0,0,0,0,0,0,0,0,0,0,0,0,0,0,0,0,0,0,0,0,0,0,0,0,0,0,0,0,0,0,0,0,0,0
==== BENCHMARK TOOK 7.219
==== BENCHMARK START ===
==== PARAMS kernel=4.9.5-64-net1 malloc=libc hostname=rack-castor threads=44 delta=4 prog=sssp-multiqueue4  ===
Galois Benchmark Suite v2.2.1 (r0)
Copyright (C) 2014 The University of Texas at Austin
http://iss.ices.utexas.edu/galois/

application: Single Source Shortest Path
Computes the shortest path from a source node to all nodes in a directed graph using a modified chaotic iteration algorithm
http://iss.ices.utexas.edu/?p=projects/galois/benchmarks/single_source_shortest_path

INFO: CommandLine ./build/debug/apps/sssp/sssp -noverify -t 44 -delta 4 -wl multiqueue4 -startNode 0 /specific/disk1/home/mad/Galois-PQ/inputs/ljournal-2008.gr
INFO: Hostname rack-castor
Read 5363260 nodes
Running Asynchronous with CAS version
INFO: Using delta-step of 1
WARNING: Performance varies considerably due to delta parameter.
WARNING: Do not expect the default to be good for your graph.
Node 1 has distance 126
STATTYPE,LOOP,CATEGORY,n,sum,T0,T1,T2,T3,T4,T5,T6,T7,T8,T9,T10,T11,T12,T13,T14,T15,T16,T17,T18,T19,T20,T21,T22,T23,T24,T25,T26,T27,T28,T29,T30,T31,T32,T33,T34,T35,T36,T37,T38,T39,T40,T41,T42,T43
STAT,(NULL),BadWork,44,16092250,371549,209040,1389255,22543,214652,214390,471710,305718,148618,799570,169394,655530,138350,297135,470769,331410,323118,515180,673680,270325,991301,272594,907423,249114,381753,440267,250484,281069,259033,297597,243980,445436,219812,34967,414119,298074,205050,183705,317839,236562,169730,460751,294553,245101
STAT,(NULL),BarrierTime,44,6976866,543028,345558,411482,367119,367646,337259,312195,248871,287994,278943,278480,242700,243692,230803,249479,186888,188128,189896,197882,198968,188284,190928,42228,41806,15187,43210,43502,42728,43066,43199,43706,42329,42001,42579,42817,20167,41560,42945,42725,42395,43198,42934,42571,43790
STAT,(NULL),ConflictTime,44,0,0,0,0,0,0,0,0,0,0,0,0,0,0,0,0,0,0,0,0,0,0,0,0,0,0,0,0,0,0,0,0,0,0,0,0,0,0,0,0,0,0,0,0,0
STAT,(NULL),Conflicts,44,0,0,0,0,0,0,0,0,0,0,0,0,0,0,0,0,0,0,0,0,0,0,0,0,0,0,0,0,0,0,0,0,0,0,0,0,0,0,0,0,0,0,0,0,0
STAT,(NULL),EmptyPopTime,44,1430341998,1703412,33050357,33217932,33060010,32992085,32983210,33401471,33250987,33421294,33216916,33350105,33395289,33405999,33417309,33244637,33334866,33449846,33208497,33222447,33231413,33431130,33414961,33077556,33213906,33319202,33018527,33280668,33054322,33272691,33027509,33060731,33317316,33338495,33482850,33260898,33236769,33073383,33195171,33057802,33165821,33175455,33156386,33108456,33043911
STAT,(NULL),EmptyWork,44,1602347541,18192520,35656985,37277712,36216109,36280095,35268626,38562397,37423482,38274714,37165232,35353358,37130398,36203137,38151865,36334232,36468980,37462072,36873150,36470171,37591890,37191640,38077036,35991749,36361902,37717176,36964885,37807794,36521555,37153830,37520130,36670617,38716265,36407133,37208893,37984856,36879731,35676152,36721980,34147789,36459765,36828053,37040137,35694754,36246594
STAT,(NULL),GaloisTime,44,6110535761,103356364,131527007,137575015,130009461,129115603,128780076,144898237,145910728,148820564,138857487,144730795,147095909,145982779,144847321,135097807,142405002,150261508,138549376,141241516,138355792,141831271,146480317,133645713,140766558,147849189,131698326,147627323,132815352,141762275,131462158,132710267,146802179,144571960,143874129,139393886,149112837,131429663,141365449,131104100,139433762,142852521,140366297,134114387,130047495
STAT,(NULL),InitPushTime,44,2523588,3844,140672,41388,40480,40392,36128,36906,40456,35464,39384,38980,38712,38504,34341,35409,39216,38844,37256,33734,32997,37988,37852,100012,100056,99440,99704,99132,98596,98802,98817,98817,58688,57545,57655,56679,56929,57061,57545,56357,54941,54435,53951,55058,54421
STAT,(NULL),Iterations,44,9367313,110567,230425,211290,232445,231461,233894,201781,200339,193470,210983,206290,201070,202847,199863,217125,202899,193425,213138,208747,211219,198161,195378,231930,213514,201200,236395,205720,235398,218837,236172,237117,207042,212337,207934,220428,198730,229881,211600,232422,221757,218608,224608,225134,233732
STAT,(NULL),LoopTime,44,2958903164,2958903164,0,0,0,0,0,0,0,0,0,0,0,0,0,0,0,0,0,0,0,0,0,0,0,0,0,0,0,0,0,0,0,0,0,0,0,0,0,0,0,0,0,0,0
STAT,(NULL),MeminfoPost,44,572,13,13,13,13,13,13,13,13,13,13,13,13,13,13,13,13,13,13,13,13,13,13,13,13,13,13,13,13,13,13,13,13,13,13,13,13,13,13,13,13,13,13,13,13
STAT,(NULL),MeminfoPre,44,572,13,13,13,13,13,13,13,13,13,13,13,13,13,13,13,13,13,13,13,13,13,13,13,13,13,13,13,13,13,13,13,13,13,13,13,13,13,13,13,13,13,13,13,13
STAT,(NULL),NumaPost,44,3727,1738,1307,582,100,0,0,0,0,0,0,0,0,0,0,0,0,0,0,0,0,0,0,0,0,0,0,0,0,0,0,0,0,0,0,0,0,0,0,0,0,0,0,0,0
STAT,(NULL),PopTime,44,23278158214,623843832,536388783,529334230,539219131,534456466,537825249,520622329,524752197,520453260,527718167,517969705,522082356,517303815,523785900,534564710,523660378,519392900,525935916,526859302,528480495,521887493,518454440,534801036,521029280,516319282,535673239,521902249,530630598,527183493,533532483,535458454,520380836,523529395,518949451,527415726,521544865,531238357,520619134,531268987,530207348,524778110,528227227,531552923,536924687
STAT,(NULL),PushTime,44,42888263971,887587712,973192327,970589939,960906732,979988083,966670182,978870485,978470404,973675340,971969238,982206290,973107503,979109873,976114166,975433330,981034483,986388969,976870155,969708867,968016503,983599374,985508261,968622185,989315385,983740062,978237279,977269852,968418131,973477449,968259179,964486792,972762667,976335623,992178440,977969589,974213552,990308237,1000507729,979278525,968551360,975292776,980680075,974616769,974724099
STAT,(NULL),RusageSys,44,4000,4000,0,0,0,0,0,0,0,0,0,0,0,0,0,0,0,0,0,0,0,0,0,0,0,0,0,0,0,0,0,0,0,0,0,0,0,0,0,0,0,0,0,0,0
STAT,(NULL),RusageUser,44,56144000,56144000,0,0,0,0,0,0,0,0,0,0,0,0,0,0,0,0,0,0,0,0,0,0,0,0,0,0,0,0,0,0,0,0,0,0,0,0,0,0,0,0,0,0,0
STAT,(NULL),Threads,44,44,44,0,0,0,0,0,0,0,0,0,0,0,0,0,0,0,0,0,0,0,0,0,0,0,0,0,0,0,0,0,0,0,0,0,0,0,0,0,0,0,0,0,0,0
STAT,(NULL),Time,44,2960067532,2960067532,0,0,0,0,0,0,0,0,0,0,0,0,0,0,0,0,0,0,0,0,0,0,0,0,0,0,0,0,0,0,0,0,0,0,0,0,0,0,0,0,0,0,0
STAT,(NULL),TotalTime,44,13137761436,13137761436,0,0,0,0,0,0,0,0,0,0,0,0,0,0,0,0,0,0,0,0,0,0,0,0,0,0,0,0,0,0,0,0,0,0,0,0,0,0,0,0,0,0,0
STAT,(NULL),UserTime,44,49472766473,1201277976,1126151365,1127966486,1136552352,1123132850,1134436340,1119615581,1116156658,1121318259,1127034032,1122354035,1123149953,1123960305,1119652085,1121288481,1119059979,1109009691,1124529312,1128459526,1130291052,1118025602,1114032531,1129822702,1115274139,1117017251,1120372198,1118074083,1134525896,1123114427,1132162899,1133576466,1123984727,1121780454,1110268805,1119936183,1120978970,1114234849,1103554913,1127107673,1128145119,1123036930,1116493681,1126873613,1124976044
STAT,(NULL),Work,44,124787330533,2836070080,2836073370,2836069136,2836071162,2836072047,2836070017,2836097739,2836099772,2836075080,2836068722,2836076548,2836068816,2836069352,2836093550,2836070557,2836071396,2836070034,2836073394,2836072435,2836074098,2836076030,2836071950,2836077548,2836078967,2836102486,2836072040,2836078488,2836072856,2836074830,2836071871,2836072208,2836072748,2836074291,2836073152,2836073537,2836097073,2836071241,2836075121,2836071746,2836074458,2836073500,2836072757,2836072051,2836072279
STAT,(NULL),nBad,44,19754,404,331,1704,16,258,203,488,383,143,717,241,1022,176,406,791,450,334,740,857,376,1574,306,970,281,476,530,277,422,274,293,329,551,206,31,405,383,155,251,333,199,200,640,336,292
STAT,(NULL),nEmpty,44,4550939,53474,112741,99949,113457,113661,113299,98754,98559,92128,100590,102378,95420,99889,96731,104945,98207,94649,103714,99367,99630,94352,93533,113489,103961,98147,115471,99737,115294,106793,114911,115911,98518,103167,100633,108196,96327,112884,104108,113448,108756,107487,110399,109392,114483
STAT,(NULL),nEmptyPop,44,778778,3637,20112,19536,20177,20128,20221,12507,12456,17385,19491,17820,17639,17716,12465,19701,17706,17408,18024,17885,19510,17572,17463,17059,16480,12487,20289,17774,20258,18198,20270,20313,17834,17997,17865,18234,12386,20091,17964,20183,18281,18189,19926,19939,20202
STAT,(NULL),nOverall,44,77899512,905707,1864689,1839381,1898783,1855402,1945574,1750566,1680418,1765600,1812117,1615209,1744288,1635219,1708124,1828219,1718881,1595916,1807766,1797300,1871264,1702528,1627150,1900344,1794956,1719700,1892874,1793530,1891152,1782405,1975823,1918651,1831055,1712905,1738944,1778623,1705604,1836502,1746047,1872173,1808545,1715452,1777986,1855608,1880532
STAT,(NULL),nPop,44,9367313,110567,230425,211290,232445,231461,233894,201781,200339,193470,210983,206290,201070,202847,199863,217125,202899,193425,213138,208747,211219,198161,195378,231930,213514,201200,236395,205720,235398,218837,236172,237117,207042,212337,207934,220428,198730,229881,211600,232422,221757,218608,224608,225134,233732
STAT,(NULL),nPush,44,9367312,110985,225823,219052,226163,222988,238816,218544,205148,220184,221463,195464,204749,200643,208236,222258,203544,188121,221279,216405,227454,203837,197222,228105,209078,201656,226158,221928,226674,207538,238828,229648,221495,199052,209104,217438,206231,222826,217770,227006,208552,199264,204243,224442,221898
STAT,(NULL),nPushInit,44,1,0,1,0,0,0,0,0,0,0,0,0,0,0,0,0,0,0,0,0,0,0,0,0,0,0,0,0,0,0,0,0,0,0,0,0,0,0,0,0,0,0,0,0,0
==== BENCHMARK TOOK 7.034
==== BENCHMARK START ===
==== PARAMS kernel=4.9.5-64-net1 malloc=libc hostname=rack-castor threads=44 delta=4 prog=sssp-multiqueue4  ===
Galois Benchmark Suite v2.2.1 (r0)
Copyright (C) 2014 The University of Texas at Austin
http://iss.ices.utexas.edu/galois/

application: Single Source Shortest Path
Computes the shortest path from a source node to all nodes in a directed graph using a modified chaotic iteration algorithm
http://iss.ices.utexas.edu/?p=projects/galois/benchmarks/single_source_shortest_path

INFO: CommandLine ./build/debug/apps/sssp/sssp -noverify -t 44 -delta 4 -wl multiqueue4 -startNode 0 /specific/disk1/home/mad/Galois-PQ/inputs/ljournal-2008.gr
INFO: Hostname rack-castor
Read 5363260 nodes
Running Asynchronous with CAS version
INFO: Using delta-step of 1
WARNING: Performance varies considerably due to delta parameter.
WARNING: Do not expect the default to be good for your graph.
Node 1 has distance 126
STATTYPE,LOOP,CATEGORY,n,sum,T0,T1,T2,T3,T4,T5,T6,T7,T8,T9,T10,T11,T12,T13,T14,T15,T16,T17,T18,T19,T20,T21,T22,T23,T24,T25,T26,T27,T28,T29,T30,T31,T32,T33,T34,T35,T36,T37,T38,T39,T40,T41,T42,T43
STAT,(NULL),BadWork,44,12226016,146026,193815,339459,217943,418101,63924,207934,269805,282423,321072,427110,247245,820863,379837,177211,131197,83780,105096,95570,63746,108052,43859,30036,441865,317976,255716,1371289,580072,284270,194833,134915,222736,444067,86409,291380,120080,37474,298838,228675,90630,428418,121896,804377,295996
STAT,(NULL),BarrierTime,44,8695953,611920,423408,448097,392776,400900,441524,378800,297624,277074,295808,293580,351135,334110,296688,271945,193742,169987,191002,196938,171641,192222,214171,141802,141152,141144,141443,141063,140605,140592,139851,141545,47817,38700,47552,38830,45034,19518,36802,35540,49815,31501,18472,47553,124530
STAT,(NULL),ConflictTime,44,0,0,0,0,0,0,0,0,0,0,0,0,0,0,0,0,0,0,0,0,0,0,0,0,0,0,0,0,0,0,0,0,0,0,0,0,0,0,0,0,0,0,0,0,0
STAT,(NULL),Conflicts,44,0,0,0,0,0,0,0,0,0,0,0,0,0,0,0,0,0,0,0,0,0,0,0,0,0,0,0,0,0,0,0,0,0,0,0,0,0,0,0,0,0,0,0,0,0
STAT,(NULL),EmptyPopTime,44,665318714,1656371,15378832,15289966,15290765,15269236,15314148,15535916,15498185,15622354,15411874,15338794,15454343,15425508,15396234,15614751,15363288,15506978,15417086,15305133,15554987,15312646,15408674,15548691,15569973,15684524,15395540,15475746,15466418,15506871,15420199,15292803,15378761,15605736,15384406,15375670,15434526,15599748,15373108,15377402,15404632,15361522,15570566,15308353,15417450
STAT,(NULL),EmptyWork,44,1602433394,92198228,33502519,32882429,36022195,35169500,34450076,35115582,35902018,36169774,35936407,35369590,37267365,37223878,36012838,36788555,34893251,36963059,35928777,32777720,34068461,34650490,32779528,37507892,35001123,36158065,34159995,33879804,34724697,35201434,35006953,36976715,35473297,33233068,34522419,34408308,33629554,33156412,32884505,35087390,34450716,36431086,38574808,35612497,34280416
STAT,(NULL),GaloisTime,44,5886659070,139352635,126713000,129660977,125756339,125276650,127784407,140238456,140819351,144653678,136154739,137253666,136595078,133598810,136675360,141138304,125472255,137436533,133722670,131377204,139927754,125885890,126460756,140011380,139739339,145704253,128076783,132209809,135514248,136327778,126749704,130585080,137431995,136543482,136285143,129748480,140680709,135594438,129108114,125843748,127778340,128613241,147169780,129429106,125559608
STAT,(NULL),InitPushTime,44,2689679,4336,133364,106092,40340,36429,39836,41276,40436,48601,39312,35828,34435,34903,37928,39244,37807,39700,39980,37284,37288,39316,59060,67108,104904,104603,104860,104368,66748,65992,66293,67283,58080,85861,57354,85374,56885,86243,84438,86334,54721,84309,85207,55220,54699
STAT,(NULL),Iterations,44,9365469,107761,225430,223496,229169,227833,227930,197902,199632,192244,207604,206960,212934,212391,209143,190031,222930,202142,213445,217674,200544,223121,225292,205226,204542,194184,231122,227411,215895,213397,228982,231095,213755,213131,215965,224538,207960,211023,222998,227090,230502,228220,194846,221747,226232
STAT,(NULL),LoopTime,44,2861309953,2861309953,0,0,0,0,0,0,0,0,0,0,0,0,0,0,0,0,0,0,0,0,0,0,0,0,0,0,0,0,0,0,0,0,0,0,0,0,0,0,0,0,0,0,0
STAT,(NULL),MeminfoPost,44,572,13,13,13,13,13,13,13,13,13,13,13,13,13,13,13,13,13,13,13,13,13,13,13,13,13,13,13,13,13,13,13,13,13,13,13,13,13,13,13,13,13,13,13,13
STAT,(NULL),MeminfoPre,44,572,13,13,13,13,13,13,13,13,13,13,13,13,13,13,13,13,13,13,13,13,13,13,13,13,13,13,13,13,13,13,13,13,13,13,13,13,13,13,13,13,13,13,13,13
STAT,(NULL),NumaPost,44,3731,1741,1119,588,283,0,0,0,0,0,0,0,0,0,0,0,0,0,0,0,0,0,0,0,0,0,0,0,0,0,0,0,0,0,0,0,0,0,0,0,0,0,0,0,0
STAT,(NULL),PopTime,44,22590932846,512787143,517657141,516039068,522246268,522747972,520851450,503939708,508407827,502219294,512436473,508654589,511452004,511116506,512958498,504517156,519024204,506574460,514004925,513449016,505299749,522054697,518675654,505889636,507702474,504002094,524051143,517211494,512677484,513886779,518596440,516648389,509178293,510599792,512091821,517711706,508787122,512183738,516008624,520629025,522442340,518372214,499852215,515988039,519308182
STAT,(NULL),PushTime,44,42009614476,942540333,948595633,954786564,945374097,949164336,949215263,969970309,960735812,964587155,954454465,957758631,956554627,956658654,956059951,959553424,955648588,970792913,953125421,951931792,961030684,957094607,949600270,960429517,957272529,958030376,946506006,954810976,943455083,954968596,949505978,950471364,966832989,956503102,949905316,950062678,953010362,954727060,961888574,952839109,940764894,945272041,957859288,957064360,962200749
STAT,(NULL),RusageSys,44,4000,4000,0,0,0,0,0,0,0,0,0,0,0,0,0,0,0,0,0,0,0,0,0,0,0,0,0,0,0,0,0,0,0,0,0,0,0,0,0,0,0,0,0,0,0
STAT,(NULL),RusageUser,44,54244000,54244000,0,0,0,0,0,0,0,0,0,0,0,0,0,0,0,0,0,0,0,0,0,0,0,0,0,0,0,0,0,0,0,0,0,0,0,0,0,0,0,0,0,0,0
STAT,(NULL),Threads,44,44,44,0,0,0,0,0,0,0,0,0,0,0,0,0,0,0,0,0,0,0,0,0,0,0,0,0,0,0,0,0,0,0,0,0,0,0,0,0,0,0,0,0,0,0
STAT,(NULL),Time,44,2862504385,2862504385,0,0,0,0,0,0,0,0,0,0,0,0,0,0,0,0,0,0,0,0,0,0,0,0,0,0,0,0,0,0,0,0,0,0,0,0,0,0,0,0,0,0,0
STAT,(NULL),TotalTime,44,12499813892,12499813892,0,0,0,0,0,0,0,0,0,0,0,0,0,0,0,0,0,0,0,0,0,0,0,0,0,0,0,0,0,0,0,0,0,0,0,0,0,0,0,0,0,0,0
STAT,(NULL),UserTime,44,47792959647,1051187888,1097879250,1091068228,1095033215,1092097805,1092109824,1074927533,1078360703,1076470322,1085332326,1085356410,1082404529,1085706340,1082620875,1082114554,1089324775,1072450345,1087524834,1094885220,1083841724,1084727484,1096799389,1080337252,1084441912,1080146940,1091533880,1086137373,1097886621,1083832162,1094446249,1089753105,1075426588,1087238208,1091535699,1092417620,1088180110,1088470584,1084464453,1089946956,1098881213,1095679935,1080696916,1086322693,1082959605
STAT,(NULL),Work,44,120553303137,2739843939,2739841431,2739852579,2739843201,2739845986,2739853020,2739855884,2739841604,2739845070,2739845848,2739856798,2739855122,2739868339,2739846020,2739868924,2739851048,2739866633,2739845646,2739845723,2739868061,2739843462,2739841699,2739840650,2739842206,2739844448,2739840514,2739842069,2739844672,2739844191,2739846707,2739841564,2739840696,2739840116,2739844141,2739844460,2739845675,2739858466,2739840852,2739840519,2739837879,2739852751,2739862058,2739842152,2739840314
STAT,(NULL),nBad,44,17138,245,223,495,277,607,102,385,327,331,489,666,356,1083,492,204,198,122,152,149,112,128,44,31,623,369,285,2255,874,445,335,189,287,549,168,327,158,65,374,359,126,554,148,1057,373
STAT,(NULL),nEmpty,44,4549117,52103,108885,108733,110775,110002,109939,96456,97124,93204,100465,101242,103198,102763,102670,90590,108207,100561,104171,105552,97978,108067,108588,100470,100239,93188,112422,111433,103091,103967,110947,112153,103758,104231,104684,108868,101775,102803,109107,110251,111688,110575,95137,107376,109681
STAT,(NULL),nEmptyPop,44,497344,3567,12612,11652,12711,12679,12674,10406,11126,10897,10709,9567,11550,9299,11415,8606,12528,8982,12224,12348,8937,12530,12604,11301,10847,10956,12780,12672,12294,11570,12709,12777,11561,11566,11636,12578,10938,9488,12524,12654,12759,10249,8750,12479,12633
STAT,(NULL),nOverall,44,77896896,892123,1885984,1820054,1928382,1932528,1883504,1632480,1707427,1665719,1804230,1715115,1781380,1831318,1708214,1700156,1865531,1498765,1757247,1804990,1660638,1854233,1910640,1652879,1701762,1638478,1908390,1780820,1902775,1804084,1902429,1892723,1736049,1740405,1765640,1909051,1688354,1785730,1815208,1878104,1907091,1938913,1624590,1825613,1857150
STAT,(NULL),nPop,44,9365469,107761,225430,223496,229169,227833,227930,197902,199632,192244,207604,206960,212934,212391,209143,190031,222930,202142,213445,217674,200544,223121,225292,205226,204542,194184,231122,227411,215895,213397,228982,231095,213755,213131,215965,224538,207960,211023,222998,227090,230502,228220,194846,221747,226232
STAT,(NULL),nPush,44,9365468,110019,223485,221303,230189,234187,226557,201933,210423,203268,220395,212257,217075,222676,206297,205695,225672,180668,203258,216321,199952,223026,230158,195321,206230,195151,227412,216895,226401,218994,226107,229108,205827,212169,204400,231151,195106,214100,223851,224450,218476,236030,197121,210847,225507
STAT,(NULL),nPushInit,44,1,0,1,0,0,0,0,0,0,0,0,0,0,0,0,0,0,0,0,0,0,0,0,0,0,0,0,0,0,0,0,0,0,0,0,0,0,0,0,0,0,0,0,0,0
==== BENCHMARK TOOK 6.667
==== BENCHMARK START ===
==== PARAMS kernel=4.9.5-64-net1 malloc=libc hostname=rack-castor threads=44 delta=4 prog=sssp-multiqueue4  ===
Galois Benchmark Suite v2.2.1 (r0)
Copyright (C) 2014 The University of Texas at Austin
http://iss.ices.utexas.edu/galois/

application: Single Source Shortest Path
Computes the shortest path from a source node to all nodes in a directed graph using a modified chaotic iteration algorithm
http://iss.ices.utexas.edu/?p=projects/galois/benchmarks/single_source_shortest_path

INFO: CommandLine ./build/debug/apps/sssp/sssp -noverify -t 44 -delta 4 -wl multiqueue4 -startNode 0 /specific/disk1/home/mad/Galois-PQ/inputs/ljournal-2008.gr
INFO: Hostname rack-castor
Read 5363260 nodes
Running Asynchronous with CAS version
INFO: Using delta-step of 1
WARNING: Performance varies considerably due to delta parameter.
WARNING: Do not expect the default to be good for your graph.
Node 1 has distance 126
STATTYPE,LOOP,CATEGORY,n,sum,T0,T1,T2,T3,T4,T5,T6,T7,T8,T9,T10,T11,T12,T13,T14,T15,T16,T17,T18,T19,T20,T21,T22,T23,T24,T25,T26,T27,T28,T29,T30,T31,T32,T33,T34,T35,T36,T37,T38,T39,T40,T41,T42,T43
STAT,(NULL),BadWork,44,14251260,661946,314415,263967,165351,158473,265195,468095,305115,103427,646768,508132,467330,586880,298243,150178,418796,83731,186352,118395,247604,290452,173505,348350,261891,191642,315426,724289,122036,96206,318201,308167,12111,162702,146761,122845,988174,747940,807317,440090,158367,248135,231295,236672,380293
STAT,(NULL),BarrierTime,44,7913205,594995,357878,416046,391745,376109,365882,361096,302085,305224,247876,247888,345296,253536,257968,254438,171760,175244,179876,179541,164573,159476,165856,97404,115277,115975,116708,104280,115329,102433,100109,102943,68605,69664,71177,68590,53482,66979,59334,69561,27063,30374,29952,26756,26822
STAT,(NULL),ConflictTime,44,0,0,0,0,0,0,0,0,0,0,0,0,0,0,0,0,0,0,0,0,0,0,0,0,0,0,0,0,0,0,0,0,0,0,0,0,0,0,0,0,0,0,0,0,0
STAT,(NULL),Conflicts,44,0,0,0,0,0,0,0,0,0,0,0,0,0,0,0,0,0,0,0,0,0,0,0,0,0,0,0,0,0,0,0,0,0,0,0,0,0,0,0,0,0,0,0,0,0
STAT,(NULL),EmptyPopTime,44,930600501,36794263,20697817,20893522,22150362,20698745,20705702,20957940,20775868,19448653,19702215,20926510,20808425,20916556,20853171,20692816,20830293,20946904,20946923,20889193,20832989,20840098,20941625,20941846,20976266,20921239,20764957,20955310,20808373,20838442,20756524,19419053,20936642,20948087,20857142,20871828,20874138,20861627,20738511,20714534,20964106,20876180,20721874,20853448,20749784
STAT,(NULL),EmptyWork,44,1553696785,17754643,35089149,33784258,32994338,34546690,36766689,36290404,35920432,37615044,37724786,36159548,35219183,36666243,37660872,34110742,35764434,38051825,36623341,36036046,36172144,35677402,34536715,36498490,35991164,35523993,35773444,34396670,35186809,33702589,35416897,34611928,36691395,36119792,36396962,35910470,37343924,33568884,33307522,34809402,37173091,35800559,35892320,36569543,35846009
STAT,(NULL),GaloisTime,44,5916525910,101419951,125208228,132849695,128958173,127138092,127227057,139782865,133083728,129778839,143029803,137536652,136043357,142761400,138490556,128728680,135878048,139486606,142399590,134318820,131269337,135381252,134026342,142981128,139274858,142926835,128382386,137983115,130957070,136667574,128353519,131961909,146157635,144536609,139207789,139069252,139329102,130812678,126505528,127226140,143338159,137555604,134670238,136358411,127473300
STAT,(NULL),InitPushTime,44,2439030,4112,182549,72395,40140,36225,39748,40672,36529,35179,41332,39920,37860,35543,35212,36912,64232,64272,64012,63892,37078,37760,39606,62326,105556,104698,59591,59444,58909,61343,59188,57779,57801,57280,56592,56936,56775,56613,56503,56063,54508,53798,53511,54582,54054
STAT,(NULL),Iterations,44,9367665,107769,225552,213519,228181,228412,227110,203361,215759,222562,205379,209167,211343,196162,208272,220584,208391,201305,199190,215470,220750,206503,204249,206243,205121,205511,233056,213985,231765,215423,229707,231292,206150,205593,213571,211627,211262,224163,227833,228505,202826,215428,227437,214809,227368
STAT,(NULL),LoopTime,44,2872766061,2872766061,0,0,0,0,0,0,0,0,0,0,0,0,0,0,0,0,0,0,0,0,0,0,0,0,0,0,0,0,0,0,0,0,0,0,0,0,0,0,0,0,0,0,0
STAT,(NULL),MeminfoPost,44,572,13,13,13,13,13,13,13,13,13,13,13,13,13,13,13,13,13,13,13,13,13,13,13,13,13,13,13,13,13,13,13,13,13,13,13,13,13,13,13,13,13,13,13,13
STAT,(NULL),MeminfoPre,44,572,13,13,13,13,13,13,13,13,13,13,13,13,13,13,13,13,13,13,13,13,13,13,13,13,13,13,13,13,13,13,13,13,13,13,13,13,13,13,13,13,13,13,13,13
STAT,(NULL),NumaPost,44,3707,1743,1093,771,100,0,0,0,0,0,0,0,0,0,0,0,0,0,0,0,0,0,0,0,0,0,0,0,0,0,0,0,0,0,0,0,0,0,0,0,0,0,0,0,0
STAT,(NULL),PopTime,44,22732906857,491609964,522085532,514523702,524971186,522012228,522011411,513210923,516163820,519444970,511173718,513134036,517415912,510552007,514431035,522543071,516156932,512780853,511972197,519652969,520119824,513877202,515415660,512781063,512159516,510287172,524228430,515733182,524455053,514938825,524350546,521185914,510042827,511141600,515726784,512971623,518344786,519628685,523375274,525501698,510733780,518390731,521609392,518654139,521406685
STAT,(NULL),PushTime,44,42578093547,1152087279,964761637,971064991,955290129,959453827,954066212,966463428,966781348,951749746,969685526,966858484,969620909,967842073,966041969,968228196,976677823,969579278,967201661,960915275,950089155,964306533,962389388,974095534,966514677,965745201,955038321,965385665,950983418,965501409,963111612,958831765,964772378,967922257,962863980,964548144,960790812,963021445,965472281,960795900,961581901,951665168,951119176,967886794,969290842
STAT,(NULL),RusageSys,44,4000,4000,0,0,0,0,0,0,0,0,0,0,0,0,0,0,0,0,0,0,0,0,0,0,0,0,0,0,0,0,0,0,0,0,0,0,0,0,0,0,0,0,0,0,0
STAT,(NULL),RusageUser,44,55152000,55152000,0,0,0,0,0,0,0,0,0,0,0,0,0,0,0,0,0,0,0,0,0,0,0,0,0,0,0,0,0,0,0,0,0,0,0,0,0,0,0,0,0,0,0
STAT,(NULL),Threads,44,44,44,0,0,0,0,0,0,0,0,0,0,0,0,0,0,0,0,0,0,0,0,0,0,0,0,0,0,0,0,0,0,0,0,0,0,0,0,0,0,0,0,0,0,0
STAT,(NULL),Time,44,2873950236,2873950236,0,0,0,0,0,0,0,0,0,0,0,0,0,0,0,0,0,0,0,0,0,0,0,0,0,0,0,0,0,0,0,0,0,0,0,0,0,0,0,0,0,0,0
STAT,(NULL),TotalTime,44,12552786982,12552786982,0,0,0,0,0,0,0,0,0,0,0,0,0,0,0,0,0,0,0,0,0,0,0,0,0,0,0,0,0,0,0,0,0,0,0,0,0,0,0,0,0,0,0
STAT,(NULL),UserTime,44,48876523081,986429281,1118258539,1112983905,1121735690,1122249842,1125322093,1109391874,1113372278,1128059253,1104781952,1111486142,1106991160,1107359220,1108620165,1111797213,1100792904,1105256212,1106958542,1114288545,1127615982,1116018173,1118791016,1098802595,1111180595,1110693210,1121911778,1111644178,1123707453,1114448175,1114108355,1120086665,1107496899,1105429155,1111045601,1112725511,1109419546,1118206720,1116698021,1117051395,1112307839,1121808744,1122085561,1105775097,1111330007
STAT,(NULL),Work,44,122593479496,2786206214,2786213657,2786208816,2786217799,2786207912,2786210777,2786220422,2786211246,2786206672,2786213416,2786209544,2786221286,2786222316,2786207257,2786210038,2786223118,2786221606,2786211606,2786207942,2786208830,2786210568,2786211319,2786215310,2786215588,2786217426,2786218320,2786219952,2786216979,2786218560,2786215091,2786214530,2786216749,2786219528,2786215364,2786214676,2786232944,2786217243,2786226990,2786214367,2786217544,2786219498,2786216672,2786219939,2786213865
STAT,(NULL),nBad,44,17888,1072,370,335,209,226,365,574,365,219,779,628,621,970,380,234,558,161,260,139,324,313,224,385,324,162,493,734,174,85,417,330,10,160,124,124,1074,914,831,566,266,403,245,293,448
STAT,(NULL),nEmpty,44,4551320,52454,108707,103207,110684,110678,110098,99097,105818,107286,101162,101549,103196,95866,101690,107912,101699,98543,96434,105402,105752,101082,97188,101164,97929,100224,113108,104567,111871,105072,111560,112837,101340,100957,104324,102775,101591,109164,110072,110385,97091,103274,111467,104342,110702
STAT,(NULL),nEmptyPop,44,578181,3555,14304,13930,14396,14389,14255,12732,13990,14211,12806,12924,12978,12510,12900,14149,12916,12682,11902,14011,13850,12833,12862,12831,12793,12802,14534,13068,14504,13121,14432,14479,12832,12806,13058,12909,10765,14267,11995,14402,12724,12956,14353,13104,14361
STAT,(NULL),nOverall,44,77897646,897539,1908467,1803310,1861185,1934147,1874781,1653244,1686706,1933205,1617652,1728377,1643508,1681014,1724226,1771935,1686947,1624339,1671014,1731621,1923771,1708175,1787140,1691410,1856248,1758283,1954184,1730486,1970062,1771543,1886156,1909032,1604022,1687703,1746313,1761223,1790764,1857152,1891923,1932184,1808625,1901578,1885306,1795808,1855338
STAT,(NULL),nPop,44,9367665,107769,225552,213519,228181,228412,227110,203361,215759,222562,205379,209167,211343,196162,208272,220584,208391,201305,199190,215470,220750,206503,204249,206243,205121,205511,233056,213985,231765,215423,229707,231292,206150,205593,213571,211627,211262,224163,227833,228505,202826,215428,227437,214809,227368
STAT,(NULL),nPush,44,9367664,107975,232064,212184,223254,234891,224498,193574,197021,232998,199800,209518,191236,197116,205273,206852,205208,196214,195797,208462,234824,198783,214778,209182,226420,213769,238920,208680,236048,212516,225917,227834,193462,207979,211746,214645,217159,223710,226127,234812,219333,228665,226072,217721,224627
STAT,(NULL),nPushInit,44,1,0,1,0,0,0,0,0,0,0,0,0,0,0,0,0,0,0,0,0,0,0,0,0,0,0,0,0,0,0,0,0,0,0,0,0,0,0,0,0,0,0,0,0,0
==== BENCHMARK TOOK 6.765
==== BENCHMARK START ===
==== PARAMS kernel=4.9.5-64-net1 malloc=libc hostname=rack-castor threads=44 delta=4 prog=sssp-multiqueue4  ===
Galois Benchmark Suite v2.2.1 (r0)
Copyright (C) 2014 The University of Texas at Austin
http://iss.ices.utexas.edu/galois/

application: Single Source Shortest Path
Computes the shortest path from a source node to all nodes in a directed graph using a modified chaotic iteration algorithm
http://iss.ices.utexas.edu/?p=projects/galois/benchmarks/single_source_shortest_path

INFO: CommandLine ./build/debug/apps/sssp/sssp -noverify -t 44 -delta 4 -wl multiqueue4 -startNode 0 /specific/disk1/home/mad/Galois-PQ/inputs/ljournal-2008.gr
INFO: Hostname rack-castor
Read 5363260 nodes
Running Asynchronous with CAS version
INFO: Using delta-step of 1
WARNING: Performance varies considerably due to delta parameter.
WARNING: Do not expect the default to be good for your graph.
Node 1 has distance 126
STATTYPE,LOOP,CATEGORY,n,sum,T0,T1,T2,T3,T4,T5,T6,T7,T8,T9,T10,T11,T12,T13,T14,T15,T16,T17,T18,T19,T20,T21,T22,T23,T24,T25,T26,T27,T28,T29,T30,T31,T32,T33,T34,T35,T36,T37,T38,T39,T40,T41,T42,T43
STAT,(NULL),BadWork,44,12481341,274868,169423,837951,245658,1357968,81015,83818,185859,40867,755217,31689,137405,1011601,529639,104414,250844,238166,164084,454199,243923,231309,224292,133813,68396,111417,371431,275944,244803,220541,354896,217740,260264,236206,352968,63014,406248,137397,205716,48488,324001,265616,216988,197711,113534
STAT,(NULL),BarrierTime,44,7037182,621424,344235,381041,394328,376761,369969,365740,306668,302864,281044,244203,273485,267450,280066,270396,227633,211480,219284,177488,183399,170604,174102,30753,27669,27519,31600,28501,29669,22661,29752,30310,30587,30524,26930,28500,26828,29693,30568,30686,18100,30169,22050,19993,10456
STAT,(NULL),ConflictTime,44,0,0,0,0,0,0,0,0,0,0,0,0,0,0,0,0,0,0,0,0,0,0,0,0,0,0,0,0,0,0,0,0,0,0,0,0,0,0,0,0,0,0,0,0,0
STAT,(NULL),Conflicts,44,0,0,0,0,0,0,0,0,0,0,0,0,0,0,0,0,0,0,0,0,0,0,0,0,0,0,0,0,0,0,0,0,0,0,0,0,0,0,0,0,0,0,0,0,0
STAT,(NULL),EmptyPopTime,44,131654837,1902707,2755128,3042772,2726006,2714723,2681355,2960047,3021352,3110727,3017744,3136795,2944727,2837575,2970642,3154275,3171045,2792954,3008541,2961326,2771305,3180957,2782181,2847973,2967067,4291797,2848534,2845700,3198743,2941980,2870546,2754561,2877501,2879057,3047649,3083732,3184831,4343890,2997491,2746631,3041947,3129872,3244451,2940749,2925251
STAT,(NULL),EmptyWork,44,1670651580,119065329,35418894,37291885,34715510,32760491,35432913,37486355,36757509,36489298,37993047,37346956,35890020,33136078,37565563,38085846,37017354,36197869,34804464,35221365,33440497,37769926,35648222,35630966,36141923,36898037,35779775,35559047,37447668,36068303,36731343,36234065,35849105,35047221,34968312,37188920,36718493,35365618,36289005,33924929,37084733,37035489,37990914,34904738,36257585
STAT,(NULL),GaloisTime,44,5898231991,86630311,126237779,141447546,128045574,125393898,126909764,142145978,138816277,136003497,137115434,142914020,135246355,126223159,139507270,141084142,140299891,133589416,138848315,136869634,126122065,148008669,131107140,135710803,139825230,138865868,127930044,129641237,145698358,133171122,128535761,131108141,127898124,128947527,134056330,139203515,146940297,133536929,132553600,128113118,141710839,139982726,146767585,130522377,128946326
STAT,(NULL),InitPushTime,44,3037734,3384,190780,131750,40512,36556,40028,41476,40616,36083,35597,51050,38516,34769,34199,39128,35488,38836,38756,58244,32973,38940,37688,125365,122608,120197,121256,126969,122359,119951,123190,122944,88487,85272,87305,89350,88786,83707,88118,87922,33552,30057,30257,31413,33300
STAT,(NULL),Iterations,44,9366835,110187,227494,197736,228950,230495,228766,201707,202899,210928,205694,195168,207440,229393,205586,194943,195329,211190,209252,214415,229531,187169,217833,222408,211680,214225,234523,233653,195536,220001,232092,233634,232746,232619,221067,211698,196426,216855,217565,231535,208679,208453,200452,218214,230669
STAT,(NULL),LoopTime,44,2843476154,2843476154,0,0,0,0,0,0,0,0,0,0,0,0,0,0,0,0,0,0,0,0,0,0,0,0,0,0,0,0,0,0,0,0,0,0,0,0,0,0,0,0,0,0,0
STAT,(NULL),MeminfoPost,44,572,13,13,13,13,13,13,13,13,13,13,13,13,13,13,13,13,13,13,13,13,13,13,13,13,13,13,13,13,13,13,13,13,13,13,13,13,13,13,13,13,13,13,13,13
STAT,(NULL),MeminfoPre,44,572,13,13,13,13,13,13,13,13,13,13,13,13,13,13,13,13,13,13,13,13,13,13,13,13,13,13,13,13,13,13,13,13,13,13,13,13,13,13,13,13,13,13,13,13
STAT,(NULL),NumaPost,44,3731,1751,1305,575,100,0,0,0,0,0,0,0,0,0,0,0,0,0,0,0,0,0,0,0,0,0,0,0,0,0,0,0,0,0,0,0,0,0,0,0,0,0,0,0,0
STAT,(NULL),PopTime,44,22978065754,559657411,531007014,514414382,527226633,528737639,529930807,518187244,515726385,519708901,518156486,515018299,521581071,530525337,516945691,513309659,514441183,519477266,519205874,521645483,526957879,510537185,524028791,522690007,520250430,519567439,528329903,528082701,512981322,522434478,526044785,528885206,527040845,526557635,521078320,515176480,513454186,522853207,523142361,528307497,517852053,517965401,511256297,521605741,526082840
STAT,(NULL),PushTime,44,42295467503,997575709,962347726,968334160,952498171,949217834,951835270,960391964,966761971,958369804,959106152,963414333,958832854,951050601,965962397,962276182,971124886,966857768,965463260,956712098,951747947,971700416,966545354,963646018,963161081,968668551,947962913,951777685,963222617,964266103,955771703,951125011,957557856,957494288,956608059,966078945,961377044,966360607,962603148,949668761,957264587,958251580,967257338,963993321,963223430
STAT,(NULL),RusageSys,44,0,0,0,0,0,0,0,0,0,0,0,0,0,0,0,0,0,0,0,0,0,0,0,0,0,0,0,0,0,0,0,0,0,0,0,0,0,0,0,0,0,0,0,0,0
STAT,(NULL),RusageUser,44,54768000,54768000,0,0,0,0,0,0,0,0,0,0,0,0,0,0,0,0,0,0,0,0,0,0,0,0,0,0,0,0,0,0,0,0,0,0,0,0,0,0,0,0,0,0,0
STAT,(NULL),Threads,44,44,44,0,0,0,0,0,0,0,0,0,0,0,0,0,0,0,0,0,0,0,0,0,0,0,0,0,0,0,0,0,0,0,0,0,0,0,0,0,0,0,0,0,0,0
STAT,(NULL),Time,44,2844659182,2844659182,0,0,0,0,0,0,0,0,0,0,0,0,0,0,0,0,0,0,0,0,0,0,0,0,0,0,0,0,0,0,0,0,0,0,0,0,0,0,0,0,0,0,0
STAT,(NULL),TotalTime,44,12817130949,12817130949,0,0,0,0,0,0,0,0,0,0,0,0,0,0,0,0,0,0,0,0,0,0,0,0,0,0,0,0,0,0,0,0,0,0,0,0,0,0,0,0,0,0,0
STAT,(NULL),UserTime,44,48738240951,1001353463,1108423270,1101656842,1120976161,1127364641,1119397662,1105016406,1105104056,1112509882,1110802658,1104354358,1111694138,1122414820,1103235939,1108277336,1100132915,1107273697,1104860758,1112776348,1125148550,1094994189,1106079554,1105663536,1103844501,1097896129,1123336458,1118281929,1103639182,1107307842,1116235536,1116080651,1114965689,1115262979,1116430725,1105456072,1104513013,1103728068,1108602000,1123429822,1109237515,1109825998,1099674890,1112226174,1108754599
STAT,(NULL),Work,44,121717134205,2766290806,2766292555,2766291716,2766286438,2766294432,2766290556,2766294434,2766293150,2766308153,2766295144,2766291723,2766293253,2766308706,2766295817,2766293584,2766294706,2766304582,2766295056,2766290576,2766291070,2766293322,2766288390,2766299432,2766303873,2766304161,2766297615,2766295026,2766301750,2766309007,2766298674,2766298499,2766298692,2766297657,2766305335,2766303120,2766303860,2766302117,2766301622,2766298101,2766306210,2766298203,2766308533,2766308027,2766316522
STAT,(NULL),nBad,44,16347,382,239,1012,290,2023,130,91,322,82,892,44,222,1140,535,174,376,291,212,581,151,336,363,148,129,188,532,220,298,313,324,222,304,295,556,94,585,219,336,76,472,397,336,251,164
STAT,(NULL),nEmpty,44,4550466,53022,110641,95764,111645,111858,111181,96988,97455,102146,99510,93446,98408,111278,100795,92580,92909,103389,103742,104804,111611,91640,107017,109291,103498,105860,114130,113903,93104,107640,112976,113631,113112,113580,106920,103818,93789,105766,106205,112873,101538,101227,97760,105563,112453
STAT,(NULL),nEmptyPop,44,304782,3731,7415,6439,7448,7492,7432,6563,6608,6787,6695,6367,6770,7470,6690,6363,6374,6849,6815,6956,7472,6123,7097,7248,6872,6954,7630,7603,6376,7086,7548,7595,7575,7577,7174,6883,6404,7044,7084,7527,6743,6786,6508,7089,7520
STAT,(NULL),nOverall,44,77896105,938169,1837683,1642561,1870342,1935166,1863091,1722074,1737606,1853337,1823093,1662072,1821775,1900143,1647997,1721563,1716576,1662725,1589453,1735157,1886274,1565730,1683162,1779280,1731848,1651401,1953576,1901999,1753628,1833008,1905997,1915378,1903152,1866452,1878326,1752513,1709410,1803431,1800071,1897642,1765897,1834296,1658064,1904193,1880794
STAT,(NULL),nPop,44,9366835,110187,227494,197736,228950,230495,228766,201707,202899,210928,205694,195168,207440,229393,205586,194943,195329,211190,209252,214415,229531,187169,217833,222408,211680,214225,234523,233653,195536,220001,232092,233634,232746,232619,221067,211698,196426,216855,217565,231535,208679,208453,200452,218214,230669
STAT,(NULL),nPush,44,9366834,114259,222858,193008,224287,233704,224305,200526,213114,229867,223388,193434,221064,231653,200595,208117,213429,200590,189098,200690,226338,193458,205831,213811,209134,201614,235197,221420,216447,224104,227454,229162,221935,216210,220144,213580,205300,211374,216069,223040,210965,226274,204465,230821,224701
STAT,(NULL),nPushInit,44,1,0,1,0,0,0,0,0,0,0,0,0,0,0,0,0,0,0,0,0,0,0,0,0,0,0,0,0,0,0,0,0,0,0,0,0,0,0,0,0,0,0,0,0,0
==== BENCHMARK TOOK 6.840
==== BENCHMARK START ===
==== PARAMS kernel=4.9.5-64-net1 malloc=libc hostname=rack-castor threads=44 delta=4 prog=sssp-multiqueue4  ===
Galois Benchmark Suite v2.2.1 (r0)
Copyright (C) 2014 The University of Texas at Austin
http://iss.ices.utexas.edu/galois/

application: Single Source Shortest Path
Computes the shortest path from a source node to all nodes in a directed graph using a modified chaotic iteration algorithm
http://iss.ices.utexas.edu/?p=projects/galois/benchmarks/single_source_shortest_path

INFO: CommandLine ./build/debug/apps/sssp/sssp -noverify -t 44 -delta 4 -wl multiqueue4 -startNode 0 /specific/disk1/home/mad/Galois-PQ/inputs/ljournal-2008.gr
INFO: Hostname rack-castor
Read 5363260 nodes
Running Asynchronous with CAS version
INFO: Using delta-step of 1
WARNING: Performance varies considerably due to delta parameter.
WARNING: Do not expect the default to be good for your graph.
Node 1 has distance 126
STATTYPE,LOOP,CATEGORY,n,sum,T0,T1,T2,T3,T4,T5,T6,T7,T8,T9,T10,T11,T12,T13,T14,T15,T16,T17,T18,T19,T20,T21,T22,T23,T24,T25,T26,T27,T28,T29,T30,T31,T32,T33,T34,T35,T36,T37,T38,T39,T40,T41,T42,T43
STAT,(NULL),BadWork,44,10541079,154922,212859,278714,341618,211044,145767,277624,122377,978535,98331,233809,155853,479121,70647,308968,260139,326979,127569,69486,386821,85231,200447,294218,597326,60972,46528,90188,179028,513179,227543,163857,103908,59992,141580,272782,229886,286346,100669,451336,24627,401481,503883,128901,135988
STAT,(NULL),BarrierTime,44,8088400,612787,355126,433269,390946,366489,366656,359100,314526,319650,275159,194502,265544,281504,260152,278034,194901,210758,234905,200421,122541,115765,134079,58938,96880,81538,102805,73325,96108,71019,102295,102158,101761,101576,98896,101720,77879,102587,90453,102217,35161,62292,54180,34160,53638
STAT,(NULL),ConflictTime,44,0,0,0,0,0,0,0,0,0,0,0,0,0,0,0,0,0,0,0,0,0,0,0,0,0,0,0,0,0,0,0,0,0,0,0,0,0,0,0,0,0,0,0,0,0
STAT,(NULL),Conflicts,44,0,0,0,0,0,0,0,0,0,0,0,0,0,0,0,0,0,0,0,0,0,0,0,0,0,0,0,0,0,0,0,0,0,0,0,0,0,0,0,0,0,0,0,0,0
STAT,(NULL),EmptyPopTime,44,1601486355,37052362,36291355,36240847,36291920,36282352,36291333,36554383,36305936,36423697,36500836,36534921,36399139,36426130,36556374,36274271,36444356,36355751,36383561,36617956,36192673,36401816,36347447,36324380,36358391,36594790,36338917,36330748,36312355,36234985,36254429,36327879,36421832,36479847,36487316,36300483,36355711,36284444,36434954,36377643,36603751,36193102,36629422,36419483,36252077
STAT,(NULL),EmptyWork,44,1559442797,52169015,34529424,34826997,33029174,33637405,34516745,37590563,34615464,35626565,35517396,34812402,34666635,35605347,35203926,34083980,34475641,35005579,34449537,35444864,33845856,34489716,36412365,34973733,34133578,36686679,35615900,34959185,34035323,35901455,34365214,33880671,34965221,35610700,34573493,34543688,35130861,33838206,36313231,33883055,37433158,34227717,38588179,35904874,35324080
STAT,(NULL),GaloisTime,44,5867773219,64449086,128041355,129495835,127853261,128628058,127852670,144184612,130146539,142292726,140160552,142479822,129597407,142221381,141699634,129268359,141111790,128889409,132316907,139895180,128559000,133827192,129439753,137352532,137897281,150469941,128296679,137464988,135753798,130759040,127720113,130314343,134205068,142738907,138425239,133168120,140312737,127280781,138118992,129808983,144918551,130916595,146907833,135460558,127071612
STAT,(NULL),InitPushTime,44,2597489,3836,182280,94152,42100,42640,42940,43016,42580,40800,40932,67130,36135,39696,35704,40708,41520,36711,35270,38204,87736,87348,89906,128218,81176,85111,78417,125872,113279,127310,79598,79684,36836,35580,35224,34908,57538,35461,35118,35094,41413,30281,32932,42803,34292
STAT,(NULL),Iterations,44,9365367,116068,225703,219911,226494,226388,227714,190582,221329,202802,201954,202508,219858,194822,200511,218742,197168,217495,219334,203187,224309,209445,215267,216600,212188,195443,231890,214812,221588,222383,230522,231201,218563,205352,213395,227395,211321,228210,210326,228372,199941,228814,193914,213241,228305
STAT,(NULL),LoopTime,44,2918624031,2918624031,0,0,0,0,0,0,0,0,0,0,0,0,0,0,0,0,0,0,0,0,0,0,0,0,0,0,0,0,0,0,0,0,0,0,0,0,0,0,0,0,0,0,0
STAT,(NULL),MeminfoPost,44,572,13,13,13,13,13,13,13,13,13,13,13,13,13,13,13,13,13,13,13,13,13,13,13,13,13,13,13,13,13,13,13,13,13,13,13,13,13,13,13,13,13,13,13,13
STAT,(NULL),MeminfoPre,44,572,13,13,13,13,13,13,13,13,13,13,13,13,13,13,13,13,13,13,13,13,13,13,13,13,13,13,13,13,13,13,13,13,13,13,13,13,13,13,13,13,13,13,13,13
STAT,(NULL),NumaPost,44,3710,1733,1119,575,283,0,0,0,0,0,0,0,0,0,0,0,0,0,0,0,0,0,0,0,0,0,0,0,0,0,0,0,0,0,0,0,0,0,0,0,0,0,0,0,0
STAT,(NULL),PopTime,44,22694596545,461572406,522237647,520616416,521935648,523581024,526621164,511022138,520409896,509040097,513035181,508498036,522574795,507771345,509039560,516185030,508122836,519385598,517059108,513430395,522320450,515799875,520053409,516851851,517143343,503602086,522230559,514853437,518768051,518509682,523424430,522034687,518487957,511269877,511426317,522126080,516153447,524595987,516250795,521692533,509817532,525190373,507565958,515973428,526316081
STAT,(NULL),PushTime,44,42193337072,951112710,948742535,957201993,958422047,952295885,950690811,960746847,960422246,959562583,960196817,963364091,950458469,967938164,963678585,972296234,974970771,959814728,952983073,962585341,957204792,960756314,950974479,962021207,962443032,972424817,953208800,961655674,950138429,964268658,952612154,951387259,951700420,964959965,964172953,950106208,955106358,959472661,964897516,961277081,961358097,947875986,966509703,967810794,951509785
STAT,(NULL),RusageSys,44,0,0,0,0,0,0,0,0,0,0,0,0,0,0,0,0,0,0,0,0,0,0,0,0,0,0,0,0,0,0,0,0,0,0,0,0,0,0,0,0,0,0,0,0,0
STAT,(NULL),RusageUser,44,55212000,55212000,0,0,0,0,0,0,0,0,0,0,0,0,0,0,0,0,0,0,0,0,0,0,0,0,0,0,0,0,0,0,0,0,0,0,0,0,0,0,0,0,0,0,0
STAT,(NULL),Threads,44,44,44,0,0,0,0,0,0,0,0,0,0,0,0,0,0,0,0,0,0,0,0,0,0,0,0,0,0,0,0,0,0,0,0,0,0,0,0,0,0,0,0,0,0,0
STAT,(NULL),Time,44,2919905366,2919905366,0,0,0,0,0,0,0,0,0,0,0,0,0,0,0,0,0,0,0,0,0,0,0,0,0,0,0,0,0,0,0,0,0,0,0,0,0,0,0,0,0,0,0
STAT,(NULL),TotalTime,44,11382819964,11382819964,0,0,0,0,0,0,0,0,0,0,0,0,0,0,0,0,0,0,0,0,0,0,0,0,0,0,0,0,0,0,0,0,0,0,0,0,0,0,0,0,0,0,0
STAT,(NULL),UserTime,44,48773610297,1222054051,1118571627,1110031873,1110884583,1113988142,1112439301,1098313477,1106513028,1105465316,1103003864,1102724825,1114724754,1098453057,1102239185,1100305323,1093287785,1108964586,1115220970,1100439149,1110295294,1107138295,1115186508,1100888469,1100442980,1088636551,1112722945,1103146779,1113406364,1102740638,1114038348,1114471316,1112637042,1097355848,1103329976,1112173467,1105353919,1106942701,1096403000,1105378131,1098283697,1114011546,1092215525,1096845032,1111941030
STAT,(NULL),Work,44,122695742379,2788525395,2788531488,2788527612,2788539614,2788530355,2788534936,2788540068,2788530826,2788529097,2788540586,2788557647,2788555317,2788534352,2788561245,2788536500,2788558923,2788556944,2788530921,2788558933,2788544427,2788550737,2788530936,2788544227,2788543654,2788553325,2788531656,2788529818,2788537948,2788533257,2788537867,2788533108,2788537662,2788536224,2788541330,2788533401,2788537725,2788538080,2788550461,2788537776,2788539034,2788537314,2788534692,2788535713,2788531248
STAT,(NULL),nBad,44,13446,277,256,374,423,294,189,337,213,1176,45,338,194,642,92,417,275,365,168,77,501,121,315,300,580,59,35,142,212,657,308,207,138,67,232,348,275,372,145,587,32,636,693,143,189
STAT,(NULL),nEmpty,44,4549038,55968,109489,106312,109346,109818,110619,90675,107420,97696,97474,99846,106805,93763,98647,106474,97626,106137,107078,100155,109618,101995,102059,105846,104290,98079,112161,104790,106412,107097,111818,111441,105624,100251,103956,111373,101876,110879,102035,110710,96737,110655,93052,104028,110908
STAT,(NULL),nEmptyPop,44,812620,3913,21291,21078,21331,21308,21360,18477,21154,20565,20566,13150,13710,18612,13121,21063,13005,13642,21094,13193,16703,15107,20967,16450,16298,12945,21488,19256,19444,21177,21461,21466,19328,18785,19202,21186,20829,21379,16822,21398,18774,21374,18587,19193,21368
STAT,(NULL),nOverall,44,77893204,975860,1858051,1851320,1868873,1859755,1850626,1697323,1824274,1761763,1739022,1678339,1907655,1688261,1738799,1768356,1574662,1843868,1842679,1690683,1816914,1805354,1894003,1726768,1705729,1484252,1939575,1727590,1836088,1864893,1938248,1906853,1877206,1660384,1695167,1852965,1693537,1921343,1794489,1911925,1677654,1887791,1626567,1742919,1884821
STAT,(NULL),nPop,44,9365367,116068,225703,219911,226494,226388,227714,190582,221329,202802,201954,202508,219858,194822,200511,218742,197168,217495,219334,203187,224309,209445,215267,216600,212188,195443,231890,214812,221588,222383,230522,231201,218563,205352,213395,227395,211321,228210,210326,228372,199941,228814,193914,213241,228305
STAT,(NULL),nPush,44,9365366,117763,219795,222160,226568,223156,223104,208344,220367,217139,214062,198683,232990,209524,217435,216373,194289,219207,222399,199445,219064,219831,227781,201645,208190,175607,236697,199921,215407,217143,234700,228160,223293,203238,198790,220092,191740,231868,220800,232316,200844,227987,201262,202970,223217
STAT,(NULL),nPushInit,44,1,0,1,0,0,0,0,0,0,0,0,0,0,0,0,0,0,0,0,0,0,0,0,0,0,0,0,0,0,0,0,0,0,0,0,0,0,0,0,0,0,0,0,0,0
==== BENCHMARK TOOK 6.118
