==== BENCHMARK START ===
==== PARAMS kernel=4.9.5-64-net1 malloc=libc hostname=rack-castor threads=22 delta=4 prog=sssp-klsm2048  ===
ERROR: ld.so: object '/specific/disk1/home/adamx/malloc/lib64/libjemalloc.so' from LD_PRELOAD cannot be preloaded (cannot open shared object file): ignored.
Galois Benchmark Suite v2.2.1 (r0)
Copyright (C) 2014 The University of Texas at Austin
http://iss.ices.utexas.edu/galois/

application: Single Source Shortest Path
Computes the shortest path from a source node to all nodes in a directed graph using a modified chaotic iteration algorithm
http://iss.ices.utexas.edu/?p=projects/galois/benchmarks/single_source_shortest_path

INFO: CommandLine ./build/debug/apps/sssp/sssp -noverify -t 22 -delta 4 -wl klsm2048 -startNode 0 /specific/disk1/home/mad/Galois-PQ/inputs/road/USA-road-t.USA.gr
INFO: Hostname rack-castor
Read 23947347 nodes
Running Asynchronous with CAS version
INFO: Using delta-step of 1
WARNING: Performance varies considerably due to delta parameter.
WARNING: Do not expect the default to be good for your graph.
Node 1 has distance 5062
STATTYPE,LOOP,CATEGORY,n,sum,T0,T1,T2,T3,T4,T5,T6,T7,T8,T9,T10,T11,T12,T13,T14,T15,T16,T17,T18,T19,T20,T21
STAT,(NULL),BadWork,22,78262549129,3191331871,3398864674,2862760813,3995022352,3967514265,4366386707,3838617481,3456603197,4014845920,3243159408,3136735979,3819941370,3354850217,3507948999,3565850218,3811982913,3409119456,3213500171,4008619114,3418498699,2981259947,3699135358
STAT,(NULL),BarrierTime,22,4066276,508486,345790,303140,289899,287854,273031,262804,204888,214587,136068,151666,124195,160390,94057,122664,52605,120060,121864,121788,4300,81260,84880
STAT,(NULL),ConflictTime,22,0,0,0,0,0,0,0,0,0,0,0,0,0,0,0,0,0,0,0,0,0,0,0
STAT,(NULL),Conflicts,22,0,0,0,0,0,0,0,0,0,0,0,0,0,0,0,0,0,0,0,0,0,0,0
STAT,(NULL),EmptyPopTime,22,58949774,2614865,3227022,2670838,2748325,2997410,2627841,2923006,1996049,2944500,2263542,2247818,3188810,3291751,2020191,2676588,3227969,2691084,2161221,2314429,3377317,3295841,1443357
STAT,(NULL),EmptyWork,22,1843154150,78298674,80647276,84120642,90055917,82948949,80688700,84114084,80513908,86654192,80582340,86824648,87798927,82564530,79376920,81753293,81094785,84194813,84047602,83110668,90208220,93849974,79705088
STAT,(NULL),GaloisTime,22,75260567746,3396157674,3403505836,3421645588,3404186517,3401117537,3414528073,3432431459,3438954800,3415727420,3434123755,3426109950,3411218375,3434424828,3448259940,3418455915,3425448006,3421222017,3433721511,3432666681,3413588595,3404387681,3428685588
STAT,(NULL),InitPushTime,22,964469,30106,10887,91156,37033,36526,36059,40744,40584,35531,66110,65259,64834,38544,47289,40468,53695,38704,37308,36916,41312,37764,37640
STAT,(NULL),Iterations,22,62137217,2804219,3308731,2614629,3311368,3312778,3318034,2681769,2646473,2751820,2699930,2678617,2902079,2602178,2777876,2815851,2855319,2676269,2597966,2670890,2679172,2716858,2714391
STAT,(NULL),LoopTime,22,19813978723,19813978723,0,0,0,0,0,0,0,0,0,0,0,0,0,0,0,0,0,0,0,0,0
STAT,(NULL),MeminfoPost,22,2222,101,101,101,101,101,101,101,101,101,101,101,101,101,101,101,101,101,101,101,101,101,101
STAT,(NULL),MeminfoPre,22,2222,101,101,101,101,101,101,101,101,101,101,101,101,101,101,101,101,101,101,101,101,101,101
STAT,(NULL),NumaPost,22,11700,9838,854,840,168,0,0,0,0,0,0,0,0,0,0,0,0,0,0,0,0,0,0
STAT,(NULL),PopTime,22,110211683740,4968719828,4987103468,5016349534,4986322204,4991814526,5001590216,5028116825,5017141720,5023721024,4997130190,4998291217,5021968919,5031224754,5001920485,5020948181,5015720847,5023413236,5011081558,5017882397,5021299044,5034076631,4995846936
STAT,(NULL),PushTime,22,95000001668,4430567415,4256346126,4317535497,4310365986,4308921093,4317966350,4317933469,4327161216,4354393630,4328966513,4314498041,4299871983,4316089868,4305283649,4305298896,4300606727,4309290896,4301495817,4316037130,4316212900,4303992370,4341166096
STAT,(NULL),RusageSys,22,12000,12000,0,0,0,0,0,0,0,0,0,0,0,0,0,0,0,0,0,0,0,0,0
STAT,(NULL),RusageUser,22,192852000,192852000,0,0,0,0,0,0,0,0,0,0,0,0,0,0,0,0,0,0,0,0,0
STAT,(NULL),Threads,22,22,22,0,0,0,0,0,0,0,0,0,0,0,0,0,0,0,0,0,0,0,0,0
STAT,(NULL),Time,22,19840689848,19840689848,0,0,0,0,0,0,0,0,0,0,0,0,0,0,0,0,0,0,0,0,0
STAT,(NULL),TotalTime,22,28717025644,28717025644,0,0,0,0,0,0,0,0,0,0,0,0,0,0,0,0,0,0,0,0,0
STAT,(NULL),UserTime,22,141442556141,6388046965,6533575754,6422083229,6470726687,6476605797,6447004811,6398886779,6398638617,6380964881,6421336320,6436431004,6440355971,6396809873,6427542973,6435272871,6438304975,6423593470,6431898395,6412394573,6419719116,6424803529,6417559551
STAT,(NULL),Work,22,423818996431,19264493967,19264543781,19264482928,19264483577,19264482676,19264483780,19264484730,19264483518,19264484167,19264501133,19264480730,19264483210,19264504458,19264553552,19264542168,19264524720,19264483556,19264483616,19264484974,19264562288,19264483482,19264485420
STAT,(NULL),nBad,22,80997542,3290858,3581778,2934883,4137845,4157160,4560150,4096175,3614774,4177652,3314093,3296085,3931234,3471262,3550983,3676166,3911328,3612657,3272513,4055640,3503742,3107163,3743401
STAT,(NULL),nEmpty,22,5970539,255315,307575,255075,333652,316998,307089,259177,245809,277236,249773,267113,289232,247653,254058,262374,264666,256322,251332,254462,278349,288186,249093
STAT,(NULL),nEmptyPop,22,18719,868,1013,880,965,927,937,918,739,848,784,737,977,751,705,792,884,864,779,742,833,1099,677
STAT,(NULL),nOverall,22,139330883,6265058,7393497,5857832,7458498,7404470,7402137,6020733,5916407,6198023,6022697,6018139,6529116,5830897,6236011,6315790,6402494,5986526,5846115,5986028,6036806,6127436,6076173
STAT,(NULL),nPop,22,62137217,2804219,3308731,2614629,3311368,3312778,3318034,2681769,2646473,2751820,2699930,2678617,2902079,2602178,2777876,2815851,2855319,2676269,2597966,2670890,2679172,2716858,2714391
STAT,(NULL),nPush,22,62137214,2804018,3307969,2616919,3314122,3315244,3320944,2678362,2643146,2753474,2699463,2677575,2901352,2602983,2776898,2818532,2854345,2674249,2595312,2671584,2678685,2714898,2717140
STAT,(NULL),nPushInit,22,3,1,1,1,0,0,0,0,0,0,0,0,0,0,0,0,0,0,0,0,0,0,0
==== BENCHMARK TOOK 13.851
==== BENCHMARK START ===
==== PARAMS kernel=4.9.5-64-net1 malloc=libc hostname=rack-castor threads=22 delta=4 prog=sssp-klsm2048  ===
ERROR: ld.so: object '/specific/disk1/home/adamx/malloc/lib64/libjemalloc.so' from LD_PRELOAD cannot be preloaded (cannot open shared object file): ignored.
Galois Benchmark Suite v2.2.1 (r0)
Copyright (C) 2014 The University of Texas at Austin
http://iss.ices.utexas.edu/galois/

application: Single Source Shortest Path
Computes the shortest path from a source node to all nodes in a directed graph using a modified chaotic iteration algorithm
http://iss.ices.utexas.edu/?p=projects/galois/benchmarks/single_source_shortest_path

INFO: CommandLine ./build/debug/apps/sssp/sssp -noverify -t 22 -delta 4 -wl klsm2048 -startNode 0 /specific/disk1/home/mad/Galois-PQ/inputs/road/USA-road-t.USA.gr
INFO: Hostname rack-castor
Read 23947347 nodes
Running Asynchronous with CAS version
INFO: Using delta-step of 1
WARNING: Performance varies considerably due to delta parameter.
WARNING: Do not expect the default to be good for your graph.
Node 1 has distance 5062
STATTYPE,LOOP,CATEGORY,n,sum,T0,T1,T2,T3,T4,T5,T6,T7,T8,T9,T10,T11,T12,T13,T14,T15,T16,T17,T18,T19,T20,T21
STAT,(NULL),BadWork,22,76555417276,3983133978,3659898658,3170842262,3830719953,3629803713,3732551401,3296921924,4487929909,3598270488,3179008814,3800450818,3168773771,3304661452,3257305004,3811703890,3095116122,3173134245,3348638707,3579571076,3130740439,2833686612,3482554040
STAT,(NULL),BarrierTime,22,4811223,490036,423599,266830,312970,257130,302719,287809,212520,197609,155417,239748,214008,198787,205025,212224,145040,132120,83364,133998,94385,91165,154720
STAT,(NULL),ConflictTime,22,0,0,0,0,0,0,0,0,0,0,0,0,0,0,0,0,0,0,0,0,0,0,0
STAT,(NULL),Conflicts,22,0,0,0,0,0,0,0,0,0,0,0,0,0,0,0,0,0,0,0,0,0,0,0
STAT,(NULL),EmptyPopTime,22,70084792,1495155,3005989,3427875,2738022,3428043,3416542,2913678,1764089,3700463,5074805,3946274,3539983,3201168,2684727,3162899,2018010,5240622,3492780,2221462,2477723,4265942,2868541
STAT,(NULL),EmptyWork,22,1752970809,80560580,80934084,77420716,82209900,80709741,81913550,81220820,68512762,77660765,75340074,77348558,84348323,75968701,77908832,78187627,80475810,83770792,86640759,78064887,78723378,80876866,84173284
STAT,(NULL),GaloisTime,22,73037430279,3317343719,3304593751,3337702469,3308150105,3300248209,3283868934,3315090290,3336732504,3319893614,3320210471,3327252287,3320865886,3315212301,3356396174,3312672139,3320604653,3311583470,3319255384,3343148339,3344862851,3311182307,3310560422
STAT,(NULL),InitPushTime,22,901569,36188,10852,97863,40959,39864,35965,40936,50107,35628,35694,39036,34815,38608,38216,36195,39580,35027,37256,44348,62084,37976,34372
STAT,(NULL),Iterations,22,62604508,2775125,3213783,2669434,3213359,3222818,3204610,2752027,2840434,2830452,2757022,2893087,2722489,2616519,2681209,2986656,2658118,2704471,2917646,2738298,2604149,2675813,2926989
STAT,(NULL),LoopTime,22,19257361428,19257361428,0,0,0,0,0,0,0,0,0,0,0,0,0,0,0,0,0,0,0,0,0
STAT,(NULL),MeminfoPost,22,2222,101,101,101,101,101,101,101,101,101,101,101,101,101,101,101,101,101,101,101,101,101,101
STAT,(NULL),MeminfoPre,22,2222,101,101,101,101,101,101,101,101,101,101,101,101,101,101,101,101,101,101,101,101,101,101
STAT,(NULL),NumaPost,22,11730,9883,853,826,168,0,0,0,0,0,0,0,0,0,0,0,0,0,0,0,0,0,0
STAT,(NULL),PopTime,22,107217754030,4825837504,4879821784,4886350061,4867900354,4852487104,4860180510,4880346956,4850727524,4860927061,4888303816,4883941132,4884345361,4860185073,4867006236,4863586546,4878517342,4895921004,4871431860,4895528683,4894513880,4882453471,4887440768
STAT,(NULL),PushTime,22,92284276195,4308894222,4158685280,4175706061,4186375661,4184276418,4237633816,4193393964,4198718964,4223402019,4196781916,4169144598,4181038875,4247008303,4170558624,4213517789,4190009012,4168887003,4174240373,4176247475,4166990998,4180207626,4182557198
STAT,(NULL),RusageSys,22,20000,20000,0,0,0,0,0,0,0,0,0,0,0,0,0,0,0,0,0,0,0,0,0
STAT,(NULL),RusageUser,22,187464000,187464000,0,0,0,0,0,0,0,0,0,0,0,0,0,0,0,0,0,0,0,0,0
STAT,(NULL),Threads,22,22,22,0,0,0,0,0,0,0,0,0,0,0,0,0,0,0,0,0,0,0,0,0
STAT,(NULL),Time,22,19288027337,19288027337,0,0,0,0,0,0,0,0,0,0,0,0,0,0,0,0,0,0,0,0,0
STAT,(NULL),TotalTime,22,28212304024,28212304024,0,0,0,0,0,0,0,0,0,0,0,0,0,0,0,0,0,0,0,0,0
STAT,(NULL),UserTime,22,137619916236,6192342752,6299433514,6245863812,6279100491,6305325616,6259461469,6253508238,6270018224,6240891158,6240764877,6264840876,6252336495,6224898799,6251920301,6255347914,6254848677,6261071773,6271413716,6231262412,6238902218,6267488574,6258874330
STAT,(NULL),Work,22,411984678816,18726565952,18726554725,18726607882,18726555217,18726619657,18726556579,18726566131,18726554768,18726609600,18726649005,18726555848,18726554532,18726567351,18726554971,18726559045,18726557804,18726579790,18726628931,18726554085,18726552119,18726616668,18726558156
STAT,(NULL),nBad,22,81991232,4285871,3965554,3378225,4116269,3855340,4074449,3523412,4765115,3827022,3452492,3954574,3430284,3535699,3447515,4247322,3324306,3383248,3569001,3753309,3354240,3010639,3737346
STAT,(NULL),nEmpty,22,5879976,261319,297104,243994,313540,307678,305745,264436,230896,258860,247726,266946,259536,239019,248073,275519,253605,268161,299698,251336,241529,256254,289002
STAT,(NULL),nEmptyPop,22,22936,748,1041,1077,1070,1196,1138,974,784,1173,1185,1379,1129,942,966,1035,752,1250,1110,896,821,1238,1032
STAT,(NULL),nOverall,22,140324573,6240707,7168333,5984082,7222075,7209398,7175962,6203910,6358800,6322644,6142920,6482559,6109964,5856415,6023118,6677243,5982651,6080504,6555320,6123727,5853584,5987777,6562880
STAT,(NULL),nPop,22,62604508,2775125,3213783,2669434,3213359,3222818,3204610,2752027,2840434,2830452,2757022,2893087,2722489,2616519,2681209,2986656,2658118,2704471,2917646,2738298,2604149,2675813,2926989
STAT,(NULL),nPush,22,62604505,2781673,3213788,2666605,3219821,3223931,3205880,2751527,2837516,2829675,2758397,2892475,2724494,2615534,2679538,2990592,2657606,2700058,2918026,2735932,2603521,2671228,2926688
STAT,(NULL),nPushInit,22,3,1,1,1,0,0,0,0,0,0,0,0,0,0,0,0,0,0,0,0,0,0,0
==== BENCHMARK TOOK 13.559
==== BENCHMARK START ===
==== PARAMS kernel=4.9.5-64-net1 malloc=libc hostname=rack-castor threads=22 delta=4 prog=sssp-klsm2048  ===
ERROR: ld.so: object '/specific/disk1/home/adamx/malloc/lib64/libjemalloc.so' from LD_PRELOAD cannot be preloaded (cannot open shared object file): ignored.
Galois Benchmark Suite v2.2.1 (r0)
Copyright (C) 2014 The University of Texas at Austin
http://iss.ices.utexas.edu/galois/

application: Single Source Shortest Path
Computes the shortest path from a source node to all nodes in a directed graph using a modified chaotic iteration algorithm
http://iss.ices.utexas.edu/?p=projects/galois/benchmarks/single_source_shortest_path

INFO: CommandLine ./build/debug/apps/sssp/sssp -noverify -t 22 -delta 4 -wl klsm2048 -startNode 0 /specific/disk1/home/mad/Galois-PQ/inputs/road/USA-road-t.USA.gr
INFO: Hostname rack-castor
Read 23947347 nodes
Running Asynchronous with CAS version
INFO: Using delta-step of 1
WARNING: Performance varies considerably due to delta parameter.
WARNING: Do not expect the default to be good for your graph.
Node 1 has distance 5062
STATTYPE,LOOP,CATEGORY,n,sum,T0,T1,T2,T3,T4,T5,T6,T7,T8,T9,T10,T11,T12,T13,T14,T15,T16,T17,T18,T19,T20,T21
STAT,(NULL),BadWork,22,75660444944,3643179267,3886409816,2994960957,4114548725,3333824188,3590307875,4116297182,3152940261,3287221680,3244350507,3174066665,3994277862,3510611030,3355017222,3351352147,3090549189,3336853570,3147107335,3512868327,2753618772,3043239086,4026843281
STAT,(NULL),BarrierTime,22,3431513,473280,377311,341416,263708,203817,251234,154548,129610,175808,120100,122428,78746,90315,90346,8155,93162,11711,87708,93988,90956,86167,86999
STAT,(NULL),ConflictTime,22,0,0,0,0,0,0,0,0,0,0,0,0,0,0,0,0,0,0,0,0,0,0,0
STAT,(NULL),Conflicts,22,0,0,0,0,0,0,0,0,0,0,0,0,0,0,0,0,0,0,0,0,0,0,0
STAT,(NULL),EmptyPopTime,22,49454009,1806534,3495730,1771880,2522613,2317660,2201292,2893584,2628634,3190487,1642403,2500745,1547730,2615069,1230056,2784595,2561212,1595271,1076338,1368051,2196837,3298176,2209112
STAT,(NULL),EmptyWork,22,1716716646,75242276,77988969,82895512,79311786,80822179,82420492,65226516,81268704,74650015,75689786,79915870,75233698,77557423,76994607,78804720,75573082,78456540,72885598,80500662,85120859,80400468,79756884
STAT,(NULL),GaloisTime,22,72879113763,3275167114,3292229777,3317152913,3305399678,3282575644,3295131335,3328525475,3317731812,3325672769,3334152712,3336220213,3333186385,3324268004,3316494456,3326722934,3313770641,3286861881,3331180954,3321723583,3311584476,3315229388,3288131619
STAT,(NULL),InitPushTime,22,845846,34476,11682,59944,39078,38942,36013,42276,40520,40768,39416,38652,34378,38084,34220,64827,35313,35042,37000,33179,36544,37824,37668
STAT,(NULL),Iterations,22,61427456,2885331,3200218,2641821,3204889,3205722,3195068,2661836,2626447,2639496,2611205,2611223,2665178,2766396,2592880,2681438,2822279,2716484,2754034,2698864,2638399,2697500,2910748
STAT,(NULL),LoopTime,22,19220461733,19220461733,0,0,0,0,0,0,0,0,0,0,0,0,0,0,0,0,0,0,0,0,0
STAT,(NULL),MeminfoPost,22,2222,101,101,101,101,101,101,101,101,101,101,101,101,101,101,101,101,101,101,101,101,101,101
STAT,(NULL),MeminfoPre,22,2222,101,101,101,101,101,101,101,101,101,101,101,101,101,101,101,101,101,101,101,101,101,101
STAT,(NULL),NumaPost,22,11602,9742,851,659,350,0,0,0,0,0,0,0,0,0,0,0,0,0,0,0,0,0,0
STAT,(NULL),PopTime,22,107820802439,4864672681,4886367800,4908426770,4897163651,4882564863,4883070009,4894710021,4916544568,4911876174,4888592217,4882829410,4942316853,4918968882,4909692886,4914123566,4887158457,4887324985,4891864398,4924503393,4936772711,4914105384,4877152760
STAT,(NULL),PushTime,22,91821446168,4276237407,4136088969,4151603109,4152123463,4164804890,4176377127,4170932185,4170996184,4152831765,4173836623,4177120314,4186803294,4147919867,4185299198,4158181025,4161177417,4191118767,4152633240,4171003538,4155913073,4171010566,4237434147
STAT,(NULL),RusageSys,22,12000,12000,0,0,0,0,0,0,0,0,0,0,0,0,0,0,0,0,0,0,0,0,0
STAT,(NULL),RusageUser,22,187376000,187376000,0,0,0,0,0,0,0,0,0,0,0,0,0,0,0,0,0,0,0,0,0
STAT,(NULL),Threads,22,22,22,0,0,0,0,0,0,0,0,0,0,0,0,0,0,0,0,0,0,0,0,0
STAT,(NULL),Time,22,19250838028,19250838028,0,0,0,0,0,0,0,0,0,0,0,0,0,0,0,0,0,0,0,0,0
STAT,(NULL),TotalTime,22,27447106788,27447106788,0,0,0,0,0,0,0,0,0,0,0,0,0,0,0,0,0,0,0,0,0
STAT,(NULL),UserTime,22,137494168070,6224223858,6321178098,6255499724,6280828816,6304264947,6278149967,6255063402,6228180146,6249128054,6243435539,6238764402,6178262175,6246020948,6227639641,6236730720,6277108865,6271992695,6267709714,6218251670,6225762816,6233306079,6232665794
STAT,(NULL),Work,22,411784259124,18717443907,18717433298,18717433608,18717434263,18717499200,18717433604,18717515392,18717482012,18717433180,18717497664,18717498458,18717513647,18717493620,18717499791,18717516044,18717433645,18717520107,18717434046,18717441042,18717434436,18717434458,18717433702
STAT,(NULL),nBad,22,79178612,3863548,4055667,3161978,4268551,3549915,3906429,4149857,3358864,3415540,3337711,3305841,4221699,3675129,3462418,3499307,3254525,3488075,3282302,3693444,2882759,3198756,4146297
STAT,(NULL),nEmpty,22,5685607,256765,297508,257684,297221,307847,313988,209342,254521,235226,230581,245839,237633,257488,232940,251447,251930,254966,240789,257590,265650,257526,271126
STAT,(NULL),nEmptyPop,22,16520,716,1080,602,927,912,787,670,715,843,640,786,603,882,529,828,803,568,511,541,733,1033,811
STAT,(NULL),nOverall,22,137511953,6442946,7153007,5940604,7186352,7194297,7198482,5869333,5900195,5912200,5840157,5866655,5965981,6213920,5793562,6009056,6292505,6076236,6145486,6049088,5912765,6032343,6516783
STAT,(NULL),nPop,22,61427456,2885331,3200218,2641821,3204889,3205722,3195068,2661836,2626447,2639496,2611205,2611223,2665178,2766396,2592880,2681438,2822279,2716484,2754034,2698864,2638399,2697500,2910748
STAT,(NULL),nPush,22,61427453,2882706,3199793,2644283,3205889,3206487,3198879,2659806,2626940,2638786,2608507,2612157,2668703,2765798,2593188,2682790,2821144,2719371,2751641,2699009,2634171,2692541,2914864
STAT,(NULL),nPushInit,22,3,1,1,1,0,0,0,0,0,0,0,0,0,0,0,0,0,0,0,0,0,0,0
==== BENCHMARK TOOK 13.182
==== BENCHMARK START ===
==== PARAMS kernel=4.9.5-64-net1 malloc=libc hostname=rack-castor threads=22 delta=4 prog=sssp-klsm2048  ===
ERROR: ld.so: object '/specific/disk1/home/adamx/malloc/lib64/libjemalloc.so' from LD_PRELOAD cannot be preloaded (cannot open shared object file): ignored.
Galois Benchmark Suite v2.2.1 (r0)
Copyright (C) 2014 The University of Texas at Austin
http://iss.ices.utexas.edu/galois/

application: Single Source Shortest Path
Computes the shortest path from a source node to all nodes in a directed graph using a modified chaotic iteration algorithm
http://iss.ices.utexas.edu/?p=projects/galois/benchmarks/single_source_shortest_path

INFO: CommandLine ./build/debug/apps/sssp/sssp -noverify -t 22 -delta 4 -wl klsm2048 -startNode 0 /specific/disk1/home/mad/Galois-PQ/inputs/road/USA-road-t.USA.gr
INFO: Hostname rack-castor
Read 23947347 nodes
Running Asynchronous with CAS version
INFO: Using delta-step of 1
WARNING: Performance varies considerably due to delta parameter.
WARNING: Do not expect the default to be good for your graph.
Node 1 has distance 5062
STATTYPE,LOOP,CATEGORY,n,sum,T0,T1,T2,T3,T4,T5,T6,T7,T8,T9,T10,T11,T12,T13,T14,T15,T16,T17,T18,T19,T20,T21
STAT,(NULL),BadWork,22,75313628772,3569597176,3594899312,3963296347,3531736105,3919754491,3544694283,3663626743,3660120449,3467824748,2826613596,3331409691,3232739995,2734104140,3482846489,3368676502,3769275216,3512789580,3419325095,2594400303,2912806291,3230021388,3983070832
STAT,(NULL),BarrierTime,22,4583426,518332,434124,408520,304396,308901,333587,300320,196328,203003,103506,158206,209577,156540,156395,194416,86764,54869,120652,66401,103012,100618,64959
STAT,(NULL),ConflictTime,22,0,0,0,0,0,0,0,0,0,0,0,0,0,0,0,0,0,0,0,0,0,0,0
STAT,(NULL),Conflicts,22,0,0,0,0,0,0,0,0,0,0,0,0,0,0,0,0,0,0,0,0,0,0,0
STAT,(NULL),EmptyPopTime,22,47889058,1841730,2964371,1834311,3024850,2253750,2467953,1270296,1115757,2995882,1578880,2005794,2004885,2498251,2155377,1776551,2881585,2705530,2519372,3306292,1518342,1824592,1344707
STAT,(NULL),EmptyWork,22,1779043704,77827487,83311681,77594622,80353395,83182979,83978932,78875349,76743435,78844862,85195240,84545883,75097747,85384340,78869810,79814969,82711042,84139526,80309942,82880729,75912392,82246502,81222840
STAT,(NULL),GaloisTime,22,73402295089,3305788225,3321677060,3369093778,3301744357,3308097620,3306883089,3340378212,3363313339,3344684159,3367494786,3347488672,3340016730,3340604472,3355298059,3337315578,3326377213,3333760366,3340378502,3339705904,3346150141,3336233690,3329811137
STAT,(NULL),InitPushTime,22,992821,34840,18641,61580,36360,36386,36884,40716,40584,39380,61576,61178,65039,64738,64372,39604,39584,60474,37280,43956,36752,38480,34417
STAT,(NULL),Iterations,22,61143829,2720505,3228908,2659618,3219779,3226784,3230044,2589436,2652762,2698391,2554274,2586350,2659353,2590550,2650002,2815948,2751621,2690071,2761081,2564763,2683739,2639881,2969969
STAT,(NULL),LoopTime,22,19298412693,19298412693,0,0,0,0,0,0,0,0,0,0,0,0,0,0,0,0,0,0,0,0,0
STAT,(NULL),MeminfoPost,22,2222,101,101,101,101,101,101,101,101,101,101,101,101,101,101,101,101,101,101,101,101,101,101
STAT,(NULL),MeminfoPre,22,2222,101,101,101,101,101,101,101,101,101,101,101,101,101,101,101,101,101,101,101,101,101,101
STAT,(NULL),NumaPost,22,11680,9819,1034,659,168,0,0,0,0,0,0,0,0,0,0,0,0,0,0,0,0,0,0
STAT,(NULL),PopTime,22,107627457457,4872253018,4881775602,4896854855,4876844336,4876579251,4884992911,4874412344,4890434997,4916683170,4894710921,4911830241,4913840537,4894693918,4893690233,4875303540,4889484876,4921952314,4903251612,4890314640,4876613810,4893776073,4897164258
STAT,(NULL),PushTime,22,92635810023,4313136263,4184744726,4210884206,4205648120,4208103139,4190869874,4229238797,4195337003,4194854960,4190529611,4211970095,4207988567,4194311586,4204043675,4203507574,4238293292,4216485271,4204972724,4202475201,4212555035,4205514658,4210345646
STAT,(NULL),RusageSys,22,80000,80000,0,0,0,0,0,0,0,0,0,0,0,0,0,0,0,0,0,0,0,0,0
STAT,(NULL),RusageUser,22,188132000,188132000,0,0,0,0,0,0,0,0,0,0,0,0,0,0,0,0,0,0,0,0,0
STAT,(NULL),Threads,22,22,22,0,0,0,0,0,0,0,0,0,0,0,0,0,0,0,0,0,0,0,0,0
STAT,(NULL),Time,22,19331356432,19331356432,0,0,0,0,0,0,0,0,0,0,0,0,0,0,0,0,0,0,0,0,0
STAT,(NULL),TotalTime,22,27813281050,27813281050,0,0,0,0,0,0,0,0,0,0,0,0,0,0,0,0,0,0,0,0,0
STAT,(NULL),UserTime,22,138097580939,6228701933,6325072747,6243286770,6331933995,6321333261,6330357817,6275374332,6272604637,6261485966,6260038432,6241707223,6260599336,6282053555,6265490069,6301832436,6259802281,6240504001,6268117780,6280868849,6286799952,6279954229,6279661338
STAT,(NULL),Work,22,413592026304,18799639508,18799623974,18799627934,18799638231,18799627446,18799627993,18799631334,18799638220,18799626188,18799683266,18799627194,18799628197,18799627294,18799626504,18799644202,18799685167,18799624660,18799655900,18799653560,18799634516,18799627353,18799627663
STAT,(NULL),nBad,22,78769302,3624569,3876450,4048799,3904462,4032803,3798548,3598830,3854112,3611249,3010394,3544304,3369687,2792636,3682068,3444835,3943375,3685516,3600859,2733833,3004324,3352530,4255119
STAT,(NULL),nEmpty,22,5789610,252403,310957,244294,305227,311950,315318,241280,242798,249944,257906,256771,236023,252980,237726,269342,261358,259437,257368,250541,238782,256844,280361
STAT,(NULL),nEmptyPop,22,13561,500,817,536,980,703,786,456,330,762,418,626,531,591,629,455,792,724,670,717,424,612,502
STAT,(NULL),nOverall,22,137102643,6110345,7243094,5926541,7208438,7256403,7264111,5787907,5983286,6019458,5761544,5817152,5942809,5811619,5913416,6325125,6159199,6025342,6194881,5759897,5996796,5943884,6651396
STAT,(NULL),nPop,22,61143829,2720505,3228908,2659618,3219779,3226784,3230044,2589436,2652762,2698391,2554274,2586350,2659353,2590550,2650002,2815948,2751621,2690071,2761081,2564763,2683739,2639881,2969969
STAT,(NULL),nPush,22,61143826,2722593,3233267,2655476,3221068,3230313,3228034,2589906,2652140,2694694,2556566,2582849,2657525,2585973,2653004,2817550,2751895,2689112,2762090,2566922,2682662,2639920,2970267
STAT,(NULL),nPushInit,22,3,1,1,1,0,0,0,0,0,0,0,0,0,0,0,0,0,0,0,0,0,0,0
==== BENCHMARK TOOK 13.350
==== BENCHMARK START ===
==== PARAMS kernel=4.9.5-64-net1 malloc=libc hostname=rack-castor threads=22 delta=4 prog=sssp-klsm2048  ===
ERROR: ld.so: object '/specific/disk1/home/adamx/malloc/lib64/libjemalloc.so' from LD_PRELOAD cannot be preloaded (cannot open shared object file): ignored.
Galois Benchmark Suite v2.2.1 (r0)
Copyright (C) 2014 The University of Texas at Austin
http://iss.ices.utexas.edu/galois/

application: Single Source Shortest Path
Computes the shortest path from a source node to all nodes in a directed graph using a modified chaotic iteration algorithm
http://iss.ices.utexas.edu/?p=projects/galois/benchmarks/single_source_shortest_path

INFO: CommandLine ./build/debug/apps/sssp/sssp -noverify -t 22 -delta 4 -wl klsm2048 -startNode 0 /specific/disk1/home/mad/Galois-PQ/inputs/road/USA-road-t.USA.gr
INFO: Hostname rack-castor
Read 23947347 nodes
Running Asynchronous with CAS version
INFO: Using delta-step of 1
WARNING: Performance varies considerably due to delta parameter.
WARNING: Do not expect the default to be good for your graph.
Node 1 has distance 5062
STATTYPE,LOOP,CATEGORY,n,sum,T0,T1,T2,T3,T4,T5,T6,T7,T8,T9,T10,T11,T12,T13,T14,T15,T16,T17,T18,T19,T20,T21
STAT,(NULL),BadWork,22,76749118808,3427783687,3970288557,3250346414,3532055244,3434489194,3852907244,3308345326,3090266866,3206510968,3401400294,3334543299,4037014084,3646117805,3058792306,3344505489,3448659225,4165459521,3139706604,3466523706,3563908590,3442951010,3626543375
STAT,(NULL),BarrierTime,22,5004189,499273,447520,272484,345269,325672,325840,304751,208446,262201,205354,204100,235133,140591,180707,204076,139838,128995,129636,147341,118992,55190,122780
STAT,(NULL),ConflictTime,22,0,0,0,0,0,0,0,0,0,0,0,0,0,0,0,0,0,0,0,0,0,0,0
STAT,(NULL),Conflicts,22,0,0,0,0,0,0,0,0,0,0,0,0,0,0,0,0,0,0,0,0,0,0,0
STAT,(NULL),EmptyPopTime,22,68631137,2857166,3324845,3788829,2106118,2661186,2939462,4855488,3074878,3070816,3601737,3713472,2161221,3972925,2591309,3021081,2795523,3274971,2827363,2878198,3579763,3161264,2373522
STAT,(NULL),EmptyWork,22,1771056027,78527591,81345023,85289626,85598107,81770075,79446288,80774700,87373032,78595307,81087332,84338467,78799840,72709140,82291103,78349898,85770450,76766233,74677281,80945217,77397325,77756011,81447981
STAT,(NULL),GaloisTime,22,74080042325,3358935787,3350064413,3377420335,3325243120,3352134312,3355491525,3354949352,3366786011,3368929381,3381670797,3391808675,3379157045,3369249539,3362145183,3364086369,3349770258,3373134886,3390568332,3384333468,3378128405,3373220937,3372814195
STAT,(NULL),InitPushTime,22,1001896,68629,10971,112866,36909,36593,36584,36915,47648,41016,48835,38964,38464,38336,64101,44468,35789,50825,37260,51259,38056,49468,37940
STAT,(NULL),Iterations,22,62391763,2879821,3264478,2650434,3244532,3261770,3252465,2805325,2717006,2943363,2761870,2557145,2778599,2701751,2696958,2718587,2868455,2883189,2493712,2653216,2779060,2695965,2784062
STAT,(NULL),LoopTime,22,20360904133,20360904133,0,0,0,0,0,0,0,0,0,0,0,0,0,0,0,0,0,0,0,0,0
STAT,(NULL),MeminfoPost,22,2222,101,101,101,101,101,101,101,101,101,101,101,101,101,101,101,101,101,101,101,101,101,101
STAT,(NULL),MeminfoPre,22,2222,101,101,101,101,101,101,101,101,101,101,101,101,101,101,101,101,101,101,101,101,101,101
STAT,(NULL),NumaPost,22,11616,9745,847,673,351,0,0,0,0,0,0,0,0,0,0,0,0,0,0,0,0,0,0
STAT,(NULL),PopTime,22,128145751918,5777963351,5809290956,5845065211,5813655531,5797383093,5809197229,5843816918,5833954819,5814770894,5838002957,5833331200,5826229658,5805505729,5828839718,5819363159,5808511959,5844075544,5852040007,5857234573,5832490551,5841264822,5813764039
STAT,(NULL),PushTime,22,93502194699,4330444600,4226835192,4238234229,4273214983,4233275907,4221057760,4237346201,4234364488,4219204551,4230900621,4255530189,4255181791,4314194131,4242725531,4263036520,4275776552,4243359160,4240532880,4220682758,4249021432,4238471393,4258803830
STAT,(NULL),RusageSys,22,8000,8000,0,0,0,0,0,0,0,0,0,0,0,0,0,0,0,0,0,0,0,0,0
STAT,(NULL),RusageUser,22,198832000,198832000,0,0,0,0,0,0,0,0,0,0,0,0,0,0,0,0,0,0,0,0,0
STAT,(NULL),Threads,22,22,22,0,0,0,0,0,0,0,0,0,0,0,0,0,0,0,0,0,0,0,0,0
STAT,(NULL),Time,22,20387231757,20387231757,0,0,0,0,0,0,0,0,0,0,0,0,0,0,0,0,0,0,0,0,0
STAT,(NULL),TotalTime,22,28973114740,28973114740,0,0,0,0,0,0,0,0,0,0,0,0,0,0,0,0,0,0,0,0,0
STAT,(NULL),UserTime,22,139386182453,6312810538,6390679170,6311739341,6361721439,6394314795,6393407064,6339798443,6335985590,6376967779,6326274865,6292818246,6320009178,6295909067,6342944095,6333683263,6338915305,6320926798,6300893681,6315463045,6320922482,6327662980,6332335289
STAT,(NULL),Work,22,436956136689,19861629195,19861621023,19861683410,19861621378,19861621020,19861621235,19861644371,19861667320,19861621046,19861626147,19861648221,19861620884,19861717730,19861622443,19861641910,19861668230,19861645163,19861674984,19861621080,19861627698,19861670253,19861621948
STAT,(NULL),nBad,22,81357413,3626564,4184339,3441791,3861524,3707157,4018574,3570289,3369442,3383798,3627475,3533631,4173261,3831408,3152555,3600414,3656737,4369530,3268859,3679752,3740406,3624046,3935861
STAT,(NULL),nEmpty,22,5852048,263616,309814,265443,320040,310655,302206,262737,271353,268875,257965,247797,255335,231891,256527,250963,288447,259314,218435,248997,251530,244287,265821
STAT,(NULL),nEmptyPop,22,29980,1313,1624,1611,1324,1443,1418,1401,1374,1449,1519,1132,1221,1237,1235,1128,1345,1407,1318,1387,1484,1449,1161
STAT,(NULL),nOverall,22,139690754,6431546,7304394,5968247,7270393,7301678,7287063,6273995,6091151,6573033,6180880,5740596,6226996,6048310,6046028,6074880,6443497,6419863,5583717,5945264,6181859,6036883,6260481
STAT,(NULL),nPop,22,62391763,2879821,3264478,2650434,3244532,3261770,3252465,2805325,2717006,2943363,2761870,2557145,2778599,2701751,2696958,2718587,2868455,2883189,2493712,2653216,2779060,2695965,2784062
STAT,(NULL),nPush,22,62391760,2876041,3265882,2653592,3243057,3268728,3257522,2808204,2711732,2943069,2759266,2555899,2782136,2701148,2695270,2719264,2870263,2882127,2493957,2649969,2778472,2692441,2783721
STAT,(NULL),nPushInit,22,3,1,1,1,0,0,0,0,0,0,0,0,0,0,0,0,0,0,0,0,0,0,0
==== BENCHMARK TOOK 13.937
==== BENCHMARK START ===
==== PARAMS kernel=4.9.5-64-net1 malloc=libc hostname=rack-castor threads=22 delta=4 prog=sssp-klsm2048  ===
ERROR: ld.so: object '/specific/disk1/home/adamx/malloc/lib64/libjemalloc.so' from LD_PRELOAD cannot be preloaded (cannot open shared object file): ignored.
Galois Benchmark Suite v2.2.1 (r0)
Copyright (C) 2014 The University of Texas at Austin
http://iss.ices.utexas.edu/galois/

application: Single Source Shortest Path
Computes the shortest path from a source node to all nodes in a directed graph using a modified chaotic iteration algorithm
http://iss.ices.utexas.edu/?p=projects/galois/benchmarks/single_source_shortest_path

INFO: CommandLine ./build/debug/apps/sssp/sssp -noverify -t 22 -delta 4 -wl klsm2048 -startNode 0 /specific/disk1/home/mad/Galois-PQ/inputs/road/USA-road-t.USA.gr
INFO: Hostname rack-castor
Read 23947347 nodes
Running Asynchronous with CAS version
INFO: Using delta-step of 1
WARNING: Performance varies considerably due to delta parameter.
WARNING: Do not expect the default to be good for your graph.
Node 1 has distance 5062
STATTYPE,LOOP,CATEGORY,n,sum,T0,T1,T2,T3,T4,T5,T6,T7,T8,T9,T10,T11,T12,T13,T14,T15,T16,T17,T18,T19,T20,T21
STAT,(NULL),BadWork,22,81043210619,3626801347,3843600319,3195517605,4461945435,4319989697,3925313413,3139575305,4282950471,4342432120,3391213399,3925119318,3118972061,3319736183,3685899621,2952947365,3417156635,3600482111,3292412602,4212000932,3776386214,3770255699,3442502767
STAT,(NULL),BarrierTime,22,5952191,613221,399636,400106,413885,413682,394810,238631,316028,250865,321934,241428,267974,223442,149566,300472,115624,228370,38956,194152,123248,170825,135336
STAT,(NULL),ConflictTime,22,0,0,0,0,0,0,0,0,0,0,0,0,0,0,0,0,0,0,0,0,0,0,0
STAT,(NULL),Conflicts,22,0,0,0,0,0,0,0,0,0,0,0,0,0,0,0,0,0,0,0,0,0,0,0
STAT,(NULL),EmptyPopTime,22,55944828,3070890,2639745,4144972,3034101,3054445,2914164,2852549,2149075,1847212,2783382,2249415,993837,2510776,2154511,1629728,3273671,2351757,2962774,3140962,2792654,1250438,2143770
STAT,(NULL),EmptyWork,22,1749432568,85861457,85530955,77654085,80843900,77509940,87199009,78062851,78429563,69885141,81059872,82105302,72859837,86936923,80595280,75899635,84216289,69691470,79821592,71297257,80941904,82065110,80965196
STAT,(NULL),GaloisTime,22,76628877867,3436605149,3447847430,3485742967,3473376348,3471086571,3460678416,3496412545,3501685016,3511480246,3489289258,3499880347,3498775128,3491818145,3484860865,3481470746,3476930745,3479943712,3479874825,3500989781,3499364677,3476844881,3483920069
STAT,(NULL),InitPushTime,22,996121,38353,12046,95790,37027,36805,36347,37303,37096,66543,44792,39440,56822,65149,38716,39640,39568,39060,63162,37344,37048,63492,34578
STAT,(NULL),Iterations,22,63349278,3027134,3341248,2930917,3359645,3370766,3365901,2739249,2753308,2828354,2704886,2760568,2717412,2698891,2683127,2787776,2914220,2742303,2819529,2695356,2673873,2682234,2752581
STAT,(NULL),LoopTime,22,20173992302,20173992302,0,0,0,0,0,0,0,0,0,0,0,0,0,0,0,0,0,0,0,0,0
STAT,(NULL),MeminfoPost,22,2222,101,101,101,101,101,101,101,101,101,101,101,101,101,101,101,101,101,101,101,101,101,101
STAT,(NULL),MeminfoPre,22,2222,101,101,101,101,101,101,101,101,101,101,101,101,101,101,101,101,101,101,101,101,101,101
STAT,(NULL),NumaPost,22,11541,9694,1035,644,168,0,0,0,0,0,0,0,0,0,0,0,0,0,0,0,0,0,0
STAT,(NULL),PopTime,22,113697059406,5114548687,5141299629,5178997838,5150712552,5160400767,5166180339,5173311794,5183596301,5192067343,5202327512,5191778094,5168259474,5188474249,5156052544,5146960658,5170287913,5147744327,5170707838,5178676851,5191885920,5160224628,5162564148
STAT,(NULL),PushTime,22,96422368090,4486854714,4373997039,4350706285,4377437758,4376814770,4374466728,4353214258,4392758486,4353873892,4375676948,4381232175,4370988491,4361462993,4397132855,4366329877,4378071305,4382921213,4405510059,4385854347,4376295109,4402184704,4398584084
STAT,(NULL),RusageSys,22,4000,4000,0,0,0,0,0,0,0,0,0,0,0,0,0,0,0,0,0,0,0,0,0
STAT,(NULL),RusageUser,22,196976000,196976000,0,0,0,0,0,0,0,0,0,0,0,0,0,0,0,0,0,0,0,0,0
STAT,(NULL),Threads,22,22,22,0,0,0,0,0,0,0,0,0,0,0,0,0,0,0,0,0,0,0,0,0
STAT,(NULL),Time,22,20211158578,20211158578,0,0,0,0,0,0,0,0,0,0,0,0,0,0,0,0,0,0,0,0,0
STAT,(NULL),TotalTime,22,28412136376,28412136376,0,0,0,0,0,0,0,0,0,0,0,0,0,0,0,0,0,0,0,0,0
STAT,(NULL),UserTime,22,144297936700,6548131246,6623759649,6577829152,6589669558,6586207888,6583635862,6571220350,6516455933,6545916823,6523936458,6517828361,6563196099,6543868183,6554279516,6602782900,6562294189,6592422329,6536193442,6535115382,6523794216,6552502015,6546897149
STAT,(NULL),Work,22,432854632772,19675156792,19675282473,19675175449,19675153763,19675154030,19675154125,19675310526,19675182245,19675179938,19675156150,19675253982,19675154818,19675183768,19675311032,19675152836,19675288928,19675174711,19675278870,19675175966,19675288680,19675182144,19675281546
STAT,(NULL),nBad,22,83887850,3757456,4067888,3363108,4636795,4603280,4138543,3339328,4452813,4334134,3502719,3973619,3240098,3462859,3643106,3064950,3620597,3683014,3510629,4251651,3808586,3997600,3435077
STAT,(NULL),nEmpty,22,5697939,293303,326025,259409,306883,297259,322279,242083,244733,224990,249326,255455,223868,253511,244769,239889,281011,214953,255806,216992,245460,250058,249877
STAT,(NULL),nEmptyPop,22,15776,843,810,807,949,939,918,717,694,710,824,630,386,732,550,546,835,611,712,698,750,410,705
STAT,(NULL),nOverall,22,142221191,6799922,7516841,6551553,7541637,7585793,7557254,6136760,6187522,6295681,6097473,6211418,6036095,6071885,6051564,6221593,6542277,6197606,6310740,6004445,6009022,6122881,6171229
STAT,(NULL),nPop,22,63349278,3027134,3341248,2930917,3359645,3370766,3365901,2739249,2753308,2828354,2704886,2760568,2717412,2698891,2683127,2787776,2914220,2742303,2819529,2695356,2673873,2682234,2752581
STAT,(NULL),nPush,22,63349275,3031019,3342733,2929576,3360212,3372986,3368103,2737328,2750930,2823328,2703171,2762089,2714555,2693226,2687215,2784964,2917485,2743742,2819259,2692401,2674400,2685194,2755359
STAT,(NULL),nPushInit,22,3,1,1,1,0,0,0,0,0,0,0,0,0,0,0,0,0,0,0,0,0,0,0
==== BENCHMARK TOOK 13.621
==== BENCHMARK START ===
==== PARAMS kernel=4.9.5-64-net1 malloc=libc hostname=rack-castor threads=22 delta=4 prog=sssp-klsm2048  ===
ERROR: ld.so: object '/specific/disk1/home/adamx/malloc/lib64/libjemalloc.so' from LD_PRELOAD cannot be preloaded (cannot open shared object file): ignored.
Galois Benchmark Suite v2.2.1 (r0)
Copyright (C) 2014 The University of Texas at Austin
http://iss.ices.utexas.edu/galois/

application: Single Source Shortest Path
Computes the shortest path from a source node to all nodes in a directed graph using a modified chaotic iteration algorithm
http://iss.ices.utexas.edu/?p=projects/galois/benchmarks/single_source_shortest_path

INFO: CommandLine ./build/debug/apps/sssp/sssp -noverify -t 22 -delta 4 -wl klsm2048 -startNode 0 /specific/disk1/home/mad/Galois-PQ/inputs/road/USA-road-t.USA.gr
INFO: Hostname rack-castor
Read 23947347 nodes
Running Asynchronous with CAS version
INFO: Using delta-step of 1
WARNING: Performance varies considerably due to delta parameter.
WARNING: Do not expect the default to be good for your graph.
Node 1 has distance 5062
STATTYPE,LOOP,CATEGORY,n,sum,T0,T1,T2,T3,T4,T5,T6,T7,T8,T9,T10,T11,T12,T13,T14,T15,T16,T17,T18,T19,T20,T21
STAT,(NULL),BadWork,22,80955714842,3779730923,3610366386,3402637652,4161303875,4275770538,3824694303,3803844174,3711143384,4173280946,4107034860,3267918769,3885003879,2979202000,3632263640,3116380953,4022032370,3626737571,3594496831,3931403630,3557026908,3198537102,3294904148
STAT,(NULL),BarrierTime,22,4155426,519997,436969,313745,301439,279211,262862,253860,187342,197138,121962,163128,123860,167408,105572,139521,106686,103909,107658,57131,63809,62272,79947
STAT,(NULL),ConflictTime,22,0,0,0,0,0,0,0,0,0,0,0,0,0,0,0,0,0,0,0,0,0,0,0
STAT,(NULL),Conflicts,22,0,0,0,0,0,0,0,0,0,0,0,0,0,0,0,0,0,0,0,0,0,0,0
STAT,(NULL),EmptyPopTime,22,47882562,1101444,2389494,2043669,1065401,1919804,2527481,3012562,2377798,1842686,2350551,2225339,2197150,1999384,2818907,1473511,2798399,1819921,1719584,2409211,1943574,3092750,2753942
STAT,(NULL),EmptyWork,22,1748932681,75803610,82226468,83571959,82206385,81472506,81673499,78673703,84075515,74593413,78208945,78579799,72547318,84534995,81085376,85282119,72531092,73685361,79648185,73101813,84191948,80378286,80860386
STAT,(NULL),GaloisTime,22,75773402481,3430849874,3419792203,3460993171,3415904176,3429437930,3428416482,3454352874,3424146474,3458987667,3459210831,3454477813,3456499328,3450365395,3459689051,3434707777,3437478910,3455164829,3452563631,3439328212,3458366302,3450727613,3441941938
STAT,(NULL),InitPushTime,22,968941,40825,48425,97269,73201,36833,36289,41308,37191,40012,58156,39168,42008,38752,43356,39688,39712,39252,37492,37272,33158,34790,34784
STAT,(NULL),Iterations,22,63767692,2819627,3332883,2723353,3312160,3336400,3325508,2747086,3005526,2897019,2747603,2841807,2837461,2599038,2826919,2699422,2960357,2757749,2879728,2811970,2814356,2709547,2782173
STAT,(NULL),LoopTime,22,19934627105,19934627105,0,0,0,0,0,0,0,0,0,0,0,0,0,0,0,0,0,0,0,0,0
STAT,(NULL),MeminfoPost,22,2222,101,101,101,101,101,101,101,101,101,101,101,101,101,101,101,101,101,101,101,101,101,101
STAT,(NULL),MeminfoPre,22,2222,101,101,101,101,101,101,101,101,101,101,101,101,101,101,101,101,101,101,101,101,101,101
STAT,(NULL),NumaPost,22,11544,9680,1037,659,168,0,0,0,0,0,0,0,0,0,0,0,0,0,0,0,0,0,0
STAT,(NULL),PopTime,22,111150462638,5049110251,5039131587,5063433691,5016818572,5071619613,5036930194,5063411596,5037319741,5031356510,5052535611,5081069372,5039756846,5079955776,5068926906,5046553069,5013939755,5052582563,5065451741,5060030563,5072607012,5065711930,5042209739
STAT,(NULL),PushTime,22,95617500728,4414511466,4329476589,4330832706,4407356467,4322367243,4324806144,4328306531,4387426843,4330978272,4329232011,4313942055,4358730978,4331613867,4357052607,4365677612,4342602416,4335053874,4320512788,4387499679,4341600721,4313797777,4344122082
STAT,(NULL),RusageSys,22,16000,16000,0,0,0,0,0,0,0,0,0,0,0,0,0,0,0,0,0,0,0,0,0
STAT,(NULL),RusageUser,22,194536000,194536000,0,0,0,0,0,0,0,0,0,0,0,0,0,0,0,0,0,0,0,0,0
STAT,(NULL),Threads,22,22,22,0,0,0,0,0,0,0,0,0,0,0,0,0,0,0,0,0,0,0,0,0
STAT,(NULL),Time,22,19978140444,19978140444,0,0,0,0,0,0,0,0,0,0,0,0,0,0,0,0,0,0,0,0,0
STAT,(NULL),TotalTime,22,28606328096,28606328096,0,0,0,0,0,0,0,0,0,0,0,0,0,0,0,0,0,0,0,0,0
STAT,(NULL),UserTime,22,143180492034,6461287731,6559651255,6491789500,6509316046,6525850097,6558313745,6504909824,6497321007,6534908534,6511126457,6502372444,6502934598,6484198595,6463093543,6498973668,6563316816,6514359932,6512770513,6470298488,6473958944,6518960688,6520779609
STAT,(NULL),Work,22,427521008985,19432757620,19432754601,19432751817,19432754965,19432754513,19432754662,19432754022,19432797117,19432776470,19432752272,19432761434,19432800064,19432755196,19432813654,19432787454,19432776029,19432784110,19432784282,19432831986,19432776847,19432775317,19432754553
STAT,(NULL),nBad,22,85131757,4092799,3898547,3574285,4458045,4482980,4073583,3907010,3929341,4354825,4258857,3466535,4066901,3153667,3889035,3280119,4234941,3685534,3707915,4076343,3873309,3278688,3388498
STAT,(NULL),nEmpty,22,5774185,239964,315004,258381,311772,310250,310643,244938,287276,247808,245048,255622,238054,248094,263012,261718,245759,227887,259214,235882,261796,248858,257205
STAT,(NULL),nEmptyPop,22,15388,474,770,599,485,769,841,911,745,505,694,718,767,697,787,579,684,823,652,653,550,782,903
STAT,(NULL),nOverall,22,143465098,6360295,7502092,6124828,7487640,7478548,7493549,6169315,6773760,6567085,6232402,6365017,6344638,5853775,6357264,6081011,6663363,6164997,6473479,6287513,6338044,6094137,6252346
STAT,(NULL),nPop,22,63767692,2819627,3332883,2723353,3312160,3336400,3325508,2747086,3005526,2897019,2747603,2841807,2837461,2599038,2826919,2699422,2960357,2757749,2879728,2811970,2814356,2709547,2782173
STAT,(NULL),nPush,22,63767689,2817010,3337565,2726573,3317758,3330522,3328412,2746982,3008815,2895951,2748385,2837939,2839452,2595108,2830633,2698346,2965280,2757266,2874748,2810157,2815439,2704640,2780708
STAT,(NULL),nPushInit,22,3,1,1,1,0,0,0,0,0,0,0,0,0,0,0,0,0,0,0,0,0,0,0
==== BENCHMARK TOOK 13.693
==== BENCHMARK START ===
==== PARAMS kernel=4.9.5-64-net1 malloc=libc hostname=rack-castor threads=22 delta=4 prog=sssp-klsm2048  ===
ERROR: ld.so: object '/specific/disk1/home/adamx/malloc/lib64/libjemalloc.so' from LD_PRELOAD cannot be preloaded (cannot open shared object file): ignored.
Galois Benchmark Suite v2.2.1 (r0)
Copyright (C) 2014 The University of Texas at Austin
http://iss.ices.utexas.edu/galois/

application: Single Source Shortest Path
Computes the shortest path from a source node to all nodes in a directed graph using a modified chaotic iteration algorithm
http://iss.ices.utexas.edu/?p=projects/galois/benchmarks/single_source_shortest_path

INFO: CommandLine ./build/debug/apps/sssp/sssp -noverify -t 22 -delta 4 -wl klsm2048 -startNode 0 /specific/disk1/home/mad/Galois-PQ/inputs/road/USA-road-t.USA.gr
INFO: Hostname rack-castor
Read 23947347 nodes
Running Asynchronous with CAS version
INFO: Using delta-step of 1
WARNING: Performance varies considerably due to delta parameter.
WARNING: Do not expect the default to be good for your graph.
Node 1 has distance 5062
STATTYPE,LOOP,CATEGORY,n,sum,T0,T1,T2,T3,T4,T5,T6,T7,T8,T9,T10,T11,T12,T13,T14,T15,T16,T17,T18,T19,T20,T21
STAT,(NULL),BadWork,22,77563068528,3736549785,4220039543,3244706842,4412364206,3807341120,3862988150,2758859782,3923628165,3257860486,3542936076,3379107401,3441164022,3837608908,2983596594,3611406250,3210625837,3438667363,3729905363,3298645302,3252579860,3378623480,3233863993
STAT,(NULL),BarrierTime,22,4321712,537180,319126,221400,210293,326020,310813,307341,111004,118204,251423,254037,192012,64809,194617,159790,153150,139796,38733,96872,157186,140692,17214
STAT,(NULL),ConflictTime,22,0,0,0,0,0,0,0,0,0,0,0,0,0,0,0,0,0,0,0,0,0,0,0
STAT,(NULL),Conflicts,22,0,0,0,0,0,0,0,0,0,0,0,0,0,0,0,0,0,0,0,0,0,0,0
STAT,(NULL),EmptyPopTime,22,102751828,3862942,3850455,4294681,3377296,4057989,3610520,5074839,4906827,4988902,4543197,4094366,4383182,5201875,6505833,4922211,4801913,5081677,2997137,4605713,4995143,6392528,6202602
STAT,(NULL),EmptyWork,22,1813575850,81028713,78420271,84861143,84401148,83724978,84729135,87571976,82093414,83606640,77136426,79989587,83154085,84489995,89047282,79340034,83899340,82016268,81176155,76647645,82615858,80802712,82823045
STAT,(NULL),GaloisTime,22,73988994795,3361065273,3371333494,3377923717,3356056193,3346415145,3333903820,3339612763,3356929363,3376179228,3388208424,3365951026,3357358771,3364545012,3345440242,3377421812,3348264481,3365454547,3373421560,3375267467,3374372478,3374420320,3359449659
STAT,(NULL),InitPushTime,22,850001,35356,10893,92896,36623,36644,36010,37021,40580,39384,35637,35194,38460,38460,38100,39288,39312,38948,38888,37108,33000,38036,34163
STAT,(NULL),Iterations,22,62371604,2734942,3270086,2782408,3263234,3261423,3237984,2896544,2727834,2739971,2629126,2614682,2744870,2847130,2779622,2767551,2943050,2570203,2725093,2667374,2626831,2702222,2839424
STAT,(NULL),LoopTime,22,19452958708,19452958708,0,0,0,0,0,0,0,0,0,0,0,0,0,0,0,0,0,0,0,0,0
STAT,(NULL),MeminfoPost,22,2222,101,101,101,101,101,101,101,101,101,101,101,101,101,101,101,101,101,101,101,101,101,101
STAT,(NULL),MeminfoPre,22,2222,101,101,101,101,101,101,101,101,101,101,101,101,101,101,101,101,101,101,101,101,101,101
STAT,(NULL),NumaPost,22,11676,9808,856,661,351,0,0,0,0,0,0,0,0,0,0,0,0,0,0,0,0,0,0
STAT,(NULL),PopTime,22,108361936176,4889529035,4899001157,4945062386,4904458427,4891608204,4898741097,4921216369,4931954479,4926805526,4940482555,4939455789,4932488007,4934284581,4913818059,4921869373,4934453976,4939070962,4927682290,4932474556,4957667696,4947719744,4932091908
STAT,(NULL),PushTime,22,93616688600,4345092090,4224142495,4207729361,4248843277,4242747405,4282692303,4236050510,4292258207,4239913038,4239401273,4295248303,4291344444,4267719675,4279889240,4252258114,4229013755,4251348766,4254139250,4242467664,4243492619,4215410720,4235486091
STAT,(NULL),RusageSys,22,16000,16000,0,0,0,0,0,0,0,0,0,0,0,0,0,0,0,0,0,0,0,0,0
STAT,(NULL),RusageUser,22,189760000,189760000,0,0,0,0,0,0,0,0,0,0,0,0,0,0,0,0,0,0,0,0,0
STAT,(NULL),Threads,22,22,22,0,0,0,0,0,0,0,0,0,0,0,0,0,0,0,0,0,0,0,0,0
STAT,(NULL),Time,22,19483898016,19483898016,0,0,0,0,0,0,0,0,0,0,0,0,0,0,0,0,0,0,0,0,0
STAT,(NULL),TotalTime,22,28881608626,28881608626,0,0,0,0,0,0,0,0,0,0,0,0,0,0,0,0,0,0,0,0,0
STAT,(NULL),UserTime,22,139151386548,6275572315,6379403008,6336280679,6359015209,6387597486,6352474964,6366625544,6288008518,6324657446,6306379579,6271413429,6287423215,6299911215,6321451011,6320340436,6355717495,6313181056,6316734043,6324688381,6293008108,6331406086,6340097325
STAT,(NULL),Work,22,417038423811,18956238728,18956357992,18956356689,18956359631,18956234292,18956235284,18956234888,18956371076,18956365468,18956235669,18956236284,18956256733,18956383122,18956254614,18956287378,18956237306,18956250504,18956355567,18956295442,18956246005,18956250298,18956380841
STAT,(NULL),nBad,22,81489981,3786756,4435614,3425312,4654112,3974593,4110653,3009369,3930663,3427027,3685633,3562865,3679094,4146157,3223435,3893707,3423133,3514104,3875335,3415238,3419371,3447273,3450537
STAT,(NULL),nEmpty,22,5996187,258163,301006,273261,323351,319460,322515,292578,260682,268546,234472,241577,263216,282468,286967,259053,287820,247865,258450,234717,252769,254548,272703
STAT,(NULL),nEmptyPop,22,39530,1756,1889,1991,1917,2075,2045,1974,2110,1874,2128,1795,1367,1485,1572,1391,2059,1579,1762,1409,1754,1783,1815
STAT,(NULL),nOverall,22,139823322,6134503,7310211,6229088,7353778,7322338,7299987,6508894,6109318,6140916,5862006,5839111,6148331,6404289,6259729,6179916,6606548,5755633,6118181,5947768,5877450,6048404,6366923
STAT,(NULL),nPop,22,62371604,2734942,3270086,2782408,3263234,3261423,3237984,2896544,2727834,2739971,2629126,2614682,2744870,2847130,2779622,2767551,2943050,2570203,2725093,2667374,2626831,2702222,2839424
STAT,(NULL),nPush,22,62371601,2737100,3273375,2780946,3268429,3267839,3239516,2903268,2727299,2741382,2624844,2614031,2741561,2847738,2779496,2766445,2938697,2566888,2727592,2664869,2620495,2700322,2839469
STAT,(NULL),nPushInit,22,3,1,1,1,0,0,0,0,0,0,0,0,0,0,0,0,0,0,0,0,0,0,0
==== BENCHMARK TOOK 13.836
==== BENCHMARK START ===
==== PARAMS kernel=4.9.5-64-net1 malloc=libc hostname=rack-castor threads=22 delta=4 prog=sssp-klsm2048  ===
ERROR: ld.so: object '/specific/disk1/home/adamx/malloc/lib64/libjemalloc.so' from LD_PRELOAD cannot be preloaded (cannot open shared object file): ignored.
Galois Benchmark Suite v2.2.1 (r0)
Copyright (C) 2014 The University of Texas at Austin
http://iss.ices.utexas.edu/galois/

application: Single Source Shortest Path
Computes the shortest path from a source node to all nodes in a directed graph using a modified chaotic iteration algorithm
http://iss.ices.utexas.edu/?p=projects/galois/benchmarks/single_source_shortest_path

INFO: CommandLine ./build/debug/apps/sssp/sssp -noverify -t 22 -delta 4 -wl klsm2048 -startNode 0 /specific/disk1/home/mad/Galois-PQ/inputs/road/USA-road-t.USA.gr
INFO: Hostname rack-castor
Read 23947347 nodes
Running Asynchronous with CAS version
INFO: Using delta-step of 1
WARNING: Performance varies considerably due to delta parameter.
WARNING: Do not expect the default to be good for your graph.
Node 1 has distance 5062
STATTYPE,LOOP,CATEGORY,n,sum,T0,T1,T2,T3,T4,T5,T6,T7,T8,T9,T10,T11,T12,T13,T14,T15,T16,T17,T18,T19,T20,T21
STAT,(NULL),BadWork,22,77620405245,3509727195,3413737169,3551344288,4039587280,4054162528,4366731808,2890320022,3423249499,3271810300,3589422830,3879629616,3646523554,3218635825,3854712591,3716765816,3145988620,3564199684,3539732590,2986746812,3886340563,3142968979,2928067676
STAT,(NULL),BarrierTime,22,4893810,515012,387711,424308,280444,312397,329366,223162,236180,190932,167603,172340,235176,219103,215552,186922,136685,90431,168928,98746,98492,103835,100485
STAT,(NULL),ConflictTime,22,0,0,0,0,0,0,0,0,0,0,0,0,0,0,0,0,0,0,0,0,0,0,0
STAT,(NULL),Conflicts,22,0,0,0,0,0,0,0,0,0,0,0,0,0,0,0,0,0,0,0,0,0,0,0
STAT,(NULL),EmptyPopTime,22,48272361,1646707,2253824,1926755,2421034,2694132,2518652,3793215,970409,1236215,2825381,1928813,789788,2115083,2033131,3169012,2541984,2583320,2080483,2083271,2112155,2385907,2163090
STAT,(NULL),EmptyWork,22,1801848187,77695684,81510915,82680091,83558229,77377729,77687454,85843290,82148329,79979868,87541214,81494521,82435987,81656713,79078870,79367893,82291268,80163766,82873638,85871206,87468276,75744006,87379240
STAT,(NULL),GaloisTime,22,74283396315,3356597331,3349867858,3381614991,3368629658,3363364925,3370179177,3365227033,3392911966,3390803603,3376693015,3394680107,3389964159,3367262922,3401106900,3385951717,3358790362,3382420728,3380434766,3368368623,3383278793,3387584254,3367663427
STAT,(NULL),InitPushTime,22,1034905,34012,48301,68264,36650,36614,35922,40612,55392,39528,65838,65200,38156,38072,37788,60544,53421,64152,37512,33094,50424,46537,48872
STAT,(NULL),Iterations,22,61815199,2925756,3262587,2771745,3270818,3261108,3271586,2644617,2689088,2625184,2736487,2616897,2676828,2657620,2593512,2741191,2801461,2689438,2795816,2739824,2650693,2705143,2687800
STAT,(NULL),LoopTime,22,19561170688,19561170688,0,0,0,0,0,0,0,0,0,0,0,0,0,0,0,0,0,0,0,0,0
STAT,(NULL),MeminfoPost,22,2222,101,101,101,101,101,101,101,101,101,101,101,101,101,101,101,101,101,101,101,101,101,101
STAT,(NULL),MeminfoPre,22,2222,101,101,101,101,101,101,101,101,101,101,101,101,101,101,101,101,101,101,101,101,101,101
STAT,(NULL),NumaPost,22,11567,9706,851,659,351,0,0,0,0,0,0,0,0,0,0,0,0,0,0,0,0,0,0
STAT,(NULL),PopTime,22,108412475370,4881651265,4910079775,4936436397,4910140038,4911851427,4907115541,4949322817,4920918593,4923974037,4939497542,4940833370,4944905311,4929960515,4945687567,4941377951,4926101441,4939083394,4922867217,4928851792,4944508003,4925091720,4932219657
STAT,(NULL),PushTime,22,93697046650,4357218905,4233356075,4249693250,4225804201,4234170619,4269585896,4245258251,4250748980,4252753187,4265899036,4266257379,4257068944,4284281908,4254317461,4259202480,4253621771,4265846748,4260003743,4255410127,4272450769,4236759196,4247337724
STAT,(NULL),RusageSys,22,0,0,0,0,0,0,0,0,0,0,0,0,0,0,0,0,0,0,0,0,0,0,0
STAT,(NULL),RusageUser,22,190204000,190204000,0,0,0,0,0,0,0,0,0,0,0,0,0,0,0,0,0,0,0,0,0
STAT,(NULL),Threads,22,22,22,0,0,0,0,0,0,0,0,0,0,0,0,0,0,0,0,0,0,0,0,0
STAT,(NULL),Time,22,19591641660,19591641660,0,0,0,0,0,0,0,0,0,0,0,0,0,0,0,0,0,0,0,0,0
STAT,(NULL),TotalTime,22,28505611038,28505611038,0,0,0,0,0,0,0,0,0,0,0,0,0,0,0,0,0,0,0,0,0
STAT,(NULL),UserTime,22,139717605497,6323401764,6421143280,6345860072,6407658270,6408753462,6371124722,6348767220,6350512523,6349464244,6325753242,6313015520,6323047481,6332934606,6315988155,6329141047,6374863354,6328111059,6349951573,6357626873,6308392977,6370646205,6361447848
STAT,(NULL),Work,22,417963001157,18998303328,18998362504,18998294108,18998367963,18998317745,18998293612,18998394669,18998292409,18998381006,18998299038,18998292822,18998293626,18998319144,18998319622,18998291960,18998292361,18998322091,18998293680,18998381620,18998292753,18998301875,18998293221
STAT,(NULL),nBad,22,80213637,3683212,3578035,3710280,4170146,4110267,4576027,2981012,3481557,3395162,3766484,3991159,3712868,3320260,3828775,3874587,3258002,3641838,3752333,3140371,4023452,3208503,3009307
STAT,(NULL),nEmpty,22,5874117,268109,310521,267746,319579,294417,297427,261641,261066,242155,278848,248691,249680,249421,231814,254869,268123,252933,269552,272541,267189,238654,269141
STAT,(NULL),nEmptyPop,22,13348,550,636,616,807,760,743,844,295,413,586,534,352,622,479,832,731,605,615,614,559,565,590
STAT,(NULL),nOverall,22,138546978,6570283,7297880,6230407,7350223,7285204,7320768,5921588,6033627,5865512,6168227,5894090,5981158,5954127,5779449,6135428,6259770,6010916,6274617,6147817,5981950,6055858,6028079
STAT,(NULL),nPop,22,61815199,2925756,3262587,2771745,3270818,3261108,3271586,2644617,2689088,2625184,2736487,2616897,2676828,2657620,2593512,2741191,2801461,2689438,2795816,2739824,2650693,2705143,2687800
STAT,(NULL),nPush,22,61815196,2927374,3265330,2775708,3274834,3260541,3277799,2639778,2689532,2622143,2736225,2617543,2673361,2654712,2594531,2742222,2797845,2689668,2798120,2739571,2647882,2704372,2686105
STAT,(NULL),nPushInit,22,3,1,1,1,0,0,0,0,0,0,0,0,0,0,0,0,0,0,0,0,0,0,0
==== BENCHMARK TOOK 13.725
==== BENCHMARK START ===
==== PARAMS kernel=4.9.5-64-net1 malloc=libc hostname=rack-castor threads=22 delta=4 prog=sssp-klsm2048  ===
ERROR: ld.so: object '/specific/disk1/home/adamx/malloc/lib64/libjemalloc.so' from LD_PRELOAD cannot be preloaded (cannot open shared object file): ignored.
Galois Benchmark Suite v2.2.1 (r0)
Copyright (C) 2014 The University of Texas at Austin
http://iss.ices.utexas.edu/galois/

application: Single Source Shortest Path
Computes the shortest path from a source node to all nodes in a directed graph using a modified chaotic iteration algorithm
http://iss.ices.utexas.edu/?p=projects/galois/benchmarks/single_source_shortest_path

INFO: CommandLine ./build/debug/apps/sssp/sssp -noverify -t 22 -delta 4 -wl klsm2048 -startNode 0 /specific/disk1/home/mad/Galois-PQ/inputs/road/USA-road-t.USA.gr
INFO: Hostname rack-castor
Read 23947347 nodes
Running Asynchronous with CAS version
INFO: Using delta-step of 1
WARNING: Performance varies considerably due to delta parameter.
WARNING: Do not expect the default to be good for your graph.
Node 1 has distance 5062
STATTYPE,LOOP,CATEGORY,n,sum,T0,T1,T2,T3,T4,T5,T6,T7,T8,T9,T10,T11,T12,T13,T14,T15,T16,T17,T18,T19,T20,T21
STAT,(NULL),BadWork,22,69246418682,3397807306,3429384915,2834421403,3482582406,3302892250,3282164332,2792085267,2695697853,3193302391,3165627189,3162352724,3147833481,2887613248,2870919267,3429235950,3070653553,3214639234,3556716017,3345315905,2788311596,3335262512,2861599883
STAT,(NULL),BarrierTime,22,6009985,520736,462593,357124,421012,339024,408029,291073,345988,250737,216076,241150,178425,304512,248578,307743,258152,180462,148242,217144,120161,105401,87623
STAT,(NULL),ConflictTime,22,0,0,0,0,0,0,0,0,0,0,0,0,0,0,0,0,0,0,0,0,0,0,0
STAT,(NULL),Conflicts,22,0,0,0,0,0,0,0,0,0,0,0,0,0,0,0,0,0,0,0,0,0,0,0
STAT,(NULL),EmptyPopTime,22,73442964,4657848,3803282,3923115,3621728,3351983,3485514,4859719,2368743,4529630,4192841,2818146,3580930,1587058,2554729,3593735,3345535,2989819,1525528,3676448,3629370,3592113,1755150
STAT,(NULL),EmptyWork,22,1674792109,73445211,82044660,75692658,74435896,79022649,80289980,72229088,76438851,73132401,74466445,77832399,69734470,76654325,78084642,75989119,75459727,72889078,77313256,78861555,75358382,80743680,74673637
STAT,(NULL),GaloisTime,22,68529992167,3088169201,3088330175,3123656500,3116366698,3096472585,3101926091,3120226993,3117632334,3125039978,3129942540,3117034795,3138750106,3129703872,3119218427,3105814318,3124927205,3105571917,3109553850,3103717564,3127570783,3119163622,3121202613
STAT,(NULL),InitPushTime,22,1043840,71115,11041,97756,39970,36323,36138,40676,36635,35346,65971,65413,38248,38216,64144,35501,39140,38532,62568,57886,36608,34235,62378
STAT,(NULL),Iterations,22,59685446,2659310,3026833,2724744,3010724,3018393,3022641,2696037,2606965,2708162,2549525,2548546,2590315,2467810,2659501,2832890,2534069,2762391,2733143,2813737,2516988,2619913,2582809
STAT,(NULL),LoopTime,22,18157537765,18157537765,0,0,0,0,0,0,0,0,0,0,0,0,0,0,0,0,0,0,0,0,0
STAT,(NULL),MeminfoPost,22,2222,101,101,101,101,101,101,101,101,101,101,101,101,101,101,101,101,101,101,101,101,101,101
STAT,(NULL),MeminfoPre,22,2222,101,101,101,101,101,101,101,101,101,101,101,101,101,101,101,101,101,101,101,101,101,101
STAT,(NULL),NumaPost,22,11661,9796,855,659,351,0,0,0,0,0,0,0,0,0,0,0,0,0,0,0,0,0,0
STAT,(NULL),PopTime,22,102312022484,4633359775,4644421187,4653606759,4647068215,4634375157,4646655832,4662545158,4652185169,4663632679,4659760895,4654324787,4644840363,4656568723,4657898760,4648220668,4659179178,4639875330,4645195885,4650644743,4643217914,4659722394,4654722913
STAT,(NULL),PushTime,22,86491674259,4016459075,3934407717,3901953974,3913172795,3930883991,3914272978,3911172390,3920701300,3913488434,3919916180,3942792385,3927854913,3931021070,3926497506,3937615131,3921049526,3930505853,3953314703,3943192010,3941198441,3939006500,3921197387
STAT,(NULL),RusageSys,22,0,0,0,0,0,0,0,0,0,0,0,0,0,0,0,0,0,0,0,0,0,0,0
STAT,(NULL),RusageUser,22,176788000,176788000,0,0,0,0,0,0,0,0,0,0,0,0,0,0,0,0,0,0,0,0,0
STAT,(NULL),Threads,22,22,22,0,0,0,0,0,0,0,0,0,0,0,0,0,0,0,0,0,0,0,0,0
STAT,(NULL),Time,22,18184326520,18184326520,0,0,0,0,0,0,0,0,0,0,0,0,0,0,0,0,0,0,0,0,0
STAT,(NULL),TotalTime,22,27164327898,27164327898,0,0,0,0,0,0,0,0,0,0,0,0,0,0,0,0,0,0,0,0,0
STAT,(NULL),UserTime,22,129405029843,5842409954,5905491783,5899665150,5903832832,5914391647,5911867796,5887465914,5889172145,5878675149,5870217346,5863693910,5873738136,5862963676,5874241845,5887265161,5874537099,5906665957,5871593291,5878404420,5867524225,5856267623,5884944784
STAT,(NULL),Work,22,388489846626,17658604849,17658657016,17658704248,17658584155,17658658470,17658583909,17658694118,17658583890,17658686902,17658606034,17658586171,17658710490,17658585520,17658580917,17658590499,17658583942,17658668514,17658649015,17658585758,17658678944,17658607238,17658656027
STAT,(NULL),nBad,22,75344848,3589769,3785644,3057946,3815056,3610013,3580152,3051711,2908648,3399034,3480637,3451300,3420672,3150148,3156885,3811931,3340809,3490210,3811910,3641349,3015579,3658361,3117084
STAT,(NULL),nEmpty,22,5709325,245275,307348,259837,282851,301129,305342,248304,250255,250037,239041,248244,226588,237531,259122,270438,240838,252964,267048,279560,236649,263955,236969
STAT,(NULL),nEmptyPop,22,21164,1339,1002,978,1071,1071,1241,1052,861,1065,1012,892,962,645,929,923,1030,954,646,1017,915,756,803
STAT,(NULL),nOverall,22,133678189,5924307,6786855,6093959,6750001,6792796,6796006,6015153,5851167,6058557,5732592,5711089,5780087,5530095,5976316,6328950,5687712,6162088,6154544,6310978,5606066,5878910,5749961
STAT,(NULL),nPop,22,59685446,2659310,3026833,2724744,3010724,3018393,3022641,2696037,2606965,2708162,2549525,2548546,2590315,2467810,2659501,2832890,2534069,2762391,2733143,2813737,2516988,2619913,2582809
STAT,(NULL),nPush,22,59685443,2659092,3025331,2725013,3012522,3021431,3022952,2695773,2607667,2705001,2549115,2553134,2588896,2468526,2662143,2830911,2530926,2761509,2733727,2818523,2513424,2620492,2579335
STAT,(NULL),nPushInit,22,3,1,1,1,0,0,0,0,0,0,0,0,0,0,0,0,0,0,0,0,0,0,0
==== BENCHMARK TOOK 13.073
