==== BENCHMARK START ===
==== PARAMS kernel=4.9.5-64-net1 malloc=libc hostname=rack-castor threads=44 delta=4 prog=sssp-multiqueue4  ===
Galois Benchmark Suite v2.2.1 (r0)
Copyright (C) 2014 The University of Texas at Austin
http://iss.ices.utexas.edu/galois/

application: Single Source Shortest Path
Computes the shortest path from a source node to all nodes in a directed graph using a modified chaotic iteration algorithm
http://iss.ices.utexas.edu/?p=projects/galois/benchmarks/single_source_shortest_path

INFO: CommandLine ./build/debug/apps/sssp/sssp -noverify -t 44 -delta 4 -wl multiqueue4 -startNode 0 /specific/disk1/home/mad/Galois-PQ/inputs/planar10M.gr
INFO: Hostname rack-castor
Read 10000000 nodes
Running Asynchronous with CAS version
INFO: Using delta-step of 1
WARNING: Performance varies considerably due to delta parameter.
WARNING: Do not expect the default to be good for your graph.
Node 1 has distance 7300
STATTYPE,LOOP,CATEGORY,n,sum,T0,T1,T2,T3,T4,T5,T6,T7,T8,T9,T10,T11,T12,T13,T14,T15,T16,T17,T18,T19,T20,T21,T22,T23,T24,T25,T26,T27,T28,T29,T30,T31,T32,T33,T34,T35,T36,T37,T38,T39,T40,T41,T42,T43
STAT,(NULL),BadWork,44,17634864,334567,432621,449983,561234,477362,364161,448296,422033,361987,390223,361070,263656,333323,297438,209797,438713,509411,488662,382956,489818,366046,407502,313541,444659,356138,356366,451825,489928,297474,431626,403172,604828,432584,423184,417564,362636,358806,382684,492217,296508,411596,418166,307505,390998
STAT,(NULL),BarrierTime,44,8460743,460911,479470,477056,446224,453637,424594,416594,303746,336282,295847,318048,292552,294997,301586,315588,282517,282370,265618,277968,207366,113520,223780,56250,51278,53833,56271,55925,55400,55647,56152,54407,53400,55852,54490,54187,55214,54594,55536,54108,53582,53314,51736,50432,48864
STAT,(NULL),ConflictTime,44,0,0,0,0,0,0,0,0,0,0,0,0,0,0,0,0,0,0,0,0,0,0,0,0,0,0,0,0,0,0,0,0,0,0,0,0,0,0,0,0,0,0,0,0,0
STAT,(NULL),Conflicts,44,0,0,0,0,0,0,0,0,0,0,0,0,0,0,0,0,0,0,0,0,0,0,0,0,0,0,0,0,0,0,0,0,0,0,0,0,0,0,0,0,0,0,0,0,0
STAT,(NULL),EmptyPopTime,44,1231510565,38223650,27493165,27885401,27441850,27483676,27471444,27828109,27651093,27862510,27991946,27797464,27994980,27919528,27957753,27591356,27548195,27636164,27654397,27717306,27801028,27941028,27742221,27828558,27916402,27925597,27463923,27547424,27788570,27887798,27483698,27491101,27724504,27833018,27772220,27821124,27891562,27596585,27650659,27460714,27756532,27828084,29060976,27674853,27472399
STAT,(NULL),EmptyWork,44,3607559110,40815259,83618454,83515056,80198598,79456938,78746751,86877088,84894538,85861458,86752741,85692816,86986006,86345747,81736479,83210355,80453517,79382524,85273224,81168588,84890005,86266530,81498457,83921940,83303866,86495321,81860280,84042844,80868349,84875426,78790898,78256696,85928853,83566714,79440048,85213579,83033740,80408291,80170211,81710368,82708679,81865669,87794279,80803730,78858200
STAT,(NULL),GaloisTime,44,17358474070,373025109,369637141,407040953,375790136,373069500,374528864,402259773,393807701,403639839,417553540,402779776,419450883,416639439,418699950,384697396,382433078,384375268,384020379,398888572,394971078,403587584,396194011,406231786,408992773,413702948,377524038,379793784,398360241,406132972,374063471,374655237,400516996,410147811,397527788,403640181,412016816,385316750,388553916,370390123,401677306,404783260,411729297,383353437,372273169
STAT,(NULL),InitPushTime,44,2802647,168797,106035,68012,33201,2652,33796,33868,77092,47716,39168,38792,38764,38112,37948,35361,35607,34927,33546,36788,33346,90523,37564,102535,101926,101412,101471,101171,101207,101192,100988,100900,64973,64563,64372,64548,64738,62956,62084,63492,55454,54817,54472,55624,56137
STAT,(NULL),Iterations,44,22151776,259437,551602,475258,556571,555580,556676,487298,511910,494719,461442,495344,457423,460386,464438,517128,529688,515944,528988,505416,507263,473239,489368,489376,475142,473892,560782,548263,510827,491689,557574,559733,508903,490349,513026,494577,478875,530657,511536,550381,502258,494840,477199,525020,551759
STAT,(NULL),LoopTime,44,5581083976,5581083976,0,0,0,0,0,0,0,0,0,0,0,0,0,0,0,0,0,0,0,0,0,0,0,0,0,0,0,0,0,0,0,0,0,0,0,0,0,0,0,0,0,0,0
STAT,(NULL),MeminfoPost,44,968,22,22,22,22,22,22,22,22,22,22,22,22,22,22,22,22,22,22,22,22,22,22,22,22,22,22,22,22,22,22,22,22,22,22,22,22,22,22,22,22,22,22,22,22
STAT,(NULL),MeminfoPre,44,968,22,22,22,22,22,22,22,22,22,22,22,22,22,22,22,22,22,22,22,22,22,22,22,22,22,22,22,22,22,22,22,22,22,22,22,22,22,22,22,22,22,22,22,22
STAT,(NULL),NumaPost,44,4363,2006,1560,636,161,0,0,0,0,0,0,0,0,0,0,0,0,0,0,0,0,0,0,0,0,0,0,0,0,0,0,0,0,0,0,0,0,0,0,0,0,0,0,0,0
STAT,(NULL),PopTime,44,49014399291,1006283039,1138622934,1097662869,1136478385,1141387381,1143356104,1103961366,1118765044,1106952919,1088228822,1104474132,1085655796,1082617503,1084473818,1117100133,1127203428,1120846580,1127612504,1113754729,1111832381,1096654272,1103882957,1110720261,1099849473,1098770087,1146950422,1137768900,1121782230,1105577273,1147475456,1145391625,1113133923,1108556244,1118035415,1114995003,1095965862,1136834807,1119804507,1142272659,1109634388,1106457389,1097974079,1132053099,1146589093
STAT,(NULL),PushTime,44,87409680779,2128567575,1982224914,1985020077,1971231215,1977640615,1968539140,1986331337,1980915000,1977656530,1988669709,1980427746,1986414504,1990061663,1994791828,1992130150,1989838574,1994464016,1976861117,1979036229,1982266037,1998597143,1999992569,1982139143,1990176473,1981938830,1969375090,1974365966,1976754442,1983904352,1976708502,1975691293,1982841900,1979666836,1984329586,1978471600,1980087707,1975814007,1992051071,1995261495,1982505069,1983186485,1981228021,1983297864,1988207359
STAT,(NULL),RusageSys,44,0,0,0,0,0,0,0,0,0,0,0,0,0,0,0,0,0,0,0,0,0,0,0,0,0,0,0,0,0,0,0,0,0,0,0,0,0,0,0,0,0,0,0,0,0
STAT,(NULL),RusageUser,44,106728000,106728000,0,0,0,0,0,0,0,0,0,0,0,0,0,0,0,0,0,0,0,0,0,0,0,0,0,0,0,0,0,0,0,0,0,0,0,0,0,0,0,0,0,0,0
STAT,(NULL),Threads,44,44,44,0,0,0,0,0,0,0,0,0,0,0,0,0,0,0,0,0,0,0,0,0,0,0,0,0,0,0,0,0,0,0,0,0,0,0,0,0,0,0,0,0,0,0
STAT,(NULL),Time,44,5582267166,5582267166,0,0,0,0,0,0,0,0,0,0,0,0,0,0,0,0,0,0,0,0,0,0,0,0,0,0,0,0,0,0,0,0,0,0,0,0,0,0,0,0,0,0,0
STAT,(NULL),TotalTime,44,21340016756,21340016756,0,0,0,0,0,0,0,0,0,0,0,0,0,0,0,0,0,0,0,0,0,0,0,0,0,0,0,0,0,0,0,0,0,0,0,0,0,0,0,0,0,0,0
STAT,(NULL),UserTime,44,78605883683,1804618328,1789938606,1790411628,1800395659,1792497997,1798893427,1784282043,1785502390,1789569266,1782345001,1790362930,1785030715,1787956956,1783875150,1786802882,1784059552,1784834214,1790115379,1790970946,1789776849,1778487561,1782226805,1780691272,1781292090,1782698291,1788360188,1788011703,1785977722,1783156490,1787008893,1790047843,1781384985,1781760140,1784426407,1781390413,1792535638,1785561499,1783300387,1774435422,1787248802,1787412631,1783744666,1784351616,1778132301
STAT,(NULL),Work,44,237231768055,5391669642,5391634448,5391640616,5391633462,5391628045,5391632701,5391638400,5391648136,5391647036,5391651701,5391631256,5391651055,5391652597,5391644682,5391624136,5391627224,5391628979,5391650318,5391629622,5391649936,5391647939,5391632636,5391621450,5391625648,5391623670,5391621387,5391618327,5391621504,5391621831,5391618214,5391623262,5391623615,5391618320,5391623869,5391623604,5391622978,5391617543,5391618984,5391617640,5391618944,5391618762,5391625687,5391622797,5391625452
STAT,(NULL),nBad,44,27565,501,695,678,942,671,592,662,653,572,583,587,389,516,466,330,688,832,768,579,770,532,643,532,690,566,592,669,732,496,685,661,810,719,689,661,561,616,616,773,449,635,658,462,644
STAT,(NULL),nEmpty,44,12149391,142035,302460,260503,304963,304870,305681,267366,280200,270958,253201,271507,250321,251670,254783,283268,290495,283441,289977,277623,278063,259780,267843,268592,260913,260638,307726,300704,280615,269482,306161,307144,278884,269035,282058,271026,262567,291188,280032,301511,276152,271585,261405,288467,302498
STAT,(NULL),nEmptyPop,44,1032097,8383,26701,21671,26858,26827,26850,21664,20913,20385,18966,23803,18832,18933,19437,25626,26018,24455,21076,24116,20391,19332,23618,24747,23180,22823,26976,26591,24289,23697,26888,26953,24225,23649,24372,23787,23290,26047,24313,26651,25155,23799,23242,25860,26708
STAT,(NULL),nOverall,44,120027353,1408547,2989751,2576678,3017132,3007877,3012046,2640478,2778667,2685798,2499869,2685695,2484187,2504126,2517778,2807586,2869324,2790190,2867688,2734777,2751278,2560388,2659733,2648740,2571428,2558914,3036526,2969691,2764312,2665730,3014913,3033531,2761252,2656325,2772907,2680443,2594879,2872918,2778892,2988087,2713759,2678137,2589136,2836536,2990704
STAT,(NULL),nPop,44,22151776,259437,551602,475258,556571,555580,556676,487298,511910,494719,461442,495344,457423,460386,464438,517128,529688,515944,528988,505416,507263,473239,489368,489376,475142,473892,560782,548263,510827,491689,557574,559733,508903,490349,513026,494577,478875,530657,511536,550381,502258,494840,477199,525020,551759
STAT,(NULL),nPush,44,22151769,260361,553687,474866,556115,554641,554834,488156,510833,495252,461501,494188,457491,462413,466654,518881,529000,515878,529615,503904,508541,471843,491852,488307,475114,471134,559416,548396,508719,491630,557384,561733,510597,490123,512771,493119,478659,528315,512586,553924,502771,494087,477684,522278,552516
STAT,(NULL),nPushInit,44,7,1,1,1,1,0,1,1,1,0,0,0,0,0,0,0,0,0,0,0,0,0,0,0,0,0,0,0,0,0,0,0,0,0,0,0,0,0,0,0,0,0,0,0,0
==== BENCHMARK TOOK 10.712
==== BENCHMARK START ===
==== PARAMS kernel=4.9.5-64-net1 malloc=libc hostname=rack-castor threads=44 delta=4 prog=sssp-multiqueue4  ===
Galois Benchmark Suite v2.2.1 (r0)
Copyright (C) 2014 The University of Texas at Austin
http://iss.ices.utexas.edu/galois/

application: Single Source Shortest Path
Computes the shortest path from a source node to all nodes in a directed graph using a modified chaotic iteration algorithm
http://iss.ices.utexas.edu/?p=projects/galois/benchmarks/single_source_shortest_path

INFO: CommandLine ./build/debug/apps/sssp/sssp -noverify -t 44 -delta 4 -wl multiqueue4 -startNode 0 /specific/disk1/home/mad/Galois-PQ/inputs/planar10M.gr
INFO: Hostname rack-castor
Read 10000000 nodes
Running Asynchronous with CAS version
INFO: Using delta-step of 1
WARNING: Performance varies considerably due to delta parameter.
WARNING: Do not expect the default to be good for your graph.
Node 1 has distance 7300
STATTYPE,LOOP,CATEGORY,n,sum,T0,T1,T2,T3,T4,T5,T6,T7,T8,T9,T10,T11,T12,T13,T14,T15,T16,T17,T18,T19,T20,T21,T22,T23,T24,T25,T26,T27,T28,T29,T30,T31,T32,T33,T34,T35,T36,T37,T38,T39,T40,T41,T42,T43
STAT,(NULL),BadWork,44,31217766,842538,687098,523509,796683,969839,934686,907603,611997,599653,672665,706871,677366,739436,749720,592712,714565,497992,736621,844338,935318,509653,601406,737266,524753,586481,885986,681244,530133,887334,755908,824538,742305,390461,749168,693789,610480,711566,795556,717569,640327,642338,754613,763492,740190
STAT,(NULL),BarrierTime,44,8312429,573693,432680,388438,417414,425410,404973,429267,289585,296788,324700,296048,284477,297680,295620,291448,221086,181049,190826,173885,220432,175342,105287,78163,76881,77715,74423,72470,76677,78886,77358,78800,67369,66714,77309,72344,46955,66371,69393,68740,76079,77867,78001,67595,70191
STAT,(NULL),ConflictTime,44,0,0,0,0,0,0,0,0,0,0,0,0,0,0,0,0,0,0,0,0,0,0,0,0,0,0,0,0,0,0,0,0,0,0,0,0,0,0,0,0,0,0,0,0,0
STAT,(NULL),Conflicts,44,0,0,0,0,0,0,0,0,0,0,0,0,0,0,0,0,0,0,0,0,0,0,0,0,0,0,0,0,0,0,0,0,0,0,0,0,0,0,0,0,0,0,0,0,0
STAT,(NULL),EmptyPopTime,44,231370343,2943280,4957582,5277271,4985289,4974466,4969794,5190370,5424794,5457984,5505630,5367038,5371092,5351429,5423754,5196750,5232806,5323616,5354776,5319804,5353355,5391985,5325784,5278275,5365995,5607705,5035823,5380886,5338185,5120590,5018805,5022662,5270127,5413274,6272592,5202044,5407774,5097498,6552488,4986206,5319960,5263073,5398498,5308865,5010369
STAT,(NULL),EmptyWork,44,3616349510,62430472,81250740,84941104,77746177,77155932,81008151,84229795,84261085,83543435,86789790,84932450,84143218,83929977,82629491,78951606,83100890,81882389,82311139,83648825,84671546,83607759,82175161,79483563,82465617,87088549,80766852,85113798,84394599,79850543,83483177,82364043,82065628,82614418,83712783,81420124,84098804,83406594,81012409,79443904,81498601,85755348,84223010,83119799,79626215
STAT,(NULL),GaloisTime,44,17389780447,413355412,369554483,395184143,373319310,371445679,374241142,385157730,407730625,414111410,413051739,402866700,407342640,406975349,408995440,388740803,394364896,401071694,400906457,401337541,399580625,413616847,400283599,399384741,404914129,425683070,377003069,405428146,404088391,387372134,375387175,379187232,392690145,407370157,381708123,384820438,409454796,375959734,398012241,369613043,398940675,394515245,407522399,396356547,371134553
STAT,(NULL),InitPushTime,44,2775868,38700,132120,88763,31098,28439,30239,2479,78300,39208,47948,38820,34933,38224,37708,39012,39200,65340,34663,38068,37348,64196,91549,104456,104383,104508,103386,103370,103312,102821,103356,103231,61270,61974,61651,57772,56855,57200,57288,56686,62685,61402,62084,54904,54919
STAT,(NULL),Iterations,44,22154164,256523,553039,500033,554516,555418,555259,516496,474971,466964,468236,488647,479503,477207,478328,506415,493681,476527,491460,492064,496499,467245,479914,504664,488935,455076,561351,495897,498080,532807,559585,562575,524894,492673,549522,536750,488990,542412,497934,555046,514933,522879,490391,496379,553446
STAT,(NULL),LoopTime,44,5571364441,5571364441,0,0,0,0,0,0,0,0,0,0,0,0,0,0,0,0,0,0,0,0,0,0,0,0,0,0,0,0,0,0,0,0,0,0,0,0,0,0,0,0,0,0,0
STAT,(NULL),MeminfoPost,44,968,22,22,22,22,22,22,22,22,22,22,22,22,22,22,22,22,22,22,22,22,22,22,22,22,22,22,22,22,22,22,22,22,22,22,22,22,22,22,22,22,22,22,22,22
STAT,(NULL),MeminfoPre,44,968,22,22,22,22,22,22,22,22,22,22,22,22,22,22,22,22,22,22,22,22,22,22,22,22,22,22,22,22,22,22,22,22,22,22,22,22,22,22,22,22,22,22,22,22
STAT,(NULL),NumaPost,44,4365,2000,1371,833,161,0,0,0,0,0,0,0,0,0,0,0,0,0,0,0,0,0,0,0,0,0,0,0,0,0,0,0,0,0,0,0,0,0,0,0,0,0,0,0,0
STAT,(NULL),PopTime,44,49048888627,989437234,1145303560,1109395449,1137303186,1142356002,1139548628,1119815534,1099445996,1093478483,1097267721,1101737288,1103698847,1091971431,1102664908,1120214927,1106033587,1099215136,1106248236,1110035217,1109516840,1093190530,1101242076,1110950268,1106801312,1085326408,1149151364,1105894522,1108078140,1130212760,1148184382,1143663825,1126754362,1109346642,1142254809,1135544941,1105817446,1144474043,1112229466,1147891928,1118435295,1124371729,1108169671,1114730162,1151484336
STAT,(NULL),PushTime,44,87638577912,2052162435,1995629220,1994913790,1982544236,1984087370,1983896183,2001460722,1996208985,1985625527,1989194549,1989249217,1988729951,1997324593,1989723321,1996697367,2004501586,2006809576,1987177801,1982503116,1990067700,2002577843,2004119678,1997117590,1989986533,1993508036,1977385098,1991751284,1990111426,1988863396,1981143998,1976417979,1987205589,1987566412,1980501026,1977379661,1989985218,2001825222,1999069453,1987543780,1980378543,1980055746,1983512829,2000745116,1991319211
STAT,(NULL),RusageSys,44,4000,4000,0,0,0,0,0,0,0,0,0,0,0,0,0,0,0,0,0,0,0,0,0,0,0,0,0,0,0,0,0,0,0,0,0,0,0,0,0,0,0,0,0,0,0
STAT,(NULL),RusageUser,44,106520000,106520000,0,0,0,0,0,0,0,0,0,0,0,0,0,0,0,0,0,0,0,0,0,0,0,0,0,0,0,0,0,0,0,0,0,0,0,0,0,0,0,0,0,0,0
STAT,(NULL),Threads,44,44,44,0,0,0,0,0,0,0,0,0,0,0,0,0,0,0,0,0,0,0,0,0,0,0,0,0,0,0,0,0,0,0,0,0,0,0,0,0,0,0,0,0,0,0
STAT,(NULL),Time,44,5572571962,5572571962,0,0,0,0,0,0,0,0,0,0,0,0,0,0,0,0,0,0,0,0,0,0,0,0,0,0,0,0,0,0,0,0,0,0,0,0,0,0,0,0,0,0,0
STAT,(NULL),TotalTime,44,19739195252,19739195252,0,0,0,0,0,0,0,0,0,0,0,0,0,0,0,0,0,0,0,0,0,0,0,0,0,0,0,0,0,0,0,0,0,0,0,0,0,0,0,0,0,0,0
STAT,(NULL),UserTime,44,78814525078,1860109745,1783746405,1790732150,1804541625,1800424139,1796777442,1784589221,1787375791,1798227689,1788634191,1796291493,1791160951,1794888405,1791007280,1790643367,1787215351,1786138407,1798445576,1797600569,1791257110,1782056413,1787294368,1788227973,1790905722,1783228769,1791099757,1786875478,1788430446,1789024525,1787226707,1793784762,1786459922,1788134545,1785992523,1796074483,1785684713,1769676828,1783563699,1790961125,1795869869,1790479099,1791617541,1780180937,1781867967
STAT,(NULL),Work,44,236744327378,5380597309,5380559062,5380584135,5380558817,5380562756,5380559433,5380557851,5380566548,5380558100,5380557800,5380557878,5380579110,5380558072,5380557906,5380561800,5380577379,5380555965,5380570593,5380579826,5380580352,5380567180,5380562703,5380538169,5380535490,5380536272,5380534495,5380543041,5380535316,5380534614,5380534759,5380535031,5380546700,5380549344,5380535257,5380535592,5380560430,5380534272,5380538062,5380534480,5380537258,5380540336,5380536515,5380543124,5380538246
STAT,(NULL),nBad,44,51039,1357,1240,849,1283,1593,1442,1524,1035,999,1041,1214,1164,1205,1273,1072,1171,743,1123,1296,1434,800,989,1189,903,936,1405,1154,840,1392,1281,1329,1210,599,1213,1175,1009,1169,1281,1239,1048,1082,1273,1275,1190
STAT,(NULL),nEmpty,44,12149821,139592,304080,274005,303470,304501,304129,283404,260705,255963,257330,268134,262570,261156,262389,277286,270719,261216,269281,269988,272632,256065,263484,276636,268077,249165,307824,271992,273099,291920,307576,308924,287998,269774,301333,294818,268540,298257,272797,304339,282378,286920,269155,272497,303703
STAT,(NULL),nEmptyPop,44,700209,8230,17490,15738,17538,17566,17563,16354,14980,14778,14820,15458,15082,15096,15135,16013,15525,15073,15470,15479,15619,14789,15167,15958,15461,14409,17754,15660,15777,16858,17701,17788,16540,15542,17386,16987,15384,17162,15748,17555,16305,16527,15538,15699,17507
STAT,(NULL),nOverall,44,120050827,1402121,2988116,2712575,3013901,3010169,3012620,2796310,2571281,2534151,2528787,2647186,2603094,2592839,2589067,2748088,2676811,2584463,2666029,2664224,2685932,2534636,2598253,2736969,2649473,2470062,3042077,2688118,2700344,2890720,3023823,3042643,2842646,2675941,2978525,2903503,2645695,2929241,2700375,3007859,2789098,2829938,2655185,2688569,2999370
STAT,(NULL),nPop,44,22154164,256523,553039,500033,554516,555418,555259,516496,474971,466964,468236,488647,479503,477207,478328,506415,493681,476527,491460,492064,496499,467245,479914,504664,488935,455076,561351,495897,498080,532807,559585,562575,524894,492673,549522,536750,488990,542412,497934,555046,514933,522879,490391,496379,553446
STAT,(NULL),nPush,44,22154158,258989,551856,501244,556660,554775,555086,515131,476049,467781,465917,487537,480056,480526,477650,505983,493691,478000,492915,490269,496785,467421,481301,506268,489376,454248,560785,496602,498334,534000,556905,561771,525835,494582,549253,535014,486802,541568,497932,552715,514835,521372,491273,495250,553816
STAT,(NULL),nPushInit,44,6,0,1,1,1,1,1,0,1,0,0,0,0,0,0,0,0,0,0,0,0,0,0,0,0,0,0,0,0,0,0,0,0,0,0,0,0,0,0,0,0,0,0,0,0
==== BENCHMARK TOOK 10.047
==== BENCHMARK START ===
==== PARAMS kernel=4.9.5-64-net1 malloc=libc hostname=rack-castor threads=44 delta=4 prog=sssp-multiqueue4  ===
Galois Benchmark Suite v2.2.1 (r0)
Copyright (C) 2014 The University of Texas at Austin
http://iss.ices.utexas.edu/galois/

application: Single Source Shortest Path
Computes the shortest path from a source node to all nodes in a directed graph using a modified chaotic iteration algorithm
http://iss.ices.utexas.edu/?p=projects/galois/benchmarks/single_source_shortest_path

INFO: CommandLine ./build/debug/apps/sssp/sssp -noverify -t 44 -delta 4 -wl multiqueue4 -startNode 0 /specific/disk1/home/mad/Galois-PQ/inputs/planar10M.gr
INFO: Hostname rack-castor
Read 10000000 nodes
Running Asynchronous with CAS version
INFO: Using delta-step of 1
WARNING: Performance varies considerably due to delta parameter.
WARNING: Do not expect the default to be good for your graph.
Node 1 has distance 7300
STATTYPE,LOOP,CATEGORY,n,sum,T0,T1,T2,T3,T4,T5,T6,T7,T8,T9,T10,T11,T12,T13,T14,T15,T16,T17,T18,T19,T20,T21,T22,T23,T24,T25,T26,T27,T28,T29,T30,T31,T32,T33,T34,T35,T36,T37,T38,T39,T40,T41,T42,T43
STAT,(NULL),BadWork,44,17884359,398280,437752,492046,405372,435673,527399,453826,372660,442967,392606,437488,387710,460082,490419,560877,430000,386746,301055,356594,437231,438677,286624,320407,385979,420083,375602,395309,284586,269541,473062,424261,539293,465156,405025,238959,361270,349324,418619,426309,397571,318011,441745,458814,383349
STAT,(NULL),BarrierTime,44,7572330,427755,445773,409132,392016,415526,329009,319788,247042,304092,300310,306076,242520,208602,210479,206216,201848,208875,214219,212920,220559,207992,249012,64179,65253,32429,62068,60919,61287,58898,60032,57849,60760,62904,43135,61544,62043,60761,59950,62246,63495,63874,38933,64620,65390
STAT,(NULL),ConflictTime,44,0,0,0,0,0,0,0,0,0,0,0,0,0,0,0,0,0,0,0,0,0,0,0,0,0,0,0,0,0,0,0,0,0,0,0,0,0,0,0,0,0,0,0,0,0
STAT,(NULL),Conflicts,44,0,0,0,0,0,0,0,0,0,0,0,0,0,0,0,0,0,0,0,0,0,0,0,0,0,0,0,0,0,0,0,0,0,0,0,0,0,0,0,0,0,0,0,0,0
STAT,(NULL),EmptyPopTime,44,231913214,3042267,4987895,5504138,4995187,5011407,5080994,5391369,5460157,5426035,5413413,5515201,5406687,5175000,5343510,5488129,5388064,5256962,5233302,5370270,5263165,5335778,5392654,5366236,5220771,5492670,5109040,5336569,5320181,5370857,5136728,5058072,5272999,5272628,5245412,5214172,5468323,5383009,5210857,5054045,5231259,5429284,5569951,5250815,6417752
STAT,(NULL),EmptyWork,44,3605010716,76154788,82511888,83174873,78406153,80625814,85522342,83788844,81017530,83688367,81676821,81658937,82489456,81982896,82711017,81618336,85013744,79295334,80931467,82818324,80501961,80593207,85621839,84520220,83192051,80513882,82062169,84007944,85204551,83619363,76936613,78599614,78936837,79552550,82227211,85380422,83741088,85639550,80127717,79016437,84165446,83254218,85871106,79006622,77631167
STAT,(NULL),GaloisTime,44,17400950975,539334087,373897532,412318788,370390808,370176921,370744056,403350097,400163485,405385006,405404995,413588805,400254145,381504130,398599179,403335339,398235560,382897793,388743116,394607294,393447938,396442338,402129185,399201160,388187748,405716384,375007445,397420577,395558888,398009534,373264373,374473307,389763882,395117495,390540950,387912765,409970569,402978920,381661047,369533850,388702517,402512122,413709027,387123559,369634259
STAT,(NULL),InitPushTime,44,2498137,153404,151540,57992,60340,2804,31088,33532,78936,48152,48280,48432,38656,40856,39272,40392,40824,39924,38724,38376,33058,39896,37924,104317,72248,71331,60243,60383,59825,60302,59554,58755,58637,58014,57779,58117,56504,57544,57252,56364,55000,54501,54912,54912,69241
STAT,(NULL),Iterations,44,22152128,243654,549355,460530,551767,553123,554226,480539,492076,481660,483955,462904,488427,528050,492957,471402,476444,514430,514041,500188,509315,482403,470079,492606,523144,485382,558835,511465,511639,501201,555701,560642,521304,514821,519805,529827,481260,482266,526565,550391,522624,495867,481567,514230,549461
STAT,(NULL),LoopTime,44,5498474745,5498474745,0,0,0,0,0,0,0,0,0,0,0,0,0,0,0,0,0,0,0,0,0,0,0,0,0,0,0,0,0,0,0,0,0,0,0,0,0,0,0,0,0,0,0
STAT,(NULL),MeminfoPost,44,968,22,22,22,22,22,22,22,22,22,22,22,22,22,22,22,22,22,22,22,22,22,22,22,22,22,22,22,22,22,22,22,22,22,22,22,22,22,22,22,22,22,22,22,22
STAT,(NULL),MeminfoPre,44,968,22,22,22,22,22,22,22,22,22,22,22,22,22,22,22,22,22,22,22,22,22,22,22,22,22,22,22,22,22,22,22,22,22,22,22,22,22,22,22,22,22,22,22,22
STAT,(NULL),NumaPost,44,4364,1996,1566,641,161,0,0,0,0,0,0,0,0,0,0,0,0,0,0,0,0,0,0,0,0,0,0,0,0,0,0,0,0,0,0,0,0,0,0,0,0,0,0,0,0
STAT,(NULL),PopTime,44,49158538430,1169837137,1143786514,1089684424,1136249656,1141710020,1139186225,1100491459,1107051263,1098326869,1099641585,1084002108,1100093827,1126876128,1104570096,1095736127,1099847501,1119728868,1116561663,1108143716,1114258596,1097529590,1091249795,1106430672,1126792286,1105780781,1140085418,1122401701,1113334609,1108900646,1146034352,1144481308,1129839638,1114474715,1118769237,1134270788,1099356490,1102161050,1128925229,1138194665,1125650716,1104166783,1099848488,1124364796,1139710895
STAT,(NULL),PushTime,44,86741900129,1734488729,1972144558,1976985261,1972849466,1968477638,1966752268,1980044675,1968257574,1973787179,1979203814,1981501673,1981929880,1971637167,1978252218,1989056491,1987630885,1980431649,1976626612,1979618644,1978890511,1995629436,1988326317,1981292097,1971519255,1979362365,1963997588,1961714351,1973608673,1985854858,1975322670,1966781265,1966843167,1978221177,1974108908,1961974774,1976988691,1987393559,1983434685,1988633983,1969832330,1976425193,1974116182,1982951029,1979000684
STAT,(NULL),RusageSys,44,4000,4000,0,0,0,0,0,0,0,0,0,0,0,0,0,0,0,0,0,0,0,0,0,0,0,0,0,0,0,0,0,0,0,0,0,0,0,0,0,0,0,0,0,0,0
STAT,(NULL),RusageUser,44,106048000,106048000,0,0,0,0,0,0,0,0,0,0,0,0,0,0,0,0,0,0,0,0,0,0,0,0,0,0,0,0,0,0,0,0,0,0,0,0,0,0,0,0,0,0,0
STAT,(NULL),Threads,44,44,44,0,0,0,0,0,0,0,0,0,0,0,0,0,0,0,0,0,0,0,0,0,0,0,0,0,0,0,0,0,0,0,0,0,0,0,0,0,0,0,0,0,0,0
STAT,(NULL),Time,44,5499683771,5499683771,0,0,0,0,0,0,0,0,0,0,0,0,0,0,0,0,0,0,0,0,0,0,0,0,0,0,0,0,0,0,0,0,0,0,0,0,0,0,0,0,0,0,0
STAT,(NULL),TotalTime,44,20256208208,20256208208,0,0,0,0,0,0,0,0,0,0,0,0,0,0,0,0,0,0,0,0,0,0,0,0,0,0,0,0,0,0,0,0,0,0,0,0,0,0,0,0,0,0,0
STAT,(NULL),UserTime,44,78570037998,1834148811,1779679223,1789341016,1794117665,1791006658,1789725180,1783943552,1795057525,1790399066,1785667696,1790742816,1786838293,1789832797,1787534567,1781774382,1780891808,1789400141,1788914996,1786450902,1784646766,1781477051,1784288466,1780195522,1782093797,1780140122,1790745208,1786124364,1783981750,1775250039,1780314646,1787612023,1786349463,1784367537,1786113615,1782251941,1781481627,1773450808,1777646512,1776576463,1783427336,1785218464,1777897617,1778308681,1784611086
STAT,(NULL),Work,44,235711886850,5357115278,5357082480,5357091812,5357084981,5357087509,5357082678,5357092100,5357114150,5357093766,5357094154,5357089296,5357093624,5357087944,5357083346,5357089124,5357092218,5357086484,5357082441,5357088526,5357090551,5357083380,5357087992,5357085734,5357080715,5357114810,5357082104,5357083026,5357085593,5357083135,5357084026,5357084375,5357085782,5357084312,5357081730,5357083167,5357086984,5357080686,5357085343,5357081665,5357082123,5357086086,5357107602,5357082191,5357081827
STAT,(NULL),nBad,44,27665,613,704,737,687,701,799,730,546,706,588,631,595,747,775,834,706,620,509,566,725,614,451,461,515,618,589,633,427,419,760,695,745,693,631,347,587,522,643,690,617,499,690,688,612
STAT,(NULL),nEmpty,44,12149724,133065,301424,252957,301908,303630,304103,263543,269944,264189,265351,253741,267944,289623,270646,259004,261307,282265,281613,274312,278717,264212,257702,269764,286967,266477,306923,280544,280412,274844,305224,307669,285786,282680,285115,290754,263537,264778,289239,301917,286572,271645,264377,282532,300768
STAT,(NULL),nEmptyPop,44,701324,7820,17389,14589,17468,17505,17549,15218,15489,15257,15303,14669,15427,16727,15636,14935,15088,16307,16295,15834,16120,15279,14883,15597,16574,15280,17689,16187,16220,15866,17597,17744,16494,16290,16471,16785,15243,15268,16687,17431,16560,15699,15160,16299,17396
STAT,(NULL),nOverall,44,120027453,1325765,2974572,2490877,2996033,2992421,3000379,2601938,2663668,2608730,2622326,2510581,2646513,2858375,2668595,2549410,2581778,2782672,2791743,2709870,2769763,2620454,2548429,2675573,2831497,2628760,3023523,2770103,2774311,2717689,3006862,3035515,2825365,2787013,2816667,2869535,2614931,2611070,2849103,2982038,2831301,2689773,2605970,2781140,2984822
STAT,(NULL),nPop,44,22152128,243654,549355,460530,551767,553123,554226,480539,492076,481660,483955,462904,488427,528050,492957,471402,476444,514430,514041,500188,509315,482403,470079,492606,523144,485382,558835,511465,511639,501201,555701,560642,521304,514821,519805,529827,481260,482266,526565,550391,522624,495867,481567,514230,549461
STAT,(NULL),nPush,44,22152121,244692,548640,459061,554061,552016,551243,479849,489133,480853,483267,463801,489804,526614,492659,472580,476078,512886,516845,500191,511497,484075,469931,493855,520924,485733,558101,509646,511569,501484,555666,559405,520898,515838,520373,528336,483177,482231,526670,552015,523721,496077,480168,514626,551832
STAT,(NULL),nPushInit,44,7,1,1,1,1,0,1,1,1,0,0,0,0,0,0,0,0,0,0,0,0,0,0,0,0,0,0,0,0,0,0,0,0,0,0,0,0,0,0,0,0,0,0,0,0
==== BENCHMARK TOOK 10.301
==== BENCHMARK START ===
==== PARAMS kernel=4.9.5-64-net1 malloc=libc hostname=rack-castor threads=44 delta=4 prog=sssp-multiqueue4  ===
Galois Benchmark Suite v2.2.1 (r0)
Copyright (C) 2014 The University of Texas at Austin
http://iss.ices.utexas.edu/galois/

application: Single Source Shortest Path
Computes the shortest path from a source node to all nodes in a directed graph using a modified chaotic iteration algorithm
http://iss.ices.utexas.edu/?p=projects/galois/benchmarks/single_source_shortest_path

INFO: CommandLine ./build/debug/apps/sssp/sssp -noverify -t 44 -delta 4 -wl multiqueue4 -startNode 0 /specific/disk1/home/mad/Galois-PQ/inputs/planar10M.gr
INFO: Hostname rack-castor
Read 10000000 nodes
Running Asynchronous with CAS version
INFO: Using delta-step of 1
WARNING: Performance varies considerably due to delta parameter.
WARNING: Do not expect the default to be good for your graph.
Node 1 has distance 7300
STATTYPE,LOOP,CATEGORY,n,sum,T0,T1,T2,T3,T4,T5,T6,T7,T8,T9,T10,T11,T12,T13,T14,T15,T16,T17,T18,T19,T20,T21,T22,T23,T24,T25,T26,T27,T28,T29,T30,T31,T32,T33,T34,T35,T36,T37,T38,T39,T40,T41,T42,T43
STAT,(NULL),BadWork,44,23966129,512092,622281,1904704,622817,643068,662635,559696,406260,581157,381585,512230,446698,396663,538738,511321,649852,509590,557445,617979,495520,479822,607802,458317,468988,532190,553569,527733,451552,473640,578320,507593,461656,587312,508187,484126,510057,551354,501708,494331,488722,286797,385913,488721,445388
STAT,(NULL),BarrierTime,44,8956117,690866,474565,469568,468764,493276,451370,452737,358900,321026,385174,280911,294474,261666,322708,329209,261310,275120,231468,239181,267312,254544,233140,56031,56459,34482,56375,54843,56473,54830,55399,56984,55528,54487,56032,56194,55816,39404,34577,54970,54701,48576,35060,56084,55523
STAT,(NULL),ConflictTime,44,0,0,0,0,0,0,0,0,0,0,0,0,0,0,0,0,0,0,0,0,0,0,0,0,0,0,0,0,0,0,0,0,0,0,0,0,0,0,0,0,0,0,0,0,0
STAT,(NULL),Conflicts,44,0,0,0,0,0,0,0,0,0,0,0,0,0,0,0,0,0,0,0,0,0,0,0,0,0,0,0,0,0,0,0,0,0,0,0,0,0,0,0,0,0,0,0,0,0
STAT,(NULL),EmptyPopTime,44,231672973,3020891,5015741,5527678,5043847,5072643,5117028,5188668,5334648,5344270,5430819,5175985,5429415,5565230,5480277,5395848,5337675,5464190,5498757,5098606,5469387,5441960,5289678,5180899,5450335,5699810,5149990,5335620,5279110,5201875,5142508,5111968,5316417,5226394,5400000,5202732,5654443,5209825,5418008,5047725,5330281,5474501,5609832,5388565,5098894
STAT,(NULL),EmptyWork,44,3662255047,110679571,79912293,85676457,80474347,77454900,82188520,83906613,80772660,84282404,84708501,83733101,83695287,84050787,85355876,83709734,81842858,84168703,87509098,82859125,80269740,85442396,83583839,80361227,82634439,81043556,80499092,81741210,83566457,79497713,81819251,81670182,84123129,80192310,84859263,83985875,87914180,79043531,79627891,80754492,85568453,81871248,85180296,81605385,78419057
STAT,(NULL),GaloisTime,44,17279378540,427226129,367975581,414136316,373614744,372188336,372485738,384218349,384750528,398007245,401235526,379124983,402340012,411652942,407937113,402293896,386508889,402334563,408697958,373442122,401866836,399404425,393302776,384360176,406342793,418455999,373395452,396230042,389553381,378347361,373249512,376806127,389455163,391659097,400050664,383237342,420627101,382253411,394417195,369596148,396206504,409675978,415265292,394050844,371397951
STAT,(NULL),InitPushTime,44,3203012,4456,145266,92896,30570,2531,28545,30936,73953,39384,45002,85830,38412,89019,38048,35612,64160,59051,37348,33349,60636,59312,37808,105622,105395,104947,104852,104419,103825,104199,104295,104243,103576,103480,103216,102879,63324,61109,61241,60595,102506,102358,101904,101875,61028
STAT,(NULL),Iterations,44,22152139,246951,548340,455087,554637,554896,554906,519822,515940,498635,488370,542957,486838,461160,470062,472812,503387,478144,470914,538290,483520,473500,494374,534074,480720,460496,556599,507957,525702,539217,555903,559192,522797,522496,503765,535454,455761,525424,497214,551583,509681,482165,461477,499184,551736
STAT,(NULL),LoopTime,44,5465993431,5465993431,0,0,0,0,0,0,0,0,0,0,0,0,0,0,0,0,0,0,0,0,0,0,0,0,0,0,0,0,0,0,0,0,0,0,0,0,0,0,0,0,0,0,0
STAT,(NULL),MeminfoPost,44,968,22,22,22,22,22,22,22,22,22,22,22,22,22,22,22,22,22,22,22,22,22,22,22,22,22,22,22,22,22,22,22,22,22,22,22,22,22,22,22,22,22,22,22,22
STAT,(NULL),MeminfoPre,44,968,22,22,22,22,22,22,22,22,22,22,22,22,22,22,22,22,22,22,22,22,22,22,22,22,22,22,22,22,22,22,22,22,22,22,22,22,22,22,22,22,22,22,22,22
STAT,(NULL),NumaPost,44,4360,1995,1382,639,344,0,0,0,0,0,0,0,0,0,0,0,0,0,0,0,0,0,0,0,0,0,0,0,0,0,0,0,0,0,0,0,0,0,0,0,0,0,0,0,0
STAT,(NULL),PopTime,44,48677763987,1152754200,1124215989,1068790343,1125265992,1134143841,1128592866,1110053082,1109854304,1099222665,1090335457,1120375287,1086219597,1074552723,1081275562,1081873010,1108374754,1087006629,1078336141,1117461277,1085866500,1089435973,1097812670,1127461408,1089604696,1075655356,1130400850,1103370729,1115744774,1119229762,1135207517,1127376442,1117133597,1112100084,1106270728,1124804799,1077016288,1120837008,1100683309,1134252396,1105072818,1090648429,1073528844,1102882295,1136662996
STAT,(NULL),PushTime,44,87022954536,1892289904,1989430299,1991000214,1976090749,1972656654,1971393778,1983136381,1982072515,1977908412,1983140267,1976700090,1985816660,1987595289,1977928734,1999320848,1985068468,1988986839,1978902135,1994277233,1984500841,1994940072,1986468304,1970696066,1980682971,1977257334,1977186971,1973720704,1967843350,1983422973,1969850016,1971795554,1966501911,1977749469,1962972273,1971929396,1972607238,1976448995,1987815435,1976485277,1973610640,1972837992,1990193990,1982632768,1979088527
STAT,(NULL),RusageSys,44,0,0,0,0,0,0,0,0,0,0,0,0,0,0,0,0,0,0,0,0,0,0,0,0,0,0,0,0,0,0,0,0,0,0,0,0,0,0,0,0,0,0,0,0,0
STAT,(NULL),RusageUser,44,105304000,105304000,0,0,0,0,0,0,0,0,0,0,0,0,0,0,0,0,0,0,0,0,0,0,0,0,0,0,0,0,0,0,0,0,0,0,0,0,0,0,0,0,0,0,0
STAT,(NULL),Threads,44,44,44,0,0,0,0,0,0,0,0,0,0,0,0,0,0,0,0,0,0,0,0,0,0,0,0,0,0,0,0,0,0,0,0,0,0,0,0,0,0,0,0,0,0,0
STAT,(NULL),Time,44,5467181116,5467181116,0,0,0,0,0,0,0,0,0,0,0,0,0,0,0,0,0,0,0,0,0,0,0,0,0,0,0,0,0,0,0,0,0,0,0,0,0,0,0,0,0,0,0
STAT,(NULL),TotalTime,44,20927426853,20927426853,0,0,0,0,0,0,0,0,0,0,0,0,0,0,0,0,0,0,0,0,0,0,0,0,0,0,0,0,0,0,0,0,0,0,0,0,0,0,0,0,0,0,0
STAT,(NULL),UserTime,44,77191653295,1733699879,1753124381,1754543816,1759185288,1758159036,1759896937,1753171848,1756890696,1754909234,1754820314,1754562797,1756173248,1756255092,1761696426,1747081840,1752541469,1751714475,1760730769,1746536767,1761701740,1745010583,1753217065,1751613525,1754958610,1761566999,1753040642,1759275881,1757686170,1753975706,1754406766,1756914153,1757143141,1752745341,1760120989,1750514983,1755854940,1755880478,1751718322,1753539270,1753885677,1759169915,1749898915,1753113184,1749005988
STAT,(NULL),Work,44,234070275798,5319805864,5319781031,5319781276,5319779016,5319776024,5319786274,5319776110,5319776869,5319778844,5319772740,5319773751,5319804290,5319773596,5319775732,5319781595,5319783531,5319778673,5319777438,5319776903,5319785248,5319797992,5319775984,5319771657,5319771862,5319794406,5319772308,5319772772,5319772095,5319772132,5319772128,5319773111,5319773128,5319772146,5319772789,5319771843,5319775738,5319774519,5319794560,5319773786,5319772319,5319782003,5319794502,5319774691,5319772522
STAT,(NULL),nBad,44,35782,808,975,809,961,1056,1048,913,706,932,606,836,672,548,858,798,1009,810,889,1022,781,752,911,788,724,881,891,834,723,746,962,857,705,886,757,827,763,810,799,837,770,462,567,762,731
STAT,(NULL),nEmpty,44,12149048,135469,300418,249764,304308,304785,303899,284887,283261,273475,267681,297783,267058,252803,257733,258861,276549,261674,258644,295087,264366,259668,270910,293486,262987,252857,304638,278779,288680,295708,304911,306631,286288,286250,276707,293831,250453,288207,272314,302429,279871,265153,252921,274292,302572
STAT,(NULL),nEmptyPop,44,701534,7955,17371,14429,17566,17578,17578,16452,16333,15818,15469,17205,15327,14619,14899,14983,15966,15150,14926,17057,15318,14910,15655,16927,15232,14506,17631,16111,16666,17090,17611,17712,16575,16564,15952,16972,14452,16629,15653,17474,16167,15221,14537,15809,17479
STAT,(NULL),nOverall,44,120035570,1336016,2974841,2463159,3004151,2998956,3012058,2819449,2792846,2702082,2647788,2943804,2635942,2501738,2547788,2569180,2721053,2596366,2545471,2917830,2631647,2565780,2679185,2887016,2611420,2492049,3023753,2752008,2844015,2923316,3012344,3029911,2838055,2836184,2724635,2899083,2463481,2845506,2699777,2990753,2757214,2605882,2504319,2697708,2990011
STAT,(NULL),nPop,44,22152139,246951,548340,455087,554637,554896,554906,519822,515940,498635,488370,542957,486838,461160,470062,472812,503387,478144,470914,538290,483520,473500,494374,534074,480720,460496,556599,507957,525702,539217,555903,559192,522797,522496,503765,535454,455761,525424,497214,551583,509681,482165,461477,499184,551736
STAT,(NULL),nPush,44,22152133,245484,549787,454828,555172,552812,553716,520690,515009,500250,489245,542101,485976,463031,470129,475762,501753,478794,469233,537054,486470,474122,493420,534560,481406,459694,557815,507939,524594,540224,556001,560590,523148,524992,500347,535899,454709,524567,497318,552113,509523,480781,463635,496692,550748
STAT,(NULL),nPushInit,44,6,0,1,1,1,0,1,1,1,0,0,0,0,0,0,0,0,0,0,0,0,0,0,0,0,0,0,0,0,0,0,0,0,0,0,0,0,0,0,0,0,0,0,0,0
==== BENCHMARK TOOK 10.621
==== BENCHMARK START ===
==== PARAMS kernel=4.9.5-64-net1 malloc=libc hostname=rack-castor threads=44 delta=4 prog=sssp-multiqueue4  ===
Galois Benchmark Suite v2.2.1 (r0)
Copyright (C) 2014 The University of Texas at Austin
http://iss.ices.utexas.edu/galois/

application: Single Source Shortest Path
Computes the shortest path from a source node to all nodes in a directed graph using a modified chaotic iteration algorithm
http://iss.ices.utexas.edu/?p=projects/galois/benchmarks/single_source_shortest_path

INFO: CommandLine ./build/debug/apps/sssp/sssp -noverify -t 44 -delta 4 -wl multiqueue4 -startNode 0 /specific/disk1/home/mad/Galois-PQ/inputs/planar10M.gr
INFO: Hostname rack-castor
Read 10000000 nodes
Running Asynchronous with CAS version
INFO: Using delta-step of 1
WARNING: Performance varies considerably due to delta parameter.
WARNING: Do not expect the default to be good for your graph.
Node 1 has distance 7300
STATTYPE,LOOP,CATEGORY,n,sum,T0,T1,T2,T3,T4,T5,T6,T7,T8,T9,T10,T11,T12,T13,T14,T15,T16,T17,T18,T19,T20,T21,T22,T23,T24,T25,T26,T27,T28,T29,T30,T31,T32,T33,T34,T35,T36,T37,T38,T39,T40,T41,T42,T43
STAT,(NULL),BadWork,44,25397348,498709,657466,700519,728279,620506,766377,470610,489596,372849,432902,630161,563894,552678,334263,574562,382717,548426,708218,476083,688992,404119,659484,581237,661567,610805,640400,541436,605193,653664,620242,758210,585575,562194,549728,688641,459888,698383,573905,745081,502526,465036,596636,449794,585797
STAT,(NULL),BarrierTime,44,8674041,626428,418713,419027,425845,425685,423124,372804,247342,241698,299828,295924,320384,295308,241069,286999,175701,226904,190976,171677,186848,132015,180349,118269,131013,110579,131051,123064,130539,125228,130953,130122,81480,81487,127561,128181,69315,42417,45783,43816,86257,50913,51398,47243,82724
STAT,(NULL),ConflictTime,44,0,0,0,0,0,0,0,0,0,0,0,0,0,0,0,0,0,0,0,0,0,0,0,0,0,0,0,0,0,0,0,0,0,0,0,0,0,0,0,0,0,0,0,0,0
STAT,(NULL),Conflicts,44,0,0,0,0,0,0,0,0,0,0,0,0,0,0,0,0,0,0,0,0,0,0,0,0,0,0,0,0,0,0,0,0,0,0,0,0,0,0,0,0,0,0,0,0,0
STAT,(NULL),EmptyPopTime,44,610558700,2876388,13836471,14207484,13858128,13865704,13841799,14100852,14258877,14265960,14164358,14250130,14469664,14276080,14195224,14241944,14130881,14191768,14258720,14215580,14276505,14078837,14168913,14150904,14162527,14634546,13892055,14123288,14144534,14298677,13917091,13913775,14130058,13988954,13976564,14190202,14084381,14317104,14055198,13866499,14017233,14252441,14245149,14241243,13926010
STAT,(NULL),EmptyWork,44,3628890412,71881879,77206429,87138686,79347595,83027220,84325799,81693630,85378792,86493089,82308117,87483781,85057519,85393780,80298454,85649094,82054323,82731361,85997591,86854788,85494053,83623413,84456621,79950259,85804131,88818730,77148200,81600507,82687059,82632812,77930525,80862367,83365517,78396682,82810166,83720806,79100052,83105971,79016597,77714490,79186436,86291388,82621449,84112546,78117708
STAT,(NULL),GaloisTime,44,17310741837,410711616,368145855,398032395,370333591,371450985,373785071,392121731,408641086,409640383,398563528,408623568,421522589,403440522,402877456,395969652,388417813,398552552,407901568,402845895,409487708,384732390,390779379,389694845,395534358,438857644,376295942,392017214,392353981,405290973,372750752,378186025,393722404,382090688,383513007,400969079,389064518,401805310,376647474,368331419,374567950,402940607,405009819,403434815,371085680
STAT,(NULL),InitPushTime,44,2651823,3928,157287,157799,44173,28357,45205,43510,116060,67056,39040,43672,46844,64225,65260,35097,79009,53660,37308,36588,37828,63052,39570,63221,102146,102718,59730,59510,58945,59972,59195,57662,58601,57472,56613,56357,56041,56525,56452,55741,54809,53731,53584,54223,54047
STAT,(NULL),Iterations,44,22154126,252430,550743,490942,554601,554315,554561,505619,470963,476953,495692,477692,443441,482925,490745,486940,501468,483867,472313,488109,477876,506861,495977,514003,507669,415794,559108,522469,520802,488695,555510,560885,519589,542991,542964,509206,526270,484306,536086,549838,558977,494216,492886,484358,552471
STAT,(NULL),LoopTime,44,5519416228,5519416228,0,0,0,0,0,0,0,0,0,0,0,0,0,0,0,0,0,0,0,0,0,0,0,0,0,0,0,0,0,0,0,0,0,0,0,0,0,0,0,0,0,0,0
STAT,(NULL),MeminfoPost,44,968,22,22,22,22,22,22,22,22,22,22,22,22,22,22,22,22,22,22,22,22,22,22,22,22,22,22,22,22,22,22,22,22,22,22,22,22,22,22,22,22,22,22,22,22
STAT,(NULL),MeminfoPre,44,968,22,22,22,22,22,22,22,22,22,22,22,22,22,22,22,22,22,22,22,22,22,22,22,22,22,22,22,22,22,22,22,22,22,22,22,22,22,22,22,22,22,22,22,22
STAT,(NULL),NumaPost,44,4346,2000,1355,830,161,0,0,0,0,0,0,0,0,0,0,0,0,0,0,0,0,0,0,0,0,0,0,0,0,0,0,0,0,0,0,0,0,0,0,0,0,0,0,0,0
STAT,(NULL),PopTime,44,49117686136,1185620057,1139062389,1105943979,1141976866,1138409726,1139125956,1110064473,1088076337,1093776781,1103926992,1089364800,1076541066,1101549821,1101065241,1104390953,1115867587,1105006590,1090785961,1097099972,1096190161,1116889014,1107626395,1118465904,1115964673,1061876635,1141822049,1120644041,1119445007,1101818391,1141204184,1142260738,1118427545,1131882943,1134805603,1119936014,1127802454,1099382932,1134493470,1141259734,1144001190,1103839491,1101224057,1100618587,1148149377
STAT,(NULL),PushTime,44,87015635970,1842006589,1986419778,1980801091,1972265240,1970688750,1974069469,1987167704,1990980076,1979466008,1982585735,1987227625,1981643302,1979427231,1978056772,1992550385,1988270004,1982862146,1986976346,1986086826,1976163558,1992126309,1992106112,1990295396,1982697385,1985744817,1970220389,1975049219,1972639445,1982977692,1975016336,1967222364,1971081290,1976666381,1965315785,1969669677,1972361214,1988942614,1982142259,1999737578,1969760124,1982553007,1982488771,1985127060,1977980111
STAT,(NULL),RusageSys,44,0,0,0,0,0,0,0,0,0,0,0,0,0,0,0,0,0,0,0,0,0,0,0,0,0,0,0,0,0,0,0,0,0,0,0,0,0,0,0,0,0,0,0,0,0
STAT,(NULL),RusageUser,44,106292000,106292000,0,0,0,0,0,0,0,0,0,0,0,0,0,0,0,0,0,0,0,0,0,0,0,0,0,0,0,0,0,0,0,0,0,0,0,0,0,0,0,0,0,0,0
STAT,(NULL),Threads,44,44,44,0,0,0,0,0,0,0,0,0,0,0,0,0,0,0,0,0,0,0,0,0,0,0,0,0,0,0,0,0,0,0,0,0,0,0,0,0,0,0,0,0,0,0
STAT,(NULL),Time,44,5520651120,5520651120,0,0,0,0,0,0,0,0,0,0,0,0,0,0,0,0,0,0,0,0,0,0,0,0,0,0,0,0,0,0,0,0,0,0,0,0,0,0,0,0,0,0,0
STAT,(NULL),TotalTime,44,21411779319,21411779319,0,0,0,0,0,0,0,0,0,0,0,0,0,0,0,0,0,0,0,0,0,0,0,0,0,0,0,0,0,0,0,0,0,0,0,0,0,0,0,0,0,0,0
STAT,(NULL),UserTime,44,78563668169,1856153947,1784582863,1783132584,1791474543,1791810043,1784105694,1784102455,1781915824,1785606536,1787705248,1782304160,1790025219,1785163528,1792760349,1776453354,1780508884,1785913153,1783334876,1782152597,1787639163,1777802803,1780117992,1776697137,1775091052,1779319714,1789875274,1785825259,1787984679,1782237152,1788435674,1786807833,1788525422,1786227902,1788833763,1780766619,1786848362,1781704881,1782900116,1768343516,1787721779,1779376038,1783664229,1781720074,1779995879
STAT,(NULL),Work,44,236252040128,5369391572,5369371413,5369370559,5369365289,5369358811,5369369195,5369363382,5369367006,5369363642,5369368582,5369363460,5369391594,5369364251,5369364992,5369386081,5369364391,5369375746,5369368914,5369388843,5369376552,5369369978,5369384796,5369354190,5369353660,5369374443,5369353688,5369364517,5369353721,5369354407,5369354130,5369353617,5369357729,5369356349,5369359601,5369354005,5369370864,5369358104,5369353648,5369354166,5369354436,5369354261,5369353335,5369354316,5369353892
STAT,(NULL),nBad,44,41191,817,1077,1107,1155,1049,1222,775,759,599,693,935,832,817,547,933,622,895,1142,768,1142,669,1044,850,1029,992,1101,885,1019,1057,1019,1235,1001,908,947,1143,768,1150,1005,1139,892,802,968,698,984
STAT,(NULL),nEmpty,44,12150589,138450,301792,269324,304026,304270,304295,277334,258118,261586,272478,262169,243352,265629,269320,266825,276092,265398,258825,266713,262371,277332,271724,282235,278802,227680,306526,286268,285905,268030,304178,307637,285160,297550,297831,280326,287758,265225,294504,301948,306297,270698,270259,265379,302970
STAT,(NULL),nEmptyPop,44,834401,8058,21074,18749,21203,21192,21198,19670,18117,18308,18898,18333,15717,18499,18739,17074,19538,17904,18161,17113,18331,19241,17513,19932,19736,14847,21336,18497,20149,18675,21231,21397,18871,20830,19909,19318,18305,17458,20624,21054,21336,19312,19274,18544,21136
STAT,(NULL),nOverall,44,120040979,1366155,2987021,2661091,3006909,2999393,3003490,2740433,2554345,2583805,2681809,2586511,2400914,2608465,2656275,2641409,2704848,2620299,2561630,2658666,2583520,2752729,2690408,2779056,2745179,2256788,3034901,2835513,2818353,2648289,3017855,3038575,2810999,2944288,2939173,2748117,2862976,2626442,2897029,2975115,3030532,2684498,2672508,2628514,2996154
STAT,(NULL),nPop,44,22154126,252430,550743,490942,554601,554315,554561,505619,470963,476953,495692,477692,443441,482925,490745,486940,501468,483867,472313,488109,477876,506861,495977,514003,507669,415794,559108,522469,520802,488695,555510,560885,519589,542991,542964,509206,526270,484306,536086,549838,558977,494216,492886,484358,552471
STAT,(NULL),nPush,44,22154119,252921,550523,492051,554786,554291,553745,506364,471561,476889,495786,478669,442712,481434,488897,488043,498445,482232,473137,491378,475420,506343,497311,512132,505971,416262,561612,523538,519457,489267,557857,559886,518183,543922,540524,506609,528651,483945,534394,551138,558901,496197,495508,484847,552380
STAT,(NULL),nPushInit,44,7,0,1,1,1,1,1,1,1,0,0,0,0,0,0,0,0,0,0,0,0,0,0,0,0,0,0,0,0,0,0,0,0,0,0,0,0,0,0,0,0,0,0,0,0
==== BENCHMARK TOOK 10.786
==== BENCHMARK START ===
==== PARAMS kernel=4.9.5-64-net1 malloc=libc hostname=rack-castor threads=44 delta=4 prog=sssp-multiqueue4  ===
Galois Benchmark Suite v2.2.1 (r0)
Copyright (C) 2014 The University of Texas at Austin
http://iss.ices.utexas.edu/galois/

application: Single Source Shortest Path
Computes the shortest path from a source node to all nodes in a directed graph using a modified chaotic iteration algorithm
http://iss.ices.utexas.edu/?p=projects/galois/benchmarks/single_source_shortest_path

INFO: CommandLine ./build/debug/apps/sssp/sssp -noverify -t 44 -delta 4 -wl multiqueue4 -startNode 0 /specific/disk1/home/mad/Galois-PQ/inputs/planar10M.gr
INFO: Hostname rack-castor
Read 10000000 nodes
Running Asynchronous with CAS version
INFO: Using delta-step of 1
WARNING: Performance varies considerably due to delta parameter.
WARNING: Do not expect the default to be good for your graph.
Node 1 has distance 7300
STATTYPE,LOOP,CATEGORY,n,sum,T0,T1,T2,T3,T4,T5,T6,T7,T8,T9,T10,T11,T12,T13,T14,T15,T16,T17,T18,T19,T20,T21,T22,T23,T24,T25,T26,T27,T28,T29,T30,T31,T32,T33,T34,T35,T36,T37,T38,T39,T40,T41,T42,T43
STAT,(NULL),BadWork,44,14792727,340306,471702,301706,391092,372682,341916,406746,360103,292147,238280,290757,313077,348207,353589,399478,333490,355939,293494,373781,272795,268921,228491,433422,217044,263062,406840,255564,427147,275626,351455,318852,368303,331225,403956,348025,321978,376027,359736,332469,266966,360991,433278,286829,305233
STAT,(NULL),BarrierTime,44,7612097,538932,435196,425524,396249,420015,336075,354596,313321,319699,310888,309396,265774,259708,255024,265167,211139,202912,207804,206856,206900,149026,208497,50849,14270,47780,50293,47874,50784,47143,50776,51356,48310,48406,49698,46852,48187,47124,47181,48583,51334,50357,19559,51089,45594
STAT,(NULL),ConflictTime,44,0,0,0,0,0,0,0,0,0,0,0,0,0,0,0,0,0,0,0,0,0,0,0,0,0,0,0,0,0,0,0,0,0,0,0,0,0,0,0,0,0,0,0,0,0
STAT,(NULL),Conflicts,44,0,0,0,0,0,0,0,0,0,0,0,0,0,0,0,0,0,0,0,0,0,0,0,0,0,0,0,0,0,0,0,0,0,0,0,0,0,0,0,0,0,0,0,0,0
STAT,(NULL),EmptyPopTime,44,462347081,2937460,10392953,10799832,10396988,10372685,10352626,10751312,10829078,10782477,10786872,10715565,10608193,10760213,10792345,10515069,11872365,10590374,10778970,10698503,10770750,10692233,10531206,10616311,10974348,11037370,10458630,10672423,10639045,10744606,10433205,10483805,10646090,10661523,10513059,10722264,10756141,10616555,10685862,10449248,10736328,10677185,11033946,10606303,10454765
STAT,(NULL),EmptyWork,44,3630870044,111458337,77735685,87496748,80141327,77603528,82329125,82540874,82114230,85689738,80829960,81373683,84473899,83346311,84617397,83400097,80367634,79796265,81345376,83891264,88635719,83600633,79187296,82154003,84923839,86556804,79161393,81379542,81418940,82026687,77163305,81887755,79683996,80704247,81556788,80148469,80053349,84895479,82307649,80961244,81940328,81891266,82606096,78760729,76713010
STAT,(NULL),GaloisTime,44,17277413111,397543657,368044408,403991778,371251584,370451044,369498353,403422684,404907190,402464494,403975613,401119588,390962399,408979070,406677638,379430692,399384878,383676503,403967443,398397382,404901998,391171485,377571513,390421743,412480211,425645014,374406040,400146824,391519645,397075957,374957086,376781320,393864332,388347609,385734849,396975462,400948049,389492451,394388403,370582050,400641149,395183837,420588839,383621174,371819673
STAT,(NULL),InitPushTime,44,2570302,74008,64512,61120,28485,2452,71028,42964,36462,35128,39176,38540,38392,38160,34466,35934,37266,39572,38704,37972,37724,74409,38176,99081,73055,72960,72504,72702,72226,71074,71896,72160,77623,77646,77418,76956,75694,74917,76201,75907,64365,65648,65502,64760,75357
STAT,(NULL),Iterations,44,22150966,263377,548789,480317,554673,552773,554176,475752,471954,484277,484786,493079,506476,476222,477110,520163,475684,506745,484245,497121,483773,490098,522899,516734,469159,453216,559419,515405,521061,498310,552332,555261,520715,527537,539757,514585,502009,515691,500228,548541,498199,507035,462907,519159,549217
STAT,(NULL),LoopTime,44,5497218897,5497218897,0,0,0,0,0,0,0,0,0,0,0,0,0,0,0,0,0,0,0,0,0,0,0,0,0,0,0,0,0,0,0,0,0,0,0,0,0,0,0,0,0,0,0
STAT,(NULL),MeminfoPost,44,968,22,22,22,22,22,22,22,22,22,22,22,22,22,22,22,22,22,22,22,22,22,22,22,22,22,22,22,22,22,22,22,22,22,22,22,22,22,22,22,22,22,22,22,22
STAT,(NULL),MeminfoPre,44,968,22,22,22,22,22,22,22,22,22,22,22,22,22,22,22,22,22,22,22,22,22,22,22,22,22,22,22,22,22,22,22,22,22,22,22,22,22,22,22,22,22,22,22,22
STAT,(NULL),NumaPost,44,4339,1993,1537,648,161,0,0,0,0,0,0,0,0,0,0,0,0,0,0,0,0,0,0,0,0,0,0,0,0,0,0,0,0,0,0,0,0,0,0,0,0,0,0,0,0
STAT,(NULL),PopTime,44,48977919889,1033982212,1138491136,1098877316,1140257163,1134332908,1138428239,1093193200,1092424401,1096897849,1100599209,1109692047,1110659664,1094175553,1093730845,1119262685,1100507097,1110569274,1094654616,1107027550,1096020367,1103415235,1124331257,1115828359,1093419443,1082596094,1142471500,1117468004,1121434264,1113012777,1140347622,1136646892,1122800504,1127419933,1137165934,1121903465,1111762768,1122782668,1113361732,1145456820,1112617070,1113479506,1090698588,1118867499,1144848624
STAT,(NULL),PushTime,44,86872826639,1916616870,1981019110,1982440735,1969457464,1977404720,1968251303,1984394101,1987711900,1981984900,1974194621,1971418365,1981143384,1980385693,1981657154,1988240710,1983012943,1986397002,1981665357,1975008213,1974874790,1989915011,1980097133,1979539741,1976387809,1972838138,1964728580,1967437910,1966913442,1974454110,1970502011,1967474503,1965237441,1968496551,1963206482,1965588678,1963532437,1978061416,1980275717,1979673847,1965848290,1967135809,1974933020,1987135596,1976133632
STAT,(NULL),RusageSys,44,0,0,0,0,0,0,0,0,0,0,0,0,0,0,0,0,0,0,0,0,0,0,0,0,0,0,0,0,0,0,0,0,0,0,0,0,0,0,0,0,0,0,0,0,0
STAT,(NULL),RusageUser,44,106080000,106080000,0,0,0,0,0,0,0,0,0,0,0,0,0,0,0,0,0,0,0,0,0,0,0,0,0,0,0,0,0,0,0,0,0,0,0,0,0,0,0,0,0,0,0
STAT,(NULL),Threads,44,44,44,0,0,0,0,0,0,0,0,0,0,0,0,0,0,0,0,0,0,0,0,0,0,0,0,0,0,0,0,0,0,0,0,0,0,0,0,0,0,0,0,0,0,0
STAT,(NULL),Time,44,5498390635,5498390635,0,0,0,0,0,0,0,0,0,0,0,0,0,0,0,0,0,0,0,0,0,0,0,0,0,0,0,0,0,0,0,0,0,0,0,0,0,0,0,0,0,0,0
STAT,(NULL),TotalTime,44,21582673916,21582673916,0,0,0,0,0,0,0,0,0,0,0,0,0,0,0,0,0,0,0,0,0,0,0,0,0,0,0,0,0,0,0,0,0,0,0,0,0,0,0,0,0,0,0
STAT,(NULL),UserTime,44,78560625340,1896142284,1783000039,1775079735,1787179129,1788517876,1789823651,1784381231,1780696788,1780860932,1788296299,1784363558,1780835580,1781037322,1781209521,1777832442,1783541487,1787654428,1786269974,1783660738,1783482172,1779890167,1786962766,1780119921,1780493903,1780006106,1787455293,1781574678,1786754765,1781366159,1785279998,1785406520,1786447201,1783052419,1780503127,1783342487,1791629776,1772830209,1777660168,1771557787,1786897969,1790311177,1778818426,1779687677,1778711455
STAT,(NULL),Work,44,235786184294,5358799627,5358775315,5358773152,5358772278,5358778247,5358772414,5358777838,5358777449,5358768714,5358773106,5358775454,5358777162,5358785406,5358795559,5358785155,5358780885,5358782138,5358780712,5358778134,5358780644,5358783432,5358778093,5358772180,5358796454,5358776449,5358769449,5358776068,5358771757,5358776528,5358770619,5358771908,5358772105,5358771780,5358771896,5358772619,5358768983,5358772024,5358769149,5358770201,5358768393,5358768572,5358801228,5358769973,5358775045
STAT,(NULL),nBad,44,23095,497,797,479,622,568,521,622,546,442,379,445,511,590,573,670,531,554,463,546,435,380,377,677,315,375,610,415,682,427,566,462,605,532,645,476,519,531,544,508,444,552,723,455,484
STAT,(NULL),nEmpty,44,12148952,144189,300047,263886,304331,303077,303583,260954,259052,265364,266341,270612,277425,261412,261303,285344,260910,277226,264918,273038,264599,268465,287156,283776,257280,248956,307013,282877,285673,273597,302679,303758,285242,290014,296170,283122,275927,283316,274440,301209,273145,277751,253810,284134,301831
STAT,(NULL),nEmptyPop,44,784454,8462,19561,17131,19741,19674,19715,16983,16868,17261,17263,17530,17941,16993,16165,17893,16973,17955,17256,17657,17241,17057,18754,18263,15823,16287,19893,18232,18697,17504,19666,19761,18392,18889,19277,18010,18093,18235,17754,19535,17982,18254,15627,18633,19573
STAT,(NULL),nOverall,44,120022883,1430049,2986445,2597091,3003892,2996226,3005663,2579124,2554080,2628636,2619657,2670469,2745599,2579128,2589119,2817376,2577631,2753466,2635387,2688918,2629117,2658842,2827521,2796235,2542487,2451567,3029270,2788133,2824160,2694441,2995806,3018858,2823507,2848912,2920663,2779654,2714691,2789583,2709504,2969970,2700946,2751412,2509933,2820603,2969112
STAT,(NULL),nPop,44,22150966,263377,548789,480317,554673,552773,554176,475752,471954,484277,484786,493079,506476,476222,477110,520163,475684,506745,484245,497121,483773,490098,522899,516734,469159,453216,559419,515405,521061,498310,552332,555261,520715,527537,539757,514585,502009,515691,500228,548541,498199,507035,462907,519159,549217
STAT,(NULL),nPush,44,22150961,263991,550219,479759,553168,554506,553179,476488,470860,486246,482229,492214,507753,477197,477838,520392,474740,508824,487572,495823,483042,491829,521395,516402,467665,451387,559038,513891,520634,497988,553267,556661,520077,527187,538435,514089,500746,516004,499604,549269,499005,507466,464071,521407,547404
STAT,(NULL),nPushInit,44,5,1,1,1,1,0,1,0,0,0,0,0,0,0,0,0,0,0,0,0,0,0,0,0,0,0,0,0,0,0,0,0,0,0,0,0,0,0,0,0,0,0,0,0,0
==== BENCHMARK TOOK 10.933
==== BENCHMARK START ===
==== PARAMS kernel=4.9.5-64-net1 malloc=libc hostname=rack-castor threads=44 delta=4 prog=sssp-multiqueue4  ===
Galois Benchmark Suite v2.2.1 (r0)
Copyright (C) 2014 The University of Texas at Austin
http://iss.ices.utexas.edu/galois/

application: Single Source Shortest Path
Computes the shortest path from a source node to all nodes in a directed graph using a modified chaotic iteration algorithm
http://iss.ices.utexas.edu/?p=projects/galois/benchmarks/single_source_shortest_path

INFO: CommandLine ./build/debug/apps/sssp/sssp -noverify -t 44 -delta 4 -wl multiqueue4 -startNode 0 /specific/disk1/home/mad/Galois-PQ/inputs/planar10M.gr
INFO: Hostname rack-castor
Read 10000000 nodes
Running Asynchronous with CAS version
INFO: Using delta-step of 1
WARNING: Performance varies considerably due to delta parameter.
WARNING: Do not expect the default to be good for your graph.
Node 1 has distance 7300
STATTYPE,LOOP,CATEGORY,n,sum,T0,T1,T2,T3,T4,T5,T6,T7,T8,T9,T10,T11,T12,T13,T14,T15,T16,T17,T18,T19,T20,T21,T22,T23,T24,T25,T26,T27,T28,T29,T30,T31,T32,T33,T34,T35,T36,T37,T38,T39,T40,T41,T42,T43
STAT,(NULL),BadWork,44,22691486,340812,580474,588929,550604,603443,534190,416941,566839,534312,538703,576006,500402,453402,658801,410142,510751,485870,577884,541554,589727,577874,507929,551403,526936,677904,596271,483036,481574,491081,603282,513497,437550,544887,345878,346774,599479,510768,492510,543209,497402,307695,496741,508360,489660
STAT,(NULL),BarrierTime,44,8883327,454745,467204,461295,429974,414338,431664,354768,342557,346640,315204,294472,344773,339172,310221,238624,247776,222317,217076,254620,213163,204976,211075,86109,86980,85342,86229,86332,87057,85759,84919,78593,85936,82916,86413,86088,54766,85648,85635,86452,68154,71860,64023,70430,71032
STAT,(NULL),ConflictTime,44,0,0,0,0,0,0,0,0,0,0,0,0,0,0,0,0,0,0,0,0,0,0,0,0,0,0,0,0,0,0,0,0,0,0,0,0,0,0,0,0,0,0,0,0,0
STAT,(NULL),Conflicts,44,0,0,0,0,0,0,0,0,0,0,0,0,0,0,0,0,0,0,0,0,0,0,0,0,0,0,0,0,0,0,0,0,0,0,0,0,0,0,0,0,0,0,0,0,0
STAT,(NULL),EmptyPopTime,44,844979752,38148718,18407557,18689669,18408189,18441362,18439883,18776282,18767330,18723844,18523068,18892232,18653001,18800965,18739935,18938463,18685408,18804448,18976347,18993070,18767314,18732097,18663605,18612859,18842363,18638278,18468980,18817192,18709897,20030282,18451146,18481121,18862768,20005292,18823418,18630986,19044127,18685720,18753804,18487933,18714480,18816578,18903913,18747638,18478190
STAT,(NULL),EmptyWork,44,3625906692,64910723,78472328,85847364,79442275,80980159,80037175,85299567,85911340,85244103,83582528,84592306,78180864,80156103,85806428,84242048,80867416,80948558,81570249,87069581,84326913,84612723,78380101,79341414,83103970,83181986,82592372,87540984,84671455,83812937,78188373,80965800,87108130,79471904,81621615,82116969,88550056,81937054,80132670,81186027,85495024,83718372,89314000,79753160,81621568
STAT,(NULL),GaloisTime,44,17478486064,575227520,367601700,390334870,372600140,370646535,374496217,400952429,400464268,397192761,377111847,411437358,389032451,400056181,399212652,408954592,391866716,402423416,415389137,420672221,398248586,393984978,385013613,382431785,407089487,388421420,376283302,401513789,395267001,390957016,371883177,375087382,405079257,396203921,402788749,388604735,413631151,390755486,400026049,371522165,398265027,401027132,413815619,396298068,368614158
STAT,(NULL),InitPushTime,44,2628645,122968,66896,68831,33379,29295,29301,80640,40292,39176,35440,38932,38432,38004,34114,64658,39252,49046,36896,36704,44644,42420,46836,79016,103782,103180,103048,103188,102872,92576,78753,79647,57809,57882,57083,56474,56136,56628,56658,55960,54597,54326,53738,54678,54458
STAT,(NULL),Iterations,44,22152271,235651,551172,508642,554699,553403,555163,482042,481153,509152,538712,469046,519227,486943,499689,464203,497488,479443,459585,448796,502735,487127,509756,535646,482606,528402,561251,499805,517710,513069,555770,559575,487514,513610,497303,525360,483320,515053,495861,549348,512249,498476,478125,495532,552859
STAT,(NULL),LoopTime,44,5525313719,5525313719,0,0,0,0,0,0,0,0,0,0,0,0,0,0,0,0,0,0,0,0,0,0,0,0,0,0,0,0,0,0,0,0,0,0,0,0,0,0,0,0,0,0,0
STAT,(NULL),MeminfoPost,44,968,22,22,22,22,22,22,22,22,22,22,22,22,22,22,22,22,22,22,22,22,22,22,22,22,22,22,22,22,22,22,22,22,22,22,22,22,22,22,22,22,22,22,22,22
STAT,(NULL),MeminfoPre,44,968,22,22,22,22,22,22,22,22,22,22,22,22,22,22,22,22,22,22,22,22,22,22,22,22,22,22,22,22,22,22,22,22,22,22,22,22,22,22,22,22,22,22,22,22
STAT,(NULL),NumaPost,44,4364,1996,1383,641,344,0,0,0,0,0,0,0,0,0,0,0,0,0,0,0,0,0,0,0,0,0,0,0,0,0,0,0,0,0,0,0,0,0,0,0,0,0,0,0,0
STAT,(NULL),PopTime,44,48948744556,923837836,1140189663,1119797261,1142947991,1136482409,1137792845,1099161573,1103652317,1113575861,1130464251,1086987150,1122617217,1098579487,1104917137,1088708372,1109215411,1103933007,1085668315,1081231660,1109738318,1105100014,1120485622,1131420292,1108340802,1128022131,1147029215,1110283597,1119331326,1116943855,1148262976,1139558929,1100935410,1120370258,1118400638,1120698835,1106480366,1120882400,1113138243,1147998658,1116831157,1110331593,1095595095,1111270532,1151534531
STAT,(NULL),PushTime,44,87328754379,2151458599,1983814456,1982874949,1970767811,1985796364,1975806424,1994478043,1990898604,1974789319,1983366800,1987967959,1975461887,1991255253,1980564997,1997755586,1992170107,1994634058,1989036553,1984514396,1975125888,1998120335,1984467102,1979702404,1977966403,1979050544,1963627998,1973442009,1976719308,1983540698,1974604406,1965997254,1981041947,1970107648,1967634619,1983070942,1964766972,1977961337,1986281130,1976418084,1974425613,1974937150,1981280110,1991395696,1979656617
STAT,(NULL),RusageSys,44,0,0,0,0,0,0,0,0,0,0,0,0,0,0,0,0,0,0,0,0,0,0,0,0,0,0,0,0,0,0,0,0,0,0,0,0,0,0,0,0,0,0,0,0,0
STAT,(NULL),RusageUser,44,106424000,106424000,0,0,0,0,0,0,0,0,0,0,0,0,0,0,0,0,0,0,0,0,0,0,0,0,0,0,0,0,0,0,0,0,0,0,0,0,0,0,0,0,0,0,0
STAT,(NULL),Threads,44,44,44,0,0,0,0,0,0,0,0,0,0,0,0,0,0,0,0,0,0,0,0,0,0,0,0,0,0,0,0,0,0,0,0,0,0,0,0,0,0,0,0,0,0,0
STAT,(NULL),Time,44,5526721902,5526721902,0,0,0,0,0,0,0,0,0,0,0,0,0,0,0,0,0,0,0,0,0,0,0,0,0,0,0,0,0,0,0,0,0,0,0,0,0,0,0,0,0,0,0
STAT,(NULL),TotalTime,44,21732554424,21732554424,0,0,0,0,0,0,0,0,0,0,0,0,0,0,0,0,0,0,0,0,0,0,0,0,0,0,0,0,0,0,0,0,0,0,0,0,0,0,0,0,0,0,0
STAT,(NULL),UserTime,44,78324680346,1622582218,1787686902,1778627514,1792004436,1783824970,1789598074,1777505448,1776477960,1786648760,1783125392,1786295743,1792228306,1787324857,1786933810,1777573804,1783367630,1775429339,1785533012,1783693664,1789962740,1775623987,1789162240,1784661377,1780826986,1778855791,1788167813,1784572535,1781472473,1780885249,1784780619,1796079240,1783142586,1790011224,1786901251,1783047212,1783698531,1785949071,1777838559,1780557031,1782441887,1787342451,1777264849,1778708196,1776264609
STAT,(NULL),Work,44,236556144158,5376327696,5376273927,5376279563,5376273366,5376272434,5376274998,5376276690,5376273859,5376277304,5376272376,5376286284,5376273747,5376280030,5376279514,5376277824,5376277920,5376280813,5376310188,5376276872,5376272006,5376280962,5376272359,5376267708,5376269934,5376268090,5376267955,5376268108,5376268348,5376270291,5376268274,5376267586,5376268508,5376275771,5376268058,5376269978,5376300974,5376271472,5376268382,5376269753,5376275344,5376268044,5376280007,5376273225,5376267616
STAT,(NULL),nBad,44,37198,530,981,985,901,1006,882,721,941,924,895,924,823,757,1074,672,806,784,932,861,995,959,821,898,776,1062,994,757,807,815,990,811,724,879,562,598,1017,821,811,914,801,509,835,833,810
STAT,(NULL),nEmpty,44,12149064,129457,302419,279235,304497,303765,304992,264319,264184,278589,295118,257459,285965,267100,273714,254700,272515,263194,251712,245842,275713,267373,279273,293824,264526,289303,308354,273867,283797,281547,304503,306137,266600,281586,273359,287297,265204,283048,271984,301318,281086,273698,262494,271020,303377
STAT,(NULL),nEmptyPop,44,916717,7454,22968,20951,23078,23045,23096,20121,20780,20965,22580,18797,21975,20280,20675,19570,21286,20042,17122,19084,21460,20280,21677,22484,20139,22258,23289,20674,21924,21091,23117,23232,20298,21110,20598,21477,17863,21841,21239,22913,20835,20639,18849,20541,23020
STAT,(NULL),nOverall,44,120036986,1274222,2983433,2751551,3004217,2995984,3000394,2614177,2605343,2766578,2921445,2538196,2800597,2638859,2712452,2512394,2701502,2593676,2494132,2434057,2721619,2637579,2766027,2903662,2617770,2871056,3031698,2712907,2808325,2778825,3015252,3043351,2651568,2786455,2686192,2855676,2616647,2783143,2686087,2975180,2772833,2696727,2588859,2693189,2993150
STAT,(NULL),nPop,44,22152271,235651,551172,508642,554699,553403,555163,482042,481153,509152,538712,469046,519227,486943,499689,464203,497488,479443,459585,448796,502735,487127,509756,535646,482606,528402,561251,499805,517710,513069,555770,559575,487514,513610,497303,525360,483320,515053,495861,549348,512249,498476,478125,495532,552859
STAT,(NULL),nPush,44,22152264,234560,550230,507294,554596,554672,554652,482690,481090,509720,538961,467882,517829,487850,500028,463254,498841,479591,461405,449060,500162,487207,509349,535985,482131,530862,559216,501695,519235,513754,557105,560877,489095,515101,493483,528023,481132,512955,496524,548113,512246,496668,478427,497428,551286
STAT,(NULL),nPushInit,44,7,1,1,1,1,1,1,1,0,0,0,0,0,0,0,0,0,0,0,0,0,0,0,0,0,0,0,0,0,0,0,0,0,0,0,0,0,0,0,0,0,0,0,0,0
==== BENCHMARK TOOK 10.956
==== BENCHMARK START ===
==== PARAMS kernel=4.9.5-64-net1 malloc=libc hostname=rack-castor threads=44 delta=4 prog=sssp-multiqueue4  ===
Galois Benchmark Suite v2.2.1 (r0)
Copyright (C) 2014 The University of Texas at Austin
http://iss.ices.utexas.edu/galois/

application: Single Source Shortest Path
Computes the shortest path from a source node to all nodes in a directed graph using a modified chaotic iteration algorithm
http://iss.ices.utexas.edu/?p=projects/galois/benchmarks/single_source_shortest_path

INFO: CommandLine ./build/debug/apps/sssp/sssp -noverify -t 44 -delta 4 -wl multiqueue4 -startNode 0 /specific/disk1/home/mad/Galois-PQ/inputs/planar10M.gr
INFO: Hostname rack-castor
Read 10000000 nodes
Running Asynchronous with CAS version
INFO: Using delta-step of 1
WARNING: Performance varies considerably due to delta parameter.
WARNING: Do not expect the default to be good for your graph.
Node 1 has distance 7300
STATTYPE,LOOP,CATEGORY,n,sum,T0,T1,T2,T3,T4,T5,T6,T7,T8,T9,T10,T11,T12,T13,T14,T15,T16,T17,T18,T19,T20,T21,T22,T23,T24,T25,T26,T27,T28,T29,T30,T31,T32,T33,T34,T35,T36,T37,T38,T39,T40,T41,T42,T43
STAT,(NULL),BadWork,44,16128284,330706,479577,345584,449021,293094,361612,389788,387608,243797,346438,445386,290024,357568,418040,370045,317930,336003,287510,402038,225855,301771,378689,377214,250939,386162,419391,401846,283629,433230,432960,493177,422310,410673,348380,403313,347150,285852,430744,369021,467075,281625,418714,368174,338621
STAT,(NULL),BarrierTime,44,9124716,558676,547167,515596,472312,474815,439890,445413,340087,361400,344119,378412,298250,303492,316868,333984,282772,266362,280833,271782,282492,262764,279136,50005,50754,43869,44927,44685,50383,46077,46484,47752,56438,44247,53485,55511,49788,44012,45214,49420,55659,44712,48815,46050,49807
STAT,(NULL),ConflictTime,44,0,0,0,0,0,0,0,0,0,0,0,0,0,0,0,0,0,0,0,0,0,0,0,0,0,0,0,0,0,0,0,0,0,0,0,0,0,0,0,0,0,0,0,0,0
STAT,(NULL),Conflicts,44,0,0,0,0,0,0,0,0,0,0,0,0,0,0,0,0,0,0,0,0,0,0,0,0,0,0,0,0,0,0,0,0,0,0,0,0,0,0,0,0,0,0,0,0,0
STAT,(NULL),EmptyPopTime,44,847378061,2816333,19397711,19476212,19372443,19385276,19476266,19533913,20012027,19912330,19567744,19870179,19791690,19621521,19735545,19750452,19935162,19993038,19509434,19603793,19805033,19777338,19775824,19618271,19663172,19852961,19432889,19709889,19531505,19632796,19421152,19407184,19618985,19594420,19445725,19809127,19831963,19451519,19590482,19381627,19845269,19612133,19705025,19713651,19389052
STAT,(NULL),EmptyWork,44,3531948029,39990849,79233509,78505833,82354847,81923734,81430614,77401126,87252259,81858526,82263137,80402202,80634401,81080724,83054606,83825290,83283053,82806906,77294715,79991751,80616375,81540643,81523165,78671920,83650834,81560239,76388418,82678072,78195847,84133598,82192263,83843556,83790588,79587084,80223379,81488179,81531111,78826169,80517427,75829917,87559797,82858543,82000498,81884806,76267519
STAT,(NULL),GaloisTime,44,17040374952,284591281,366763284,380121509,370219732,372085551,369478993,377424502,418463533,406449412,384716880,402672884,395146169,383793385,401132971,401711261,407577695,414387877,373365360,383046259,409642324,403127356,401975696,387870984,390559757,415607390,374372953,404071184,380549165,391136380,374045489,376321193,390519459,389359550,372943421,405114284,408539631,372799370,387281770,371161835,402936466,388532802,388235133,389342080,371180742
STAT,(NULL),InitPushTime,44,2952777,74904,32920,30872,31584,29424,30652,28336,75577,47588,53069,44191,49187,54716,39120,40244,36493,39768,38328,38004,38520,39248,39640,114957,115361,114583,114011,114194,113990,114129,113564,112904,77675,76802,77139,76854,76941,76017,76201,76795,76530,74507,76890,75020,75328
STAT,(NULL),Iterations,44,22151045,263857,544584,524040,547618,548354,549651,527850,442314,470752,515533,480776,490619,517277,481095,466014,455226,440517,536821,520801,472939,462304,474462,516506,510736,462548,554285,496371,541015,508317,551014,554748,517235,522130,555795,483039,475836,535285,509745,546950,490457,515278,522746,500413,547192
STAT,(NULL),LoopTime,44,5473954029,5473954029,0,0,0,0,0,0,0,0,0,0,0,0,0,0,0,0,0,0,0,0,0,0,0,0,0,0,0,0,0,0,0,0,0,0,0,0,0,0,0,0,0,0,0
STAT,(NULL),MeminfoPost,44,968,22,22,22,22,22,22,22,22,22,22,22,22,22,22,22,22,22,22,22,22,22,22,22,22,22,22,22,22,22,22,22,22,22,22,22,22,22,22,22,22,22,22,22,22
STAT,(NULL),MeminfoPre,44,968,22,22,22,22,22,22,22,22,22,22,22,22,22,22,22,22,22,22,22,22,22,22,22,22,22,22,22,22,22,22,22,22,22,22,22,22,22,22,22,22,22,22,22,22
STAT,(NULL),NumaPost,44,4380,2002,1370,847,161,0,0,0,0,0,0,0,0,0,0,0,0,0,0,0,0,0,0,0,0,0,0,0,0,0,0,0,0,0,0,0,0,0,0,0,0,0,0,0,0
STAT,(NULL),PopTime,44,48726505603,1044833376,1127078124,1118039009,1127518742,1128251608,1132331519,1115339762,1070994914,1085066835,1111537481,1092921025,1095518350,1109786254,1089525773,1084278869,1083937078,1073766692,1125161265,1114402706,1083684027,1082434786,1091314312,1115716309,1110931934,1083500153,1133075171,1102389107,1125430459,1111292600,1135850624,1131570082,1111624031,1113322766,1136310522,1095876465,1091642106,1128197196,1114358821,1131917454,1099193228,1108699428,1114630935,1105776969,1137476736
STAT,(NULL),PushTime,44,87043603629,2266167351,1977311327,1967624073,1972856468,1965860524,1961096481,1975816114,1975328926,1974658535,1968936514,1965035711,1977025026,1974538686,1971565966,1983043172,1976527375,1978439538,1969283049,1968350582,1970889360,1988226337,1974776590,1975744510,1972573800,1980076171,1963623549,1967936864,1966377522,1969194600,1967154882,1962123522,1971007050,1962199744,1963517017,1968758043,1965937270,1980756668,1977749307,1976408194,1962060148,1974060924,1963370968,1980754181,1968860990
STAT,(NULL),RusageSys,44,0,0,0,0,0,0,0,0,0,0,0,0,0,0,0,0,0,0,0,0,0,0,0,0,0,0,0,0,0,0,0,0,0,0,0,0,0,0,0,0,0,0,0,0,0
STAT,(NULL),RusageUser,44,105800000,105800000,0,0,0,0,0,0,0,0,0,0,0,0,0,0,0,0,0,0,0,0,0,0,0,0,0,0,0,0,0,0,0,0,0,0,0,0,0,0,0,0,0,0,0
STAT,(NULL),Threads,44,44,44,0,0,0,0,0,0,0,0,0,0,0,0,0,0,0,0,0,0,0,0,0,0,0,0,0,0,0,0,0,0,0,0,0,0,0,0,0,0,0,0,0,0,0
STAT,(NULL),Time,44,5475144726,5475144726,0,0,0,0,0,0,0,0,0,0,0,0,0,0,0,0,0,0,0,0,0,0,0,0,0,0,0,0,0,0,0,0,0,0,0,0,0,0,0,0,0,0,0
STAT,(NULL),TotalTime,44,22319393716,22319393716,0,0,0,0,0,0,0,0,0,0,0,0,0,0,0,0,0,0,0,0,0,0,0,0,0,0,0,0,0,0,0,0,0,0,0,0,0,0,0,0,0,0,0
STAT,(NULL),UserTime,44,77969505355,1706126644,1774746139,1780765820,1772209862,1777022980,1780717192,1779017200,1772477747,1776584716,1777512411,1783628951,1776413411,1775707528,1779516231,1771921040,1773271856,1775142339,1779920317,1779134787,1779891753,1769429306,1775164549,1766907915,1767147804,1763929764,1777635397,1767744424,1774444461,1769138749,1765865734,1771262246,1767968299,1780466362,1772087931,1773484403,1777046481,1764497509,1765029146,1769830214,1772932111,1770767679,1776585563,1767056379,1771354005
STAT,(NULL),Work,44,235163651555,5344653911,5344633051,5344639964,5344635084,5344634147,5344633789,5344632748,5344644579,5344635482,5344636394,5344634661,5344648647,5344629232,5344655136,5344636564,5344638689,5344646168,5344635509,5344645274,5344637200,5344648734,5344638972,5344616071,5344616192,5344618592,5344615914,5344618654,5344616070,5344616909,5344616076,5344615633,5344616776,5344618830,5344615830,5344621299,5344616282,5344615602,5344616084,5344616597,5344618746,5344618932,5344616388,5344617353,5344618790
STAT,(NULL),nBad,44,25718,514,753,532,714,468,570,642,579,380,517,726,395,580,626,579,509,570,475,648,370,447,562,639,396,652,683,586,486,705,713,817,675,665,570,640,556,450,718,606,749,454,655,571,576
STAT,(NULL),nEmpty,44,12148819,145142,298342,287129,300265,300706,301567,289334,242692,258488,282643,263917,269092,283497,263953,255361,249870,241645,294497,285219,259292,253402,260087,283442,280409,253037,303800,272271,296411,278618,302401,304383,283981,286411,305053,265734,260734,293279,279814,300064,269457,282089,286748,274628,299915
STAT,(NULL),nEmptyPop,44,920597,8449,23186,20810,23287,23300,23350,22663,17524,20136,19566,21194,18285,22338,17992,19978,19653,17222,20729,19730,19223,17653,20012,22308,21388,19872,23483,20937,23082,22056,23385,23493,21591,21742,23538,19786,20299,22893,22097,23256,20756,21528,22501,21065,23261
STAT,(NULL),nOverall,44,120025506,1425326,2953531,2843756,2970292,2971150,2977820,2862636,2392087,2549560,2795329,2603178,2658247,2805276,2603780,2528875,2464023,2384778,2907585,2826766,2563946,2507237,2571778,2797807,2763090,2516472,3005167,2689216,2934812,2757081,2983995,3004061,2799307,2829765,3007930,2608228,2580250,2901922,2756066,2963122,2650705,2798506,2833223,2709935,2967890
STAT,(NULL),nPop,44,22151045,263857,544584,524040,547618,548354,549651,527850,442314,470752,515533,480776,490619,517277,481095,466014,455226,440517,536821,520801,472939,462304,474462,516506,510736,462548,554285,496371,541015,508317,551014,554748,517235,522130,555795,483039,475836,535285,509745,546950,490457,515278,522746,500413,547192
STAT,(NULL),nPush,44,22151037,262950,544727,525125,550050,548181,549053,529899,441537,470515,516795,479827,490545,518855,480262,466258,453720,439430,536805,521105,473057,461858,473462,516877,509123,464452,554928,496769,542401,509125,551818,554927,517359,521771,555341,480546,475239,534808,509226,546752,488586,516847,522864,500372,546890
STAT,(NULL),nPushInit,44,8,1,1,1,1,1,1,1,1,0,0,0,0,0,0,0,0,0,0,0,0,0,0,0,0,0,0,0,0,0,0,0,0,0,0,0,0,0,0,0,0,0,0,0,0
==== BENCHMARK TOOK 11.224
==== BENCHMARK START ===
==== PARAMS kernel=4.9.5-64-net1 malloc=libc hostname=rack-castor threads=44 delta=4 prog=sssp-multiqueue4  ===
Galois Benchmark Suite v2.2.1 (r0)
Copyright (C) 2014 The University of Texas at Austin
http://iss.ices.utexas.edu/galois/

application: Single Source Shortest Path
Computes the shortest path from a source node to all nodes in a directed graph using a modified chaotic iteration algorithm
http://iss.ices.utexas.edu/?p=projects/galois/benchmarks/single_source_shortest_path

INFO: CommandLine ./build/debug/apps/sssp/sssp -noverify -t 44 -delta 4 -wl multiqueue4 -startNode 0 /specific/disk1/home/mad/Galois-PQ/inputs/planar10M.gr
INFO: Hostname rack-castor
Read 10000000 nodes
Running Asynchronous with CAS version
INFO: Using delta-step of 1
WARNING: Performance varies considerably due to delta parameter.
WARNING: Do not expect the default to be good for your graph.
Node 1 has distance 7300
STATTYPE,LOOP,CATEGORY,n,sum,T0,T1,T2,T3,T4,T5,T6,T7,T8,T9,T10,T11,T12,T13,T14,T15,T16,T17,T18,T19,T20,T21,T22,T23,T24,T25,T26,T27,T28,T29,T30,T31,T32,T33,T34,T35,T36,T37,T38,T39,T40,T41,T42,T43
STAT,(NULL),BadWork,44,16995689,459451,434541,409960,385206,433887,488111,330620,361416,441838,444136,425549,340906,304465,408137,376708,408758,326434,395387,350560,383247,533992,325617,311449,318534,336864,382606,256782,310621,344615,424200,467595,430769,407399,569382,353810,312553,298237,416025,522092,321079,365998,300119,324258,451776
STAT,(NULL),BarrierTime,44,8274616,589708,459771,455636,414015,460537,396992,386080,240028,292068,332954,338049,265836,297855,284274,285752,114620,159256,150720,99112,248026,216314,223016,92035,92303,92636,92365,92641,92119,70099,92848,92121,36196,37758,44098,46844,42911,17564,36045,37314,87509,92210,92859,91356,92166
STAT,(NULL),ConflictTime,44,0,0,0,0,0,0,0,0,0,0,0,0,0,0,0,0,0,0,0,0,0,0,0,0,0,0,0,0,0,0,0,0,0,0,0,0,0,0,0,0,0,0,0,0,0
STAT,(NULL),Conflicts,44,0,0,0,0,0,0,0,0,0,0,0,0,0,0,0,0,0,0,0,0,0,0,0,0,0,0,0,0,0,0,0,0,0,0,0,0,0,0,0,0,0,0,0,0,0
STAT,(NULL),EmptyPopTime,44,236169813,3144710,5144935,5529921,5117894,5138902,5155879,5592723,5403170,5503432,5521769,5368384,5311284,5477662,5557210,5448331,5468567,5483287,5425520,5358616,5391722,5511500,5464573,5662776,5630647,5681476,5198107,5480025,5421988,5519475,5137867,5184683,5351599,5379097,5548986,5391028,5739803,5601006,5491084,5161949,5571568,5378030,5613157,5358398,5147073
STAT,(NULL),EmptyWork,44,3615165394,43053058,79068001,85558848,80480186,83654878,79617293,83177631,85129134,83194949,85987192,83256339,81614952,82177511,81607848,83938711,82623174,84516760,82995996,84775130,78716764,83357342,80417135,86275348,82135100,87749631,82441777,79920027,86885705,83492328,82539299,77242579,83717865,81986614,84095148,83944650,87408527,84711380,84605343,76872470,83987066,82194667,86194492,85282626,82563920
STAT,(NULL),GaloisTime,44,17232673759,291948920,370978042,406600538,370833413,373729121,373343289,397974087,395174950,402213837,405305591,388915273,383518953,395992721,405712983,398308770,395872318,396245650,395410529,393919898,386608681,390882877,399125999,411420370,412130715,413487670,378734293,398092949,399187513,402491661,373726479,374773571,385406089,391222504,405669161,394859040,423380266,400002029,401444431,371825754,408237842,392614260,417153672,387229763,370967287
STAT,(NULL),InitPushTime,44,2567104,3696,93840,63356,30420,2780,28039,34300,71488,39368,45617,41752,39728,34541,39520,39344,102975,62008,72480,117256,32958,44588,47163,103393,73759,72042,76751,71910,71258,71016,72218,71668,63008,62143,61380,59539,61908,61923,61366,60485,59033,60236,59158,62810,62883
STAT,(NULL),Iterations,44,22151349,250620,549573,483247,555057,552172,557869,493821,505016,490759,491174,525346,531138,500400,494863,491847,491044,490995,500813,511130,530246,502605,483578,472403,468639,475145,557196,511968,511168,494784,556544,557697,530604,527104,494180,507100,450739,487423,485488,548904,477877,517361,472241,513274,550197
STAT,(NULL),LoopTime,44,5565780360,5565780360,0,0,0,0,0,0,0,0,0,0,0,0,0,0,0,0,0,0,0,0,0,0,0,0,0,0,0,0,0,0,0,0,0,0,0,0,0,0,0,0,0,0,0
STAT,(NULL),MeminfoPost,44,968,22,22,22,22,22,22,22,22,22,22,22,22,22,22,22,22,22,22,22,22,22,22,22,22,22,22,22,22,22,22,22,22,22,22,22,22,22,22,22,22,22,22,22,22
STAT,(NULL),MeminfoPre,44,968,22,22,22,22,22,22,22,22,22,22,22,22,22,22,22,22,22,22,22,22,22,22,22,22,22,22,22,22,22,22,22,22,22,22,22,22,22,22,22,22,22,22,22,22
STAT,(NULL),NumaPost,44,4360,2005,1559,635,161,0,0,0,0,0,0,0,0,0,0,0,0,0,0,0,0,0,0,0,0,0,0,0,0,0,0,0,0,0,0,0,0,0,0,0,0,0,0,0,0
STAT,(NULL),PopTime,44,49120232774,1080499342,1138397547,1102058262,1137207640,1133845871,1144649598,1109614063,1115012259,1098802453,1108248196,1121468639,1123690403,1110412629,1105277939,1105599731,1111604303,1106175468,1105600043,1117019409,1127133282,1111523719,1102045025,1097898149,1096207965,1104959017,1141878232,1121584144,1116562148,1111848853,1151427510,1146936786,1131720828,1130507904,1108955424,1111983802,1082267742,1106292197,1105884736,1144136348,1099125435,1122858412,1099797430,1124010689,1147503202
STAT,(NULL),PushTime,44,87595527625,2187222011,1982635216,1985806789,1990939088,1987200204,1975525601,1988571286,1984274433,1991487760,1981987710,1983337215,1982816087,1992087242,1983419621,1996891839,1995682248,2000262698,2002033171,1985394785,1980212658,1994808147,1996145286,1993165554,1991851335,1975025772,1975085342,1978960020,1977953357,1993999310,1979467665,1971445190,1978052919,1967816638,1979510441,1987260142,1986345536,1993733545,1993128765,1988013677,1994813513,1984640132,1981864552,1992055869,1982597256
STAT,(NULL),RusageSys,44,0,0,0,0,0,0,0,0,0,0,0,0,0,0,0,0,0,0,0,0,0,0,0,0,0,0,0,0,0,0,0,0,0,0,0,0,0,0,0,0,0,0,0,0,0
STAT,(NULL),RusageUser,44,106380000,106380000,0,0,0,0,0,0,0,0,0,0,0,0,0,0,0,0,0,0,0,0,0,0,0,0,0,0,0,0,0,0,0,0,0,0,0,0,0,0,0,0,0,0,0
STAT,(NULL),Threads,44,44,44,0,0,0,0,0,0,0,0,0,0,0,0,0,0,0,0,0,0,0,0,0,0,0,0,0,0,0,0,0,0,0,0,0,0,0,0,0,0,0,0,0,0,0
STAT,(NULL),Time,44,5566986792,5566986792,0,0,0,0,0,0,0,0,0,0,0,0,0,0,0,0,0,0,0,0,0,0,0,0,0,0,0,0,0,0,0,0,0,0,0,0,0,0,0,0,0,0,0
STAT,(NULL),TotalTime,44,21764448442,21764448442,0,0,0,0,0,0,0,0,0,0,0,0,0,0,0,0,0,0,0,0,0,0,0,0,0,0,0,0,0,0,0,0,0,0,0,0,0,0,0,0,0,0,0
STAT,(NULL),UserTime,44,78623215683,1767378815,1797027440,1787694048,1788671082,1789680560,1794957916,1788319210,1788255752,1792046873,1786197714,1790903853,1796297545,1787102814,1791674789,1783063048,1781997913,1780566431,1781784869,1786778066,1795185487,1787164421,1790048704,1778827725,1785293537,1786349224,1789910445,1789210664,1787238626,1775905948,1780953504,1797665228,1788997614,1796334307,1789468716,1789809878,1788106906,1782916999,1782694521,1787238632,1781518340,1785567001,1782626131,1779311290,1784473097
STAT,(NULL),Work,44,236426638396,5373357408,5373328453,5373332218,5373327126,5373332716,5373330415,5373324720,5373346348,5373326411,5373338969,5373329126,5373351940,5373336507,5373335668,5373337558,5373335756,5373331190,5373331960,5373329881,5373340937,5373349016,5373329998,5373326213,5373325905,5373326846,5373324313,5373325212,5373326120,5373350671,5373327174,5373326894,5373328982,5373324940,5373326086,5373328859,5373328705,5373353472,5373327402,5373325528,5373334608,5373328915,5373328439,5373332493,5373326298
STAT,(NULL),nBad,44,26088,702,642,670,632,620,699,501,558,630,696,660,537,432,613,611,570,494,676,515,599,781,483,491,453,483,601,414,464,560,665,743,697,590,873,579,491,433,615,813,479,574,533,522,694
STAT,(NULL),nEmpty,44,12149077,137428,300976,265440,303965,302652,306738,270614,276273,269103,269296,288320,290815,273817,271990,269721,269309,269578,274596,280707,290438,275524,264930,259127,257287,261239,305910,280991,280394,271794,305581,306397,290242,289304,271052,277483,247354,267144,266196,300941,262259,283488,258762,281568,302334
STAT,(NULL),nEmptyPop,44,701613,8053,17424,15321,17593,17505,17679,15651,15911,15586,15569,16667,16728,15857,15684,15590,15565,15563,15870,16190,16720,15826,15329,14982,14864,15070,17662,16219,16192,15584,17642,17672,16801,16692,15663,16066,14305,15353,15391,17403,15115,16389,14975,16249,17443
STAT,(NULL),nOverall,44,120025876,1358228,2983040,2613014,3013044,2993986,3015735,2678179,2743920,2660084,2661364,2844954,2883985,2717830,2672645,2665673,2661570,2658810,2714630,2766205,2876731,2723691,2623883,2559701,2534289,2566239,3013891,2769940,2768364,2678060,3011377,3017807,2884297,2851156,2678435,2759525,2441175,2643171,2631179,2976863,2585547,2807960,2560355,2782348,2972996
STAT,(NULL),nPop,44,22151349,250620,549573,483247,555057,552172,557869,493821,505016,490759,491174,525346,531138,500400,494863,491847,491044,490995,500813,511130,530246,502605,483578,472403,468639,475145,557196,511968,511168,494784,556544,557697,530604,527104,494180,507100,450739,487423,485488,548904,477877,517361,472241,513274,550197
STAT,(NULL),nPush,44,22151343,250284,549729,481398,558777,553309,556250,493543,504196,491630,489474,525856,531486,502264,492701,493148,491245,491993,502136,510701,529276,501403,483755,471843,467460,471803,556557,510003,511331,495481,556192,557465,532933,523584,495330,511777,450506,488719,486235,549394,476372,520255,472117,513478,547954
STAT,(NULL),nPushInit,44,6,0,1,1,1,0,1,1,1,0,0,0,0,0,0,0,0,0,0,0,0,0,0,0,0,0,0,0,0,0,0,0,0,0,0,0,0,0,0,0,0,0,0,0,0
==== BENCHMARK TOOK 10.938
==== BENCHMARK START ===
==== PARAMS kernel=4.9.5-64-net1 malloc=libc hostname=rack-castor threads=44 delta=4 prog=sssp-multiqueue4  ===
Galois Benchmark Suite v2.2.1 (r0)
Copyright (C) 2014 The University of Texas at Austin
http://iss.ices.utexas.edu/galois/

application: Single Source Shortest Path
Computes the shortest path from a source node to all nodes in a directed graph using a modified chaotic iteration algorithm
http://iss.ices.utexas.edu/?p=projects/galois/benchmarks/single_source_shortest_path

INFO: CommandLine ./build/debug/apps/sssp/sssp -noverify -t 44 -delta 4 -wl multiqueue4 -startNode 0 /specific/disk1/home/mad/Galois-PQ/inputs/planar10M.gr
INFO: Hostname rack-castor
Read 10000000 nodes
Running Asynchronous with CAS version
INFO: Using delta-step of 1
WARNING: Performance varies considerably due to delta parameter.
WARNING: Do not expect the default to be good for your graph.
Node 1 has distance 7300
STATTYPE,LOOP,CATEGORY,n,sum,T0,T1,T2,T3,T4,T5,T6,T7,T8,T9,T10,T11,T12,T13,T14,T15,T16,T17,T18,T19,T20,T21,T22,T23,T24,T25,T26,T27,T28,T29,T30,T31,T32,T33,T34,T35,T36,T37,T38,T39,T40,T41,T42,T43
STAT,(NULL),BadWork,44,15722449,258896,487503,336924,394927,294467,491479,388151,394809,343811,439140,290429,361404,430696,388571,387373,430673,331827,387909,449877,262136,340416,355647,314830,376136,411227,428996,428345,270224,247075,364858,502748,367962,357578,333565,252398,325955,334966,417584,386704,246439,321526,308960,203990,273318
STAT,(NULL),BarrierTime,44,8550348,481545,492234,470747,452820,451846,423130,423900,339588,319680,331976,321896,329933,333526,325146,319640,285624,288800,236252,243558,223863,207502,232100,46024,47297,49312,48935,48588,46339,34338,40565,48983,48331,46551,49489,47404,25586,49241,49287,48876,49276,48256,49242,45426,47696
STAT,(NULL),ConflictTime,44,0,0,0,0,0,0,0,0,0,0,0,0,0,0,0,0,0,0,0,0,0,0,0,0,0,0,0,0,0,0,0,0,0,0,0,0,0,0,0,0,0,0,0,0,0
STAT,(NULL),Conflicts,44,0,0,0,0,0,0,0,0,0,0,0,0,0,0,0,0,0,0,0,0,0,0,0,0,0,0,0,0,0,0,0,0,0,0,0,0,0,0,0,0,0,0,0,0,0
STAT,(NULL),EmptyPopTime,44,235750348,3442738,5139817,5564496,5118144,5144086,5128071,5466631,5688879,5477654,5378267,5490344,5558479,5620925,5276076,5442539,5542063,5392105,5336011,5522264,5350594,5612292,5337174,5339067,5392678,5442273,5154398,5314875,5438101,5570803,5119528,5125399,5315080,6590555,5227106,5332056,5620286,5304938,5376707,5146620,5342616,5417034,5567241,5471861,5111477
STAT,(NULL),EmptyWork,44,3692362112,117932208,79683436,87169790,77767648,79968158,82412083,82198737,82773808,85818781,85850449,86949430,82028546,87383562,84105140,85205437,85845514,80196682,85387995,82974577,83560285,81060144,83895876,86057237,84864640,89265240,81754085,82740215,79798234,82747508,83866423,81471083,81216184,85750050,79955531,79859772,82776611,84262867,82580554,81797867,80426124,84548704,82390541,81914183,82150173
STAT,(NULL),GaloisTime,44,17197031634,265163780,369493271,403512925,373541900,371521161,374799884,404958381,416153464,408327219,395729105,409275496,400823233,414809458,385271756,392096514,410022253,394161240,391927785,411145188,393308395,398064577,391094403,391467394,396009481,399871177,375956114,386770512,401471978,405813992,370732705,375411883,391589629,399330432,390141028,400222717,423936002,386419899,383670539,369680905,392376325,401472720,411918175,398695339,368871300
STAT,(NULL),InitPushTime,44,2933794,147149,61048,86928,33216,2960,34308,34828,81788,40036,36529,39744,35886,35686,38520,40036,39916,39536,37828,33880,37212,38584,38532,107888,107220,107015,107727,107088,106487,107067,106289,106268,106128,104764,104991,105043,59964,58828,59532,59216,60426,60133,59151,58828,59591
STAT,(NULL),Iterations,44,22150916,303112,551963,480386,554195,552561,555039,474539,449355,485230,509064,475045,497217,461975,526504,500183,459637,493894,510657,468899,509015,482508,496650,513841,506744,496690,559117,530019,499568,484079,555754,560537,519832,504013,531869,510614,457184,513552,523403,551779,517097,501163,479226,486361,550846
STAT,(NULL),LoopTime,44,5492339558,5492339558,0,0,0,0,0,0,0,0,0,0,0,0,0,0,0,0,0,0,0,0,0,0,0,0,0,0,0,0,0,0,0,0,0,0,0,0,0,0,0,0,0,0,0
STAT,(NULL),MeminfoPost,44,968,22,22,22,22,22,22,22,22,22,22,22,22,22,22,22,22,22,22,22,22,22,22,22,22,22,22,22,22,22,22,22,22,22,22,22,22,22,22,22,22,22,22,22,22
STAT,(NULL),MeminfoPre,44,968,22,22,22,22,22,22,22,22,22,22,22,22,22,22,22,22,22,22,22,22,22,22,22,22,22,22,22,22,22,22,22,22,22,22,22,22,22,22,22,22,22,22,22,22
STAT,(NULL),NumaPost,44,4360,2005,1376,635,344,0,0,0,0,0,0,0,0,0,0,0,0,0,0,0,0,0,0,0,0,0,0,0,0,0,0,0,0,0,0,0,0,0,0,0,0,0,0,0,0
STAT,(NULL),PopTime,44,48954015201,1060581619,1139625033,1095667883,1141755765,1140264478,1139685317,1091349352,1082608541,1096151366,1110877490,1092718253,1109792118,1085153830,1124404770,1114707577,1086007998,1108181395,1111957657,1090933484,1110741215,1097117091,1105108774,1120561207,1111633348,1111221752,1139478478,1127541490,1105364124,1102019211,1141404975,1146494112,1120664472,1108053071,1124869397,1116427356,1077861566,1116311448,1126083110,1145644430,1118762098,1108364098,1099398596,1107939730,1142526126
STAT,(NULL),PushTime,44,86921675125,2066754161,1965540203,1974045379,1960805016,1965398372,1962337137,1985354879,1978099780,1970237816,1970785643,1977079920,1971576002,1970490644,1963591096,1981403548,1990164821,1980180309,1972129361,1978146135,1969407338,1988340377,1981430658,1970234053,1980139526,1971440616,1962377931,1967960840,1970257592,1977512904,1967518621,1959606193,1967757125,1970321943,1973122429,1968221031,1984377857,1984999258,1975892188,1973111348,1970780779,1972516022,1970216068,1977159511,1982852695
STAT,(NULL),RusageSys,44,4000,4000,0,0,0,0,0,0,0,0,0,0,0,0,0,0,0,0,0,0,0,0,0,0,0,0,0,0,0,0,0,0,0,0,0,0,0,0,0,0,0,0,0,0,0
STAT,(NULL),RusageUser,44,106152000,106152000,0,0,0,0,0,0,0,0,0,0,0,0,0,0,0,0,0,0,0,0,0,0,0,0,0,0,0,0,0,0,0,0,0,0,0,0,0,0,0,0,0,0,0
STAT,(NULL),Threads,44,44,44,0,0,0,0,0,0,0,0,0,0,0,0,0,0,0,0,0,0,0,0,0,0,0,0,0,0,0,0,0,0,0,0,0,0,0,0,0,0,0,0,0,0,0
STAT,(NULL),Time,44,5493661269,5493661269,0,0,0,0,0,0,0,0,0,0,0,0,0,0,0,0,0,0,0,0,0,0,0,0,0,0,0,0,0,0,0,0,0,0,0,0,0,0,0,0,0,0,0
STAT,(NULL),TotalTime,44,13935237870,13935237870,0,0,0,0,0,0,0,0,0,0,0,0,0,0,0,0,0,0,0,0,0,0,0,0,0,0,0,0,0,0,0,0,0,0,0,0,0,0,0,0,0,0,0
STAT,(NULL),UserTime,44,78437322536,1836989126,1791383733,1784904731,1791876750,1788568079,1786503650,1781539126,1785541098,1784851270,1782243914,1779353703,1781085700,1787409958,1788218396,1772008457,1773284481,1782756867,1784128567,1782145202,1788497870,1780675496,1783999523,1777210172,1772828890,1773626559,1786149090,1780540495,1788536340,1777202546,1782227004,1782760683,1784324161,1780819843,1777553765,1780805816,1776298140,1773569335,1777266823,1775487779,1783180390,1778547738,1781379881,1779684078,1769357311
STAT,(NULL),Work,44,235442803604,5351000194,5350977032,5350992582,5350974529,5350971333,5350971392,5350974866,5350976902,5350982274,5350975894,5350971750,5350977152,5350974195,5350976989,5350976780,5350977190,5350974490,5350975347,5350974630,5350986506,5350998231,5350980496,5350964070,5350964342,5350967960,5350964587,5350964721,5350963620,5350978505,5350964987,5350964680,5350965023,5350963899,5350964791,5350964062,5350985632,5350968468,5350964996,5350965054,5350964852,5350965212,5350965025,5350963270,5350965094
STAT,(NULL),nBad,44,24602,433,741,551,575,469,752,589,569,531,674,465,585,679,608,621,635,506,638,710,372,538,541,466,586,661,676,724,396,372,594,782,596,517,546,368,489,532,660,586,431,524,518,352,444
STAT,(NULL),nEmpty,44,12148768,166887,303165,263293,303267,302641,304793,259813,247052,266381,279108,260466,272801,253576,289472,274338,251648,271358,279570,256891,279045,263734,272219,282104,277448,272479,306774,290301,273402,265520,304582,307963,285243,277003,291288,280527,250391,281832,287188,302669,283464,274903,263415,266550,302204
STAT,(NULL),nEmptyPop,44,700658,9674,17466,15120,17538,17485,17564,15023,14234,15355,16102,15037,15732,14630,16673,15824,14557,15628,16178,14847,16046,15186,15678,16275,16053,15713,17692,16785,15803,15249,17587,17736,16462,15942,16814,16146,14393,16196,16550,17461,16353,15853,15195,15390,17433
STAT,(NULL),nOverall,44,120024390,1634763,2984647,2604811,3009561,2999219,3001498,2577035,2428857,2627219,2760302,2573813,2693051,2501205,2843402,2709719,2494143,2673254,2772408,2544052,2760238,2625926,2692617,2782420,2750900,2688895,3027042,2877008,2714608,2625074,3015138,3029868,2814614,2726005,2885876,2761222,2480253,2781038,2834644,2988202,2804595,2716184,2588078,2637676,2983310
STAT,(NULL),nPop,44,22150916,303112,551963,480386,554195,552561,555039,474539,449355,485230,509064,475045,497217,461975,526504,500183,459637,493894,510657,468899,509015,482508,496650,513841,506744,496690,559117,530019,499568,484079,555754,560537,519832,504013,531869,510614,457184,513552,523403,551779,517097,501163,479226,486361,550846
STAT,(NULL),nPush,44,22150909,302106,550179,479672,553171,553906,554046,477516,447275,485234,508904,474732,497324,460948,524657,501336,460509,494851,511664,469972,510539,485006,496560,513114,507769,494610,559345,528562,500485,486509,555403,559288,520262,503229,533765,509161,458599,513294,522651,550831,518126,502116,477765,486164,549754
STAT,(NULL),nPushInit,44,7,1,1,1,1,0,1,1,1,0,0,0,0,0,0,0,0,0,0,0,0,0,0,0,0,0,0,0,0,0,0,0,0,0,0,0,0,0,0,0,0,0,0,0,0
==== BENCHMARK TOOK 7.247
