==== BENCHMARK START ===
==== PARAMS kernel=4.9.5-64-net1 malloc=libc hostname=rack-castor threads=22 delta=4 prog=sssp-obim  ===
Galois Benchmark Suite v2.2.1 (r0)
Copyright (C) 2014 The University of Texas at Austin
http://iss.ices.utexas.edu/galois/

application: Single Source Shortest Path
Computes the shortest path from a source node to all nodes in a directed graph using a modified chaotic iteration algorithm
http://iss.ices.utexas.edu/?p=projects/galois/benchmarks/single_source_shortest_path

INFO: CommandLine ./build/debug/apps/sssp/sssp -noverify -t 22 -delta 4 -wl obim -startNode 12 /specific/disk1/home/mad/Galois-PQ/inputs/twitter40.gr
INFO: Hostname rack-castor
Read 61578415 nodes
Running Asynchronous with CAS version
INFO: Using delta-step of 16
WARNING: Performance varies considerably due to delta parameter.
WARNING: Do not expect the default to be good for your graph.
Node 1 has distance 4294967294
STATTYPE,LOOP,CATEGORY,n,sum,T0,T1,T2,T3,T4,T5,T6,T7,T8,T9,T10,T11,T12,T13,T14,T15,T16,T17,T18,T19,T20,T21
STAT,(NULL),BadWork,22,238563440658,10639213859,11306586043,10790026340,11024696584,10147212032,12129151460,11273783761,8789220138,11563366344,13595389147,9997637105,9320696898,10691389791,10397186263,9874555136,11587437289,9566433969,9731162097,9810781384,10835159221,12349130583,13143225214
STAT,(NULL),BarrierTime,22,666709344,30733586,34944333,35727414,34901361,34962707,35150058,35355547,35279815,30734852,34821987,34940409,30683116,30881364,30457385,34985163,30591676,34963366,30741494,34945502,370920,30532221,5068
STAT,(NULL),ConflictTime,22,0,0,0,0,0,0,0,0,0,0,0,0,0,0,0,0,0,0,0,0,0,0,0
STAT,(NULL),Conflicts,22,0,0,0,0,0,0,0,0,0,0,0,0,0,0,0,0,0,0,0,0,0,0,0
STAT,(NULL),EmptyPopTime,22,745366933,35446411,36611260,36882776,36714192,37243130,36710628,754142,36563595,36941288,36217090,36983932,35807959,36697356,36414398,36517408,37132916,36141535,36535127,36519859,13134352,36657676,36739903
STAT,(NULL),EmptyWork,22,19196404999,839273527,854816024,907856962,895616796,875225459,834292776,887464240,810316675,880145362,862306351,897025415,820859675,903534175,861830167,900477796,889365121,845271269,883317152,842158391,902395064,895480952,907375650
STAT,(NULL),GaloisTime,22,43188860800,1857082286,1739771009,2083373147,1924563538,1858628754,1872704242,2049930515,1862056072,2018296201,1968483378,2128617413,1840008322,2045714850,2028105904,2038274060,1939635559,1930337488,2008745751,1903036104,2069307345,1982407715,2039781147
STAT,(NULL),InitPushTime,22,867663419,39019480,34822332,34001853,34866644,34801900,34617555,34386977,34452962,39020152,34897444,34818156,39080952,38879404,39289228,34741204,39163820,34752915,38986544,34783090,69369880,39218880,69692047
STAT,(NULL),Iterations,22,99056124,4415226,4762585,4296184,5106750,4996862,4822499,4485126,4100451,4309586,4395186,4663962,4411192,4532319,4488902,4468059,4539624,4221500,4495491,4227327,4520414,4424651,4372228
STAT,(NULL),LoopTime,22,71613854820,71613854820,0,0,0,0,0,0,0,0,0,0,0,0,0,0,0,0,0,0,0,0,0
STAT,(NULL),MeminfoPost,22,5676,258,258,258,258,258,258,258,258,258,258,258,258,258,258,258,258,258,258,258,258,258,258
STAT,(NULL),MeminfoPre,22,5676,258,258,258,258,258,258,258,258,258,258,258,258,258,258,258,258,258,258,258,258,258,258
STAT,(NULL),NumaPost,22,1407716,1401463,2364,2196,1693,0,0,0,0,0,0,0,0,0,0,0,0,0,0,0,0,0,0
STAT,(NULL),PopTime,22,148452776515,6423587657,6216883578,7079792857,6654910328,6521778700,6288570835,7012331324,6469425610,6942009032,6759711570,7126099067,6340066188,7007726879,6784852058,6989007607,6702848124,6622899231,6978052399,6514656956,7077051279,6923978549,7016536687
STAT,(NULL),PushTime,22,84134613816,4224966945,3720628218,3482668788,3715983417,4047826004,3468032735,3657011972,4289233378,3823520263,4051488924,3578470108,4084396278,3689294642,3542349767,3975489388,3750236166,3632514254,4039678982,3817329165,3877186548,3843644036,3822663838
STAT,(NULL),RusageSys,22,8000,8000,0,0,0,0,0,0,0,0,0,0,0,0,0,0,0,0,0,0,0,0,0
STAT,(NULL),RusageUser,22,689548000,689548000,0,0,0,0,0,0,0,0,0,0,0,0,0,0,0,0,0,0,0,0,0
STAT,(NULL),Threads,22,22,22,0,0,0,0,0,0,0,0,0,0,0,0,0,0,0,0,0,0,0,0,0
STAT,(NULL),Time,22,71622102728,71622102728,0,0,0,0,0,0,0,0,0,0,0,0,0,0,0,0,0,0,0,0,0
STAT,(NULL),TotalTime,22,177854677272,177854677272,0,0,0,0,0,0,0,0,0,0,0,0,0,0,0,0,0,0,0,0,0
STAT,(NULL),UserTime,22,1218044657855,55427029594,56238679651,55216813828,55579607398,55466687062,56307076012,55199895683,55339802884,55106486046,55129199872,55040193126,55686252913,55124426014,55553843634,54867637905,55488178390,55740245319,54861057793,55693695098,54868321604,55125220654,54984307375
STAT,(NULL),Work,22,1513764133886,68807455039,68807446179,68807475036,68807445833,68807446182,68807445708,68807468975,68807474032,68807448012,68807486276,68807448245,68807446315,68807448044,68807463455,68807480841,68807447032,68807486699,68807473116,68807472124,68807446253,68807445861,68807484629
STAT,(NULL),nBad,22,339371334,15275565,15887084,15543046,16026724,14677781,17342499,15968145,12808212,16146144,18517765,14686561,13534110,15208785,15095032,14080145,16070667,13660484,14091070,13981036,15627471,17035584,18107424
STAT,(NULL),nEmpty,22,58715524,2651691,2921036,2547614,2994153,2973481,2712929,2679464,2381956,2567619,2613716,2710415,2685120,2681487,2683052,2630356,2731502,2484473,2684651,2503341,2641206,2621376,2614886
STAT,(NULL),nEmptyPop,22,60806,2937,4026,1966,4091,4154,4052,33,1931,3615,1905,3621,3937,3578,2584,1924,3620,1900,1952,1926,1088,4026,1940
STAT,(NULL),nOverall,22,1754169811,78325305,85242330,81006479,85544611,83447232,87602430,79408012,77583512,78611233,77888562,80204504,77828770,78923526,79929905,77136858,78587816,79178414,75724318,78801112,77260161,77477096,78457625
STAT,(NULL),nPop,22,99056124,4415226,4762585,4296184,5106750,4996862,4822499,4485126,4100451,4309586,4395186,4663962,4411192,4532319,4488902,4468059,4539624,4221500,4495491,4227327,4520414,4424651,4372228
STAT,(NULL),nPush,22,98055063,4927355,5079578,3965497,4988735,5472191,4651556,4093703,4847460,4162899,4433075,4118683,4565881,4026592,3954823,4360284,4303401,4145149,4319684,4498432,4250335,4422028,4467722
STAT,(NULL),nPushInit,22,1001061,45503,45503,45503,45503,45503,45503,45503,45503,45503,45503,45503,45503,45503,45503,45503,45503,45503,45503,45503,45503,45503,45498
STAT,(NULL),qPopEmpty,22,1103932,64583,71365,35151,72631,73575,72551,936,34875,64371,34621,64443,70910,63976,46261,34837,64530,34510,34856,34854,22968,72365,34763
STAT,(NULL),qPopEmptyCyc,22,370495398,16798623,18450283,18313579,18246156,18523778,18277841,545993,18173355,18359470,18031931,18402002,17834723,18218316,18085461,18139712,18488863,18008123,18109208,18143444,6688974,18280074,18375489
STAT,(NULL),qPopFast,22,97507808,4346201,4688150,4229036,5026931,4918763,4747122,4415015,4036356,4242224,4326482,4591060,4342234,4461478,4418739,4398214,4468672,4155517,4425224,4161250,4449768,4355490,4303882
STAT,(NULL),qPopFastCyc,22,66090059851,2859822303,2784592208,3145019772,2977185288,2917460529,2805261520,3114899936,2875107113,3080421958,3008923472,3173576485,2825261587,3111819759,3021508776,3114331472,2983835343,2946794810,3098115911,2899224351,3143489885,3084011827,3119395546
STAT,(NULL),qPopLocal,22,1547526,68977,74404,67117,79782,78066,75340,70070,64061,67328,68664,72866,68915,70807,70131,69805,70919,65950,70230,66041,70625,69121,68307
STAT,(NULL),qPopLocalCyc,22,4726484745,205202421,203819231,221588288,216753910,213938461,208970866,221843476,206862881,216977670,214950383,225140661,202160624,219517564,213401011,219303100,215551429,207276241,221167601,208628805,222453260,220097574,220879288
STAT,(NULL),qPopRemote,22,790,48,31,31,37,33,37,41,34,34,40,36,43,34,32,40,33,33,37,36,21,40,39
STAT,(NULL),qPopRemoteCyc,22,1919475,79236,57397,93706,68284,62178,68532,105164,106080,72570,125206,79332,73307,78311,78582,137785,71152,96535,113140,104189,42088,84661,122040
==== BENCHMARK TOOK 82.030
==== BENCHMARK START ===
==== PARAMS kernel=4.9.5-64-net1 malloc=libc hostname=rack-castor threads=22 delta=4 prog=sssp-obim  ===
Galois Benchmark Suite v2.2.1 (r0)
Copyright (C) 2014 The University of Texas at Austin
http://iss.ices.utexas.edu/galois/

application: Single Source Shortest Path
Computes the shortest path from a source node to all nodes in a directed graph using a modified chaotic iteration algorithm
http://iss.ices.utexas.edu/?p=projects/galois/benchmarks/single_source_shortest_path

INFO: CommandLine ./build/debug/apps/sssp/sssp -noverify -t 22 -delta 4 -wl obim -startNode 12 /specific/disk1/home/mad/Galois-PQ/inputs/twitter40.gr
INFO: Hostname rack-castor
Read 61578415 nodes
Running Asynchronous with CAS version
INFO: Using delta-step of 16
WARNING: Performance varies considerably due to delta parameter.
WARNING: Do not expect the default to be good for your graph.
Node 1 has distance 4294967294
STATTYPE,LOOP,CATEGORY,n,sum,T0,T1,T2,T3,T4,T5,T6,T7,T8,T9,T10,T11,T12,T13,T14,T15,T16,T17,T18,T19,T20,T21
STAT,(NULL),BadWork,22,240715046168,10713967532,11172098812,11178492695,10097015636,13501745663,13129685289,10238704257,10304739139,10514534307,9692448840,9481639763,9949881886,9914978338,10353521317,11298729203,14772358544,10593646915,10076835950,11210447980,10208338510,10170637105,12140598487
STAT,(NULL),BarrierTime,22,586746191,30214050,34908771,13633,34792654,34731337,34772433,30377276,34753210,30272112,28564108,22194184,22206316,16863001,28707732,190960,30608544,30128392,26604932,35137557,19513306,34741149,26450534
STAT,(NULL),ConflictTime,22,0,0,0,0,0,0,0,0,0,0,0,0,0,0,0,0,0,0,0,0,0,0,0
STAT,(NULL),Conflicts,22,0,0,0,0,0,0,0,0,0,0,0,0,0,0,0,0,0,0,0,0,0,0,0
STAT,(NULL),EmptyPopTime,22,822138910,37224305,40654289,40577303,40560897,39892387,40601895,40189674,527752,40547660,40254868,40621802,39426167,40347578,19756880,40432748,40495113,38856524,40517508,39771288,40434752,40202416,40245104
STAT,(NULL),EmptyWork,22,19639039196,890491960,896866767,861176332,895918871,819767175,908835699,921772487,915552091,861339300,886702461,873996256,891969701,894796297,913165073,915699174,892903563,902353133,887158905,925271245,913368532,923671631,846262543
STAT,(NULL),GaloisTime,22,44156089600,1992146146,1875612341,2087444845,1891545249,1737598732,1874493784,2105750259,2079320381,2030732417,2026736019,1929430667,2058528303,2118098312,2038605801,2006568897,1970344942,2093246234,2033314347,2060047586,2064915293,2097162933,1984446112
STAT,(NULL),InitPushTime,22,937649434,39343920,34520819,69490938,34556565,34615665,34640352,39028048,34513336,38988140,40697374,47061908,47103082,52446212,40605460,69095276,38556976,39036868,42559074,34024208,49625491,34427190,42712532
STAT,(NULL),Iterations,22,99024190,4745319,5026395,4353689,5115437,4654865,5094929,4656000,4333639,4317381,4334013,4386665,4435799,4375299,4371199,4395109,4317165,4397461,4303521,4469149,4483105,4429308,4028743
STAT,(NULL),LoopTime,22,72449779550,72449779550,0,0,0,0,0,0,0,0,0,0,0,0,0,0,0,0,0,0,0,0,0
STAT,(NULL),MeminfoPost,22,5676,258,258,258,258,258,258,258,258,258,258,258,258,258,258,258,258,258,258,258,258,258,258
STAT,(NULL),MeminfoPre,22,5676,258,258,258,258,258,258,258,258,258,258,258,258,258,258,258,258,258,258,258,258,258,258
STAT,(NULL),NumaPost,22,1407701,1401277,2369,2362,1693,0,0,0,0,0,0,0,0,0,0,0,0,0,0,0,0,0,0
STAT,(NULL),PopTime,22,152504727600,6875521856,6557902965,6956834856,6673963932,6071946144,6652653498,7281803384,7116829799,6834835771,7066769636,6679350179,6991549331,7180505900,7050509312,7052066220,7005191680,7147815121,7033522206,7177323944,7171009816,7211086213,6715735837
STAT,(NULL),PushTime,22,86010684727,3701043225,3659988375,3676376712,3369943930,3731201860,3658720434,4562765728,3872982164,3971318807,4169960308,4300241631,3842566432,3763635822,3717378682,3901172839,4801980710,4008864511,4301250860,3864412165,3547972854,3812878671,3774028007
STAT,(NULL),RusageSys,22,0,0,0,0,0,0,0,0,0,0,0,0,0,0,0,0,0,0,0,0,0,0,0
STAT,(NULL),RusageUser,22,696672000,696672000,0,0,0,0,0,0,0,0,0,0,0,0,0,0,0,0,0,0,0,0,0
STAT,(NULL),Threads,22,22,22,0,0,0,0,0,0,0,0,0,0,0,0,0,0,0,0,0,0,0,0,0
STAT,(NULL),Time,22,72456621706,72456621706,0,0,0,0,0,0,0,0,0,0,0,0,0,0,0,0,0,0,0,0,0
STAT,(NULL),TotalTime,22,178891643134,178891643134,0,0,0,0,0,0,0,0,0,0,0,0,0,0,0,0,0,0,0,0,0
STAT,(NULL),UserTime,22,1226270204099,56021879919,56487287927,55895907568,56646385405,57117907488,56383004514,54606026682,55533104099,55779538479,55327895230,55694670495,55694272834,55520924565,55778896946,55602374196,54807410260,55327175431,55222549564,55451482421,55780607989,55433311650,56157590437
STAT,(NULL),Work,22,1529404238789,69518377267,69518370738,69518395555,69518370422,69518370674,69518370546,69518371042,69518370619,69518370482,69518370130,69518369806,69518370528,69518368769,69518369502,69518368020,69518405986,69518371890,69518371518,69518370031,69518393695,69518371489,69518370080
STAT,(NULL),nBad,22,338702075,15088554,16116792,15980625,14498073,18535874,18195649,14629023,14931812,14972986,13789212,13580316,14142088,14153271,14750273,15714917,19404474,14898612,14037213,15641844,14272050,14501067,16867350
STAT,(NULL),nEmpty,22,58705277,2832928,3036823,2518127,3086612,2721123,3088941,2748282,2556978,2448658,2527521,2722374,2662087,2611129,2602459,2613379,2535640,2549532,2530379,2675868,2637991,2645013,2353433
STAT,(NULL),nEmptyPop,22,92460,2908,5728,4644,5712,5953,5719,3080,44,3272,4972,3019,3041,4632,1891,5305,4639,5002,5318,5216,4457,2987,4921
STAT,(NULL),nOverall,22,1753500552,82478424,86533299,79356133,86748498,86474375,85993002,74418369,78836911,79238045,77061516,77061047,79276749,78251088,79525755,79661875,73313398,76679638,76239596,79795533,79106166,78251017,79200118
STAT,(NULL),nPop,22,99024190,4745319,5026395,4353689,5115437,4654865,5094929,4656000,4333639,4317381,4334013,4386665,4435799,4375299,4371199,4395109,4317165,4397461,4303521,4469149,4483105,4429308,4028743
STAT,(NULL),nPush,22,98023129,4552552,4938268,4009562,4631662,5106514,4956946,4865409,4324680,4242758,4526974,4592298,4253912,4056132,4072256,4289702,5074222,4209302,4616226,4399262,4007650,4240061,4056781
STAT,(NULL),nPushInit,22,1001061,45503,45503,45503,45503,45503,45503,45503,45503,45503,45503,45503,45503,45503,45503,45503,45503,45503,45503,45503,45503,45503,45498
STAT,(NULL),qPopEmpty,22,1266360,67055,76526,59443,76386,74670,76435,43920,968,44079,66613,44452,43199,64756,32139,66674,59385,66736,66832,65593,59574,44120,66805
STAT,(NULL),qPopEmptyCyc,22,394633491,16709145,20234134,18777182,20188687,19791963,18773086,20073359,296242,18672447,20078646,20309710,18235738,18723004,9008243,18611944,20141655,18632510,18670237,19753485,20193130,18667624,20091320
STAT,(NULL),qPopFast,22,97476382,4671120,4947833,4285639,5035482,4582105,5015295,4583231,4265910,4249898,4266270,4318102,4366470,4306912,4302879,4326412,4249687,4328730,4236247,4399288,4413031,4360074,3965767
STAT,(NULL),qPopFastCyc,22,67835536345,3065408719,2937425693,3092562556,2985835943,2712505948,2969433961,3237023626,3159436544,3037049247,3139063955,2967489452,3108282449,3186199290,3131630351,3136470223,3111411742,3169241166,3122261812,3180090856,3191770813,3210154492,2984787507
STAT,(NULL),qPopLocal,22,1547022,74131,78528,68016,79919,72719,79596,72740,67705,67451,67710,68534,69300,68352,68291,68664,67445,68700,67231,69819,70038,69196,62937
STAT,(NULL),qPopLocalCyc,22,4810466930,220061347,214468353,217289050,216274151,197282017,213611067,229030054,221862627,212672020,221586230,210638852,217918662,224283119,219622438,222402419,220510552,224371084,219602122,224731490,223371415,228192354,210685507
STAT,(NULL),qPopRemote,22,786,68,34,34,36,41,38,29,24,32,33,29,29,35,29,33,33,31,43,42,36,38,39
STAT,(NULL),qPopRemoteCyc,22,1762387,105390,65213,75841,67138,73862,69821,82622,56420,98808,79421,86032,88303,78164,57234,74964,70840,65223,93428,83816,82168,119971,87708
==== BENCHMARK TOOK 82.475
==== BENCHMARK START ===
==== PARAMS kernel=4.9.5-64-net1 malloc=libc hostname=rack-castor threads=22 delta=4 prog=sssp-obim  ===
Galois Benchmark Suite v2.2.1 (r0)
Copyright (C) 2014 The University of Texas at Austin
http://iss.ices.utexas.edu/galois/

application: Single Source Shortest Path
Computes the shortest path from a source node to all nodes in a directed graph using a modified chaotic iteration algorithm
http://iss.ices.utexas.edu/?p=projects/galois/benchmarks/single_source_shortest_path

INFO: CommandLine ./build/debug/apps/sssp/sssp -noverify -t 22 -delta 4 -wl obim -startNode 12 /specific/disk1/home/mad/Galois-PQ/inputs/twitter40.gr
INFO: Hostname rack-castor
Read 61578415 nodes
Running Asynchronous with CAS version
INFO: Using delta-step of 16
WARNING: Performance varies considerably due to delta parameter.
WARNING: Do not expect the default to be good for your graph.
Node 1 has distance 4294967294
STATTYPE,LOOP,CATEGORY,n,sum,T0,T1,T2,T3,T4,T5,T6,T7,T8,T9,T10,T11,T12,T13,T14,T15,T16,T17,T18,T19,T20,T21
STAT,(NULL),BadWork,22,241947102891,11374428771,10913050279,12954810078,9617098100,12334362181,12176308200,11921533984,11504398014,9999881496,10083827962,9788815911,11157836026,8657432428,12095851850,7877809442,12760223245,11222528559,9580653497,12054753381,10963466888,11445624322,11462408277
STAT,(NULL),BarrierTime,22,552220711,29826688,34485534,30069853,34481872,34580592,34682053,26457212,34551947,24465748,563373,375217,30146644,30144128,30165661,13422793,26590946,13527931,30153612,28544916,34673269,30286979,23743
STAT,(NULL),ConflictTime,22,0,0,0,0,0,0,0,0,0,0,0,0,0,0,0,0,0,0,0,0,0,0,0
STAT,(NULL),Conflicts,22,0,0,0,0,0,0,0,0,0,0,0,0,0,0,0,0,0,0,0,0,0,0,0
STAT,(NULL),EmptyPopTime,22,530921385,25006712,11082307,25817900,25530750,26219076,25911259,26280720,26220720,26287072,26338149,25344608,25512648,26220188,26136595,25836891,25826574,519483,26229140,26454596,26185388,26010240,25950369
STAT,(NULL),EmptyWork,22,19200288809,895278734,908611669,816219066,778675892,887557481,899370983,865699077,854510188,839226650,896369440,902137555,855043363,857990467,886857184,891605326,879338580,889163490,888359133,921558117,849704120,858675092,878337202
STAT,(NULL),GaloisTime,22,43323850934,2052802412,1911250734,1832715571,1633799639,1896787650,1918499606,2056404968,1981687566,1982937682,2045198918,2071653889,1984010469,2007401490,2065204699,2021684203,1898785265,1941870169,2024851540,2164158984,2022871449,1924028572,1885245459
STAT,(NULL),InitPushTime,22,965329789,39420380,34682637,39070032,34578538,34461079,34372818,42577022,34433626,44509652,68374899,68537273,38842760,38846184,38787676,55523521,42304300,55362558,38747544,40353540,34193850,38548824,68801076
STAT,(NULL),Iterations,22,99257466,4749763,5080902,4191815,4390745,5057490,5073708,4272533,4382519,4286440,4402016,4574506,4434396,4333882,4575483,4504461,4360814,4549799,4473785,4520671,4361764,4402230,4277744
STAT,(NULL),LoopTime,22,71883290385,71883290385,0,0,0,0,0,0,0,0,0,0,0,0,0,0,0,0,0,0,0,0,0
STAT,(NULL),MeminfoPost,22,5676,258,258,258,258,258,258,258,258,258,258,258,258,258,258,258,258,258,258,258,258,258,258
STAT,(NULL),MeminfoPre,22,5676,258,258,258,258,258,258,258,258,258,258,258,258,258,258,258,258,258,258,258,258,258,258
STAT,(NULL),NumaPost,22,1407717,1401281,2364,2196,1876,0,0,0,0,0,0,0,0,0,0,0,0,0,0,0,0,0,0
STAT,(NULL),PopTime,22,148574432916,6986906120,6630635393,6374326273,5734031550,6590912494,6606305641,6881262868,6719364004,6719036633,7022173486,7111940854,6809269921,6725142075,6937430074,6948528411,6638679845,6697310042,7009988832,7294565066,6752444635,6719934818,6664243881
STAT,(NULL),PushTime,22,85932168170,3801824536,3420624418,4552125464,3891092210,3600114202,3378080458,3802019104,3734446885,4393461156,4556416291,3868597331,4287629530,3900663729,3677208569,3935573442,3863260889,3660220823,4158891360,3867255014,3535181236,3890867520,4156614003
STAT,(NULL),RusageSys,22,0,0,0,0,0,0,0,0,0,0,0,0,0,0,0,0,0,0,0,0,0,0,0
STAT,(NULL),RusageUser,22,694556000,694556000,0,0,0,0,0,0,0,0,0,0,0,0,0,0,0,0,0,0,0,0,0
STAT,(NULL),Threads,22,22,22,0,0,0,0,0,0,0,0,0,0,0,0,0,0,0,0,0,0,0,0,0
STAT,(NULL),Time,22,71892127194,71892127194,0,0,0,0,0,0,0,0,0,0,0,0,0,0,0,0,0,0,0,0,0
STAT,(NULL),TotalTime,22,182054637926,182054637926,0,0,0,0,0,0,0,0,0,0,0,0,0,0,0,0,0,0,0,0,0
STAT,(NULL),UserTime,22,1227208148748,55545894178,56425517413,55706526561,57244590736,56306129070,56479547295,55676051821,55991489691,55346770355,54761221174,55328040973,55346259019,55790304219,55714878602,55484491185,56001822350,56118629903,55199401315,55033727101,56121327482,55888203534,55697324771
STAT,(NULL),Work,22,1524771209596,69307788684,69307777786,69307807106,69307777938,69307778095,69307776946,69307777902,69307778684,69307777024,69307774021,69307800686,69307777774,69307778328,69307777933,69307775792,69307777274,69307775271,69307780024,69307778514,69307777691,69307807470,69307788653
STAT,(NULL),nBad,22,340792991,16456584,15332063,17816037,13660902,17452583,17352777,16338093,16234035,14177374,14348878,13890218,15880698,12801354,16718288,11590124,17270539,15842297,13575334,16985838,15382756,15793792,15892427
STAT,(NULL),nEmpty,22,58906898,2764680,3044829,2534988,2591675,3002146,3003009,2486157,2608026,2484964,2604233,2713464,2604646,2485198,2695812,2693879,2680231,2770792,2695152,2630389,2519876,2675228,2617524
STAT,(NULL),nEmptyPop,22,54570,1784,1121,1527,3146,3189,3209,2718,3125,2717,3139,1502,2773,2712,3246,3122,3086,52,2807,2779,3253,1485,2078
STAT,(NULL),nOverall,22,1755591468,81760753,86744848,76997110,86439168,87223519,87836224,78436736,79352212,76568121,75277173,78901817,77838324,79914303,78716472,76560132,77590174,79794401,75962504,77652043,81734469,77983585,76307380
STAT,(NULL),nPop,22,99257466,4749763,5080902,4191815,4390745,5057490,5073708,4272533,4382519,4286440,4402016,4574506,4434396,4333882,4575483,4504461,4360814,4549799,4473785,4520671,4361764,4402230,4277744
STAT,(NULL),nPush,22,98256405,4454212,4636039,4912072,5249562,4889491,4528685,4095958,4152632,4838569,4679137,4234987,5077789,4268475,4021116,4257422,4250991,4099432,4445434,4128864,4109733,4322871,4602934
STAT,(NULL),nPushInit,22,1001061,45503,45503,45503,45503,45503,45503,45503,45503,45503,45503,45503,45503,45503,45503,45503,45503,45503,45503,45503,45503,45503,45498
STAT,(NULL),qPopEmpty,22,913569,40957,22377,24613,50677,52159,51402,46096,52138,46085,52365,24123,44618,46005,51856,51392,51379,1085,45907,46294,51977,24868,35196
STAT,(NULL),qPopEmptyCyc,22,259967926,11666293,5546102,12676545,12525852,12832382,12670866,12909888,12879862,12913004,12921643,12444249,12507670,12879030,12789028,12661029,12675076,291544,12851257,12982817,12806414,12786652,12750723
STAT,(NULL),qPopFast,22,97706025,4675517,5001491,4126294,4322111,4978438,4994406,4205752,4314016,4219438,4333212,4503001,4365082,4266140,4503967,4434051,4292650,4478694,4403862,4450013,4293587,4333420,4210883
STAT,(NULL),qPopFastCyc,22,66131657956,3115132694,2968040426,2837978155,2564962079,2942764267,2951166507,3057823079,2984816616,2980682193,3115724213,3155384785,3034929656,2994288271,3088116266,3092983877,2954971906,2978602470,3116674880,3240973472,2998660031,2989917247,2967064866
STAT,(NULL),qPopLocal,22,1550658,74205,79379,65488,68595,79012,79265,66749,68464,66966,68769,71466,69277,67704,71479,70371,68126,71080,69892,70625,68142,68776,66828
STAT,(NULL),qPopLocalCyc,22,4717247292,222770585,218842965,202080630,186002438,214886225,213065647,216874699,213633366,210690249,219628935,224939338,214349057,209621606,217640234,220256115,212067035,214925533,219222421,226084468,212836598,214152822,212676326
STAT,(NULL),qPopRemote,22,783,41,32,33,39,40,37,32,39,36,35,39,37,38,37,39,38,25,31,33,35,34,33
STAT,(NULL),qPopRemoteCyc,22,1690538,79093,50430,105061,69086,73569,68456,67744,76363,78747,75736,114772,79380,88737,71767,74348,74063,52236,61198,73941,67037,108844,79930
==== BENCHMARK TOOK 83.866
==== BENCHMARK START ===
==== PARAMS kernel=4.9.5-64-net1 malloc=libc hostname=rack-castor threads=22 delta=4 prog=sssp-obim  ===
Galois Benchmark Suite v2.2.1 (r0)
Copyright (C) 2014 The University of Texas at Austin
http://iss.ices.utexas.edu/galois/

application: Single Source Shortest Path
Computes the shortest path from a source node to all nodes in a directed graph using a modified chaotic iteration algorithm
http://iss.ices.utexas.edu/?p=projects/galois/benchmarks/single_source_shortest_path

INFO: CommandLine ./build/debug/apps/sssp/sssp -noverify -t 22 -delta 4 -wl obim -startNode 12 /specific/disk1/home/mad/Galois-PQ/inputs/twitter40.gr
INFO: Hostname rack-castor
Read 61578415 nodes
Running Asynchronous with CAS version
INFO: Using delta-step of 16
WARNING: Performance varies considerably due to delta parameter.
WARNING: Do not expect the default to be good for your graph.
Node 1 has distance 4294967294
STATTYPE,LOOP,CATEGORY,n,sum,T0,T1,T2,T3,T4,T5,T6,T7,T8,T9,T10,T11,T12,T13,T14,T15,T16,T17,T18,T19,T20,T21
STAT,(NULL),BadWork,22,233940916913,9430502901,11069600203,9101815561,12496120653,11267947822,12535893391,11393297615,10434829344,11008000970,10723195754,10055552592,10646143356,9583990930,8735992681,12297673512,12462190329,10848529147,9131261154,9763693737,9871178906,9220848199,11862658156
STAT,(NULL),BarrierTime,22,646114218,30476810,34806932,34845063,34741087,34795318,34819645,30200724,30604804,34839672,19507415,34870745,34749062,48899,30347451,30200853,30660224,30306436,34818711,433724,30373744,34754879,34912020
STAT,(NULL),ConflictTime,22,0,0,0,0,0,0,0,0,0,0,0,0,0,0,0,0,0,0,0,0,0,0,0
STAT,(NULL),Conflicts,22,0,0,0,0,0,0,0,0,0,0,0,0,0,0,0,0,0,0,0,0,0,0,0
STAT,(NULL),EmptyPopTime,22,548426702,11843073,26814072,26835316,27069118,26802261,26692096,26526316,27078876,26575930,27241386,26730961,26361807,26811644,26995274,26695357,27249864,26702276,26822168,474280,26416784,26896568,26791275
STAT,(NULL),EmptyWork,22,19439940195,863162230,851150623,913209664,838383916,875236572,848028481,923026525,936544894,815160546,895954358,917776716,851881036,837879961,883080554,904714183,883413391,903578306,912513760,899537061,923316257,920934428,841456733
STAT,(NULL),GaloisTime,22,43468882638,1925295265,1833899753,2087396638,1668529600,1809106722,1827179275,2095957596,2129137565,1931288502,2007970638,2138021090,1916335759,1885803701,1980693839,2040411270,1993669946,2039740802,2060449229,2003622067,2106550121,2067220361,1920602899
STAT,(NULL),InitPushTime,22,876389577,39028844,34604985,34556817,34547978,34491967,34483804,39079636,38581484,34318168,49675251,34302279,34450822,69137609,38831752,38992728,38410060,38762564,34310129,68611305,38698716,34320743,34191936
STAT,(NULL),Iterations,22,98854677,4752433,4842019,4339982,4642873,4867099,4813421,4411550,4465701,4008277,4297435,4668233,4400767,4144343,4312937,4555681,4310820,4408351,4596251,4455693,4775735,4723335,4061741
STAT,(NULL),LoopTime,22,71048213764,71048213764,0,0,0,0,0,0,0,0,0,0,0,0,0,0,0,0,0,0,0,0,0
STAT,(NULL),MeminfoPost,22,5676,258,258,258,258,258,258,258,258,258,258,258,258,258,258,258,258,258,258,258,258,258,258
STAT,(NULL),MeminfoPre,22,5676,258,258,258,258,258,258,258,258,258,258,258,258,258,258,258,258,258,258,258,258,258,258
STAT,(NULL),NumaPost,22,1407689,1401287,2372,2154,1876,0,0,0,0,0,0,0,0,0,0,0,0,0,0,0,0,0,0
STAT,(NULL),PopTime,22,150487600066,6709396703,6325334202,7220653638,6055187536,6350537741,6277133456,7236013321,7295430919,6550552904,6985486368,7320878068,6626799722,6538487960,6898085239,7079454141,6881193457,7079725093,7116726959,7027814491,7137712648,7147603397,6627392103
STAT,(NULL),PushTime,22,83738730311,3753339848,3533454071,3560997899,3851974921,3277066571,3738817095,3489915947,4043658412,3752728541,3900718624,3513335603,4113042258,3786336555,4243235421,3913680001,3745126713,3786182339,3938358020,3724458755,3400009483,4528047579,4144245655
STAT,(NULL),RusageSys,22,4000,4000,0,0,0,0,0,0,0,0,0,0,0,0,0,0,0,0,0,0,0,0,0
STAT,(NULL),RusageUser,22,686752000,686752000,0,0,0,0,0,0,0,0,0,0,0,0,0,0,0,0,0,0,0,0,0
STAT,(NULL),Threads,22,22,22,0,0,0,0,0,0,0,0,0,0,0,0,0,0,0,0,0,0,0,0,0
STAT,(NULL),Time,22,71055078162,71055078162,0,0,0,0,0,0,0,0,0,0,0,0,0,0,0,0,0,0,0,0,0
STAT,(NULL),TotalTime,22,181534555920,181534555920,0,0,0,0,0,0,0,0,0,0,0,0,0,0,0,0,0,0,0,0,0
STAT,(NULL),UserTime,22,1209945959968,55265571461,55957964019,54719519955,56087468442,56189863611,55810758475,54757176511,54096766840,55452310365,54711243222,54611881110,54994207269,55453296108,54496524531,54563656527,54997956855,54692683984,54473749778,54872704029,54934605605,53837916602,54968134669
STAT,(NULL),Work,22,1507630799859,68528674909,68528664494,68528676713,68528664924,68528666718,68528664475,68528668344,68528665890,68528698348,68528662968,68528686878,68528708637,68528663165,68528680407,68528664558,68528669226,68528670804,68528666739,68528665583,68528666618,68528667104,68528682357
STAT,(NULL),nBad,22,335161660,13848388,15981912,13311179,17302698,16185669,17813972,16079749,15030656,15434997,15374401,14690074,15172960,13611932,12825689,17094754,17626450,15405969,13405788,14027892,14623286,13686002,16627243
STAT,(NULL),nEmpty,22,58577914,2809833,2891881,2597699,2924927,2946610,2795021,2574319,2657839,2303129,2536298,2701090,2574545,2499809,2556052,2717806,2603398,2590297,2705623,2664796,2809452,2781039,2336451
STAT,(NULL),nEmptyPop,22,49506,974,3030,2184,3054,3029,2780,2488,2687,1299,3070,1814,1434,2344,1950,2578,2705,2258,2666,42,2633,2672,1815
STAT,(NULL),nOverall,22,1749960137,80393116,85361401,78892778,84912293,87599449,85267501,79458865,77020783,80501802,77037528,79085704,77577164,78319551,76433295,76418405,78269079,77983097,77439946,77650180,81436348,74842836,78059016
STAT,(NULL),nPop,22,98854677,4752433,4842019,4339982,4642873,4867099,4813421,4411550,4465701,4008277,4297435,4668233,4400767,4144343,4312937,4555681,4310820,4408351,4596251,4455693,4775735,4723335,4061741
STAT,(NULL),nPush,22,97853616,4570418,4810404,4099855,5273594,4403484,5009070,3828575,4281254,4269910,4393372,3970890,4868800,4269848,4731114,4358114,4063141,4190880,4624924,4414734,3895480,4760200,4765555
STAT,(NULL),nPushInit,22,1001061,45503,45503,45503,45503,45503,45503,45503,45503,45503,45503,45503,45503,45503,45503,45503,45503,45503,45503,45503,45503,45503,45498
STAT,(NULL),qPopEmpty,22,919504,22179,53677,38751,54172,53695,53774,46915,47694,25748,54509,32164,25387,47625,34622,54042,48011,47575,47278,885,46616,47381,36804
STAT,(NULL),qPopEmptyCyc,22,271496983,5503470,13219635,13253212,13343949,13250465,13280652,13167623,13381020,13279474,13453139,13202339,13059871,13378505,13343465,13335798,13443264,13347394,13252869,271884,13062326,13281664,13384965
STAT,(NULL),qPopFast,22,97309527,4678154,4766338,4272145,4570306,4791019,4738180,4342591,4395904,3945625,4230263,4595269,4331978,4079560,4245524,4484470,4243440,4339445,4524407,4386058,4701085,4649512,3998254
STAT,(NULL),qPopFastCyc,22,66970842919,2996735052,2833533189,3208801643,2708382594,2837143777,2811028903,3209878387,3245234440,2907758624,3102253178,3247851414,2948979090,2899500731,3066005927,3152859659,3058620928,3141511148,3162570693,3123686900,3175175438,3185450552,2947880652
STAT,(NULL),qPopLocal,22,1544382,74246,75644,67800,72534,76039,75200,68922,69767,62620,67137,72932,68751,64745,67381,71175,67346,68869,71805,69611,74611,73792,63455
STAT,(NULL),qPopLocalCyc,22,4770116731,216889422,208109298,224922804,196542730,212181202,205097768,227098339,229704111,204124906,218347890,231035502,210923652,204892557,214579054,222561394,215988087,222703890,223893391,218880103,224541181,230093906,207005544
STAT,(NULL),qPopRemote,22,768,33,37,37,33,41,41,37,30,32,35,32,38,38,32,36,34,37,39,24,39,31,32
STAT,(NULL),qPopRemoteCyc,22,1740613,70857,71740,96547,59877,72003,75783,88388,68282,100065,73084,88077,115818,81299,90037,68986,79563,92186,78672,48874,77755,65885,76835
==== BENCHMARK TOOK 83.569
==== BENCHMARK START ===
==== PARAMS kernel=4.9.5-64-net1 malloc=libc hostname=rack-castor threads=22 delta=4 prog=sssp-obim  ===
Galois Benchmark Suite v2.2.1 (r0)
Copyright (C) 2014 The University of Texas at Austin
http://iss.ices.utexas.edu/galois/

application: Single Source Shortest Path
Computes the shortest path from a source node to all nodes in a directed graph using a modified chaotic iteration algorithm
http://iss.ices.utexas.edu/?p=projects/galois/benchmarks/single_source_shortest_path

INFO: CommandLine ./build/debug/apps/sssp/sssp -noverify -t 22 -delta 4 -wl obim -startNode 12 /specific/disk1/home/mad/Galois-PQ/inputs/twitter40.gr
INFO: Hostname rack-castor
Read 61578415 nodes
Running Asynchronous with CAS version
INFO: Using delta-step of 16
WARNING: Performance varies considerably due to delta parameter.
WARNING: Do not expect the default to be good for your graph.
Node 1 has distance 4294967294
STATTYPE,LOOP,CATEGORY,n,sum,T0,T1,T2,T3,T4,T5,T6,T7,T8,T9,T10,T11,T12,T13,T14,T15,T16,T17,T18,T19,T20,T21
STAT,(NULL),BadWork,22,237392395856,10840335005,9075430160,9446105098,12074306599,10512933549,10719415348,11573239705,12716198234,9444831551,10569439601,11137780189,8866801208,10199003631,12365130489,12258826132,10247987970,11149753558,9377045245,11478806856,11276636205,9844605963,12217783560
STAT,(NULL),BarrierTime,22,539544477,35006109,34521562,30128588,34577597,35092916,34630726,13720,34540078,30259612,30106660,30082216,394767,30217857,197610,97564,34657985,4897942,30183466,30224993,30215704,30108008,19388797
STAT,(NULL),ConflictTime,22,0,0,0,0,0,0,0,0,0,0,0,0,0,0,0,0,0,0,0,0,0,0,0
STAT,(NULL),Conflicts,22,0,0,0,0,0,0,0,0,0,0,0,0,0,0,0,0,0,0,0,0,0,0,0
STAT,(NULL),EmptyPopTime,22,564242328,392460,27793293,28136408,28128870,27315359,27836416,26986590,27743626,27781860,27665132,27886451,27704612,28189685,27825821,27581272,27842092,28034800,27395510,27799683,27731020,27070932,9400436
STAT,(NULL),EmptyWork,22,19588242919,888805572,831332129,899383048,874730803,942780539,889616658,888360324,914496357,895261248,943943117,886805362,896313903,918669037,884088398,899316794,889796088,864912811,877364007,865846353,872422256,914251321,849746794
STAT,(NULL),GaloisTime,22,44017134082,2073959492,1798888746,2059474933,1837793856,2036591508,1821780363,2085422432,2134905315,2038366367,2201207468,2025832858,2021374444,2111108038,1909400687,2045720008,2046142867,1877160518,1996749069,2062650458,1935744518,1995287554,1901572583
STAT,(NULL),InitPushTime,22,983446716,34550687,34922357,39313052,34755846,34217966,34684177,69263368,34723380,38929892,39082120,39086932,68760959,38978460,68991293,69086110,34498279,64240108,38913376,38873088,38882844,38987040,49705382
STAT,(NULL),Iterations,22,98994367,4560300,4744291,4376153,4929556,5338564,4983078,4409350,4633764,4285241,4487622,4231623,4379652,4547781,4473461,4588384,4278485,4079129,4267932,4404267,4359919,4467330,4168485
STAT,(NULL),LoopTime,22,71856992487,71856992487,0,0,0,0,0,0,0,0,0,0,0,0,0,0,0,0,0,0,0,0,0
STAT,(NULL),MeminfoPost,22,5676,258,258,258,258,258,258,258,258,258,258,258,258,258,258,258,258,258,258,258,258,258,258
STAT,(NULL),MeminfoPre,22,5676,258,258,258,258,258,258,258,258,258,258,258,258,258,258,258,258,258,258,258,258,258,258
STAT,(NULL),NumaPost,22,1407718,1401282,2364,2196,1876,0,0,0,0,0,0,0,0,0,0,0,0,0,0,0,0,0,0
STAT,(NULL),PopTime,22,151882452370,7112362671,6196830113,7047647499,6436212399,6971151055,6487124601,7121344415,7376773545,7067624430,7528181994,7089204687,6891820343,7172280223,6753939937,7041073582,6989050814,6605754773,6869838638,6861955244,6741986368,6936164466,6584130573
STAT,(NULL),PushTime,22,85336764778,3667878558,3695146161,4097330584,3239392812,3287002430,3778660718,3986830608,4115696936,4036956668,4001639184,4450064698,3649320225,3547165550,4079202331,3585044914,3711197944,4097859689,4523906423,3557267566,3958214689,3758375543,4512610547
STAT,(NULL),RusageSys,22,0,0,0,0,0,0,0,0,0,0,0,0,0,0,0,0,0,0,0,0,0,0,0
STAT,(NULL),RusageUser,22,693668000,693668000,0,0,0,0,0,0,0,0,0,0,0,0,0,0,0,0,0,0,0,0,0
STAT,(NULL),Threads,22,22,22,0,0,0,0,0,0,0,0,0,0,0,0,0,0,0,0,0,0,0,0,0
STAT,(NULL),Time,22,71865808476,71865808476,0,0,0,0,0,0,0,0,0,0,0,0,0,0,0,0,0,0,0,0,0
STAT,(NULL),TotalTime,22,181057791866,181057791866,0,0,0,0,0,0,0,0,0,0,0,0,0,0,0,0,0,0,0,0,0
STAT,(NULL),UserTime,22,1221414939581,55474950211,56668363540,55086382436,56802091971,55953514087,56213337727,55109409943,54648733348,55152360529,54515712863,54738557947,55731826666,55440940462,55563896084,55619618291,55554326692,55744630585,54923100395,55842834062,55682256713,55587200010,55360895019
STAT,(NULL),Work,22,1522805083998,69218419028,69218408197,69218407376,69218408257,69218408233,69218408251,69218432094,69218407517,69218407654,69218408150,69218434088,69218439327,69218408174,69218405768,69218409023,69218411575,69218413904,69218412288,69218408356,69218408496,69218408774,69218409468
STAT,(NULL),nBad,22,336626476,15411427,13177756,13684330,16865730,15472675,15320395,16094311,17724187,13654990,15172012,15631375,13194568,14871267,16775369,17147365,14712966,15124517,13149339,16191884,15978396,14285755,16985862
STAT,(NULL),nEmpty,22,58714761,2663539,2776881,2601046,3009971,3121209,3025159,2608129,2693199,2570712,2622432,2517132,2543591,2666433,2802197,2759069,2464161,2487798,2559657,2480751,2599236,2667605,2474854
STAT,(NULL),nEmptyPop,22,43054,30,2482,2215,2515,2430,2486,1253,2476,2183,2154,1195,1186,2522,2485,2158,1990,1803,1957,2481,2178,2121,754
STAT,(NULL),nOverall,22,1751424953,80227890,86656837,77533440,88300687,87521197,84675346,75692784,77126659,76908800,77294597,74363189,81877678,80506080,77229256,77679098,78958009,77750881,74614246,81131352,79373997,79117656,76885274
STAT,(NULL),nPop,22,98994367,4560300,4744291,4376153,4929556,5338564,4983078,4409350,4633764,4285241,4487622,4231623,4379652,4547781,4473461,4588384,4278485,4079129,4267932,4404267,4359919,4467330,4168485
STAT,(NULL),nPush,22,97993306,4391917,5034212,4430554,4430037,4389189,5158503,4361415,4886373,4387322,4505927,4655880,3996805,4090566,4595062,3976929,4104598,4310810,4897693,3959020,4382000,4184067,4864427
STAT,(NULL),nPushInit,22,1001061,45503,45503,45503,45503,45503,45503,45503,45503,45503,45503,45503,45503,45503,45503,45503,45503,45503,45503,45503,45503,45503,45498
STAT,(NULL),qPopEmpty,22,981084,673,56524,50345,57189,55547,56561,28582,56416,49705,49457,27277,27092,57282,56610,49360,45313,41090,44694,56481,49625,48424,16837
STAT,(NULL),qPopEmptyCyc,22,283405635,216999,13935054,14118770,14091881,13696517,13956838,13595162,13925332,13939099,13923237,14028650,13961539,14128705,13954217,13853103,13955603,14096972,13789632,13937559,13923352,13629728,4747686
STAT,(NULL),qPopFast,22,97447029,4489025,4670137,4307752,4852506,5255120,4905188,4340423,4561334,4218265,4417476,4165480,4311196,4476695,4403537,4516667,4211609,4015368,4201217,4335428,4291770,4397504,4103332
STAT,(NULL),qPopFastCyc,22,67575156209,3163361881,2775178467,3138621367,2875647872,3117823691,2898137527,3165569875,3279102514,3134042076,3345769621,3144749350,3061847999,3182460727,3001279920,3136071461,3110642156,2931846799,3050006123,3053754402,2996338054,3087598127,2925306200
STAT,(NULL),qPopLocal,22,1546555,71245,74121,68366,77015,83404,77848,68884,72394,66945,70110,66107,68421,71051,69887,71684,66840,63726,66676,68805,68113,69789,65124
STAT,(NULL),qPopLocalCyc,22,4813533845,225637319,208111336,220708624,209468176,225713655,211665185,224019011,233294585,220485487,233010154,221029115,218673483,224683856,214181055,222288362,218892131,207117104,214566712,218146798,211715252,222629616,207496829
STAT,(NULL),qPopRemote,22,783,30,33,35,35,40,42,43,36,31,36,36,35,35,37,33,36,35,39,34,36,37,29
STAT,(NULL),qPopRemoteCyc,22,1745684,64855,61589,88325,65401,76367,85210,120967,69183,71545,74679,100552,101018,76255,71623,67576,94642,92520,83974,69991,75479,75899,58034
==== BENCHMARK TOOK 83.424
==== BENCHMARK START ===
==== PARAMS kernel=4.9.5-64-net1 malloc=libc hostname=rack-castor threads=22 delta=4 prog=sssp-obim  ===
Galois Benchmark Suite v2.2.1 (r0)
Copyright (C) 2014 The University of Texas at Austin
http://iss.ices.utexas.edu/galois/

application: Single Source Shortest Path
Computes the shortest path from a source node to all nodes in a directed graph using a modified chaotic iteration algorithm
http://iss.ices.utexas.edu/?p=projects/galois/benchmarks/single_source_shortest_path

INFO: CommandLine ./build/debug/apps/sssp/sssp -noverify -t 22 -delta 4 -wl obim -startNode 12 /specific/disk1/home/mad/Galois-PQ/inputs/twitter40.gr
INFO: Hostname rack-castor
Read 61578415 nodes
Running Asynchronous with CAS version
INFO: Using delta-step of 16
WARNING: Performance varies considerably due to delta parameter.
WARNING: Do not expect the default to be good for your graph.
Node 1 has distance 4294967294
STATTYPE,LOOP,CATEGORY,n,sum,T0,T1,T2,T3,T4,T5,T6,T7,T8,T9,T10,T11,T12,T13,T14,T15,T16,T17,T18,T19,T20,T21
STAT,(NULL),BadWork,22,241200739299,14564262657,11377288504,11180413044,11266196391,12382114475,10892700624,10118290732,9133252655,10180755988,11313715647,9329994841,11310620949,10055038879,11894468058,11893897786,10838123480,9581844903,9291169491,10095646545,12468408104,11435335770,10597199776
STAT,(NULL),BarrierTime,22,619464234,29977160,34386501,29827990,34323131,34349391,34363812,24232940,30048032,30071920,34378102,30077300,29939889,12918632,34458611,13085859,29916344,29947872,49129,24296799,29937708,34407945,34469167
STAT,(NULL),ConflictTime,22,0,0,0,0,0,0,0,0,0,0,0,0,0,0,0,0,0,0,0,0,0,0,0
STAT,(NULL),Conflicts,22,0,0,0,0,0,0,0,0,0,0,0,0,0,0,0,0,0,0,0,0,0,0,0
STAT,(NULL),EmptyPopTime,22,502641579,23387412,25041770,24556600,9357809,24787495,397613,24889248,24696772,24858900,24705566,24409056,24848026,24785426,24644712,24962760,24528596,24551524,24647904,24808227,24368756,24412752,24994655
STAT,(NULL),EmptyWork,22,19612495180,849124038,875168902,787986656,900718472,858189399,912669278,895053097,923750309,934864937,885544255,912985126,934899510,909358081,886413957,867489291,901496782,928566782,843292697,886120933,906489650,887731189,924581839
STAT,(NULL),GaloisTime,22,44013468515,1891690834,1807112460,1787316401,1812753353,1826540388,1937718305,2099223437,2125369338,2206124878,2043360162,2074531291,2075754414,1942206379,2002992867,1948012352,2116509669,2154603277,2000002172,2072170469,2070113935,1970842004,2048520130
STAT,(NULL),InitPushTime,22,895760269,39187556,34684225,39198220,34632130,34589948,34596578,44698196,38836536,38775076,34425682,38770036,38953124,55924852,34397801,55759017,38884780,38852252,68694752,44457172,38816052,34346706,34279578
STAT,(NULL),Iterations,22,99263876,4375309,4950938,3842046,5004906,4877457,5215393,4293513,4588755,4777297,4612939,4257145,4707329,4327684,4321952,4392759,4391380,4445799,4055966,4414122,4666397,4383906,4360884
STAT,(NULL),LoopTime,22,71740742556,71740742556,0,0,0,0,0,0,0,0,0,0,0,0,0,0,0,0,0,0,0,0,0
STAT,(NULL),MeminfoPost,22,5676,258,258,258,258,258,258,258,258,258,258,258,258,258,258,258,258,258,258,258,258,258,258
STAT,(NULL),MeminfoPre,22,5676,258,258,258,258,258,258,258,258,258,258,258,258,258,258,258,258,258,258,258,258,258,258
STAT,(NULL),NumaPost,22,1407688,1401286,2372,2337,1693,0,0,0,0,0,0,0,0,0,0,0,0,0,0,0,0,0,0
STAT,(NULL),PopTime,22,152228662102,6610213973,6461571987,6266388789,6541560940,6367971521,6802386756,7129397137,7336710563,7400603573,6980020086,7218266899,7169213390,6962837806,6935834109,6700972949,7147687576,7308175741,6620823739,7079262522,7091247134,6894404723,7203110189
STAT,(NULL),PushTime,22,85214616498,4026450633,3631887018,4834464342,3976029608,3325243883,3669722040,4224590772,3737604760,3776260298,3870784173,3715558935,4089240158,4468683310,3667253594,3828078397,3728585437,3490151678,3550247012,3896514408,3567530009,4042558175,4097177858
STAT,(NULL),RusageSys,22,0,0,0,0,0,0,0,0,0,0,0,0,0,0,0,0,0,0,0,0,0,0,0
STAT,(NULL),RusageUser,22,692840000,692840000,0,0,0,0,0,0,0,0,0,0,0,0,0,0,0,0,0,0,0,0,0
STAT,(NULL),Threads,22,22,22,0,0,0,0,0,0,0,0,0,0,0,0,0,0,0,0,0,0,0,0,0
STAT,(NULL),Time,22,71749542576,71749542576,0,0,0,0,0,0,0,0,0,0,0,0,0,0,0,0,0,0,0,0,0
STAT,(NULL),TotalTime,22,181404797160,181404797160,0,0,0,0,0,0,0,0,0,0,0,0,0,0,0,0,0,0,0,0,0
STAT,(NULL),UserTime,22,1219427814869,55735476754,56335565613,55435649518,55895925456,56733612315,55813453916,54763198823,54988213092,54793631258,55331951251,55190601295,54842398074,54828485844,55619208646,55766834595,55217539973,55230304188,56097329726,55177468726,55476599880,55316398000,54837967926
STAT,(NULL),Work,22,1521000976578,69136414720,69136400426,69136442102,69136400638,69136400426,69136400650,69136401670,69136404190,69136403456,69136445404,69136403190,69136399762,69136434684,69136405027,69136402392,69136401096,69136405958,69136400727,69136399368,69136403092,69136406697,69136400903
STAT,(NULL),nBad,22,341832959,19958064,16347277,15369362,16154416,17442654,15752527,14407443,13303244,14852016,16013569,13153366,15820197,14296475,16612206,16513996,15427480,14017687,13641471,14493203,17157156,16163525,14935625
STAT,(NULL),nEmpty,22,58881042,2619768,2999578,2280290,3073482,2893190,3083304,2453884,2703011,2827458,2718218,2528580,2815116,2635512,2622811,2581009,2586229,2573764,2308742,2624220,2775584,2595726,2581566
STAT,(NULL),nEmptyPop,22,52331,1678,3222,1445,895,3135,38,2787,2684,2673,1419,2657,3153,1429,2616,2656,2875,2744,2630,3143,2653,2588,3211
STAT,(NULL),nOverall,22,1756631436,80457872,84627331,75366740,84941837,86781728,84794516,77387105,78382826,78543506,79359838,79761655,77586273,76480476,79499433,80045166,79138819,79381832,81747519,78712626,80484274,77636777,75513287
STAT,(NULL),nPop,22,99263876,4375309,4950938,3842046,5004906,4877457,5215393,4293513,4588755,4777297,4612939,4257145,4707329,4327684,4321952,4392759,4391380,4445799,4055966,4414122,4666397,4383906,4360884
STAT,(NULL),nPush,22,98262815,4677070,4925403,5339967,5327851,4530450,4975330,4617354,4063380,4041362,4222796,4213562,4596290,4971589,4259041,4391480,3959701,3833704,3848351,4260075,4142814,4574563,4490682
STAT,(NULL),nPushInit,22,1001061,45503,45503,45503,45503,45503,45503,45503,45503,45503,45503,45503,45503,45503,45503,45503,45503,45503,45503,45503,45503,45503,45498
STAT,(NULL),qPopEmpty,22,848145,38613,49282,23320,18871,48847,848,43152,42947,43243,23486,42423,48974,23576,42934,43456,47695,42583,42916,48920,42374,40458,49227
STAT,(NULL),qPopEmptyCyc,22,245939575,10936584,12210074,12075388,4711493,12124733,230511,12179111,12096095,12187251,12164649,11976044,12155734,12179350,12105129,12241359,12051182,11994060,12091297,12132621,11948147,11943821,12204942
STAT,(NULL),qPopFast,22,97712322,4306910,4873555,3781986,4926681,4801219,5133888,4226399,4517026,4702627,4540840,4190603,4633751,4260043,4254395,4324100,4322741,4376304,3992571,4345127,4593452,4315381,4292723
STAT,(NULL),qPopFastCyc,22,67689502147,2946625256,2888582151,2783330599,2924790540,2844978927,3041188305,3163123663,3260262725,3284433256,3101238218,3196451675,3190070748,3090006347,3083775610,2979144100,3179212571,3241711321,2940437920,3141177333,3146382562,3067501802,3195076518
STAT,(NULL),qPopLocal,22,1550769,68354,77347,60022,78191,76198,81482,67078,71690,74634,72067,66508,73541,67609,67520,68628,68605,69454,63364,68959,72902,68488,68128
STAT,(NULL),qPopLocalCyc,22,4849547863,209054846,216765164,198233010,216255139,208401182,220270822,222549389,231758901,234904007,224221178,226073565,226833099,221484547,218546491,217140981,224223815,228143557,207733117,223274489,225395278,219357179,228928107
STAT,(NULL),qPopRemote,22,785,45,36,38,34,40,23,36,39,36,32,34,37,32,37,31,34,41,31,36,43,37,33
STAT,(NULL),qPopRemoteCyc,22,1785408,81240,70859,120269,60191,75794,39486,80591,101470,89221,86764,82200,79145,97635,86899,72809,72185,100184,76076,67185,90085,85550,69570
==== BENCHMARK TOOK 83.692
==== BENCHMARK START ===
==== PARAMS kernel=4.9.5-64-net1 malloc=libc hostname=rack-castor threads=22 delta=4 prog=sssp-obim  ===
Galois Benchmark Suite v2.2.1 (r0)
Copyright (C) 2014 The University of Texas at Austin
http://iss.ices.utexas.edu/galois/

application: Single Source Shortest Path
Computes the shortest path from a source node to all nodes in a directed graph using a modified chaotic iteration algorithm
http://iss.ices.utexas.edu/?p=projects/galois/benchmarks/single_source_shortest_path

INFO: CommandLine ./build/debug/apps/sssp/sssp -noverify -t 22 -delta 4 -wl obim -startNode 12 /specific/disk1/home/mad/Galois-PQ/inputs/twitter40.gr
INFO: Hostname rack-castor
Read 61578415 nodes
Running Asynchronous with CAS version
INFO: Using delta-step of 16
WARNING: Performance varies considerably due to delta parameter.
WARNING: Do not expect the default to be good for your graph.
Node 1 has distance 4294967294
STATTYPE,LOOP,CATEGORY,n,sum,T0,T1,T2,T3,T4,T5,T6,T7,T8,T9,T10,T11,T12,T13,T14,T15,T16,T17,T18,T19,T20,T21
STAT,(NULL),BadWork,22,235075184688,11119741403,10262530138,10192060769,9921731725,11537402018,12063782528,12446809279,11516832745,9765581559,9280905028,10741439221,10220816631,11967137338,9868171565,10418551208,10844885791,10221752137,9986540056,11046211147,10098156344,8835708813,12718437245
STAT,(NULL),BarrierTime,22,590916132,29986078,34369076,25981363,34175983,34266025,34214649,29683486,21833052,34219125,21922020,29746380,21630229,34320611,27705512,21911608,32382478,8925,29836396,18815176,21887582,19003075,33017303
STAT,(NULL),ConflictTime,22,0,0,0,0,0,0,0,0,0,0,0,0,0,0,0,0,0,0,0,0,0,0,0
STAT,(NULL),Conflicts,22,0,0,0,0,0,0,0,0,0,0,0,0,0,0,0,0,0,0,0,0,0,0,0
STAT,(NULL),EmptyPopTime,22,761840917,19093509,37577819,36737688,37290868,37269999,36895669,36808049,37295340,37334904,37566412,37408956,36980348,36735049,36652375,37342148,37137264,36263762,37357056,36932546,37635464,498251,37027441
STAT,(NULL),EmptyWork,22,19262436371,846630492,911130154,893034752,893231931,837276681,858231384,905326366,888028924,836256384,895099312,893679972,838497646,834823966,868185639,879202585,891631945,929458975,874171872,907396231,854715769,837569516,888855875
STAT,(NULL),GaloisTime,22,43563366262,1946731021,1968658703,2048354879,1928029090,1751150201,1831532782,2090681517,1944571955,1920358934,2114800205,2083607087,1970691637,1869011354,2011354509,1961017795,2038742234,2097989697,2006278402,2057844693,2002516099,1898806299,2020637169
STAT,(NULL),InitPushTime,22,952532089,40481692,35979447,44353663,36070108,35962726,36012935,40528676,48333226,35949150,48189993,40376892,48481569,35798349,42394538,48219388,37705174,70021226,40250292,51253223,48132220,51019468,37018134
STAT,(NULL),Iterations,22,98931496,4324705,5226183,4515481,5107112,4678417,4905866,4469873,4401810,4234314,4530165,4519364,4186552,4187457,4348332,4400184,4489254,4374355,4360559,4695326,4354126,4105389,4516672
STAT,(NULL),LoopTime,22,71469974367,71469974367,0,0,0,0,0,0,0,0,0,0,0,0,0,0,0,0,0,0,0,0,0
STAT,(NULL),MeminfoPost,22,5676,258,258,258,258,258,258,258,258,258,258,258,258,258,258,258,258,258,258,258,258,258,258
STAT,(NULL),MeminfoPre,22,5676,258,258,258,258,258,258,258,258,258,258,258,258,258,258,258,258,258,258,258,258,258,258
STAT,(NULL),NumaPost,22,1407703,1401275,2375,2360,1693,0,0,0,0,0,0,0,0,0,0,0,0,0,0,0,0,0,0
STAT,(NULL),PopTime,22,149663009527,6527287942,6843441136,6920679656,6671130111,6097056685,6399260174,7067736597,6902734989,6644779751,7135599702,7024350443,6644092340,6564666854,6987983868,6796638453,7104142143,7217717555,6812544241,7009137652,6851123498,6507418442,6933487295
STAT,(NULL),PushTime,22,84782613600,3666863331,3637556693,3735403645,3305162744,3608205729,3598746042,3479477878,4549402684,4144517163,3563214803,3641278352,3952143362,4510060676,3755381429,3884926161,3978283991,3584539817,4127750819,4154113386,4318841863,3933720755,3653022277
STAT,(NULL),RusageSys,22,4000,4000,0,0,0,0,0,0,0,0,0,0,0,0,0,0,0,0,0,0,0,0,0
STAT,(NULL),RusageUser,22,689996000,689996000,0,0,0,0,0,0,0,0,0,0,0,0,0,0,0,0,0,0,0,0,0
STAT,(NULL),Threads,22,22,22,0,0,0,0,0,0,0,0,0,0,0,0,0,0,0,0,0,0,0,0,0
STAT,(NULL),Time,22,71476802308,71476802308,0,0,0,0,0,0,0,0,0,0,0,0,0,0,0,0,0,0,0,0,0
STAT,(NULL),TotalTime,22,177519031848,177519031848,0,0,0,0,0,0,0,0,0,0,0,0,0,0,0,0,0,0,0,0,0
STAT,(NULL),UserTime,22,1216687062980,55844311503,55452563144,55216710524,56016081175,56519968591,56126262588,55270898871,54528888910,55267673873,55104648481,55170601698,55408519985,55035624258,55191370543,55291797804,54800980879,54984946607,54992824206,54685495621,54786092396,55672909490,55317891833
STAT,(NULL),Work,22,1514721614862,68850984776,68850977209,68850981987,68850976228,68850977081,68850977223,68850987976,68850982235,68850981307,68850978412,68850976652,68850977508,68850993014,68851007333,68850978273,68850977396,68851002623,68850978352,68850977145,68850976771,68850988594,68850976767
STAT,(NULL),nBad,22,334683165,16025977,15081022,14336822,14611716,16123501,16826265,17486399,16064655,14121305,13570662,15362654,14667200,16349682,14045882,14789749,15416716,14932587,14436547,15790381,14557613,12838851,17246979
STAT,(NULL),nEmpty,22,58677116,2454509,3045870,2761172,3018643,2798017,2962292,2624006,2678078,2591230,2693492,2748493,2368567,2502830,2590476,2621854,2607771,2507751,2525815,2796584,2599397,2447268,2733001
STAT,(NULL),nEmptyPop,22,62777,1557,3711,2759,3682,3646,3643,2457,2796,3097,3267,3233,3214,2176,1736,3096,3228,1703,3248,3558,3274,30,3666
STAT,(NULL),nOverall,22,1749481642,82821570,85224657,77579357,87350622,85679912,86844056,81091655,74653381,76476518,78620729,78399606,78812523,75135218,79459651,78217949,76981817,78949365,77642084,78407296,76256515,76877765,77999396
STAT,(NULL),nPop,22,98931496,4324705,5226183,4515481,5107112,4678417,4905866,4469873,4401810,4234314,4530165,4519364,4186552,4187457,4348332,4400184,4489254,4374355,4360559,4695326,4354126,4105389,4516672
STAT,(NULL),nPush,22,97930435,4435810,4898952,3865114,4487465,4938898,4879307,3923698,5193491,4553931,3919350,3910661,4338553,4966146,4263341,4392569,4661927,3979156,4459376,4637663,4780943,4448878,3995206
STAT,(NULL),nPushInit,22,1001061,45503,45503,45503,45503,45503,45503,45503,45503,45503,45503,45503,45503,45503,45503,45503,45503,45503,45503,45503,45503,45503,45498
STAT,(NULL),qPopEmpty,22,1288382,35585,75661,56377,75189,75076,74426,50168,57130,63257,66651,65946,65635,44515,35463,63239,65963,35171,66334,74556,66742,640,74658
STAT,(NULL),qPopEmptyCyc,22,379430730,8850410,18717608,18344134,18572992,18579497,18408132,18449514,18605543,18610902,18696701,18737005,18441997,18343722,18314961,18612331,18521033,18126550,18599291,18426479,18746518,290755,18434655
STAT,(NULL),qPopFast,22,97385146,4257105,5144501,4444895,5027287,4605297,4829181,4400011,4333000,4168129,4459354,4448723,4121112,4122003,4280370,4331402,4419085,4305983,4292397,4621940,4286071,4041225,4446075
STAT,(NULL),qPopFastCyc,22,66587116733,2904974079,3056363877,3076854395,2984862717,2724871556,2856028468,3146824911,3067523385,2952281338,3175253860,3122691154,2950423478,2916146204,3103009560,3020660934,3160307358,3200996406,3031360633,3122016211,3044836289,2886296914,3082533006
STAT,(NULL),qPopLocal,22,1545572,67565,81650,70544,79787,73089,76643,69830,68767,66150,70774,70606,65402,65418,67931,68743,70133,68340,68123,73353,68022,64139,70563
STAT,(NULL),qPopLocalCyc,22,4746934465,206879679,223556207,220760516,217247665,197287007,207387132,225410058,219299414,211008105,223454476,219581296,207468873,207192755,220748341,214623584,222945859,224584481,213390391,222226872,215863433,206071736,219946585
STAT,(NULL),qPopRemote,22,778,35,32,42,38,31,42,32,43,35,37,35,38,36,31,39,36,32,39,33,33,25,34
STAT,(NULL),qPopRemoteCyc,22,1753286,60071,60460,87705,69541,62200,71997,78571,104936,74993,96114,79950,82870,98087,100994,83655,76202,106115,95351,60805,75688,58818,68163
==== BENCHMARK TOOK 81.913
==== BENCHMARK START ===
==== PARAMS kernel=4.9.5-64-net1 malloc=libc hostname=rack-castor threads=22 delta=4 prog=sssp-obim  ===
Galois Benchmark Suite v2.2.1 (r0)
Copyright (C) 2014 The University of Texas at Austin
http://iss.ices.utexas.edu/galois/

application: Single Source Shortest Path
Computes the shortest path from a source node to all nodes in a directed graph using a modified chaotic iteration algorithm
http://iss.ices.utexas.edu/?p=projects/galois/benchmarks/single_source_shortest_path

INFO: CommandLine ./build/debug/apps/sssp/sssp -noverify -t 22 -delta 4 -wl obim -startNode 12 /specific/disk1/home/mad/Galois-PQ/inputs/twitter40.gr
INFO: Hostname rack-castor
Read 61578415 nodes
Running Asynchronous with CAS version
INFO: Using delta-step of 16
WARNING: Performance varies considerably due to delta parameter.
WARNING: Do not expect the default to be good for your graph.
Node 1 has distance 4294967294
STATTYPE,LOOP,CATEGORY,n,sum,T0,T1,T2,T3,T4,T5,T6,T7,T8,T9,T10,T11,T12,T13,T14,T15,T16,T17,T18,T19,T20,T21
STAT,(NULL),BadWork,22,240427426617,13001637987,11686242203,8949355540,12762935992,11768740846,10378380523,10780956754,10531409768,11038928693,10898964223,9409835751,13594048899,9970902300,11696889108,10539003474,9985638216,12397413890,9981037080,9952572693,10718093969,9907781117,10476657591
STAT,(NULL),BarrierTime,22,672553883,30098124,34771206,34715020,34814178,34863658,34816581,30410572,30184298,30412469,34756068,30362962,30452443,30555923,31068360,30281981,28571868,34951834,30379714,34913879,30968420,40741,30163584
STAT,(NULL),ConflictTime,22,0,0,0,0,0,0,0,0,0,0,0,0,0,0,0,0,0,0,0,0,0,0,0
STAT,(NULL),Conflicts,22,0,0,0,0,0,0,0,0,0,0,0,0,0,0,0,0,0,0,0,0,0,0,0
STAT,(NULL),EmptyPopTime,22,456960321,21955996,22412512,22424164,22712308,658358,22567302,22414836,22717599,22516627,22147456,22257281,22179485,22522732,22336285,22485394,9390949,22619712,22581587,22655240,21940906,21429832,22033760
STAT,(NULL),EmptyWork,22,19278114139,813473787,828813925,879495442,859326579,895255077,881872963,892310355,818030824,889113656,884295656,869107305,861579869,913978476,848204284,900300293,877570451,921935191,886614394,915419794,866478248,881792098,893145472
STAT,(NULL),GaloisTime,22,43710372908,1889372355,1800149290,1961554462,1840209656,1846200891,1907484351,2134318791,1889883407,2021077997,2050809740,2040334053,1946012159,2126365528,2002022955,2127523868,1931054363,2115569891,2017454748,2097541273,1875575934,1982322172,2107535024
STAT,(NULL),InitPushTime,22,852274531,39466884,34742544,34770147,34587028,34520965,34581797,38966564,39144432,38844856,34537132,38891960,38855320,38739592,38196680,38980020,40671618,34288805,38818976,34287048,38211520,69136555,39034088
STAT,(NULL),Iterations,22,99203802,4319262,4717571,4117037,4879960,5000496,5069350,4619230,4098459,4373412,4630380,4419507,4391379,4548087,4471361,4512875,4538731,4458716,4317164,4565630,4404203,4509878,4241114
STAT,(NULL),LoopTime,22,72093319348,72093319348,0,0,0,0,0,0,0,0,0,0,0,0,0,0,0,0,0,0,0,0,0
STAT,(NULL),MeminfoPost,22,5676,258,258,258,258,258,258,258,258,258,258,258,258,258,258,258,258,258,258,258,258,258,258
STAT,(NULL),MeminfoPre,22,5676,258,258,258,258,258,258,258,258,258,258,258,258,258,258,258,258,258,258,258,258,258,258
STAT,(NULL),NumaPost,22,1407688,1401286,2372,2154,1876,0,0,0,0,0,0,0,0,0,0,0,0,0,0,0,0,0,0
STAT,(NULL),PopTime,22,149830339880,6398017234,6153510240,6942155641,6364629040,6513392013,6602391490,7125369416,6436363479,7013492480,6994979809,6935352981,6745552201,7144800040,6751006817,7096905499,6600836488,7173409394,7022449436,7150947299,6617478739,6818647398,7228652746
STAT,(NULL),PushTime,22,84575798468,3722161927,3684426080,4054338869,3412665962,3673639045,3546507002,3424447030,4276791712,3878666391,3696219670,3983116435,4269681076,3752550644,4029412103,3685119327,3653174718,3591973754,4142705048,3578707061,4052153709,4136569194,4330771711
STAT,(NULL),RusageSys,22,0,0,0,0,0,0,0,0,0,0,0,0,0,0,0,0,0,0,0,0,0,0,0
STAT,(NULL),RusageUser,22,693460000,693460000,0,0,0,0,0,0,0,0,0,0,0,0,0,0,0,0,0,0,0,0,0
STAT,(NULL),Threads,22,22,22,0,0,0,0,0,0,0,0,0,0,0,0,0,0,0,0,0,0,0,0,0
STAT,(NULL),Time,22,72102150700,72102150700,0,0,0,0,0,0,0,0,0,0,0,0,0,0,0,0,0,0,0,0,0
STAT,(NULL),TotalTime,22,183060930316,183060930316,0,0,0,0,0,0,0,0,0,0,0,0,0,0,0,0,0,0,0,0,0
STAT,(NULL),UserTime,22,1224496447932,56352650293,56708322833,55337675796,56698091554,56268491732,56236813010,55598779766,55753845542,55372766353,55549181334,55347479029,55352637162,55237419139,55544657438,55365310686,56125609485,55372130279,55105833657,55432366349,55764016108,55356873556,54615496831
STAT,(NULL),Work,22,1522349448436,69197704936,69197691895,69197722172,69197693442,69197690511,69197690153,69197693710,69197690787,69197722274,69197693707,69197727496,69197721150,69197690062,69197723175,69197726192,69197691481,69197694010,69197690944,69197696179,69197710924,69197689776,69197693460
STAT,(NULL),nBad,22,340627108,17710891,16486706,12777902,18100050,16386248,15065327,15368159,15004459,15383996,15501679,13561523,18699444,14525322,16287241,15039015,14328495,17350514,14377100,14431023,15080678,14188407,14972929
STAT,(NULL),nEmpty,22,58853716,2527914,2690912,2495377,2922743,3018642,2961216,2728008,2438475,2581295,2740716,2647398,2617885,2673395,2633125,2580502,2775928,2647934,2596389,2683238,2718429,2708592,2465603
STAT,(NULL),nEmptyPop,22,41503,1585,2563,1335,2712,66,2658,2302,2654,1267,2238,1233,1224,2648,1244,1219,973,2354,2663,2367,1399,2492,2307
STAT,(NULL),nOverall,22,1755425585,80735275,84918206,78619531,87901989,86086579,86216327,79102293,75942940,78327216,81018319,78953533,77363691,78130015,76846885,78602154,79909695,78521881,76462846,80052429,79598082,76951029,75164670
STAT,(NULL),nPop,22,99203802,4319262,4717571,4117037,4879960,5000496,5069350,4619230,4098459,4373412,4630380,4419507,4391379,4548087,4471361,4512875,4538731,4458716,4317164,4565630,4404203,4509878,4241114
STAT,(NULL),nPush,22,98202741,4499231,4997316,4509998,4649369,4932657,4789991,3819359,4619676,4352997,4182573,4438516,4951828,3937336,4597314,4077484,4134380,3955805,4536045,4063039,4667116,4548791,4941920
STAT,(NULL),nPushInit,22,1001061,45503,45503,45503,45503,45503,45503,45503,45503,45503,45503,45503,45503,45503,45503,45503,45503,45503,45503,45503,45503,45503,45498
STAT,(NULL),qPopEmpty,22,720026,36247,44714,23293,45200,1353,44893,39332,45294,21502,38852,21310,21239,44881,21391,21570,18933,39586,44931,39669,24536,42723,38577
STAT,(NULL),qPopEmptyCyc,22,224024224,10190811,11009797,11016216,11116063,354001,11070651,10996724,11136482,11083978,10909142,10950432,10919020,11056563,10996183,11082518,4682284,11102084,11078180,11096977,10827799,10530013,10818306
STAT,(NULL),qPopFast,22,97653195,4251746,4643833,4052683,4803691,4922348,4990119,4547028,4034397,4305053,4558000,4350434,4322740,4476997,4401470,4442341,4467789,4389023,4249684,4494267,4335354,4439380,4174818
STAT,(NULL),qPopFastCyc,22,66658449994,2856037822,2749834850,3083980745,2846762807,2906766424,2946163480,3169551863,2860383375,3112805199,3110818238,3082794169,2997305253,3171660713,3000058253,3159197051,2942943824,3185881010,3112516885,3178131264,2943419385,3038461662,3202975722
STAT,(NULL),qPopLocal,22,1549829,67478,73700,64321,76235,78125,79197,72163,64028,68324,72340,69044,68605,71053,69857,70503,70910,69656,67445,71329,68802,70457,66257
STAT,(NULL),qPopLocalCyc,22,4753209237,202003405,199329038,214678030,208507352,211181981,215486175,224039389,203902581,220248262,220492173,217201315,212215192,225649012,212726471,224795644,214202539,225689266,219930653,226753432,209904840,218561907,225710580
STAT,(NULL),qPopRemote,22,778,38,38,33,34,23,34,39,34,35,40,29,34,37,34,31,32,37,35,34,47,41,39
STAT,(NULL),qPopRemoteCyc,22,1803432,80174,73287,89122,67321,41916,63352,81154,74092,106462,83486,93256,94380,80710,90867,96329,54655,75194,86365,73499,121576,79468,96767
==== BENCHMARK TOOK 84.440
==== BENCHMARK START ===
==== PARAMS kernel=4.9.5-64-net1 malloc=libc hostname=rack-castor threads=22 delta=4 prog=sssp-obim  ===
Galois Benchmark Suite v2.2.1 (r0)
Copyright (C) 2014 The University of Texas at Austin
http://iss.ices.utexas.edu/galois/

application: Single Source Shortest Path
Computes the shortest path from a source node to all nodes in a directed graph using a modified chaotic iteration algorithm
http://iss.ices.utexas.edu/?p=projects/galois/benchmarks/single_source_shortest_path

INFO: CommandLine ./build/debug/apps/sssp/sssp -noverify -t 22 -delta 4 -wl obim -startNode 12 /specific/disk1/home/mad/Galois-PQ/inputs/twitter40.gr
INFO: Hostname rack-castor
Read 61578415 nodes
Running Asynchronous with CAS version
INFO: Using delta-step of 16
WARNING: Performance varies considerably due to delta parameter.
WARNING: Do not expect the default to be good for your graph.
Node 1 has distance 4294967294
STATTYPE,LOOP,CATEGORY,n,sum,T0,T1,T2,T3,T4,T5,T6,T7,T8,T9,T10,T11,T12,T13,T14,T15,T16,T17,T18,T19,T20,T21
STAT,(NULL),BadWork,22,233937685512,10014450047,13230824687,10528819629,9706286886,10948439643,10627270680,12682602374,11410994422,10322979688,10186759060,12296550483,8778930252,11138024310,9305181088,11539365926,9291973164,9822503283,12064053672,9140065010,11278760600,9834812922,9788037686
STAT,(NULL),BarrierTime,22,559982793,30618860,34743905,30440886,34767997,34872907,34872959,30440832,27210307,30469113,22222662,34948494,42540,30424824,39458,34760675,30324808,109890,30552020,464675,30663860,32493029,24498092
STAT,(NULL),ConflictTime,22,0,0,0,0,0,0,0,0,0,0,0,0,0,0,0,0,0,0,0,0,0,0,0
STAT,(NULL),Conflicts,22,0,0,0,0,0,0,0,0,0,0,0,0,0,0,0,0,0,0,0,0,0,0,0
STAT,(NULL),EmptyPopTime,22,960382957,45882766,46874175,46470415,47015597,46655874,46606844,46217027,46724272,46786693,45976784,46949632,47081317,46854664,46691752,46637776,27389124,46758512,46793311,46032902,46749056,46795879,438585
STAT,(NULL),EmptyWork,22,19576195797,905794994,908454767,873909326,883712834,849518635,839107417,878616356,923054171,894593496,939846226,852123671,915555925,906546960,896722033,892740051,904118655,814820268,860466053,928431794,876575566,903194066,928292533
STAT,(NULL),GaloisTime,22,43977072847,2115568602,1933987479,2075999738,1809025135,1790963300,1772651364,2028578790,2098778199,1994555352,2144893435,1938157305,2058293339,2035890795,2016962244,2006419035,2007253654,1885631519,1972472198,2154721307,1995335124,1997583160,2143351773
STAT,(NULL),InitPushTime,22,963787820,38919348,34715530,38992044,34584070,34458709,34460557,38886580,42064654,38809496,46979546,34289166,69189011,38816508,69193345,34449536,38861308,69047741,38637029,68683624,38484768,36653734,44611516
STAT,(NULL),Iterations,22,98957316,4758732,5129681,4134096,4897065,4794826,4848873,4303852,4439024,4431209,4611828,4220681,4484426,4533652,4307369,4381642,4404130,4075746,4168296,4588267,4470344,4429584,4543993
STAT,(NULL),LoopTime,22,71667724743,71667724743,0,0,0,0,0,0,0,0,0,0,0,0,0,0,0,0,0,0,0,0,0
STAT,(NULL),MeminfoPost,22,5676,258,258,258,258,258,258,258,258,258,258,258,258,258,258,258,258,258,258,258,258,258,258
STAT,(NULL),MeminfoPre,22,5676,258,258,258,258,258,258,258,258,258,258,258,258,258,258,258,258,258,258,258,258,258,258
STAT,(NULL),NumaPost,22,1407702,1401276,2375,2175,1876,0,0,0,0,0,0,0,0,0,0,0,0,0,0,0,0,0,0
STAT,(NULL),PopTime,22,152045938592,7229937220,6699915521,6991238938,6392733415,6251900875,6324382722,6938803603,7239359610,7002070604,7328323295,6749962919,7150498215,7087803569,7070126415,7022383268,6988444448,6340442381,6652523799,7378976040,6889435623,6973865075,7342811037
STAT,(NULL),PushTime,22,83868571905,3790130544,3357335516,3665850344,3341843602,3556690877,3742827610,3846563288,3619939555,4538159119,3749009400,3709762504,3302096877,3829859871,3908353674,4459089598,4137029336,3850447162,3773598821,3507991774,4140524905,3991638845,4049828683
STAT,(NULL),RusageSys,22,0,0,0,0,0,0,0,0,0,0,0,0,0,0,0,0,0,0,0,0,0,0,0
STAT,(NULL),RusageUser,22,689228000,689228000,0,0,0,0,0,0,0,0,0,0,0,0,0,0,0,0,0,0,0,0,0
STAT,(NULL),Threads,22,22,22,0,0,0,0,0,0,0,0,0,0,0,0,0,0,0,0,0,0,0,0,0
STAT,(NULL),Time,22,71674597200,71674597200,0,0,0,0,0,0,0,0,0,0,0,0,0,0,0,0,0,0,0,0,0
STAT,(NULL),TotalTime,22,181120950762,181120950762,0,0,0,0,0,0,0,0,0,0,0,0,0,0,0,0,0,0,0,0,0
STAT,(NULL),UserTime,22,1212623082816,54687736178,55828485514,55121590341,56300728606,56279324767,56049478872,55036276406,54847198114,54298888621,54567004260,55478100085,55301531114,54868100461,54836199248,54347796706,54710819659,55836958911,55469201705,54758909465,54826437742,54861974900,54310341141
STAT,(NULL),Work,22,1513052593482,68775119024,68775111635,68775136042,68775110709,68775111301,68775111116,68775110459,68775109683,68775110093,68775138932,68775111441,68775108545,68775113228,68775112464,68775147485,68775111436,68775113105,68775110206,68775127719,68775113404,68775111671,68775143784
STAT,(NULL),nBad,22,335306250,14497342,18983780,14833742,14005946,15564619,15262625,18207440,16168610,14856073,14837298,17055885,12699809,15786827,13713613,16405106,13401886,14179927,16895424,13490920,16072912,14063178,14323288
STAT,(NULL),nEmpty,22,58671555,2776910,3069703,2341411,2963661,2927138,2957608,2527941,2659471,2681411,2740072,2446033,2668255,2687544,2514456,2572064,2681295,2401568,2379413,2683699,2645492,2655248,2691162
STAT,(NULL),nEmptyPop,22,92224,3727,5252,2463,5263,5222,5166,5123,5221,5221,2415,5287,5278,4586,4570,2487,2267,4594,5219,3026,4591,5222,24
STAT,(NULL),nOverall,22,1750104727,79686971,85393169,78813122,87084275,86730691,85707662,79172638,77131073,74549740,77655873,80537386,81015305,79014109,78551827,75083967,75763113,79025888,80031760,79572376,76855913,77465698,75262171
STAT,(NULL),nPop,22,98957316,4758732,5129681,4134096,4897065,4794826,4848873,4303852,4439024,4431209,4611828,4220681,4484426,4533652,4307369,4381642,4404130,4075746,4168296,4588267,4470344,4429584,4543993
STAT,(NULL),nPush,22,97956255,4505933,4519186,4075921,4554410,4834315,5046890,4306285,3931825,5072106,4133877,4502858,3799883,4527445,4327978,5004555,4527843,4260323,4444905,3917548,4764745,4565969,4331455
STAT,(NULL),nPushInit,22,1001061,45503,45503,45503,45503,45503,45503,45503,45503,45503,45503,45503,45503,45503,45503,45503,45503,45503,45503,45503,45503,45503,45498
STAT,(NULL),qPopEmpty,22,1680869,85623,93682,44635,93903,93173,93237,92465,93391,93562,44168,93763,94023,82398,82074,44773,48758,82225,93514,55297,82224,93537,444
STAT,(NULL),qPopEmptyCyc,22,471734648,21048094,23060089,22917377,23137151,22967315,22950028,22768356,23009376,23029741,22704860,23113062,23177111,23070072,23006153,22985577,13690755,23032719,23035800,22725795,23011172,23029198,264847
STAT,(NULL),qPopFast,22,97410537,4684344,5049504,4069479,4820525,4719879,4773085,4236576,4369637,4361938,4539747,4154706,4414329,4462790,4240043,4313153,4335294,4012033,4103139,4516544,4400468,4360346,4472978
STAT,(NULL),qPopFastCyc,22,67661610469,3225615081,2998757161,3104949930,2859071747,2789926854,2825180813,3087823541,3213159654,3118765771,3253255230,3002164380,3177227550,3150585742,3150811952,3119123751,3109810370,2817327089,2951402924,3277320435,3064601491,3100322668,3264406335
STAT,(NULL),qPopLocal,22,1545975,74345,80140,64586,76505,74907,75753,67237,69348,69227,72049,65938,70060,70827,67290,68454,68804,63674,65117,71681,69840,69201,70992
STAT,(NULL),qPopLocalCyc,22,4803201136,228087736,221022325,218642764,209571390,203815940,206343419,220530705,228071805,219816775,229185923,211328614,222143288,221388818,219693057,222622323,219983984,198953919,206153216,228148979,214846668,223241392,229608096
STAT,(NULL),qPopRemote,22,804,43,37,31,35,40,35,39,39,44,32,37,37,35,36,35,32,39,40,42,36,37,23
STAT,(NULL),qPopRemoteCyc,22,1838088,78768,70136,104216,66980,74700,62472,72335,80171,98042,106679,78541,73928,80306,95285,110387,74690,87502,89236,113479,78293,77809,64133
==== BENCHMARK TOOK 83.554
==== BENCHMARK START ===
==== PARAMS kernel=4.9.5-64-net1 malloc=libc hostname=rack-castor threads=22 delta=4 prog=sssp-obim  ===
Galois Benchmark Suite v2.2.1 (r0)
Copyright (C) 2014 The University of Texas at Austin
http://iss.ices.utexas.edu/galois/

application: Single Source Shortest Path
Computes the shortest path from a source node to all nodes in a directed graph using a modified chaotic iteration algorithm
http://iss.ices.utexas.edu/?p=projects/galois/benchmarks/single_source_shortest_path

INFO: CommandLine ./build/debug/apps/sssp/sssp -noverify -t 22 -delta 4 -wl obim -startNode 12 /specific/disk1/home/mad/Galois-PQ/inputs/twitter40.gr
INFO: Hostname rack-castor
Read 61578415 nodes
Running Asynchronous with CAS version
INFO: Using delta-step of 16
WARNING: Performance varies considerably due to delta parameter.
WARNING: Do not expect the default to be good for your graph.
Node 1 has distance 4294967294
STATTYPE,LOOP,CATEGORY,n,sum,T0,T1,T2,T3,T4,T5,T6,T7,T8,T9,T10,T11,T12,T13,T14,T15,T16,T17,T18,T19,T20,T21
STAT,(NULL),BadWork,22,238429943917,12459341281,11279538875,9098542809,13929375207,11647796710,10748504814,10500080680,12100390635,9329587773,9973717357,12455335440,8222167071,11655662147,11355746419,8432230599,10996539543,11201458912,8964744680,10395592419,9973219077,10995980370,12714391099
STAT,(NULL),BarrierTime,22,633181854,29484608,33350674,28984556,33252924,33486264,33349636,20944452,29169012,28704263,8286,28967548,29010138,29275332,29056319,33546785,33461304,33438267,28947660,29233676,25390482,33359264,28760404
STAT,(NULL),ConflictTime,22,0,0,0,0,0,0,0,0,0,0,0,0,0,0,0,0,0,0,0,0,0,0,0
STAT,(NULL),Conflicts,22,0,0,0,0,0,0,0,0,0,0,0,0,0,0,0,0,0,0,0,0,0,0,0
STAT,(NULL),EmptyPopTime,22,913623903,42576172,44361710,44612456,44139934,44325755,44406028,44585848,44567164,44553340,44300177,44173864,44061372,44353412,44553766,44846892,472486,44467072,44449996,44496416,44745269,43347042,27227732
STAT,(NULL),EmptyWork,22,19501462645,886957927,868295655,848266521,879503195,835096153,901517002,914452746,883203732,916284466,914651775,891707352,871073734,908493853,893722453,910529231,904129749,867428824,932946225,909974312,916307667,921310412,725609661
STAT,(NULL),GaloisTime,22,44007558863,2001763591,1760736352,1986982363,1821240036,1687105792,1948295933,2136040556,1995515922,2184732396,2021933561,2022103970,2028191960,2024638493,2053352762,2107882767,1976436334,2080941022,2191105957,2100715907,2089396387,2073915116,1714531686
STAT,(NULL),InitPushTime,22,862841186,38790204,34854095,39218160,34841882,34588721,34745871,47122100,38820476,39273563,67911796,38995116,38998280,38750372,38883548,34416703,34439932,34494947,38938076,38650688,42462782,34520118,39123756
STAT,(NULL),Iterations,22,99088348,4582610,4798824,4297342,4915331,4647346,5150756,4682277,4309045,4482625,4382461,4273752,4140971,4548861,4591385,4635453,4497188,4198643,4608791,4584847,4544124,4585645,3630071
STAT,(NULL),LoopTime,22,71971189732,71971189732,0,0,0,0,0,0,0,0,0,0,0,0,0,0,0,0,0,0,0,0,0
STAT,(NULL),MeminfoPost,22,5676,258,258,258,258,258,258,258,258,258,258,258,258,258,258,258,258,258,258,258,258,258,258
STAT,(NULL),MeminfoPre,22,5676,258,258,258,258,258,258,258,258,258,258,258,258,258,258,258,258,258,258,258,258,258,258
STAT,(NULL),NumaPost,22,1407705,1401278,2370,2181,1876,0,0,0,0,0,0,0,0,0,0,0,0,0,0,0,0,0,0
STAT,(NULL),PopTime,22,151624500527,6911828908,6269203136,6772990654,6412001163,6069044721,6715186396,7277952884,6929643172,7391156419,7092281375,7047628473,6872014002,6936824303,7047249275,7225467526,6929230656,7069411622,7392926885,7137544593,7230312455,7139701267,5754900642
STAT,(NULL),PushTime,22,84692568592,3706634755,3942050501,4017934258,3514222008,4107773125,3432089004,3679195227,4126746501,3904530669,4159304134,3847374690,3891164232,3548616516,4541503907,3714981587,4224304693,3799855107,3250183162,3607974146,3803869163,3623174933,4249086274
STAT,(NULL),RusageSys,22,0,0,0,0,0,0,0,0,0,0,0,0,0,0,0,0,0,0,0,0,0,0,0
STAT,(NULL),RusageUser,22,693552000,693552000,0,0,0,0,0,0,0,0,0,0,0,0,0,0,0,0,0,0,0,0,0
STAT,(NULL),Threads,22,22,22,0,0,0,0,0,0,0,0,0,0,0,0,0,0,0,0,0,0,0,0,0
STAT,(NULL),Time,22,71980021512,71980021512,0,0,0,0,0,0,0,0,0,0,0,0,0,0,0,0,0,0,0,0,0
STAT,(NULL),TotalTime,22,181402655788,181402655788,0,0,0,0,0,0,0,0,0,0,0,0,0,0,0,0,0,0,0,0,0
STAT,(NULL),UserTime,22,1221834194417,55658136999,56323253187,55537116880,56536802007,56464560336,56166408818,55155680807,55228230485,54766642076,54975438290,55354912535,55501393828,55744972805,54627526298,55204197475,55173341377,55345800995,55396294561,55407201454,55123280917,55406454856,56736547431
STAT,(NULL),Work,22,1522575333332,69207973216,69207962196,69207963072,69207962151,69207962208,69207962205,69207963956,69207963232,69207966309,69207988513,69207962032,69207979742,69207962638,69207990747,69207962949,69207992768,69207962849,69207962830,69207960884,69207991631,69207972822,69207964382
STAT,(NULL),nBad,22,338547699,17455722,15946890,13290775,19345895,16247515,15695231,14760391,16811287,13336948,14277558,17338688,12115092,16414911,16211416,12580249,15508254,15665394,13309827,14982147,14225049,15505288,17523172
STAT,(NULL),nEmpty,22,58756455,2730292,2928746,2516300,2970275,2811031,3037066,2796215,2619185,2624087,2615180,2539376,2388915,2726242,2716487,2757403,2741814,2366508,2735845,2684983,2693434,2737337,2019734
STAT,(NULL),nEmptyPop,22,81561,3017,4923,4363,4897,4926,4964,4398,4395,4390,2339,4340,2727,4147,2392,4458,26,4323,4318,4378,2375,3009,2456
STAT,(NULL),nOverall,22,1753346176,81734976,84498616,78944325,86654703,85025136,86127356,77925569,76501507,75503845,78391683,78270597,78721360,80600465,76842798,78367964,76411994,77544800,80302691,80461332,77636876,78260687,78616896
STAT,(NULL),nPop,22,99088348,4582610,4798824,4297342,4915331,4647346,5150756,4682277,4309045,4482625,4382461,4273752,4140971,4548861,4591385,4635453,4497188,4198643,4608791,4584847,4544124,4585645,3630071
STAT,(NULL),nPush,22,98087287,4597075,5401641,4448127,4779524,5532723,4604517,3966694,4667830,4023170,4627070,4162585,4249708,4164542,4965018,4071038,4707109,4233844,3651032,4019152,4230973,4106030,4877885
STAT,(NULL),nPushInit,22,1001061,45503,45503,45503,45503,45503,45503,45503,45503,45503,45503,45503,45503,45503,45503,45503,45503,45503,45503,45503,45503,45503,45498
STAT,(NULL),qPopEmpty,22,1468467,69172,86599,77749,87461,87785,87940,77691,77672,77616,42075,76918,48933,73830,42329,78130,476,76620,76558,77492,42557,55035,47829
STAT,(NULL),qPopEmptyCyc,22,452298818,19741528,22215187,22091732,21885972,21971220,21986199,22058187,22059544,22078016,22019763,21904453,21850888,21952955,22058126,22179753,280026,22269665,22291358,22047888,22206992,21571017,13578349
STAT,(NULL),qPopFast,22,97539547,4510969,4723815,4230174,4838503,4574710,5070252,4609091,4241693,4412559,4313963,4206946,4076242,4477764,4519623,4563000,4426901,4133013,4536750,4513187,4473096,4513964,3573332
STAT,(NULL),qPopFastCyc,22,67441402325,3076741338,2802271625,3010924728,2865977265,2712459330,3000140919,3236247656,3085573200,3280631628,3145136609,3125073506,3049652080,3089369460,3133093527,3214619011,3090771716,3127509887,3275214286,3167944559,3215334631,3177820736,2558894628
STAT,(NULL),qPopLocal,22,1548021,71593,74972,67135,76791,72602,80469,73151,67318,70030,68466,66765,64693,71064,71730,72419,70260,65594,72002,71626,70991,71640,56710
STAT,(NULL),qPopLocalCyc,22,4835302511,223651129,209455896,215153584,210074287,200051103,220349048,233747701,220497589,231737162,222874191,220585896,216278846,219575611,224020993,226248503,220324271,220149596,234320528,229866908,228061173,224166183,184112313
STAT,(NULL),qPopRemote,22,780,48,37,33,37,34,35,35,34,36,32,41,36,33,32,34,27,36,39,34,37,41,29
STAT,(NULL),qPopRemoteCyc,22,1776429,89426,67705,70688,67709,63363,63191,74521,71744,78535,102868,86621,106973,75192,90670,73962,68446,84596,89523,81395,111088,98704,59509
==== BENCHMARK TOOK 83.618
