==== BENCHMARK START ===
==== PARAMS kernel=4.9.5-64-net1 malloc=libc hostname=rack-mad-04 threads=176 delta=8 prog=sssp-klsm256  ===
ERROR: ld.so: object '/specific/disk1/home/adamx/malloc/lib64/libjemalloc.so' from LD_PRELOAD cannot be preloaded (cannot open shared object file): ignored.
Galois Benchmark Suite v2.2.1 (r0)
Copyright (C) 2014 The University of Texas at Austin
http://iss.ices.utexas.edu/galois/

application: Single Source Shortest Path
Computes the shortest path from a source node to all nodes in a directed graph using a modified chaotic iteration algorithm
http://iss.ices.utexas.edu/?p=projects/galois/benchmarks/single_source_shortest_path

INFO: CommandLine ./build/debug/apps/sssp/sssp -noverify -t 176 -delta 8 -wl klsm256 -startNode 0 /specific/disk1/home/mad/Galois-PQ/inputs/ljournal-2008.gr
INFO: Hostname rack-mad-04
Read 5363260 nodes
Running Asynchronous with CAS version
INFO: Using delta-step of 1
WARNING: Performance varies considerably due to delta parameter.
WARNING: Do not expect the default to be good for your graph.
Node 1 has distance 126
STATTYPE,LOOP,CATEGORY,n,sum,T0,T1,T2,T3,T4,T5,T6,T7,T8,T9,T10,T11,T12,T13,T14,T15,T16,T17,T18,T19,T20,T21,T22,T23,T24,T25,T26,T27,T28,T29,T30,T31,T32,T33,T34,T35,T36,T37,T38,T39,T40,T41,T42,T43,T44,T45,T46,T47,T48,T49,T50,T51,T52,T53,T54,T55,T56,T57,T58,T59,T60,T61,T62,T63,T64,T65,T66,T67,T68,T69,T70,T71,T72,T73,T74,T75,T76,T77,T78,T79,T80,T81,T82,T83,T84,T85,T86,T87,T88,T89,T90,T91,T92,T93,T94,T95,T96,T97,T98,T99,T100,T101,T102,T103,T104,T105,T106,T107,T108,T109,T110,T111,T112,T113,T114,T115,T116,T117,T118,T119,T120,T121,T122,T123,T124,T125,T126,T127,T128,T129,T130,T131,T132,T133,T134,T135,T136,T137,T138,T139,T140,T141,T142,T143,T144,T145,T146,T147,T148,T149,T150,T151,T152,T153,T154,T155,T156,T157,T158,T159,T160,T161,T162,T163,T164,T165,T166,T167,T168,T169,T170,T171,T172,T173,T174,T175
STAT,(NULL),BadWork,176,179353819,5570423,906946,1032810,532024,798752,1142983,752470,627803,429295,1414665,1006415,842807,803958,1193778,539254,544980,952261,714082,1541385,589161,1085084,367560,868128,331765,414372,2203031,927200,1994218,284020,335303,927117,1348471,1579336,4187969,530516,1836895,637606,280910,1440331,870601,1580121,7110123,428889,123950,249150,424091,551307,517697,707083,1341388,239994,385570,465882,1008126,359703,1486005,1596253,1712166,589169,252173,220903,215450,2114128,1051497,447274,310471,424834,102574,321770,1300683,911011,1746458,36453,993723,748160,1413673,592335,1964271,1298056,636811,578687,113555,443278,1172687,684550,2764392,161651,447537,3802624,100771,1090603,662396,1037229,811810,1250083,683372,544516,808756,958379,1448568,1298329,1368437,255695,304635,298096,491415,1269319,595739,374610,153864,696375,1071494,224748,1766017,2026428,2779471,827033,519672,1894208,351908,2287992,2342237,1351347,895259,339243,339448,302182,1085678,2130558,4932385,328357,73252,395814,198135,816580,933871,837376,854637,912839,1196722,1271683,725563,741054,1766671,743582,2412986,463622,1013946,825279,472488,749487,1521121,499611,317273,314411,213843,640585,1505878,364890,996153,190160,688282,1790902,1184305,1208683,2256587,1075140,1794012,382888,620808,169057,885943,850635,5070636,306163,266583
STAT,(NULL),BarrierTime,176,119247293,1426012,1227649,1240133,1202954,1206816,1185302,1182766,1130639,437636,1119971,1073550,1077794,1077260,1076675,476041,1024020,1026083,984413,983459,422938,429522,352422,857974,199516,856632,234936,858005,856537,857526,857823,857127,856688,857032,856339,857438,809866,183419,160683,807468,859757,860089,859410,207849,168888,745948,750793,747013,738815,751129,750608,749693,77611,747653,750951,750740,113542,750513,747592,751630,751555,751710,750739,751682,740463,119263,707791,21137,54407,667302,669724,670634,670457,59086,670481,670275,667539,669821,669951,669156,672638,26686,56652,23855,674781,675351,108123,642335,47119,838746,820221,837523,822041,822017,819681,814887,821192,820871,817543,814423,813654,818408,818542,806771,190018,470164,826141,823552,825214,204040,221756,792512,176210,793702,803724,798722,800373,793824,804454,801418,802029,796932,804089,802831,806458,802590,160806,185939,752192,754410,743510,739904,744381,745873,709987,702932,746845,751093,712066,706248,750858,747599,716795,712047,714791,711191,709989,86552,716232,51105,716286,714449,718263,712804,718886,688092,699678,699374,692921,697016,714132,714358,700846,696655,711087,712933,703113,673544,713795,78731,702326,56427,714182,714325,69660,83365,709426
STAT,(NULL),ConflictTime,176,0,0,0,0,0,0,0,0,0,0,0,0,0,0,0,0,0,0,0,0,0,0,0,0,0,0,0,0,0,0,0,0,0,0,0,0,0,0,0,0,0,0,0,0,0,0,0,0,0,0,0,0,0,0,0,0,0,0,0,0,0,0,0,0,0,0,0,0,0,0,0,0,0,0,0,0,0,0,0,0,0,0,0,0,0,0,0,0,0,0,0,0,0,0,0,0,0,0,0,0,0,0,0,0,0,0,0,0,0,0,0,0,0,0,0,0,0,0,0,0,0,0,0,0,0,0,0,0,0,0,0,0,0,0,0,0,0,0,0,0,0,0,0,0,0,0,0,0,0,0,0,0,0,0,0,0,0,0,0,0,0,0,0,0,0,0,0,0,0,0,0,0,0,0,0,0,0
STAT,(NULL),Conflicts,176,0,0,0,0,0,0,0,0,0,0,0,0,0,0,0,0,0,0,0,0,0,0,0,0,0,0,0,0,0,0,0,0,0,0,0,0,0,0,0,0,0,0,0,0,0,0,0,0,0,0,0,0,0,0,0,0,0,0,0,0,0,0,0,0,0,0,0,0,0,0,0,0,0,0,0,0,0,0,0,0,0,0,0,0,0,0,0,0,0,0,0,0,0,0,0,0,0,0,0,0,0,0,0,0,0,0,0,0,0,0,0,0,0,0,0,0,0,0,0,0,0,0,0,0,0,0,0,0,0,0,0,0,0,0,0,0,0,0,0,0,0,0,0,0,0,0,0,0,0,0,0,0,0,0,0,0,0,0,0,0,0,0,0,0,0,0,0,0,0,0,0,0,0,0,0,0,0
STAT,(NULL),EmptyPopTime,176,1497284322264,4553595584,5643595551,12164991145,2262641064,2078044570,15761208108,8481781536,13484191945,220732351,643492345,4830216910,2003026076,3256043546,9624603301,2157409511,19825012483,28523840975,4324224969,2988447243,11155415759,12768686131,6495455212,3370631854,14816103920,13021735685,3118525760,2108203731,1403889198,17778150380,27407023625,4419045160,1090389094,11294672242,2750522881,9623774815,1846002232,9615982665,25094511368,5558476226,19867481049,1620257182,1772743129,5477560225,2772661799,12368239701,14424656283,17797578300,7668007817,7002867882,1608110665,9329285967,6420564400,11643894026,1550338419,4711887069,16679126925,732185619,4858303388,35850432019,12407873806,4217052894,34638439080,3895988258,21395787090,7644087689,23711728963,1035869648,26071502063,4974520762,2030533743,444762892,1461514148,15751969093,8910249562,3637021917,428519357,6604130624,456522702,1952513649,460697895,5338701506,10789837424,6725820200,521100979,2974640515,831257320,15926547127,45126317198,280591061,10536721441,21904980633,6448238805,5220025906,11915702704,12948365672,6673213686,2382710911,935841365,4612506806,1416577030,1149127552,9920786069,10392246825,11845425322,37417017981,893724900,3261477469,12337272924,4432268838,19546423571,12263018017,17043426251,2787564562,3445779817,1764348990,1998969271,16520429379,29086058001,5278768828,5027108816,5461748270,1784751108,8325883418,1744203052,14635220109,7252437204,10128102268,19483219281,250553545,567541273,9059504044,9833409564,4213963067,13380802079,6063368726,5582096071,1115743606,4128381511,9182621530,1281560773,127658776,4966502234,7436068077,10334466805,5612437193,15330876604,6598161433,23258270124,11603101332,7905126721,2262387334,4617070377,17023101606,24892508890,15739048659,9370712739,7643470546,598126138,746505060,576493011,14531053114,8828292882,623530791,1693948905,2834391824,362116217,8867676691,1044809281,23247408039,12109542023,9235273950,814134425,4287748354,631485292,14600544613,9682455183
STAT,(NULL),EmptyWork,176,2813293443,33534772,10809195,11161951,16858506,14130444,16356444,11878711,12161732,8920911,14221118,12425658,16624015,12958277,21769458,9386057,9355055,11370451,17835910,15401623,9575050,9455390,9064971,14364704,10004173,11989099,36035020,17529401,29392494,12667829,11074307,29289067,14435010,20614568,29983034,21745089,28373559,9954154,9055108,9401587,23468855,20109999,54520191,8597205,9537432,12317525,9536446,10469101,13932709,10884838,14555444,9545687,9609432,12538109,12970605,9819256,15778076,11901660,14495801,8020697,9470356,10282365,12319010,11330023,19138240,8380269,8977263,10639323,10626796,13298055,23708094,15316371,25816382,11138716,15014281,27422273,17033927,17144235,31032534,15909947,21640986,9820940,8501437,7622417,24589619,20202687,40770061,8161503,9185077,24736087,11305846,12246080,19208334,13213951,18829036,13427270,11796248,13161295,13144767,13761708,18658356,13000719,22614253,11313285,11291526,9658868,15175985,14761169,12481492,9895741,8816068,11669297,11415300,12034928,29984026,19044119,29039768,13150120,10441761,28647461,16197262,23634225,34181339,23873626,33468951,9982845,9200145,9524845,25965545,29214186,55445840,8816759,8125979,8978991,10199169,10042738,13569676,15319815,14363207,9657429,12453360,14057183,13962183,14540323,17027239,11482269,15101853,9617861,10478126,9816701,12012429,13178243,19647424,8705591,8083036,10554954,9679494,12711856,22275230,15611222,26197186,11916292,12935874,27253742,20213207,19424351,30696581,16174026,21942903,11514769,8090551,9122386,26088830,20536949,46137393,9575354,8522879
STAT,(NULL),GaloisTime,176,7124630676,103452371,21670619,24588796,44125846,30731863,46558460,24371775,25023660,20617415,34811148,29719730,40841480,30425040,58587548,19302611,20008263,21914378,39940122,37466406,21043685,18189193,18568818,30524630,20602440,26830968,134689738,47219008,92386821,27013588,23395475,87496070,38791530,57230171,97680448,61075829,88669541,20052586,18598385,22416347,64241567,58204779,192144170,18259088,17991574,24580559,20669894,25740158,31028258,26276149,32004693,19546079,20734141,30116751,28905206,24329851,38977785,27136150,32788566,16197726,18398984,19716282,26515961,26516860,48855263,17784925,18537811,23340909,20972873,26679526,55400699,36551799,68687251,23294634,29298430,69821569,37382880,44474701,86651536,35028012,53768466,18861148,15456589,15929881,64379292,46972432,129344831,17474370,18621283,71564733,22165849,26327457,49311150,29932719,52010823,27017389,24045771,27666102,34425863,32566577,44805631,31753202,65136229,23084958,21562139,19684134,35611619,37568091,26189945,18410316,17712434,25373718,23303470,26765872,103577140,49388716,93994885,26238944,23365508,91118298,42674767,63075456,107585458,67474250,101540360,21182364,18907168,21066777,69625370,90537297,201761324,18084984,18054211,20141864,20858199,22005314,29376669,33565713,33426323,20455452,26605931,33794882,29249597,30891564,40074995,26630109,34841408,18194614,19705129,19470408,26473654,29472425,51685284,18778302,17147112,23874044,21774366,26196970,55299740,39191243,70339888,25377341,29588693,71375880,43219593,48826362,85041398,35544941,55373477,22755365,15395010,18408327,73828883,48061852,141808884,19479304,16549556
STAT,(NULL),InitPushTime,176,8674833,5332,135060,108984,36572,36690,36207,36538,36441,39672,39216,39040,35039,38724,38548,39336,39388,38836,37876,37272,38048,37840,37624,104441,103847,103370,103078,103033,103260,103048,102095,103818,61248,60346,59987,59876,83805,83351,90538,83959,58066,58036,56569,58088,63346,179182,65501,64915,140592,135857,63066,62018,137404,132964,64914,62810,60302,59913,57237,59371,56701,58879,59781,61915,97079,98397,98774,52440,162575,51392,159970,52216,54076,50584,49984,52056,53872,57588,56036,54284,160051,53268,158135,53728,157990,50956,157846,52112,54896,54466,69456,67511,33920,33616,34199,32002,33073,31540,35196,34396,29653,29864,31128,28176,29016,27072,31564,28412,31264,28360,29808,43860,42057,41654,40590,39688,39336,39035,38881,37320,36945,36439,35494,34767,35698,35655,34965,34262,31900,31357,31174,30632,29928,74632,19888,18436,28358,28314,17680,16988,28299,26371,14792,15600,15468,15092,14732,13492,13080,13716,12264,13296,11680,11668,11172,13792,13088,10928,10944,10828,12312,11360,8924,9060,9508,9620,7856,6084,16947,6328,5080,4876,13992,4440,4528,2388,2488
STAT,(NULL),Iterations,176,9436089,117948,33838,34902,57631,45439,56424,38658,38590,28973,47205,41418,54225,42687,74706,29670,29268,35669,57461,51105,30585,29365,28033,43528,32054,39371,138909,60409,105658,39741,35476,103633,48838,71051,110249,74760,101548,31464,28768,29719,81196,69452,203615,28117,29654,39620,31561,36039,45758,37239,45196,31923,31492,42585,42465,33833,53428,39190,48440,25031,30680,33893,40482,37469,66101,27370,29163,32974,33860,42546,77177,49862,86340,35145,44695,91574,55616,57531,105692,51986,72344,30481,26169,24185,83661,64857,145568,25500,29161,85927,34550,39226,62943,42646,64142,42347,37538,42672,44518,46171,59838,42951,78935,36223,34783,30197,49705,48770,39754,28301,27621,36389,37081,39448,112502,64914,105572,41330,33141,103278,54630,80213,120760,82301,118639,32206,28869,30820,87872,104215,211780,28233,26013,28898,33838,33426,44483,50744,47596,32756,40725,47196,44472,49380,56961,37539,50933,30246,33309,31740,39907,43793,67393,29039,26272,32405,31102,38595,73019,51910,88378,37125,41603,91241,64793,64951,104886,52427,73298,35687,25062,28766,90732,65893,160404,29466,26844
STAT,(NULL),LoopTime,176,563313812523,563313812523,0,0,0,0,0,0,0,0,0,0,0,0,0,0,0,0,0,0,0,0,0,0,0,0,0,0,0,0,0,0,0,0,0,0,0,0,0,0,0,0,0,0,0,0,0,0,0,0,0,0,0,0,0,0,0,0,0,0,0,0,0,0,0,0,0,0,0,0,0,0,0,0,0,0,0,0,0,0,0,0,0,0,0,0,0,0,0,0,0,0,0,0,0,0,0,0,0,0,0,0,0,0,0,0,0,0,0,0,0,0,0,0,0,0,0,0,0,0,0,0,0,0,0,0,0,0,0,0,0,0,0,0,0,0,0,0,0,0,0,0,0,0,0,0,0,0,0,0,0,0,0,0,0,0,0,0,0,0,0,0,0,0,0,0,0,0,0,0,0,0,0,0,0,0,0
STAT,(NULL),MeminfoPost,176,1408,8,8,8,8,8,8,8,8,8,8,8,8,8,8,8,8,8,8,8,8,8,8,8,8,8,8,8,8,8,8,8,8,8,8,8,8,8,8,8,8,8,8,8,8,8,8,8,8,8,8,8,8,8,8,8,8,8,8,8,8,8,8,8,8,8,8,8,8,8,8,8,8,8,8,8,8,8,8,8,8,8,8,8,8,8,8,8,8,8,8,8,8,8,8,8,8,8,8,8,8,8,8,8,8,8,8,8,8,8,8,8,8,8,8,8,8,8,8,8,8,8,8,8,8,8,8,8,8,8,8,8,8,8,8,8,8,8,8,8,8,8,8,8,8,8,8,8,8,8,8,8,8,8,8,8,8,8,8,8,8,8,8,8,8,8,8,8,8,8,8,8,8,8,8,8,8
STAT,(NULL),MeminfoPre,176,1408,8,8,8,8,8,8,8,8,8,8,8,8,8,8,8,8,8,8,8,8,8,8,8,8,8,8,8,8,8,8,8,8,8,8,8,8,8,8,8,8,8,8,8,8,8,8,8,8,8,8,8,8,8,8,8,8,8,8,8,8,8,8,8,8,8,8,8,8,8,8,8,8,8,8,8,8,8,8,8,8,8,8,8,8,8,8,8,8,8,8,8,8,8,8,8,8,8,8,8,8,8,8,8,8,8,8,8,8,8,8,8,8,8,8,8,8,8,8,8,8,8,8,8,8,8,8,8,8,8,8,8,8,8,8,8,8,8,8,8,8,8,8,8,8,8,8,8,8,8,8,8,8,8,8,8,8,8,8,8,8,8,8,8,8,8,8,8,8,8,8,8,8,8,8,8,8
STAT,(NULL),NumaPost,176,81418,20353,28708,13396,18961,0,0,0,0,0,0,0,0,0,0,0,0,0,0,0,0,0,0,0,0,0,0,0,0,0,0,0,0,0,0,0,0,0,0,0,0,0,0,0,0,0,0,0,0,0,0,0,0,0,0,0,0,0,0,0,0,0,0,0,0,0,0,0,0,0,0,0,0,0,0,0,0,0,0,0,0,0,0,0,0,0,0,0,0,0,0,0,0,0,0,0,0,0,0,0,0,0,0,0,0,0,0,0,0,0,0,0,0,0,0,0,0,0,0,0,0,0,0,0,0,0,0,0,0,0,0,0,0,0,0,0,0,0,0,0,0,0,0,0,0,0,0,0,0,0,0,0,0,0,0,0,0,0,0,0,0,0,0,0,0,0,0,0,0,0,0,0,0,0,0,0,0
STAT,(NULL),PopTime,176,33483765362717,233001378302,220207408481,229584262212,144883029311,229985971052,135551059578,230116393426,165031087994,252031232450,193028013625,212817550071,162142715350,217703036944,132912966491,193231236394,195154725396,204046374589,218163467913,152312385185,201985151286,162149736482,220293427627,248913799928,239263448128,245928993564,147991536045,150534018611,115010747890,242087054838,205674967135,129008720612,156014819405,116251156057,140131863023,140203317230,123476247422,211579306812,198712223825,209202515105,106833263927,125792043937,153352710242,217705606756,196607332077,200803796666,183774071861,199668071253,242494939375,228272110000,243235939556,184852384219,217395903882,223570577237,211779626201,221810980339,210002027884,207412565450,225852593891,180457917643,255428535980,220045805205,206444984224,207526450093,206284753038,209502752845,211361674554,217603511419,230346829016,237792924946,148850060455,230590152327,145762731180,187868110803,225577492899,130275856870,238704890490,137257255741,135484930592,200794036918,114433233334,221196904210,174295958304,213701027982,166471614118,171310055820,146780662759,153261711657,195178856775,117256105621,206989738234,218526399409,142745578435,227062678798,138663847090,218794096963,162135333509,249664358491,191664741797,212827034503,162743716336,221305257601,134209912233,173986731280,207063862809,196343155946,220588599733,152996478501,199717643454,182426511852,205844174563,226046716975,223283871151,250799233086,147427106338,152259724294,113663477572,237809645494,197601517687,126857504318,154764212315,123500349625,142184945056,145133183381,127131918919,204057474125,194256305355,208402900024,108050149247,135947108017,156950008700,209008099576,183338054943,236156048632,156241191167,206004469756,245673625483,229659045422,239129107155,199361340850,213334315092,237840378370,207831040864,213602237886,213245572426,191903528059,215831430900,192970537358,239329133693,203563234269,230309995926,209725485780,222976561084,181989268486,203370609323,198397376482,239793852236,223360165112,150020422281,231097384087,145916923610,196300143500,210460266384,133721112678,238863282217,141777096381,134386809926,192308844016,114279133809,214387126703,190588288651,178464157626,165670836412,169470823767,151022822190,188381033834,224894266739
STAT,(NULL),PushTime,176,64088606855617,324510316839,337273485443,321341168950,415711275953,330959085009,411491793100,324498784692,384577615181,310856571503,369281917634,345336885249,398757967814,342043382772,420156162023,367755548105,348160816398,330564340459,340444876223,407614511079,349982818734,388239499030,336368566313,310740798252,309046287855,304105116446,410610324705,410185544454,445818280454,303202422112,330023728758,428892440580,405801014378,435168037293,419278287519,412845507746,436958674213,341946868998,339358364405,348354594542,435954276906,435238255686,405796293143,339959912119,363778929846,349940440762,364929729984,345625116588,312868057192,327796807420,318157787450,368976887296,339330992710,327788831556,349708133580,336555508215,336236377203,354906253110,332266953270,346869163838,295328838637,338894028214,321978171712,351647529898,335120708758,346022385890,328084739134,344484292027,306718087411,320303116419,411924941047,331930230492,415378332580,359492756883,328581319043,428698878578,323815021228,419005476109,426441643012,360239160059,447882012325,336612842394,378097353170,342746183280,395676350459,388568557599,414179591190,393974403065,322856201346,444913012954,345593798592,322638139235,413597326966,330732173495,412182325916,331333430091,394290837438,311000260005,370341056439,345522400847,398707089157,340525856870,418469519911,378735381295,344224933510,329375198062,341471701173,406640878854,351021014842,376275168279,337777105384,324760014480,322779891308,309465369004,411222425211,408782641262,446521230201,308751010583,336411113417,430119076427,403069309662,433683071528,418095294272,409139397735,433268479842,344423660030,361642079906,344595891484,435080783987,425962947841,403254697898,345080583454,369964259423,322764664046,393508950799,351054929913,311775063504,332233955471,319743272977,354587157475,348486618492,324998000348,350250075057,341980452856,339321935970,365530528758,331792104176,363602561774,300569948039,347983039982,324843673739,351047483419,335169643525,364152469844,334911908018,348966641329,313939221528,332054967275,412158448685,331069344259,416083021121,352259058909,343757717725,428233817155,322348928948,418206571292,427622434191,361811212728,447422504760,325488181901,360483422568,375457933495,396027711121,389076876324,409990867725,360169233540,328596921540
STAT,(NULL),RusageSys,176,641772000,641772000,0,0,0,0,0,0,0,0,0,0,0,0,0,0,0,0,0,0,0,0,0,0,0,0,0,0,0,0,0,0,0,0,0,0,0,0,0,0,0,0,0,0,0,0,0,0,0,0,0,0,0,0,0,0,0,0,0,0,0,0,0,0,0,0,0,0,0,0,0,0,0,0,0,0,0,0,0,0,0,0,0,0,0,0,0,0,0,0,0,0,0,0,0,0,0,0,0,0,0,0,0,0,0,0,0,0,0,0,0,0,0,0,0,0,0,0,0,0,0,0,0,0,0,0,0,0,0,0,0,0,0,0,0,0,0,0,0,0,0,0,0,0,0,0,0,0,0,0,0,0,0,0,0,0,0,0,0,0,0,0,0,0,0,0,0,0,0,0,0,0,0,0,0,0,0
STAT,(NULL),RusageUser,176,44428184000,44428184000,0,0,0,0,0,0,0,0,0,0,0,0,0,0,0,0,0,0,0,0,0,0,0,0,0,0,0,0,0,0,0,0,0,0,0,0,0,0,0,0,0,0,0,0,0,0,0,0,0,0,0,0,0,0,0,0,0,0,0,0,0,0,0,0,0,0,0,0,0,0,0,0,0,0,0,0,0,0,0,0,0,0,0,0,0,0,0,0,0,0,0,0,0,0,0,0,0,0,0,0,0,0,0,0,0,0,0,0,0,0,0,0,0,0,0,0,0,0,0,0,0,0,0,0,0,0,0,0,0,0,0,0,0,0,0,0,0,0,0,0,0,0,0,0,0,0,0,0,0,0,0,0,0,0,0,0,0,0,0,0,0,0,0,0,0,0,0,0,0,0,0,0,0,0,0
STAT,(NULL),Threads,176,176,176,0,0,0,0,0,0,0,0,0,0,0,0,0,0,0,0,0,0,0,0,0,0,0,0,0,0,0,0,0,0,0,0,0,0,0,0,0,0,0,0,0,0,0,0,0,0,0,0,0,0,0,0,0,0,0,0,0,0,0,0,0,0,0,0,0,0,0,0,0,0,0,0,0,0,0,0,0,0,0,0,0,0,0,0,0,0,0,0,0,0,0,0,0,0,0,0,0,0,0,0,0,0,0,0,0,0,0,0,0,0,0,0,0,0,0,0,0,0,0,0,0,0,0,0,0,0,0,0,0,0,0,0,0,0,0,0,0,0,0,0,0,0,0,0,0,0,0,0,0,0,0,0,0,0,0,0,0,0,0,0,0,0,0,0,0,0,0,0,0,0,0,0,0,0,0
STAT,(NULL),Time,176,569832820389,569832820389,0,0,0,0,0,0,0,0,0,0,0,0,0,0,0,0,0,0,0,0,0,0,0,0,0,0,0,0,0,0,0,0,0,0,0,0,0,0,0,0,0,0,0,0,0,0,0,0,0,0,0,0,0,0,0,0,0,0,0,0,0,0,0,0,0,0,0,0,0,0,0,0,0,0,0,0,0,0,0,0,0,0,0,0,0,0,0,0,0,0,0,0,0,0,0,0,0,0,0,0,0,0,0,0,0,0,0,0,0,0,0,0,0,0,0,0,0,0,0,0,0,0,0,0,0,0,0,0,0,0,0,0,0,0,0,0,0,0,0,0,0,0,0,0,0,0,0,0,0,0,0,0,0,0,0,0,0,0,0,0,0,0,0,0,0,0,0,0,0,0,0,0,0,0,0
STAT,(NULL),TotalTime,176,577081993276,577081993276,0,0,0,0,0,0,0,0,0,0,0,0,0,0,0,0,0,0,0,0,0,0,0,0,0,0,0,0,0,0,0,0,0,0,0,0,0,0,0,0,0,0,0,0,0,0,0,0,0,0,0,0,0,0,0,0,0,0,0,0,0,0,0,0,0,0,0,0,0,0,0,0,0,0,0,0,0,0,0,0,0,0,0,0,0,0,0,0,0,0,0,0,0,0,0,0,0,0,0,0,0,0,0,0,0,0,0,0,0,0,0,0,0,0,0,0,0,0,0,0,0,0,0,0,0,0,0,0,0,0,0,0,0,0,0,0,0,0,0,0,0,0,0,0,0,0,0,0,0,0,0,0,0,0,0,0,0,0,0,0,0,0,0,0,0,0,0,0,0,0,0,0,0,0,0
STAT,(NULL),UserTime,176,60439056698,1093362887,138675007,169471328,377711038,227679356,428671156,162434216,165566203,157569334,293190857,268846663,334469683,249795228,521553159,122761052,125726208,127802842,305299224,327431293,141639642,110080635,110564120,225523972,139196079,200977195,1404531811,403127537,940945492,188333214,155452384,858650185,336192572,503930815,1007305790,540221730,897674807,123476348,102890047,148238506,552910545,566771033,2127231683,125707381,109189828,146272538,136982921,168672337,219681958,186700605,247249320,107999925,117844655,249689755,215672975,183124489,323361412,205607316,270512561,93917170,102531678,108762457,195217600,187831878,426404888,100257506,109989121,137992493,127627729,185106373,411001259,278631205,598563976,148375438,182271565,586644173,292798225,367163601,794864503,258997141,444291990,118515482,88538974,99061668,537611278,375217066,1334019604,107346909,106462740,749635533,141914349,187551586,435978015,237617437,462931271,179306810,160420060,207487190,306436475,287373826,364797880,270645864,607673265,146886089,128568483,130928717,290830942,344478759,181041555,133391830,101413127,188850158,153735084,204675745,1066770552,420495002,988930664,175167461,163145876,920526358,376139139,563762034,1088886049,605830242,1016030164,148122178,116713160,138156901,585899229,1015282091,2266187551,120553131,133738183,131851128,133645986,140831261,221915889,238016893,247095961,134416423,154094030,281757870,204816822,231458530,336571116,211042680,291292534,96576049,108114357,116984010,198365125,217639823,461039601,103325296,95390908,158150285,160405522,198134333,441073217,327609477,622670688,168096408,206844226,618555148,326053235,409334808,808546559,256193669,471880755,138658904,90907059,110749648,683046282,391598850,1462524285,115777983,96928508
STAT,(NULL),Work,176,99140080476589,563295814136,563295792797,563295803771,563295801313,563295797055,563295806669,563295806788,563295807006,563296446448,563295806976,563295804397,563295812856,563295798981,563295801154,563296404365,563295799030,563295793526,563295792791,563295799228,563296403706,563296397688,563296437364,563295781263,563296451559,563295786354,563296416727,563295782699,563295781444,563295782247,563295785323,563295781785,563295780738,563295785735,563295782245,563295788226,563295782608,563296416581,563296428672,563295782269,563295782152,563295784002,563295781463,563296443733,563296450675,563295776219,563295779525,563295781463,563295783982,563295775651,563295779174,563295782604,563296450489,563295783821,563295774140,563295780350,563295780588,563295777570,563295781282,563295776216,563295776856,563295774253,563295779718,563295777450,563295776096,563296405776,563295811627,563296448767,563296422221,563295796066,563295805935,563295793950,563295795824,563296417573,563295795966,563295794231,563295804065,563295793571,563295791573,563295790220,563295791850,563296450016,563296422921,563296449576,563295795975,563295801333,563296370895,563295831194,563296425760,563295794491,563295822331,563295803777,563295801325,563295797080,563295806684,563295806782,563295807021,563295797684,563295806990,563295804380,563295812937,563295798992,563295801156,563295816780,563296434187,563296155316,563295792802,563295800629,563295800260,563296426055,563296404251,563295781272,563296414951,563295786382,563295782316,563295782710,563295781469,563295782266,563295785344,563295781766,563295780763,563295785725,563295782292,563295788625,563295782600,563295784496,563296428692,563296412364,563295782131,563295784188,563295781451,563295786176,563295783105,563295776237,563295779540,563295781396,563295783987,563295775661,563295779188,563295782590,563295777634,563295783832,563295774131,563295780359,563295776901,563295777543,563295781287,563296408584,563295776871,563296443374,563295779733,563295777209,563295774269,563295776894,563295773850,563295803671,563295791986,563295796051,563295805933,563295793941,563295795834,563295795835,563295796436,563295794222,563295804060,563295793560,563295797552,563295791918,563295791836,563296436120,563295803089,563296449571,563295795964,563295801351,563296437198,563296425718,563295799802
STAT,(NULL),nBad,176,151065,4474,764,980,431,518,1438,778,436,344,989,894,689,865,1185,459,713,705,495,1215,434,787,235,585,316,276,1641,738,1630,259,252,902,1059,1116,3027,412,1326,632,208,1161,732,1450,5152,307,107,201,818,474,525,1039,1164,218,392,355,958,571,1138,1260,1409,440,266,311,232,1630,893,375,336,480,181,256,930,796,1332,35,754,702,1075,473,1895,970,438,425,190,767,996,628,2195,140,305,2911,157,693,525,733,650,841,609,494,604,819,1179,946,1069,184,326,483,504,922,761,435,149,687,720,202,1439,1619,2368,653,393,1454,429,1959,1929,1062,744,373,273,180,1013,1732,3787,225,75,543,286,843,674,585,880,666,934,1041,643,737,1657,653,1984,543,1138,770,452,634,1477,479,346,313,197,542,1240,255,810,168,700,1408,1076,1072,2617,818,1512,256,564,210,678,701,3763,333,473
STAT,(NULL),nEmpty,176,4617303,50074,18191,18628,28259,24685,26273,21463,20974,15367,24301,21439,26841,22132,36188,16182,15818,20117,29845,25472,16439,16172,15435,22838,17471,20441,53486,29512,45854,21196,19130,45695,23666,33321,47487,34542,44152,17449,15969,15631,38011,31290,80652,15013,16514,21144,16315,17907,23407,18434,23317,16875,16347,21245,21718,16937,26652,19556,24590,13210,16239,18137,20889,19445,32078,14210,15336,18260,19089,23131,38873,25866,40685,19309,24058,43321,29485,28197,48620,27460,35632,17101,15165,13546,39904,32359,61489,14253,16506,38665,18892,20900,30538,22280,30384,23169,20442,23041,22078,23919,29760,22147,35708,19845,19221,16301,25317,23941,21522,15258,15432,19649,20427,20423,46321,31755,45549,22673,17343,44005,26520,37710,52081,37524,52116,17097,15690,16732,42058,46265,82566,15265,13452,14316,17512,17171,22852,27480,24471,16865,21113,23769,23105,26404,29139,19267,25326,16841,18322,16555,20327,22822,32576,14952,13569,17429,16607,20285,35824,26316,41425,20082,21490,42688,33831,32183,48432,27726,35771,19841,14413,16010,41810,32547,68097,16393,15456
STAT,(NULL),nEmptyPop,176,276327,1756,2172,3816,2552,2026,4772,2559,1979,2615,2593,1680,3243,1857,2371,2038,1893,1688,2260,1978,2139,1933,1644,774,728,685,645,739,776,768,964,763,1428,1391,803,1552,1160,1087,951,635,2365,640,564,879,676,1784,1796,2022,2042,1747,1954,1719,1872,1859,1862,2377,2073,2878,2338,1730,2111,1670,2688,2073,2116,1703,1863,1320,902,992,715,961,1006,661,831,1744,1990,2137,714,661,1474,1056,806,1091,626,1642,642,1146,634,1902,1639,3814,2073,2208,4649,2657,1790,1898,2108,2152,3164,1768,2282,1871,1811,1806,1900,2059,1924,1865,1626,1027,637,775,822,589,761,1051,1060,960,900,1374,635,1630,863,574,697,682,2519,811,559,643,697,1720,1715,1928,1719,1907,2121,2240,1820,2194,1618,2144,1836,2891,2536,1643,2114,1843,2065,1812,1912,1979,1779,772,841,826,1089,905,947,1171,956,726,1358,2047,927,2335,1325,984,764,986,660,957,638,676,1104
STAT,(NULL),nOverall,176,78030823,1450581,157289,199710,482673,275960,565664,187246,188091,193250,372526,340685,421411,307866,689992,134512,139296,140277,377082,421707,163940,120244,121676,276587,161951,249719,1985915,539977,1312423,224941,182300,1186056,446833,683347,1396860,730543,1250102,140415,112306,177383,741029,783872,3013181,148693,120508,151405,152296,192354,256213,221790,292523,111798,128110,302617,252909,220191,396187,246647,320178,100662,103303,110136,225773,224680,521386,102813,114456,159555,141614,215164,515382,350829,787055,173342,207267,776366,361280,475265,1060957,315743,582378,129867,92380,108380,700993,477058,1830194,121942,112462,979798,162027,212949,562132,293020,606627,204344,184156,249789,393124,364190,462379,341888,804974,164127,136519,150881,359852,449899,208791,157724,111273,229627,179975,252813,1488059,559920,1388611,207337,199532,1284576,496224,759066,1508747,815812,1412728,176054,128634,162751,785240,1442822,3217676,139886,161320,142216,143288,156861,265186,281360,294839,147629,166732,342540,235157,270081,414481,255242,348061,99343,107500,121328,232888,258243,570873,108180,99600,193317,191024,237444,567896,423033,826259,198398,247267,814560,401936,522908,1084055,316763,616139,153628,95727,121960,906738,500219,1999140,128871,103521
STAT,(NULL),nPop,176,9436089,117948,33838,34902,57631,45439,56424,38658,38590,28973,47205,41418,54225,42687,74706,29670,29268,35669,57461,51105,30585,29365,28033,43528,32054,39371,138909,60409,105658,39741,35476,103633,48838,71051,110249,74760,101548,31464,28768,29719,81196,69452,203615,28117,29654,39620,31561,36039,45758,37239,45196,31923,31492,42585,42465,33833,53428,39190,48440,25031,30680,33893,40482,37469,66101,27370,29163,32974,33860,42546,77177,49862,86340,35145,44695,91574,55616,57531,105692,51986,72344,30481,26169,24185,83661,64857,145568,25500,29161,85927,34550,39226,62943,42646,64142,42347,37538,42672,44518,46171,59838,42951,78935,36223,34783,30197,49705,48770,39754,28301,27621,36389,37081,39448,112502,64914,105572,41330,33141,103278,54630,80213,120760,82301,118639,32206,28869,30820,87872,104215,211780,28233,26013,28898,33838,33426,44483,50744,47596,32756,40725,47196,44472,49380,56961,37539,50933,30246,33309,31740,39907,43793,67393,29039,26272,32405,31102,38595,73019,51910,88378,37125,41603,91241,64793,64951,104886,52427,73298,35687,25062,28766,90732,65893,160404,29466,26844
STAT,(NULL),nPush,176,9436088,187036,19736,24666,59408,35378,67058,22596,22388,23849,47000,44555,51775,40509,79015,15671,16828,16224,45833,49909,19326,14567,14052,35133,19128,30169,219816,61533,150992,28079,22197,141524,55136,78256,166585,84911,147263,16444,13136,20677,83663,93674,359259,16844,15309,19456,20124,25054,32773,29731,40774,14221,15079,45828,33471,29099,54074,31999,45261,11684,13368,13548,31162,28996,77580,12540,16189,19533,18288,26843,58936,44299,91358,20062,23860,85979,48293,58040,125018,39065,66116,15580,11189,12622,79878,57906,217295,14785,14025,138243,20307,26533,69035,36868,72979,24179,22579,29673,49132,47361,54954,44184,91496,18860,15862,17835,45823,52978,25243,18195,12700,31418,20763,31168,167473,63931,162990,25409,24043,151347,60972,87859,181440,90951,163497,20425,15289,18490,86737,172876,380747,16054,18741,19105,18420,21281,35505,35215,39325,19206,20343,48721,32028,35650,55918,35608,49075,11780,14634,16063,32323,31315,82627,13170,12764,21972,23412,32033,65107,53570,93493,24009,28774,92522,48409,64525,128699,37819,71387,17766,12142,14394,105285,58313,239961,13630,13063
STAT,(NULL),nPushInit,176,1,0,1,0,0,0,0,0,0,0,0,0,0,0,0,0,0,0,0,0,0,0,0,0,0,0,0,0,0,0,0,0,0,0,0,0,0,0,0,0,0,0,0,0,0,0,0,0,0,0,0,0,0,0,0,0,0,0,0,0,0,0,0,0,0,0,0,0,0,0,0,0,0,0,0,0,0,0,0,0,0,0,0,0,0,0,0,0,0,0,0,0,0,0,0,0,0,0,0,0,0,0,0,0,0,0,0,0,0,0,0,0,0,0,0,0,0,0,0,0,0,0,0,0,0,0,0,0,0,0,0,0,0,0,0,0,0,0,0,0,0,0,0,0,0,0,0,0,0,0,0,0,0,0,0,0,0,0,0,0,0,0,0,0,0,0,0,0,0,0,0,0,0,0,0,0,0
==== BENCHMARK TOOK 263.392
