==== BENCHMARK START ===
==== PARAMS kernel=4.9.5-64-net1 malloc=libc hostname=rack-mad-04 threads=32 delta=8 prog=sssp-klsm64  ===
ERROR: ld.so: object '/specific/disk1/home/adamx/malloc/lib64/libjemalloc.so' from LD_PRELOAD cannot be preloaded (cannot open shared object file): ignored.
Galois Benchmark Suite v2.2.1 (r0)
Copyright (C) 2014 The University of Texas at Austin
http://iss.ices.utexas.edu/galois/

application: Single Source Shortest Path
Computes the shortest path from a source node to all nodes in a directed graph using a modified chaotic iteration algorithm
http://iss.ices.utexas.edu/?p=projects/galois/benchmarks/single_source_shortest_path

INFO: CommandLine ./build/debug/apps/sssp/sssp -noverify -t 32 -delta 8 -wl klsm64 -startNode 0 /specific/disk1/home/mad/Galois-PQ/inputs/road/USA-road-d.USA.gr
INFO: Hostname rack-mad-04
Read 23947347 nodes
Running Asynchronous with CAS version
INFO: Using delta-step of 1
WARNING: Performance varies considerably due to delta parameter.
WARNING: Do not expect the default to be good for your graph.
Node 1 has distance 2025
STATTYPE,LOOP,CATEGORY,n,sum,T0,T1,T2,T3,T4,T5,T6,T7,T8,T9,T10,T11,T12,T13,T14,T15,T16,T17,T18,T19,T20,T21,T22,T23,T24,T25,T26,T27,T28,T29,T30,T31
STAT,(NULL),BadWork,32,1760486235,78667677,52135646,49994068,50683839,53954946,52146211,53278912,53273777,52820743,57010796,57950384,52978436,52869780,56216778,51970002,52781329,50767930,53263138,56408107,52693495,52217330,54394525,56486909,55056382,57387159,56617023,57928937,53795831,55920310,55998989,56126721,56690125
STAT,(NULL),BarrierTime,32,11630212,773164,544738,582849,575708,560599,558467,555671,500890,358511,323828,459114,458386,459506,323782,455595,417293,420868,422552,424324,383349,381802,246170,159170,158598,159093,159088,159052,158921,158985,158504,159072,12563
STAT,(NULL),ConflictTime,32,0,0,0,0,0,0,0,0,0,0,0,0,0,0,0,0,0,0,0,0,0,0,0,0,0,0,0,0,0,0,0,0,0
STAT,(NULL),Conflicts,32,0,0,0,0,0,0,0,0,0,0,0,0,0,0,0,0,0,0,0,0,0,0,0,0,0,0,0,0,0,0,0,0,0
STAT,(NULL),EmptyPopTime,32,11139080969,370491264,351738481,351415070,349580510,351271137,348830873,353856168,351991507,354375073,347231893,348017637,352552888,350719012,346344599,356293127,353829821,357145664,341576925,354372818,354628454,352904899,352667650,334018758,341754011,343749999,336875402,332443054,340918135,336983634,340965136,339597807,339939563
STAT,(NULL),EmptyWork,32,845834595,19270344,24745422,25006801,25219814,24967167,25277196,24957861,25057026,25191123,25287531,24948537,25043518,24995075,25180064,24809695,24641122,24946442,25152763,25211260,25303669,24877194,26088993,29840074,30113453,29954287,29865133,29940216,30072365,29899203,29805459,30094074,30071714
STAT,(NULL),GaloisTime,32,28367731642,784217063,902230980,898930857,905483781,902846736,906026513,903789720,900048676,902322589,903788056,905319465,904831477,902818676,907868911,893809487,899747001,895887526,907087068,908493843,900644865,893994871,899431635,861661255,862070688,864515666,868980043,862814655,866670495,856377255,862593303,867040649,865387837
STAT,(NULL),InitPushTime,32,1901470,30236,12128,98167,38702,36799,36596,36677,36386,36298,35455,35382,35573,35206,34669,35731,35561,35003,34769,33713,34417,34517,34269,109171,109553,108578,108313,108416,108350,108167,108203,108203,108262
STAT,(NULL),Iterations,32,26559511,622010,845334,845317,853688,848919,853794,847147,846792,847790,851984,850792,851836,849134,855825,841109,841418,842842,852290,853569,846325,841830,842855,809610,809688,812717,815555,813230,816239,808877,811524,815118,814353
STAT,(NULL),LoopTime,32,14496256384,14496256384,0,0,0,0,0,0,0,0,0,0,0,0,0,0,0,0,0,0,0,0,0,0,0,0,0,0,0,0,0,0,0
STAT,(NULL),MeminfoPost,32,2240,70,70,70,70,70,70,70,70,70,70,70,70,70,70,70,70,70,70,70,70,70,70,70,70,70,70,70,70,70,70,70,70
STAT,(NULL),MeminfoPre,32,2240,70,70,70,70,70,70,70,70,70,70,70,70,70,70,70,70,70,70,70,70,70,70,70,70,70,70,70,70,70,70,70,70
STAT,(NULL),NumaPost,32,12314,8761,2167,1189,197,0,0,0,0,0,0,0,0,0,0,0,0,0,0,0,0,0,0,0,0,0,0,0,0,0,0,0,0
STAT,(NULL),PopTime,32,267565016946,9229774220,8347619692,8348616108,8358971173,8344530360,8350488410,8361678556,8359822511,8350564406,8353428520,8342495862,8338993858,8351383468,8362456415,8353094845,8360920409,8369472504,8361157864,8353112497,8356200997,8350237090,8364616321,8287224356,8286881398,8302724496,8283151293,8288366938,8289954975,8292042385,8296689989,8273308772,8295036258
STAT,(NULL),PushTime,32,79850553880,2142189935,2545890082,2545859043,2520964795,2547153747,2529309044,2526325051,2536465012,2539804509,2537339900,2545555915,2541119349,2541134645,2518459912,2556191551,2534535882,2530002839,2526937304,2519298311,2535764321,2548091143,2533909594,2457972760,2452356078,2421005636,2441729276,2458442342,2433054753,2458259705,2438544144,2452604873,2434282429
STAT,(NULL),RusageSys,32,16000,16000,0,0,0,0,0,0,0,0,0,0,0,0,0,0,0,0,0,0,0,0,0,0,0,0,0,0,0,0,0,0,0
STAT,(NULL),RusageUser,32,208484000,208484000,0,0,0,0,0,0,0,0,0,0,0,0,0,0,0,0,0,0,0,0,0,0,0,0,0,0,0,0,0,0,0
STAT,(NULL),Threads,32,32,32,0,0,0,0,0,0,0,0,0,0,0,0,0,0,0,0,0,0,0,0,0,0,0,0,0,0,0,0,0,0,0
STAT,(NULL),Time,32,14524731128,14524731128,0,0,0,0,0,0,0,0,0,0,0,0,0,0,0,0,0,0,0,0,0,0,0,0,0,0,0,0,0,0,0
STAT,(NULL),TotalTime,32,23067393636,23067393636,0,0,0,0,0,0,0,0,0,0,0,0,0,0,0,0,0,0,0,0,0,0,0,0,0,0,0,0,0,0,0
STAT,(NULL),UserTime,32,70366935026,1770778698,2144499622,2146896518,2156504503,2145955165,2156792995,2146117447,2143340020,2144466485,2149648539,2150386444,2154183586,2145673309,2156414830,2132525665,2143049458,2139269461,2154812546,2156235665,2144182221,2146619151,2140010483,2346004496,2343545900,2354771808,2356120628,2344714810,2356051262,2343159525,2348124059,2354075610,2352004117
STAT,(NULL),Work,32,458138186043,14316843048,14316819910,14316819194,14316818827,14316818084,14316818627,14316818642,14316818509,14316818878,14316820721,14316817771,14316819610,14316819076,14316819133,14316818973,14316817677,14316819480,14316818757,14316818675,14316818860,14316819003,14316818994,14316814299,14316814610,14316814698,14316814594,14316814553,14316814776,14316814298,14316814768,14316814509,14316814489
STAT,(NULL),nBad,32,1826242,79648,54521,52512,52892,56490,54552,55521,56289,55138,59967,59716,55489,54400,57360,54044,54955,53520,55993,59036,55543,54897,56627,58613,56680,59032,58514,59743,54381,57842,56445,57554,58328
STAT,(NULL),nEmpty,32,1925471,43076,60870,61602,62415,61742,62809,61659,61699,62302,62690,61611,61933,61869,62390,60910,60517,61286,62215,62208,62323,60851,61224,58257,58700,58470,58535,58396,58853,58173,58240,58802,58844
STAT,(NULL),nEmptyPop,32,917168,21444,28398,28445,28647,28448,28926,28796,28422,28564,28691,28736,29116,28512,28656,28876,28449,28674,28421,28956,28552,28491,28491,29086,29245,29584,29363,29212,29677,29369,29670,29510,29741
STAT,(NULL),nOverall,32,60159583,1410337,1915693,1915451,1934854,1923281,1932345,1918814,1916385,1917286,1928194,1927337,1928508,1922036,1936538,1904434,1906257,1908945,1929341,1931075,1914318,1905774,1908311,1835063,1835587,1842373,1850363,1844096,1849615,1833221,1839762,1847593,1846396
STAT,(NULL),nPop,32,26559511,622010,845334,845317,853688,848919,853794,847147,846792,847790,851984,850792,851836,849134,855825,841109,841418,842842,852290,853569,846325,841830,842855,809610,809688,812717,815555,813230,816239,808877,811524,815118,814353
STAT,(NULL),nPush,32,26559508,621409,847114,846611,854891,849562,854435,847519,845667,846571,850349,851004,852382,848558,855387,840693,841695,843200,852429,852897,845320,841526,842775,808668,810037,813154,816239,813495,815606,808469,811665,815511,814670
STAT,(NULL),nPushInit,32,3,1,1,1,0,0,0,0,0,0,0,0,0,0,0,0,0,0,0,0,0,0,0,0,0,0,0,0,0,0,0,0,0
==== BENCHMARK TOOK 11.343
