==== BENCHMARK START ===
==== PARAMS kernel=4.9.5-64-net1 malloc=libc hostname=rack-mad-04 threads=176 delta=8 prog=sssp-klsm512  ===
ERROR: ld.so: object '/specific/disk1/home/adamx/malloc/lib64/libjemalloc.so' from LD_PRELOAD cannot be preloaded (cannot open shared object file): ignored.
Galois Benchmark Suite v2.2.1 (r0)
Copyright (C) 2014 The University of Texas at Austin
http://iss.ices.utexas.edu/galois/

application: Single Source Shortest Path
Computes the shortest path from a source node to all nodes in a directed graph using a modified chaotic iteration algorithm
http://iss.ices.utexas.edu/?p=projects/galois/benchmarks/single_source_shortest_path

INFO: CommandLine ./build/debug/apps/sssp/sssp -noverify -t 176 -delta 8 -wl klsm512 -startNode 0 /specific/disk1/home/mad/Galois-PQ/inputs/ljournal-2008.gr
INFO: Hostname rack-mad-04
Read 5363260 nodes
Running Asynchronous with CAS version
INFO: Using delta-step of 1
WARNING: Performance varies considerably due to delta parameter.
WARNING: Do not expect the default to be good for your graph.
Node 1 has distance 126
STATTYPE,LOOP,CATEGORY,n,sum,T0,T1,T2,T3,T4,T5,T6,T7,T8,T9,T10,T11,T12,T13,T14,T15,T16,T17,T18,T19,T20,T21,T22,T23,T24,T25,T26,T27,T28,T29,T30,T31,T32,T33,T34,T35,T36,T37,T38,T39,T40,T41,T42,T43,T44,T45,T46,T47,T48,T49,T50,T51,T52,T53,T54,T55,T56,T57,T58,T59,T60,T61,T62,T63,T64,T65,T66,T67,T68,T69,T70,T71,T72,T73,T74,T75,T76,T77,T78,T79,T80,T81,T82,T83,T84,T85,T86,T87,T88,T89,T90,T91,T92,T93,T94,T95,T96,T97,T98,T99,T100,T101,T102,T103,T104,T105,T106,T107,T108,T109,T110,T111,T112,T113,T114,T115,T116,T117,T118,T119,T120,T121,T122,T123,T124,T125,T126,T127,T128,T129,T130,T131,T132,T133,T134,T135,T136,T137,T138,T139,T140,T141,T142,T143,T144,T145,T146,T147,T148,T149,T150,T151,T152,T153,T154,T155,T156,T157,T158,T159,T160,T161,T162,T163,T164,T165,T166,T167,T168,T169,T170,T171,T172,T173,T174,T175
STAT,(NULL),BadWork,176,377141155,4749576,2257555,2319614,2233819,2226646,2106105,2434031,1856011,1563323,1825387,1159914,2863933,1972638,2240685,1936807,2317317,2354581,1601807,3120228,1820003,2431347,1205631,799562,2753239,2355027,2074175,1239807,2515518,1838676,1869395,2754380,940415,1257171,3425172,3001685,5421118,1653661,1885131,1495687,2966135,1563174,6113754,1843828,567186,1727168,1701788,1381936,1290941,2911584,3957884,2974569,3454541,1419615,2320473,1479996,1260457,2258368,1032897,1582016,2854227,511920,1406002,2407170,2457604,2780107,2058377,1554409,1525408,1092070,2655163,1519629,2418645,1849519,980841,2594592,1100620,2363668,3704167,1932066,1968654,383932,1580856,610947,1124848,2402981,3213119,1874405,2483071,5142289,4149142,3201038,2548354,3604263,3815737,2184059,2690924,1334832,1042918,1512410,1803162,2263405,2557930,2599459,3904924,2661939,2649483,4539822,1412712,821641,1374764,3171527,2885355,1574821,3589507,2370837,1984415,1676658,990590,2465529,1805014,2199497,2321189,2867992,3535403,1328612,2616833,1574871,4489247,2438040,3449576,1986891,1382737,1750378,1505996,2112380,1864326,1257737,948385,1799098,3466852,2063941,1873713,2847871,1260416,585481,1535111,1690640,2046715,3899413,1871504,1052646,2856525,1738330,1463200,1547996,1601096,734441,2942244,2238760,2425831,678485,635981,2249132,957760,1898542,3675961,1209681,2879882,350455,2416897,1090126,1960512,2044889,3500147,1914724,1082503
STAT,(NULL),BarrierTime,176,311906521,3686784,4379885,677357,671950,571946,641824,585755,585321,568599,693440,531824,4263836,456783,457688,558269,1692142,458838,439878,475185,4193612,477551,1096065,283049,4033890,354981,3968031,4033484,384281,4032926,4033845,4033112,4028931,241633,4027252,398554,4031040,4029415,354506,4029997,384680,387169,4033560,3996348,4034710,293920,3977235,3976340,310511,3958623,238456,359852,3977206,332382,199891,3959698,3973534,3951789,3977577,3977157,3976522,3976886,3976696,249212,137705,3865154,3882811,3827499,3827975,142123,143425,128741,65299,3822735,135442,55588,24902,165352,3334741,3808243,3786409,32991,3827845,223089,3829563,75811,3831450,31698,3830073,4058932,352325,357483,269147,207880,296040,253719,4003056,3989352,3994697,249413,369008,210165,218410,312303,303093,282510,261714,317604,304477,325079,300856,228369,329111,3986838,328943,3992677,232049,3992212,3997266,277324,3996569,202178,319673,3996157,324955,326996,307674,344615,184690,297719,3949841,274136,279942,268003,3890019,3888796,3886629,202402,155523,3885880,3891078,3891651,114483,204634,232433,178085,231697,3894167,3892215,3892495,294808,165477,146226,182764,3891332,3890687,3890031,186946,258956,3880725,125588,189877,3890482,124589,86971,3890738,227355,178452,221833,95899,181557,3886772,231266,134222,3890207,84289,3891008
STAT,(NULL),ConflictTime,176,0,0,0,0,0,0,0,0,0,0,0,0,0,0,0,0,0,0,0,0,0,0,0,0,0,0,0,0,0,0,0,0,0,0,0,0,0,0,0,0,0,0,0,0,0,0,0,0,0,0,0,0,0,0,0,0,0,0,0,0,0,0,0,0,0,0,0,0,0,0,0,0,0,0,0,0,0,0,0,0,0,0,0,0,0,0,0,0,0,0,0,0,0,0,0,0,0,0,0,0,0,0,0,0,0,0,0,0,0,0,0,0,0,0,0,0,0,0,0,0,0,0,0,0,0,0,0,0,0,0,0,0,0,0,0,0,0,0,0,0,0,0,0,0,0,0,0,0,0,0,0,0,0,0,0,0,0,0,0,0,0,0,0,0,0,0,0,0,0,0,0,0,0,0,0,0,0
STAT,(NULL),Conflicts,176,0,0,0,0,0,0,0,0,0,0,0,0,0,0,0,0,0,0,0,0,0,0,0,0,0,0,0,0,0,0,0,0,0,0,0,0,0,0,0,0,0,0,0,0,0,0,0,0,0,0,0,0,0,0,0,0,0,0,0,0,0,0,0,0,0,0,0,0,0,0,0,0,0,0,0,0,0,0,0,0,0,0,0,0,0,0,0,0,0,0,0,0,0,0,0,0,0,0,0,0,0,0,0,0,0,0,0,0,0,0,0,0,0,0,0,0,0,0,0,0,0,0,0,0,0,0,0,0,0,0,0,0,0,0,0,0,0,0,0,0,0,0,0,0,0,0,0,0,0,0,0,0,0,0,0,0,0,0,0,0,0,0,0,0,0,0,0,0,0,0,0,0,0,0,0,0,0
STAT,(NULL),EmptyPopTime,176,1136392725347,2444767200,7081692601,19901146709,1287246153,20697559772,13955782083,3174488593,8673049013,204150683,1530042543,1660847619,10180724942,14940422429,3485780167,806766249,6168583301,5336696444,8779325307,1855344914,4806943677,1015691017,3836730778,3277143245,17579866596,9290576474,427607469,7366696964,172631458,8222330683,8851364100,818065068,8704647464,9434029248,73414546,4090627096,426281650,13724455419,5791028523,678469224,8286331460,8461354358,1583209522,13976482065,5521335435,12047215780,15447988337,9221968759,2176556530,20524138560,10364211908,11099890214,6830840540,10241673722,20405961885,16661226865,8124320882,353066131,990743800,4428528129,11062895173,5178865267,4697263484,1560499848,531539683,14828953449,6116445050,3995510704,7593463173,10325734606,442424955,11110317604,6724039852,6130834305,9035960458,9319392154,5791804037,4428379494,1461428309,170591032,858750480,5548364802,5676597379,11087878075,4677291788,6091406327,3738305143,6892316154,599113116,235732849,3974643409,10084210798,1345306172,17967586239,8831885506,1153794988,6726276102,3861236610,9147026503,8154734395,4082697343,17755698577,1654332131,3686628488,9978007183,2923406900,8141586811,1521178639,9021042775,9269090923,1651865510,2450888956,26569933713,4571693654,59087365,6835867782,1489724653,1063829043,251247584,756746885,5771503249,6194776414,943026203,3499575646,5394643085,16307226754,3534865146,9615524485,9576314565,7579502191,1440491366,12918425576,12571974874,3450673167,1851513580,9089168764,1744650269,14009638608,8993415620,15904846819,7123250267,2694236981,8142952010,19469705709,5045606132,1270016967,11648400328,1453063401,12223175187,7144504007,961814972,1932275235,1514687488,15650100302,13470585897,2403284523,11492773955,11760682324,7506386953,11241763646,1250661298,1452808515,1221976882,3969553129,2648527351,1002981115,1651793665,3622144976,599950608,5422351071,8153054321,4411377349,5254699794,4248033359,2755447371,1011442846,4781482342
STAT,(NULL),EmptyWork,176,2853198909,26916347,9063555,10536678,21760981,13261611,19775038,11124252,10369519,12030446,15258303,14084121,15586817,13006256,23801863,10157220,9405907,10612701,13798573,17720457,9286116,10344487,7445520,15943982,11680819,13622647,25996860,17200245,27567059,11844929,11473007,26051389,16069339,23324728,31515805,22044353,28327373,9801301,11454904,11449020,25170651,23575027,37888443,11241566,10153677,11747240,12877497,12160370,13983860,13804328,16066977,13320035,11893515,16532653,11543693,14693210,16297921,15827239,14909398,13191182,12371616,10860746,13609885,14153265,14794630,10572200,9735650,11691948,10861380,14676425,20192114,15848852,23297792,11667853,11164274,24834466,16868492,18521709,26881427,16384488,26472601,11717921,11664463,11597841,18853249,18943183,31940970,11825254,12962876,28720584,11982146,10556479,28993163,12109008,21859536,8677930,11171781,10409117,15269115,13851910,15848847,13490020,22972290,10315562,11147259,10065933,16650623,16970879,11194672,10147488,10896606,13344363,13857418,13867265,28097858,20017120,29457971,9645729,12084142,26086538,18185395,23377515,30805712,21856441,30347606,12501989,12966754,12704173,26061175,23101914,42528639,9969877,12430123,12035930,11230609,11881539,13609996,13104893,15503793,10695055,12663135,13572692,13855265,13187079,13890254,15230517,16255894,9694302,13072911,11808086,15643885,12428113,16470990,10464444,11262535,13741279,13167619,12867321,20651239,17974469,25435458,11675075,13129178,26143393,18091931,19356441,28355577,17703529,23591039,12480545,12750000,12615675,21057661,17851230,32596865,12085195,13159028
STAT,(NULL),GaloisTime,176,7450741907,87801981,20866211,24422722,63832102,30132803,51731603,24466430,23306121,26128786,34286539,31469074,38381171,29352920,72384000,22305598,19365648,23698405,38362515,43360397,20732686,22555745,16594495,33769376,26906711,30152677,80458847,43887940,94845688,25966697,26593963,88592779,38146865,65854890,101971658,60184091,100057455,22923362,24294537,25098959,73086714,68089953,140611867,23934727,22740127,26546509,25630067,26342646,31754038,32280986,38935930,29426834,25120664,39683840,24725497,31598168,38965933,32722876,33987547,25009409,24411952,21508078,30821512,32448640,39743064,22409354,21689863,26518389,24941653,30023701,56109126,38050456,73644608,26149401,24998728,79874285,38397497,44379358,89270381,38145925,78168164,24913537,25673282,26258074,48383095,47223330,116527219,24896514,27034603,95547517,27349390,25077274,99908358,28320554,57793667,20459863,24408183,23415868,35082894,31446714,41299731,30382062,73679711,22358879,22784300,21603372,41043489,43103947,23113963,22182009,21900830,30496853,28200604,31635940,83057918,49309457,99012971,23481636,27542272,90183125,41388739,68129466,103327072,59988560,103812089,26936862,27573411,26476723,75288351,66965898,150735321,24149135,25902739,26347716,22734854,24957343,31910640,31015002,37253056,24263260,29766057,32986760,29015764,30219858,37214654,35668312,37851261,20692560,25018254,22876202,36555528,30827298,44793319,22815018,23394968,29869823,29394831,29613049,57538646,41260466,77002489,24866527,27480470,83178742,40749470,47952801,93785173,40191548,72503170,24528470,27464681,26907688,53047903,46974379,119256937,25600244,28486431
STAT,(NULL),InitPushTime,176,10143107,4520,154319,109856,36274,36214,36101,36204,36338,35701,35091,34999,35036,35057,35740,35877,35877,35352,33877,33458,34645,34857,34654,105424,105541,104808,104324,104412,104280,104398,104397,104360,69879,61372,68354,59898,68075,66286,70693,66168,54839,54868,54743,54898,54824,108995,59672,59826,57919,58337,58344,57332,55858,56180,55718,55792,53401,54648,53871,53446,53563,52536,52521,52763,81268,81517,82089,143616,142334,143364,142729,142396,142011,142004,142714,142248,142576,142442,140764,142425,142601,142461,142334,142043,141849,141285,140467,141565,141466,40528,58778,58620,30448,28618,31352,29926,31021,29735,29483,29495,29455,26136,28248,28090,28142,25438,26063,25307,27568,25104,26606,41888,41324,40729,40817,39108,39211,38339,37789,36887,37415,35208,35816,34445,33975,34474,33880,33198,32333,31254,31277,31006,30617,30719,27470,27339,26312,26136,26407,24699,24361,23628,22675,22338,21817,21076,20306,20533,19976,18898,19074,17424,19624,17285,18275,52383,55970,49074,54387,52499,56284,48749,55909,50028,50916,46593,53935,50824,52191,44968,49863,47773,48321,43268,10318,8140,9013
STAT,(NULL),Iterations,176,9494853,97564,29697,33775,74834,42445,66664,35734,33268,37934,49412,45101,51358,40863,84463,31451,29620,32781,46684,57558,29595,31991,23169,46387,36999,42173,92328,56311,102638,37839,37047,98204,51976,80582,114325,76097,107032,30476,34870,35709,88617,81888,145028,35372,32020,34653,38612,38450,45315,44627,52399,42597,37130,53891,36483,45950,53205,50703,46947,39594,35954,32731,42858,45705,49629,31843,29538,33957,34588,45417,69035,51544,84687,36799,36319,90039,53799,60646,97090,52265,92446,36176,35753,37088,62165,62775,121302,35318,40365,105402,39124,33888,106987,38560,73611,28854,35204,32182,48832,44386,52698,43134,81581,30768,34357,31492,54414,55169,34948,31271,34144,38187,43079,42856,99382,65829,109133,30852,38657,98187,59019,80762,112365,74511,113081,40167,39719,39208,91298,80526,161076,31936,39686,35070,33756,36365,43370,42497,50883,33413,39365,43185,44814,42841,46346,48957,52819,29729,37423,35227,50365,39909,55994,31938,33509,39650,41803,40689,68871,57939,90084,35887,40849,92155,56986,62413,102676,57055,82109,37565,38958,39420,70426,59618,123684,38217,41236
STAT,(NULL),LoopTime,176,259690553984,259690553984,0,0,0,0,0,0,0,0,0,0,0,0,0,0,0,0,0,0,0,0,0,0,0,0,0,0,0,0,0,0,0,0,0,0,0,0,0,0,0,0,0,0,0,0,0,0,0,0,0,0,0,0,0,0,0,0,0,0,0,0,0,0,0,0,0,0,0,0,0,0,0,0,0,0,0,0,0,0,0,0,0,0,0,0,0,0,0,0,0,0,0,0,0,0,0,0,0,0,0,0,0,0,0,0,0,0,0,0,0,0,0,0,0,0,0,0,0,0,0,0,0,0,0,0,0,0,0,0,0,0,0,0,0,0,0,0,0,0,0,0,0,0,0,0,0,0,0,0,0,0,0,0,0,0,0,0,0,0,0,0,0,0,0,0,0,0,0,0,0,0,0,0,0,0,0
STAT,(NULL),MeminfoPost,176,1408,8,8,8,8,8,8,8,8,8,8,8,8,8,8,8,8,8,8,8,8,8,8,8,8,8,8,8,8,8,8,8,8,8,8,8,8,8,8,8,8,8,8,8,8,8,8,8,8,8,8,8,8,8,8,8,8,8,8,8,8,8,8,8,8,8,8,8,8,8,8,8,8,8,8,8,8,8,8,8,8,8,8,8,8,8,8,8,8,8,8,8,8,8,8,8,8,8,8,8,8,8,8,8,8,8,8,8,8,8,8,8,8,8,8,8,8,8,8,8,8,8,8,8,8,8,8,8,8,8,8,8,8,8,8,8,8,8,8,8,8,8,8,8,8,8,8,8,8,8,8,8,8,8,8,8,8,8,8,8,8,8,8,8,8,8,8,8,8,8,8,8,8,8,8,8,8
STAT,(NULL),MeminfoPre,176,1408,8,8,8,8,8,8,8,8,8,8,8,8,8,8,8,8,8,8,8,8,8,8,8,8,8,8,8,8,8,8,8,8,8,8,8,8,8,8,8,8,8,8,8,8,8,8,8,8,8,8,8,8,8,8,8,8,8,8,8,8,8,8,8,8,8,8,8,8,8,8,8,8,8,8,8,8,8,8,8,8,8,8,8,8,8,8,8,8,8,8,8,8,8,8,8,8,8,8,8,8,8,8,8,8,8,8,8,8,8,8,8,8,8,8,8,8,8,8,8,8,8,8,8,8,8,8,8,8,8,8,8,8,8,8,8,8,8,8,8,8,8,8,8,8,8,8,8,8,8,8,8,8,8,8,8,8,8,8,8,8,8,8,8,8,8,8,8,8,8,8,8,8,8,8,8,8
STAT,(NULL),NumaPost,176,82913,23338,25317,14246,20012,0,0,0,0,0,0,0,0,0,0,0,0,0,0,0,0,0,0,0,0,0,0,0,0,0,0,0,0,0,0,0,0,0,0,0,0,0,0,0,0,0,0,0,0,0,0,0,0,0,0,0,0,0,0,0,0,0,0,0,0,0,0,0,0,0,0,0,0,0,0,0,0,0,0,0,0,0,0,0,0,0,0,0,0,0,0,0,0,0,0,0,0,0,0,0,0,0,0,0,0,0,0,0,0,0,0,0,0,0,0,0,0,0,0,0,0,0,0,0,0,0,0,0,0,0,0,0,0,0,0,0,0,0,0,0,0,0,0,0,0,0,0,0,0,0,0,0,0,0,0,0,0,0,0,0,0,0,0,0,0,0,0,0,0,0,0,0,0,0,0,0,0
STAT,(NULL),PopTime,176,21926488589226,137823258428,118514166418,117893050376,152645735067,99339087471,129770301803,127743494972,122009283787,137819165599,134858636908,108899938677,140006457848,122198645625,147685624644,129358644029,117182565728,117574169895,132642020932,146302474905,127437591069,123343497124,129704668771,126904356675,117280118475,134497111515,142020437288,117038673749,143742616099,128937196669,121156089986,143777955071,119778936068,124455362798,146866668857,124572010905,148737759441,129564206038,106546522116,119060388395,126210784684,126476295050,152244923455,113300739466,113993358811,107096661043,92268448408,125762800009,126863797582,94696763648,125175386560,117176115202,104288648678,131291214286,108779769380,105233894776,143634201370,117763408818,115915961659,92359867962,119904513689,123394833077,116502110763,125293739124,156554527791,101298694265,97781821314,129867355364,123157243316,133245523377,137383766367,129229378868,135479054856,109358165484,117334010910,137837060719,104116784684,111918922998,149882727953,144916430601,136931236071,123011773448,109214537114,123970043431,126002761897,103140088957,149130028142,120716765029,130660333884,142130875010,130237233127,126387466948,151573585810,101405886976,137235417608,125972108155,121212628312,127391187688,128441805840,103577344294,145722081303,117743456169,149586700934,128102390805,118580739452,116744976108,133207380628,147534583151,124524942432,116315911764,120797127457,131486694905,104559597816,134307909419,141786065244,120112351960,143263874183,133872034159,128763816599,142399310551,123379375859,127060104344,148172486190,125724110694,144270595824,121167568344,103105116816,110739133302,125779705447,126169734825,153795575504,112012824404,99448983613,106522156637,96369303581,122059117665,127609910736,101152612180,127067936480,89369717162,117969934490,138988414950,122066997059,101204159106,146540000678,116278019024,107153964145,107461644514,78776881056,125769809280,121141669082,124862129251,155204153992,85165560864,109358567038,128735679304,117267044769,129083134886,128660155136,130307490211,141309063611,107993226604,128122245300,144047589513,105927669697,115427626851,148943146591,142493173197,137594932376,130571172606,106643013119,119104945238,125744933711,103822454311,152548903149,135321945661,119467419881
STAT,(NULL),PushTime,176,22567174720181,118363357217,133884241116,121639750389,105028306156,139348674953,115408405021,128528602810,128765586091,121400963055,122959865463,148810994151,109084932768,122249243013,107680186265,129310798824,136153477466,136544173688,117770977480,111092985390,127245108120,135109705833,125976555833,129242442355,124618229525,115636290174,116376140529,134894116113,114674353492,122323638878,129467797116,114070941083,130875866175,125141276883,111600761139,130436039697,109380587904,116193178482,147158677504,139741989043,124450341085,124064537504,104144545262,132227830706,139991696280,140335829359,151754712859,124461887084,130347149048,144177564936,123766363367,131154844386,148326996863,117785410130,130274944434,137515390060,107552115401,141277449622,142445485683,162683103854,128501755293,130935278580,138218918562,132539356079,102163090078,143359395788,155616951371,125621286326,128734081881,115837202701,121312397131,119013390922,116675044169,143989070391,133117593873,111645746303,149467698357,142936422856,107321393245,114274138553,121088935706,130941981890,144581810046,124416267357,128560426258,150047015608,105400839461,131873746030,128209235641,116147284526,125209257824,122953860121,105579103437,140014155578,113007398838,132348426346,131501928847,128186939863,121754129059,147646867307,109446411107,123865155309,107577611607,127675038300,130922241909,139814574553,117854994215,110178525092,125928743697,133889549573,137028564278,125494915589,128334322503,120523088612,116954196837,132298498048,113796799405,124557754757,130445938525,115482622965,130182404275,125744735566,109392304803,129865994715,108826311686,121990026389,152819944954,139121478631,123559823535,125253252752,102648701554,134564717274,147466207063,149489573318,161270914216,128308074931,130021898999,144227829733,123238969829,154192359243,134316365128,117660547290,129213063711,138744318094,107709376912,141832985003,140517655923,150585957365,168460923248,126582580210,137278367863,132594500690,102492401825,158687656945,136667580253,128315084657,130689760772,118580852507,122952408409,117780250411,116280021589,150047016953,130123630273,110738183291,150778299394,142831745951,108013855708,113228008841,120710868266,123488105261,144668584412,135963185075,128220076969,151196619173,102926703078,123154691289,135210179776
STAT,(NULL),RusageSys,176,640820000,640820000,0,0,0,0,0,0,0,0,0,0,0,0,0,0,0,0,0,0,0,0,0,0,0,0,0,0,0,0,0,0,0,0,0,0,0,0,0,0,0,0,0,0,0,0,0,0,0,0,0,0,0,0,0,0,0,0,0,0,0,0,0,0,0,0,0,0,0,0,0,0,0,0,0,0,0,0,0,0,0,0,0,0,0,0,0,0,0,0,0,0,0,0,0,0,0,0,0,0,0,0,0,0,0,0,0,0,0,0,0,0,0,0,0,0,0,0,0,0,0,0,0,0,0,0,0,0,0,0,0,0,0,0,0,0,0,0,0,0,0,0,0,0,0,0,0,0,0,0,0,0,0,0,0,0,0,0,0,0,0,0,0,0,0,0,0,0,0,0,0,0,0,0,0,0,0
STAT,(NULL),RusageUser,176,20111380000,20111380000,0,0,0,0,0,0,0,0,0,0,0,0,0,0,0,0,0,0,0,0,0,0,0,0,0,0,0,0,0,0,0,0,0,0,0,0,0,0,0,0,0,0,0,0,0,0,0,0,0,0,0,0,0,0,0,0,0,0,0,0,0,0,0,0,0,0,0,0,0,0,0,0,0,0,0,0,0,0,0,0,0,0,0,0,0,0,0,0,0,0,0,0,0,0,0,0,0,0,0,0,0,0,0,0,0,0,0,0,0,0,0,0,0,0,0,0,0,0,0,0,0,0,0,0,0,0,0,0,0,0,0,0,0,0,0,0,0,0,0,0,0,0,0,0,0,0,0,0,0,0,0,0,0,0,0,0,0,0,0,0,0,0,0,0,0,0,0,0,0,0,0,0,0,0,0
STAT,(NULL),Threads,176,176,176,0,0,0,0,0,0,0,0,0,0,0,0,0,0,0,0,0,0,0,0,0,0,0,0,0,0,0,0,0,0,0,0,0,0,0,0,0,0,0,0,0,0,0,0,0,0,0,0,0,0,0,0,0,0,0,0,0,0,0,0,0,0,0,0,0,0,0,0,0,0,0,0,0,0,0,0,0,0,0,0,0,0,0,0,0,0,0,0,0,0,0,0,0,0,0,0,0,0,0,0,0,0,0,0,0,0,0,0,0,0,0,0,0,0,0,0,0,0,0,0,0,0,0,0,0,0,0,0,0,0,0,0,0,0,0,0,0,0,0,0,0,0,0,0,0,0,0,0,0,0,0,0,0,0,0,0,0,0,0,0,0,0,0,0,0,0,0,0,0,0,0,0,0,0,0
STAT,(NULL),Time,176,266535561613,266535561613,0,0,0,0,0,0,0,0,0,0,0,0,0,0,0,0,0,0,0,0,0,0,0,0,0,0,0,0,0,0,0,0,0,0,0,0,0,0,0,0,0,0,0,0,0,0,0,0,0,0,0,0,0,0,0,0,0,0,0,0,0,0,0,0,0,0,0,0,0,0,0,0,0,0,0,0,0,0,0,0,0,0,0,0,0,0,0,0,0,0,0,0,0,0,0,0,0,0,0,0,0,0,0,0,0,0,0,0,0,0,0,0,0,0,0,0,0,0,0,0,0,0,0,0,0,0,0,0,0,0,0,0,0,0,0,0,0,0,0,0,0,0,0,0,0,0,0,0,0,0,0,0,0,0,0,0,0,0,0,0,0,0,0,0,0,0,0,0,0,0,0,0,0,0,0
STAT,(NULL),TotalTime,176,273873549704,273873549704,0,0,0,0,0,0,0,0,0,0,0,0,0,0,0,0,0,0,0,0,0,0,0,0,0,0,0,0,0,0,0,0,0,0,0,0,0,0,0,0,0,0,0,0,0,0,0,0,0,0,0,0,0,0,0,0,0,0,0,0,0,0,0,0,0,0,0,0,0,0,0,0,0,0,0,0,0,0,0,0,0,0,0,0,0,0,0,0,0,0,0,0,0,0,0,0,0,0,0,0,0,0,0,0,0,0,0,0,0,0,0,0,0,0,0,0,0,0,0,0,0,0,0,0,0,0,0,0,0,0,0,0,0,0,0,0,0,0,0,0,0,0,0,0,0,0,0,0,0,0,0,0,0,0,0,0,0,0,0,0,0,0,0,0,0,0,0,0,0,0,0,0,0,0,0
STAT,(NULL),UserTime,176,61856317267,925578542,161652867,202776099,624802619,242964401,465687398,189504402,190088241,209242595,273592018,254349826,345597786,241013066,723906035,163008814,138283144,182330288,427196064,359796266,152019920,169886910,129684888,198025929,154879459,203927295,741041065,311106852,959667974,150703959,158363066,890076157,258014939,551832951,997349484,490775730,998667504,157116471,139703899,154286945,625966939,577829341,1520503429,131453025,132397434,153685873,162028794,186527938,238445620,227133531,310721500,198089300,188185990,297170035,174741319,214883287,305784337,229211225,270597939,161983691,165737997,130340676,208962384,231489947,367989144,151661064,125042850,149321869,151093523,218524156,456794716,264698245,696603505,155797393,147956528,764777081,240131442,325058664,889983210,255994342,688121594,132932919,161402669,159639847,363968211,327007411,1254043607,152136054,163004334,1033522889,211216821,210511153,1044786132,243622628,517327810,168214192,195269663,198491836,278368354,247438867,363343007,263499897,756386277,174948684,156760569,157054549,410025117,377320024,162644049,164799338,161325188,195340732,165769552,223486352,761176856,355637478,992812592,144936545,171052122,916731310,278823312,580558193,1029731510,500155409,1045971024,167420763,171214378,156364266,654488060,579123670,1593649192,141594858,146183341,170898997,145988045,178486573,249706047,237485555,318607461,169803965,219706239,281925984,205802396,210096505,325597226,239766091,297557477,140632173,172615048,140108636,237635242,239526300,399176782,135088550,140294213,174024947,179542992,204534900,474544002,282945686,729500555,142091153,163222671,807036952,258346936,342021917,940747845,270462829,669838598,153046579,166818420,152653615,377868494,339752364,1288777130,145919825,170956996
STAT,(NULL),Work,176,45702559878803,259672742191,259671809798,259675537861,259675512512,259675609383,259675525838,259675579399,259675521657,259675536842,259675413375,259675572974,259671800814,259675610808,259675605585,259675501164,259671801563,259675537326,259675559267,259675528986,259671802358,259671813602,259671801658,259671788185,259671782884,259675471316,259671844323,259671783203,259675443308,259671783376,259671783123,259671789640,259671782526,259675582821,259671794458,259675429257,259671782380,259671782456,259671783185,259671784920,259675442186,259675438008,259671783610,259671829772,259671782719,259675480799,259671791286,259671796311,259675467334,259671790015,259675539557,259672026373,259671790184,259675442752,259675575443,259671809174,259671799998,259671820080,259671790843,259671788601,259671790139,259671796633,259671785903,259675524488,259675541616,259671797364,259671786418,259671790488,259671795645,259675486999,259671789997,259675504462,259675565990,259671793240,259671791946,259675578315,259675601824,259675466573,259672299997,259671814004,259671844433,259673927033,259671790034,259675408375,259671800704,259675556638,259671792106,259671811352,259671791793,259671789500,259675511524,259675505389,259675551371,259675610658,259675525850,259671802495,259671808379,259671825211,259671824322,259675572977,259675453609,259675609679,259675605582,259675506205,259671801554,259675537344,259675564140,259675505296,259671802367,259675494503,259671801664,259675549798,259675457296,259671788151,259675459676,259671783186,259675559057,259671783342,259671783095,259675509555,259671782505,259675583670,259675472293,259671783521,259675469771,259675462926,259675484259,259675449585,259675559833,259675437983,259671783591,259675465142,259671782773,259671795553,259671789347,259671796351,259671801889,259675486840,259675535345,259671785885,259671789107,259671784064,259675573880,259675486091,259675459347,259675511149,259675460055,259671788783,259671790139,259671796624,259675439384,259675526078,259675541628,259675506400,259671785502,259671790476,259671795648,259675506189,259675434086,259671811848,259675565981,259671793246,259671791971,259675567267,259675603174,259671795532,259675466228,259675515639,259675470740,259671813810,259671790040,259671803698,259675462247,259675556653,259671792433,259675604172,259671791781
STAT,(NULL),nBad,176,398602,5079,2063,1911,2255,2113,1659,2600,2082,1573,1686,1071,2942,1690,2207,2378,2268,1904,1640,3098,1937,2425,1483,1252,2714,2283,2565,1610,2685,1848,1938,3450,1304,1182,3418,5389,5306,2227,2383,1916,3211,1518,6313,2135,638,2098,2012,1514,1447,2340,4442,3509,3203,1544,2226,1332,1339,2348,992,1814,2813,893,1869,2311,2371,2623,2484,1974,1583,1168,2972,1674,2787,1748,1164,2955,1253,4870,3495,1735,2214,345,1721,821,1157,2316,3431,2136,2608,5442,3968,3026,2718,4187,3900,2400,2640,1270,1264,1471,1496,1817,2490,2677,3292,2679,2760,3845,2010,942,1577,2474,3280,1599,4258,2594,1985,1646,1230,2921,1895,2221,2598,3090,3131,1754,3304,1844,5366,2875,3434,2443,1539,1422,1201,2165,1749,1616,1133,1806,3213,1996,2475,2500,1608,645,1652,1861,2165,3820,1726,953,2912,2066,1622,1967,1796,745,2835,2319,2557,684,834,2540,1060,1732,3530,1337,3011,434,2646,1465,1843,1928,3278,2043,1360
STAT,(NULL),nEmpty,176,4673468,40982,16016,17266,33253,22460,31563,18939,16924,19915,25226,23080,25784,21130,37178,16655,15902,17438,22302,28204,15667,17120,12083,24878,20329,22886,41624,28182,43465,20985,20188,41608,26834,37920,48704,35717,43865,16075,18840,19681,40155,38380,57954,19343,16607,18609,22108,21513,23822,24584,27106,23423,21107,27899,19132,25421,27543,28090,25534,22959,20705,19150,23981,24536,23726,16598,15803,18882,19246,25326,33054,26093,37367,20990,19313,39229,28093,29785,42476,27442,42368,20258,19941,19596,31330,30952,49097,20082,22343,43772,20042,17381,43538,19865,34710,15137,18710,16788,25505,22967,25345,22211,34894,15986,18559,17076,26396,26815,18572,16436,18374,19994,23158,22832,44946,33207,46657,16381,20980,41662,30698,37632,47847,35945,47663,21260,21052,20752,41764,37700,64683,16607,21307,18209,19522,20738,23200,21671,26098,18789,21855,22788,24327,22343,21865,25691,27538,16509,21617,20574,26693,20240,27346,17262,18949,21862,23149,21598,31443,31217,41399,20903,22371,41088,29896,31700,44742,29223,37001,21536,21022,22566,34831,28519,50675,20779,22399
STAT,(NULL),nEmptyPop,176,857239,1142,1067,1305,858,3203,2070,945,973,909,1244,804,890,719,1453,757,609,777,1468,859,567,717,1095,7168,7382,7412,7457,7091,6999,6584,6893,7244,7526,6718,6474,7782,6534,6834,6671,6779,7681,7048,6683,7457,6686,6471,2336,2667,2960,7075,6449,6503,2938,6506,2476,6748,6847,2955,2592,2265,2026,2191,7134,7042,3017,2384,6926,6619,6499,1058,6885,6765,7325,7546,6852,6865,6764,1917,7169,6737,7624,6890,6770,7083,8419,7429,7936,6745,6621,844,985,1516,887,3410,1985,926,1324,1191,1349,1443,1211,1200,891,965,691,525,1118,1425,945,636,660,6584,7218,7179,6884,7016,6956,7086,6872,6573,7017,7092,6670,7626,6510,7349,6482,6731,7545,7169,6473,7414,6816,2530,2221,2754,2341,6963,2779,6693,6605,2878,2546,7164,7108,7169,2859,2131,2130,1953,6561,6888,7142,6371,7081,6613,6909,7102,7582,6630,7616,7438,6761,6730,6583,7244,6901,7603,7535,1395,6640,7152,8723,7938,8013,6603,6712
STAT,(NULL),nOverall,176,78278360,1251140,179761,230377,814158,282304,594044,206596,217536,236624,317780,294552,424355,277783,965283,171722,146426,196331,551184,440011,173254,176580,138240,214759,171947,236046,1023593,391162,1349300,163166,177446,1247280,318800,739012,1393052,648888,1406747,176755,141023,164382,843745,779627,2160088,132096,134772,157331,170863,205884,283994,260503,381740,217677,206790,354071,192556,243765,375906,257875,318987,166621,170603,129344,239367,269536,459385,150171,123349,159117,166170,246958,589813,320794,941077,169681,160963,1040938,280431,404053,1226958,304896,923384,136245,172543,174119,458894,400587,1752762,159994,165755,1400975,237194,240956,1419593,288686,654391,188643,222432,222889,330639,289490,449708,308268,1010880,185715,170854,169887,514388,464263,184414,173987,169060,222084,182768,265465,1043526,444797,1388302,159177,194074,1286487,337464,784487,1445424,660878,1462558,188253,179374,163126,891144,786182,2249643,154138,152901,185417,153154,200187,302117,277371,393536,182942,247070,346329,222502,241081,406465,271090,359743,151336,174594,136277,271828,279367,498452,137037,139016,188559,203756,232073,610336,342494,980064,151387,174926,1104372,294415,427049,1298200,321866,908291,163631,178936,163461,467718,423686,1804246,153197,177045
STAT,(NULL),nPop,176,9494853,97564,29697,33775,74834,42445,66664,35734,33268,37934,49412,45101,51358,40863,84463,31451,29620,32781,46684,57558,29595,31991,23169,46387,36999,42173,92328,56311,102638,37839,37047,98204,51976,80582,114325,76097,107032,30476,34870,35709,88617,81888,145028,35372,32020,34653,38612,38450,45315,44627,52399,42597,37130,53891,36483,45950,53205,50703,46947,39594,35954,32731,42858,45705,49629,31843,29538,33957,34588,45417,69035,51544,84687,36799,36319,90039,53799,60646,97090,52265,92446,36176,35753,37088,62165,62775,121302,35318,40365,105402,39124,33888,106987,38560,73611,28854,35204,32182,48832,44386,52698,43134,81581,30768,34357,31492,54414,55169,34948,31271,34144,38187,43079,42856,99382,65829,109133,30852,38657,98187,59019,80762,112365,74511,113081,40167,39719,39208,91298,80526,161076,31936,39686,35070,33756,36365,43370,42497,50883,33413,39365,43185,44814,42841,46346,48957,52819,29729,37423,35227,50365,39909,55994,31938,33509,39650,41803,40689,68871,57939,90084,35887,40849,92155,56986,62413,102676,57055,82109,37565,38958,39420,70426,59618,123684,38217,41236
STAT,(NULL),nPush,176,9494852,157798,27436,34165,98469,39080,70991,31579,29623,31992,42365,40785,54094,38303,113509,24540,22534,28789,82586,54134,21531,23924,21168,26295,22916,28885,117205,43589,155378,20386,21611,147013,34433,83589,156779,74627,159762,20294,17199,19137,94442,87146,251556,18004,17223,19896,20534,25397,36686,33225,48719,31655,32542,45164,23793,29539,46423,30761,39993,19232,23095,16248,30779,35015,65029,18471,15707,19329,21163,30721,70333,36908,112125,21630,19223,125227,30292,45626,144246,35732,105710,16488,20594,19980,54130,45102,208759,19511,20318,173701,33357,34719,159763,41036,79137,28045,30255,31275,42789,39504,57071,42603,119122,25192,23189,23707,74864,61647,23229,24682,25704,27608,22001,31519,119803,49059,159849,19116,22645,152172,35556,89496,163982,75682,166738,22094,20531,19202,96786,87906,261467,18850,18040,22945,20017,24671,37931,35837,51323,30262,36416,46395,28670,31439,52224,32762,44437,18265,24658,17428,33296,37128,68138,17708,16435,22425,24708,28954,74108,41342,118141,19334,20485,132961,33312,47571,149933,36144,106065,19718,21579,19284,54301,48751,214237,19215,21292
STAT,(NULL),nPushInit,176,1,0,1,0,0,0,0,0,0,0,0,0,0,0,0,0,0,0,0,0,0,0,0,0,0,0,0,0,0,0,0,0,0,0,0,0,0,0,0,0,0,0,0,0,0,0,0,0,0,0,0,0,0,0,0,0,0,0,0,0,0,0,0,0,0,0,0,0,0,0,0,0,0,0,0,0,0,0,0,0,0,0,0,0,0,0,0,0,0,0,0,0,0,0,0,0,0,0,0,0,0,0,0,0,0,0,0,0,0,0,0,0,0,0,0,0,0,0,0,0,0,0,0,0,0,0,0,0,0,0,0,0,0,0,0,0,0,0,0,0,0,0,0,0,0,0,0,0,0,0,0,0,0,0,0,0,0,0,0,0,0,0,0,0,0,0,0,0,0,0,0,0,0,0,0,0,0
==== BENCHMARK TOOK 125.542
