==== BENCHMARK START ===
==== PARAMS kernel=4.9.5-64-net1 malloc=libc hostname=rack-mad-04 threads=22 delta=4 prog=sssp-klsm64mq4  ===
ERROR: ld.so: object '/specific/disk1/home/adamx/malloc/lib64/libjemalloc.so' from LD_PRELOAD cannot be preloaded (cannot open shared object file): ignored.
Galois Benchmark Suite v2.2.1 (r0)
Copyright (C) 2014 The University of Texas at Austin
http://iss.ices.utexas.edu/galois/

application: Single Source Shortest Path
Computes the shortest path from a source node to all nodes in a directed graph using a modified chaotic iteration algorithm
http://iss.ices.utexas.edu/?p=projects/galois/benchmarks/single_source_shortest_path

INFO: CommandLine ./build/debug/apps/sssp/sssp -noverify -t 22 -delta 4 -wl klsm64mq4 -startNode 0 /specific/disk1/home/mad/Galois-PQ/inputs/random/r4-2e24.gr
INFO: Hostname rack-mad-04
Read 16777216 nodes
Running Asynchronous with CAS version
INFO: Using delta-step of 1
WARNING: Performance varies considerably due to delta parameter.
WARNING: Do not expect the default to be good for your graph.
Node 1 has distance 8445
STATTYPE,LOOP,CATEGORY,n,sum,T0,T1,T2,T3,T4,T5,T6,T7,T8,T9,T10,T11,T12,T13,T14,T15,T16,T17,T18,T19,T20,T21
STAT,(NULL),BadWork,22,0,0,0,0,0,0,0,0,0,0,0,0,0,0,0,0,0,0,0,0,0,0,0
STAT,(NULL),BarrierTime,22,2355620,380808,288429,192095,181119,180879,162778,162567,103225,102195,105500,105315,72704,68998,70279,68321,14192,15816,14366,15328,16186,16984,17536
STAT,(NULL),ConflictTime,22,0,0,0,0,0,0,0,0,0,0,0,0,0,0,0,0,0,0,0,0,0,0,0
STAT,(NULL),Conflicts,22,0,0,0,0,0,0,0,0,0,0,0,0,0,0,0,0,0,0,0,0,0,0,0
STAT,(NULL),EmptyPopTime,22,157127935,9187399,7094972,7081522,7073874,6968104,6952230,7108920,7098136,7063020,6855087,7051767,7031214,6860661,6983717,7036848,7194244,7274919,6907160,6775315,7224700,7207958,7096168
STAT,(NULL),EmptyWork,22,3529911686,142917264,157347270,163213894,158018263,161877609,151199666,164415751,165162610,163958540,158360007,161928397,164203522,159337360,161427320,165325231,165346619,159973906,156948825,164466708,162745741,158589350,163147833
STAT,(NULL),GaloisTime,22,18872599946,952541975,854550255,852330552,856285371,853490256,861542846,853232649,854447445,847773428,858173107,862596759,858399290,855078824,856993516,851341891,848029393,848718067,854610194,853734031,848052584,844455417,846222096
STAT,(NULL),InitPushTime,22,857501,42760,10491,129994,37099,36799,36398,37109,37100,36566,35786,35540,35212,35436,34690,35370,35297,34939,34214,33898,34314,34269,34220
STAT,(NULL),Iterations,22,22444645,835923,1028734,1027074,1033745,1031651,1035316,1028310,1027516,1027887,1032993,1033231,1033305,1031981,1033185,1022614,1022357,1024584,1032911,1031854,1023465,1021657,1024352
STAT,(NULL),LoopTime,22,12754792686,12754792686,0,0,0,0,0,0,0,0,0,0,0,0,0,0,0,0,0,0,0,0,0
STAT,(NULL),MeminfoPost,22,1562,71,71,71,71,71,71,71,71,71,71,71,71,71,71,71,71,71,71,71,71,71,71
STAT,(NULL),MeminfoPre,22,1562,71,71,71,71,71,71,71,71,71,71,71,71,71,71,71,71,71,71,71,71,71,71
STAT,(NULL),NumaPost,22,12043,11098,204,574,167,0,0,0,0,0,0,0,0,0,0,0,0,0,0,0,0,0,0
STAT,(NULL),PopTime,22,35633413557,1667124540,1622083562,1617954489,1618706158,1615371778,1617290689,1619594343,1620756769,1618093903,1614728401,1617961311,1613266938,1617600187,1615865197,1619651685,1619086706,1616858802,1609989945,1610946090,1618216656,1618224922,1624040486
STAT,(NULL),PushTime,22,130358305414,6002046547,5919566744,5944218645,5907014474,5921288879,5893336841,5924878012,5924675792,5939949555,5920436455,5909408504,5912461060,5913643098,5912848753,5929878988,5933122975,5924064746,5917167062,5919823982,5931694520,5936118905,5920660877
STAT,(NULL),RusageSys,22,4000,4000,0,0,0,0,0,0,0,0,0,0,0,0,0,0,0,0,0,0,0,0,0
STAT,(NULL),RusageUser,22,125004000,125004000,0,0,0,0,0,0,0,0,0,0,0,0,0,0,0,0,0,0,0,0,0
STAT,(NULL),Threads,22,22,22,0,0,0,0,0,0,0,0,0,0,0,0,0,0,0,0,0,0,0,0,0
STAT,(NULL),Time,22,12774731459,12774731459,0,0,0,0,0,0,0,0,0,0,0,0,0,0,0,0,0,0,0,0,0
STAT,(NULL),TotalTime,22,20924617498,20924617498,0,0,0,0,0,0,0,0,0,0,0,0,0,0,0,0,0,0,0,0,0
STAT,(NULL),UserTime,22,86126941469,3711555553,3924732969,3900578236,3938279723,3926380988,3955054571,3916147050,3913236620,3908540367,3926825980,3926431644,3930015766,3932855861,3931259672,3912143111,3912597811,3928486267,3939753706,3929631012,3917442718,3920781827,3924210017
STAT,(NULL),Work,22,274680135623,12485469807,12485459208,12485459848,12485459345,12485459242,12485459976,12485460225,12485459587,12485460844,12485460367,12485460837,12485460853,12485459758,12485461178,12485459406,12485460774,12485460884,12485461180,12485461202,12485460383,12485461144,12485459575
STAT,(NULL),nBad,22,0,0,0,0,0,0,0,0,0,0,0,0,0,0,0,0,0,0,0,0,0,0,0
STAT,(NULL),nEmpty,22,5667430,215792,259191,259300,260899,260296,261196,259284,258895,259651,260253,260377,260144,261201,260846,257784,257928,258898,260930,259842,258367,258118,258238
STAT,(NULL),nEmptyPop,22,155163,7168,7144,7038,7169,7002,7008,7055,7049,7079,6955,7109,7044,6896,6926,6970,7128,7212,7015,6891,7151,7128,7026
STAT,(NULL),nOverall,22,67108861,2480389,3077752,3070110,3092700,3084552,3094696,3074873,3076034,3074680,3091520,3089954,3095739,3083564,3091506,3058267,3057711,3061142,3086597,3087539,3060016,3055705,3063815
STAT,(NULL),nPop,22,22444645,835923,1028734,1027074,1033745,1031651,1035316,1028310,1027516,1027887,1032993,1033231,1033305,1031981,1033185,1022614,1022357,1024584,1032911,1031854,1023465,1021657,1024352
STAT,(NULL),nPush,22,22444642,825071,1027666,1027632,1034045,1032585,1036140,1028281,1028242,1028215,1033802,1033621,1035823,1032019,1034727,1022744,1023191,1023490,1032493,1033741,1024041,1023066,1024007
STAT,(NULL),nPushInit,22,3,1,1,1,0,0,0,0,0,0,0,0,0,0,0,0,0,0,0,0,0,0,0
==== BENCHMARK TOOK 10.378
==== BENCHMARK START ===
==== PARAMS kernel=4.9.5-64-net1 malloc=libc hostname=rack-mad-04 threads=22 delta=4 prog=sssp-klsm64mq4  ===
ERROR: ld.so: object '/specific/disk1/home/adamx/malloc/lib64/libjemalloc.so' from LD_PRELOAD cannot be preloaded (cannot open shared object file): ignored.
Galois Benchmark Suite v2.2.1 (r0)
Copyright (C) 2014 The University of Texas at Austin
http://iss.ices.utexas.edu/galois/

application: Single Source Shortest Path
Computes the shortest path from a source node to all nodes in a directed graph using a modified chaotic iteration algorithm
http://iss.ices.utexas.edu/?p=projects/galois/benchmarks/single_source_shortest_path

INFO: CommandLine ./build/debug/apps/sssp/sssp -noverify -t 22 -delta 4 -wl klsm64mq4 -startNode 0 /specific/disk1/home/mad/Galois-PQ/inputs/random/r4-2e24.gr
INFO: Hostname rack-mad-04
Read 16777216 nodes
Running Asynchronous with CAS version
INFO: Using delta-step of 1
WARNING: Performance varies considerably due to delta parameter.
WARNING: Do not expect the default to be good for your graph.
Node 1 has distance 8445
STATTYPE,LOOP,CATEGORY,n,sum,T0,T1,T2,T3,T4,T5,T6,T7,T8,T9,T10,T11,T12,T13,T14,T15,T16,T17,T18,T19,T20,T21
STAT,(NULL),BadWork,22,0,0,0,0,0,0,0,0,0,0,0,0,0,0,0,0,0,0,0,0,0,0,0
STAT,(NULL),BarrierTime,22,3634481,454750,306819,283356,240989,239733,261819,240051,143152,143722,146262,147142,192777,193166,153042,149786,72148,14204,74044,21421,74869,16810,64419
STAT,(NULL),ConflictTime,22,0,0,0,0,0,0,0,0,0,0,0,0,0,0,0,0,0,0,0,0,0,0,0
STAT,(NULL),Conflicts,22,0,0,0,0,0,0,0,0,0,0,0,0,0,0,0,0,0,0,0,0,0,0,0
STAT,(NULL),EmptyPopTime,22,154788112,7890532,6943541,6746666,6913231,7002223,6900748,7031017,7095416,6915817,6956213,7109159,6870529,6926322,6873603,7197192,7207834,7136968,6958154,6960820,6963394,7091053,7097680
STAT,(NULL),EmptyWork,22,3488974461,154528545,164693060,153730611,153861598,163805407,166668697,153299564,164302659,162662813,154880124,166808391,149271139,168524006,155490832,158785942,164634732,163424449,154964392,163405926,149761732,155184488,146285354
STAT,(NULL),GaloisTime,22,18702198421,886063117,848912520,849434112,851045998,851711508,855501260,848007363,843824138,846333419,851282238,847321913,851374794,851738724,854324963,842941680,840683893,842051077,853110812,852151412,843132514,844010083,847240883
STAT,(NULL),InitPushTime,22,888229,42064,47615,126644,36583,36751,36301,36775,36584,36462,35455,35330,35067,35133,34572,35546,35515,35127,33880,33555,34441,34530,34299
STAT,(NULL),Iterations,22,22444576,943715,1023322,1021991,1029624,1026862,1030326,1023239,1022515,1022163,1027379,1027938,1028251,1025090,1027387,1017121,1017738,1018837,1028804,1026263,1019485,1016609,1019917
STAT,(NULL),LoopTime,22,12689943765,12689943765,0,0,0,0,0,0,0,0,0,0,0,0,0,0,0,0,0,0,0,0,0
STAT,(NULL),MeminfoPost,22,1562,71,71,71,71,71,71,71,71,71,71,71,71,71,71,71,71,71,71,71,71,71,71
STAT,(NULL),MeminfoPre,22,1562,71,71,71,71,71,71,71,71,71,71,71,71,71,71,71,71,71,71,71,71,71,71
STAT,(NULL),NumaPost,22,12031,11078,199,585,169,0,0,0,0,0,0,0,0,0,0,0,0,0,0,0,0,0,0
STAT,(NULL),PopTime,22,35349356898,1630114534,1607226170,1607132156,1605620329,1607656372,1604729377,1612302066,1612952609,1607569082,1601270247,1606486508,1602629340,1593423227,1604420456,1605370712,1605900057,1600619071,1610081582,1595451752,1611407445,1604501439,1612492367
STAT,(NULL),PushTime,22,129560111872,5919909886,5891992025,5904314221,5877503811,5881500485,5861936626,5891155730,5896501646,5904672908,5880111857,5878124854,5871588247,5886835537,5880366854,5900078565,5892886362,5902945887,5869707197,5889400506,5890559842,5905100864,5882917962
STAT,(NULL),RusageSys,22,0,0,0,0,0,0,0,0,0,0,0,0,0,0,0,0,0,0,0,0,0,0,0
STAT,(NULL),RusageUser,22,124288000,124288000,0,0,0,0,0,0,0,0,0,0,0,0,0,0,0,0,0,0,0,0,0
STAT,(NULL),Threads,22,22,22,0,0,0,0,0,0,0,0,0,0,0,0,0,0,0,0,0,0,0,0,0
STAT,(NULL),Time,22,12709681916,12709681916,0,0,0,0,0,0,0,0,0,0,0,0,0,0,0,0,0,0,0,0,0
STAT,(NULL),TotalTime,22,20197759100,20197759100,0,0,0,0,0,0,0,0,0,0,0,0,0,0,0,0,0,0,0,0,0
STAT,(NULL),UserTime,22,85835409047,3814709419,3893448597,3891862513,3918275727,3901544805,3917483710,3901423825,3888542694,3885067262,3918718777,3907370042,3931485007,3905771597,3911742117,3898845741,3901908541,3897043973,3918398985,3905851404,3911394626,3897333295,3917186390
STAT,(NULL),Work,22,273092582664,12413301329,12413295420,12413300838,12413299199,12413297831,12413299363,12413298310,12413298079,12413299002,12413298286,12413298587,12413298285,12413299824,12413297615,12413299032,12413298237,12413298537,12413297837,12413298823,12413298295,12413299545,12413310390
STAT,(NULL),nBad,22,0,0,0,0,0,0,0,0,0,0,0,0,0,0,0,0,0,0,0,0,0,0,0
STAT,(NULL),nEmpty,22,5667361,237832,258913,258000,259887,260101,259725,258514,258210,258170,258984,260182,259429,258532,258896,257023,257112,257772,260575,258939,257399,255547,257619
STAT,(NULL),nEmptyPop,22,154731,7060,7057,6882,6925,7068,7026,7048,7127,6891,6988,7129,7001,6910,6926,7183,7179,7123,6989,7021,7026,7048,7124
STAT,(NULL),nOverall,22,67108861,2821171,3058259,3056902,3079930,3068569,3081476,3059050,3055551,3058432,3075378,3072420,3075002,3068147,3075519,3041258,3043816,3041453,3071996,3069482,3046970,3042932,3045148
STAT,(NULL),nPop,22,22444576,943715,1023322,1021991,1029624,1026862,1030326,1023239,1022515,1022163,1027379,1027938,1028251,1025090,1027387,1017121,1017738,1018837,1028804,1026263,1019485,1016609,1019917
STAT,(NULL),nPush,22,22444573,943987,1021880,1022283,1028933,1025770,1029939,1022818,1022062,1022256,1027845,1028104,1029215,1027400,1029880,1016536,1017152,1019029,1028245,1027951,1018826,1016624,1017838
STAT,(NULL),nPushInit,22,3,1,1,1,0,0,0,0,0,0,0,0,0,0,0,0,0,0,0,0,0,0,0
==== BENCHMARK TOOK 10.067
==== BENCHMARK START ===
==== PARAMS kernel=4.9.5-64-net1 malloc=libc hostname=rack-mad-04 threads=22 delta=4 prog=sssp-klsm64mq4  ===
ERROR: ld.so: object '/specific/disk1/home/adamx/malloc/lib64/libjemalloc.so' from LD_PRELOAD cannot be preloaded (cannot open shared object file): ignored.
Galois Benchmark Suite v2.2.1 (r0)
Copyright (C) 2014 The University of Texas at Austin
http://iss.ices.utexas.edu/galois/

application: Single Source Shortest Path
Computes the shortest path from a source node to all nodes in a directed graph using a modified chaotic iteration algorithm
http://iss.ices.utexas.edu/?p=projects/galois/benchmarks/single_source_shortest_path

INFO: CommandLine ./build/debug/apps/sssp/sssp -noverify -t 22 -delta 4 -wl klsm64mq4 -startNode 0 /specific/disk1/home/mad/Galois-PQ/inputs/random/r4-2e24.gr
INFO: Hostname rack-mad-04
Read 16777216 nodes
Running Asynchronous with CAS version
INFO: Using delta-step of 1
WARNING: Performance varies considerably due to delta parameter.
WARNING: Do not expect the default to be good for your graph.
Node 1 has distance 8445
STATTYPE,LOOP,CATEGORY,n,sum,T0,T1,T2,T3,T4,T5,T6,T7,T8,T9,T10,T11,T12,T13,T14,T15,T16,T17,T18,T19,T20,T21
STAT,(NULL),BadWork,22,0,0,0,0,0,0,0,0,0,0,0,0,0,0,0,0,0,0,0,0,0,0,0
STAT,(NULL),BarrierTime,22,2422006,413796,257460,187704,183570,183453,169944,168930,109594,109958,110251,110904,81106,79239,82150,71059,14123,14098,15537,14495,14581,15388,14666
STAT,(NULL),ConflictTime,22,0,0,0,0,0,0,0,0,0,0,0,0,0,0,0,0,0,0,0,0,0,0,0
STAT,(NULL),Conflicts,22,0,0,0,0,0,0,0,0,0,0,0,0,0,0,0,0,0,0,0,0,0,0,0
STAT,(NULL),EmptyPopTime,22,158880836,8925667,7094172,6977327,6881733,7123176,7016635,7188132,7208999,7320853,6945734,7133959,7972273,6885484,7072474,7265905,7168752,7173487,6847598,7025387,7216238,7293419,7143432
STAT,(NULL),EmptyWork,22,3529943313,153144684,162478960,160078406,161620492,166015322,152916408,159488367,164243167,162716948,160406771,163070315,164301809,163962737,166042265,163961301,153588741,159723785,164755144,168437563,163597308,151549401,143843419
STAT,(NULL),GaloisTime,22,18801458213,924523018,850859859,848427507,854816631,857602454,854372160,853900572,854723501,847173311,853554277,855582336,858068012,854006315,854695665,847952530,846958322,846244245,857558365,851013200,844546973,840663868,844215092
STAT,(NULL),InitPushTime,22,858285,30844,11261,134819,39815,39042,36626,37012,36869,36462,36046,35683,35276,35662,35294,35400,35413,34984,34605,34363,34411,34281,34117
STAT,(NULL),Iterations,22,22444639,874306,1026334,1025791,1032514,1029466,1033535,1025911,1025725,1026675,1031272,1030743,1031860,1027549,1033548,1019765,1020780,1022717,1032502,1031483,1021002,1019240,1021921
STAT,(NULL),LoopTime,22,12635459448,12635459448,0,0,0,0,0,0,0,0,0,0,0,0,0,0,0,0,0,0,0,0,0
STAT,(NULL),MeminfoPost,22,1562,71,71,71,71,71,71,71,71,71,71,71,71,71,71,71,71,71,71,71,71,71,71
STAT,(NULL),MeminfoPre,22,1562,71,71,71,71,71,71,71,71,71,71,71,71,71,71,71,71,71,71,71,71,71,71
STAT,(NULL),NumaPost,22,12023,11070,207,361,385,0,0,0,0,0,0,0,0,0,0,0,0,0,0,0,0,0,0
STAT,(NULL),PopTime,22,35527128635,1651323583,1618333332,1613165298,1612383874,1612593680,1609834507,1612184947,1622724449,1614413017,1616327227,1613885024,1604711009,1607013400,1611869957,1609182504,1615373896,1613560579,1612547052,1609988549,1613456375,1613746005,1618510371
STAT,(NULL),PushTime,22,130102591186,5972191882,5916700367,5928802522,5900453809,5908581638,5896228609,5917141769,5912275354,5926783840,5905532845,5897923050,5894189850,5913196903,5901311092,5929623100,5914867917,5914060500,5890960873,5897737025,5920706972,5929472923,5913848346
STAT,(NULL),RusageSys,22,0,0,0,0,0,0,0,0,0,0,0,0,0,0,0,0,0,0,0,0,0,0,0
STAT,(NULL),RusageUser,22,124752000,124752000,0,0,0,0,0,0,0,0,0,0,0,0,0,0,0,0,0,0,0,0,0
STAT,(NULL),Threads,22,22,22,0,0,0,0,0,0,0,0,0,0,0,0,0,0,0,0,0,0,0,0,0
STAT,(NULL),Time,22,12648816596,12648816596,0,0,0,0,0,0,0,0,0,0,0,0,0,0,0,0,0,0,0,0,0
STAT,(NULL),TotalTime,22,20932626228,20932626228,0,0,0,0,0,0,0,0,0,0,0,0,0,0,0,0,0,0,0,0,0
STAT,(NULL),UserTime,22,85999069165,3749847414,3904491878,3902507053,3923801061,3908040978,3939588917,3910054818,3898782200,3901549525,3917190950,3922364521,3930715855,3914894133,3918966575,3901971508,3922001611,3919194555,3927288526,3925756159,3910433227,3917231559,3932396142
STAT,(NULL),Work,22,274120876956,12460051484,12460039067,12460038888,12460039370,12460039134,12460040105,12460038834,12460039969,12460039501,12460039222,12460039847,12460038703,12460039143,12460039283,12460039122,12460039516,12460038824,12460040642,12460038715,12460040138,12460038876,12460038573
STAT,(NULL),nBad,22,0,0,0,0,0,0,0,0,0,0,0,0,0,0,0,0,0,0,0,0,0,0,0
STAT,(NULL),nEmpty,22,5667424,222058,259785,259137,260855,258936,261488,258366,259264,259249,260506,260237,260452,259104,262193,256722,257503,258667,260694,260493,257602,256775,257338
STAT,(NULL),nEmptyPop,22,155255,7156,7147,7041,6902,6995,7013,7167,7146,7226,6903,7110,6842,6973,6998,7053,7172,7090,6890,7022,7213,7145,7051
STAT,(NULL),nOverall,22,67108861,2609799,3065896,3066359,3087028,3082644,3087883,3070675,3068200,3070139,3081501,3083692,3085766,3073581,3082166,3052835,3054619,3055375,3085594,3084704,3053180,3049288,3057937
STAT,(NULL),nPop,22,22444639,874306,1026334,1025791,1032514,1029466,1033535,1025911,1025725,1026675,1031272,1030743,1031860,1027549,1033548,1019765,1020780,1022717,1032502,1031483,1021002,1019240,1021921
STAT,(NULL),nPush,22,22444636,858539,1026711,1025979,1033418,1031203,1035797,1026721,1026499,1026500,1031570,1031756,1033408,1029512,1031830,1021355,1021718,1023427,1032694,1031020,1021588,1020909,1022482
STAT,(NULL),nPushInit,22,3,1,1,1,0,0,0,0,0,0,0,0,0,0,0,0,0,0,0,0,0,0,0
==== BENCHMARK TOOK 10.371
==== BENCHMARK START ===
==== PARAMS kernel=4.9.5-64-net1 malloc=libc hostname=rack-mad-04 threads=22 delta=4 prog=sssp-klsm64mq4  ===
ERROR: ld.so: object '/specific/disk1/home/adamx/malloc/lib64/libjemalloc.so' from LD_PRELOAD cannot be preloaded (cannot open shared object file): ignored.
Galois Benchmark Suite v2.2.1 (r0)
Copyright (C) 2014 The University of Texas at Austin
http://iss.ices.utexas.edu/galois/

application: Single Source Shortest Path
Computes the shortest path from a source node to all nodes in a directed graph using a modified chaotic iteration algorithm
http://iss.ices.utexas.edu/?p=projects/galois/benchmarks/single_source_shortest_path

INFO: CommandLine ./build/debug/apps/sssp/sssp -noverify -t 22 -delta 4 -wl klsm64mq4 -startNode 0 /specific/disk1/home/mad/Galois-PQ/inputs/random/r4-2e24.gr
INFO: Hostname rack-mad-04
Read 16777216 nodes
Running Asynchronous with CAS version
INFO: Using delta-step of 1
WARNING: Performance varies considerably due to delta parameter.
WARNING: Do not expect the default to be good for your graph.
Node 1 has distance 8445
STATTYPE,LOOP,CATEGORY,n,sum,T0,T1,T2,T3,T4,T5,T6,T7,T8,T9,T10,T11,T12,T13,T14,T15,T16,T17,T18,T19,T20,T21
STAT,(NULL),BadWork,22,8445,0,0,0,0,0,0,0,0,0,0,0,0,0,0,8445,0,0,0,0,0,0,0
STAT,(NULL),BarrierTime,22,2638244,423076,306478,218046,196664,195939,178064,180934,118363,119370,122618,121198,88713,89126,81342,88741,15819,15258,13622,17429,16283,16174,14987
STAT,(NULL),ConflictTime,22,0,0,0,0,0,0,0,0,0,0,0,0,0,0,0,0,0,0,0,0,0,0,0
STAT,(NULL),Conflicts,22,0,0,0,0,0,0,0,0,0,0,0,0,0,0,0,0,0,0,0,0,0,0,0
STAT,(NULL),EmptyPopTime,22,154710763,8834140,6752076,6845518,7017522,6963289,6888618,6974003,6975708,6947066,6768744,7016113,6907512,6989247,6896394,7059506,7004233,7125898,6824071,6798815,7059452,6955205,7107633
STAT,(NULL),EmptyWork,22,3534715880,155990712,165292089,160559326,163984432,156660289,165739200,166373639,162968614,161448945,164053307,162129252,166056814,164779706,152870829,159783234,163150483,156360062,148481889,163120477,166647945,150493715,157770921
STAT,(NULL),GaloisTime,22,18843308995,942773408,850454351,850861588,857287643,851902688,860953554,853965720,849742726,850793148,856249847,851999029,856387070,853110533,856454425,847460630,850234859,851033151,856818817,856331602,847138756,844051982,847303468
STAT,(NULL),InitPushTime,22,847575,32288,11163,124279,40204,39643,36854,36805,37076,36717,35655,35385,35370,35130,34627,35494,35388,34876,34526,33674,34292,34189,33940
STAT,(NULL),Iterations,22,22444649,850748,1026542,1026248,1032025,1031355,1034843,1027932,1026994,1025926,1031252,1033178,1033828,1030245,1032073,1022276,1022743,1023743,1032594,1031468,1023222,1021630,1023784
STAT,(NULL),LoopTime,22,12677022820,12677022820,0,0,0,0,0,0,0,0,0,0,0,0,0,0,0,0,0,0,0,0,0
STAT,(NULL),MeminfoPost,22,1562,71,71,71,71,71,71,71,71,71,71,71,71,71,71,71,71,71,71,71,71,71,71
STAT,(NULL),MeminfoPre,22,1562,71,71,71,71,71,71,71,71,71,71,71,71,71,71,71,71,71,71,71,71,71,71
STAT,(NULL),NumaPost,22,12023,11071,207,361,384,0,0,0,0,0,0,0,0,0,0,0,0,0,0,0,0,0,0
STAT,(NULL),PopTime,22,35532416819,1655280582,1617912915,1615695209,1608315626,1616858878,1609138558,1614036337,1623584385,1614155953,1611014148,1611605139,1612392023,1607546277,1606105527,1612817133,1616508092,1617890230,1609204968,1608346114,1614553035,1612555551,1616900139
STAT,(NULL),PushTime,22,130801884402,6018180118,5952076035,5957193928,5941123734,5944734217,5922021757,5947705533,5946482874,5952995021,5932132211,5940965173,5926578795,5938145101,5931721579,5948815720,5941960326,5942286369,5923576411,5934550158,5952488126,5962350153,5943801063
STAT,(NULL),RusageSys,22,0,0,0,0,0,0,0,0,0,0,0,0,0,0,0,0,0,0,0,0,0,0,0
STAT,(NULL),RusageUser,22,125156000,125156000,0,0,0,0,0,0,0,0,0,0,0,0,0,0,0,0,0,0,0,0,0
STAT,(NULL),Threads,22,22,22,0,0,0,0,0,0,0,0,0,0,0,0,0,0,0,0,0,0,0,0,0
STAT,(NULL),Time,22,12690325492,12690325492,0,0,0,0,0,0,0,0,0,0,0,0,0,0,0,0,0,0,0,0,0
STAT,(NULL),TotalTime,22,20606919626,20606919626,0,0,0,0,0,0,0,0,0,0,0,0,0,0,0,0,0,0,0,0,0
STAT,(NULL),UserTime,22,86133407060,3718959676,3907532763,3908864972,3922291560,3922902221,3935278900,3910963631,3910266380,3913679158,3929802633,3926306008,3931697681,3929449225,3945971933,3924084251,3921161532,3925324967,3955113432,3930873879,3912132216,3923613307,3927136735
STAT,(NULL),Work,22,275002268291,12500114324,12500102526,12500101801,12500102029,12500103122,12500102615,12500101750,12500102733,12500102172,12500102724,12500101777,12500103085,12500103070,12500102754,12500102460,12500102769,12500101747,12500103349,12500102960,12500101829,12500102730,12500103965
STAT,(NULL),nBad,22,10,0,0,0,0,0,0,0,0,0,0,0,0,0,0,10,0,0,0,0,0,0,0
STAT,(NULL),nEmpty,22,5667433,220671,259682,258182,259766,259680,261117,259325,259375,258480,259887,260911,260371,259541,260543,258461,257152,257702,260595,260405,258250,258663,258674
STAT,(NULL),nEmptyPop,22,154033,7110,6958,6986,7001,7017,6926,6932,6979,6991,6891,7049,7037,7002,6992,7061,7056,7078,6927,6901,7049,7024,7066
STAT,(NULL),nOverall,22,67108871,2520442,3066308,3070357,3088476,3084972,3096628,3074176,3072043,3069943,3086745,3087182,3091282,3083478,3087212,3057339,3058972,3062793,3089002,3086219,3059503,3054232,3061567
STAT,(NULL),nPop,22,22444649,850748,1026542,1026248,1032025,1031355,1034843,1027932,1026994,1025926,1031252,1033178,1033828,1030245,1032073,1022276,1022743,1023743,1032594,1031468,1023222,1021630,1023784
STAT,(NULL),nPush,22,22444646,808660,1027529,1028865,1035270,1033155,1037433,1029926,1029213,1027180,1034966,1034449,1036194,1032669,1033680,1023832,1022886,1025650,1035197,1035057,1024893,1023231,1024711
STAT,(NULL),nPushInit,22,3,1,1,1,0,0,0,0,0,0,0,0,0,0,0,0,0,0,0,0,0,0,0
==== BENCHMARK TOOK 10.195
==== BENCHMARK START ===
==== PARAMS kernel=4.9.5-64-net1 malloc=libc hostname=rack-mad-04 threads=22 delta=4 prog=sssp-klsm64mq4  ===
ERROR: ld.so: object '/specific/disk1/home/adamx/malloc/lib64/libjemalloc.so' from LD_PRELOAD cannot be preloaded (cannot open shared object file): ignored.
Galois Benchmark Suite v2.2.1 (r0)
Copyright (C) 2014 The University of Texas at Austin
http://iss.ices.utexas.edu/galois/

application: Single Source Shortest Path
Computes the shortest path from a source node to all nodes in a directed graph using a modified chaotic iteration algorithm
http://iss.ices.utexas.edu/?p=projects/galois/benchmarks/single_source_shortest_path

INFO: CommandLine ./build/debug/apps/sssp/sssp -noverify -t 22 -delta 4 -wl klsm64mq4 -startNode 0 /specific/disk1/home/mad/Galois-PQ/inputs/random/r4-2e24.gr
INFO: Hostname rack-mad-04
Read 16777216 nodes
Running Asynchronous with CAS version
INFO: Using delta-step of 1
WARNING: Performance varies considerably due to delta parameter.
WARNING: Do not expect the default to be good for your graph.
Node 1 has distance 8445
STATTYPE,LOOP,CATEGORY,n,sum,T0,T1,T2,T3,T4,T5,T6,T7,T8,T9,T10,T11,T12,T13,T14,T15,T16,T17,T18,T19,T20,T21
STAT,(NULL),BadWork,22,0,0,0,0,0,0,0,0,0,0,0,0,0,0,0,0,0,0,0,0,0,0,0
STAT,(NULL),BarrierTime,22,3008972,452849,329500,235676,217882,197056,201344,197556,143550,141734,103099,102927,110661,110419,112033,109396,50142,50109,44777,52411,16140,15604,14107
STAT,(NULL),ConflictTime,22,0,0,0,0,0,0,0,0,0,0,0,0,0,0,0,0,0,0,0,0,0,0,0
STAT,(NULL),Conflicts,22,0,0,0,0,0,0,0,0,0,0,0,0,0,0,0,0,0,0,0,0,0,0,0
STAT,(NULL),EmptyPopTime,22,155408181,8235122,6896141,6822849,8072803,6978938,6914930,6937026,6760998,6948411,6949612,7057304,7000529,6893537,6890506,6945425,7023516,7096261,6946440,6945649,7047752,6973339,7071093
STAT,(NULL),EmptyWork,22,3549279112,154370297,164751167,162169125,163139388,165034559,159550287,164996328,163147739,164412342,153479436,161465659,163529855,149476155,167580060,160873032,164845708,159438663,163788434,161916922,162992441,161998191,156323324
STAT,(NULL),GaloisTime,22,18763978421,912542781,846381121,846088856,856745815,854356180,853834167,849771747,851644277,850490955,850976865,857874422,854557551,851094446,856021753,844165427,846936936,843296032,853299165,854213533,841634215,842550146,845502031
STAT,(NULL),InitPushTime,22,877745,27496,11007,128108,41056,38811,38365,39123,39257,38498,37573,37497,37418,36896,36317,37245,37042,36626,36016,35437,36137,36001,35819
STAT,(NULL),Iterations,22,22444597,899025,1024588,1024102,1030845,1028254,1031975,1027287,1024810,1025098,1030401,1029968,1030912,1028468,1030178,1019251,1019646,1021034,1031247,1028286,1019598,1018050,1021574
STAT,(NULL),LoopTime,22,12600709020,12600709020,0,0,0,0,0,0,0,0,0,0,0,0,0,0,0,0,0,0,0,0,0
STAT,(NULL),MeminfoPost,22,1562,71,71,71,71,71,71,71,71,71,71,71,71,71,71,71,71,71,71,71,71,71,71
STAT,(NULL),MeminfoPre,22,1562,71,71,71,71,71,71,71,71,71,71,71,71,71,71,71,71,71,71,71,71,71,71
STAT,(NULL),NumaPost,22,12016,11057,210,364,385,0,0,0,0,0,0,0,0,0,0,0,0,0,0,0,0,0,0
STAT,(NULL),PopTime,22,35453488115,1648681351,1613096138,1610526798,1605233559,1608265010,1608354247,1606895595,1609734094,1608637819,1611135530,1605056355,1603966470,1609214390,1606874558,1613589593,1614773347,1615450679,1609943447,1605625876,1611287843,1614812833,1612332583
STAT,(NULL),PushTime,22,129944059930,5955540353,5910637291,5924157712,5900096621,5897801921,5884415255,5908915603,5910092394,5924476164,5899009406,5893199337,5887163112,5897037013,5897172731,5910419788,5907698200,5908749607,5881385551,5898983758,5915409106,5922394537,5909304470
STAT,(NULL),RusageSys,22,0,0,0,0,0,0,0,0,0,0,0,0,0,0,0,0,0,0,0,0,0,0,0
STAT,(NULL),RusageUser,22,124596000,124596000,0,0,0,0,0,0,0,0,0,0,0,0,0,0,0,0,0,0,0,0,0
STAT,(NULL),Threads,22,22,22,0,0,0,0,0,0,0,0,0,0,0,0,0,0,0,0,0,0,0,0,0
STAT,(NULL),Time,22,12611906681,12611906681,0,0,0,0,0,0,0,0,0,0,0,0,0,0,0,0,0,0,0,0,0
STAT,(NULL),TotalTime,22,20734157316,20734157316,0,0,0,0,0,0,0,0,0,0,0,0,0,0,0,0,0,0,0,0,0
STAT,(NULL),UserTime,22,85905309391,3764788966,3902398364,3894395456,3910872325,3911723857,3931090981,3906642506,3902780896,3889194589,3922609413,3919506654,3927942733,3930445155,3909620639,3908167176,3902883590,3910128565,3928795566,3916474221,3905789003,3895429960,3913628776
STAT,(NULL),Work,22,273773308167,12444253359,12444239887,12444240403,12444239951,12444240381,12444240042,12444240017,12444239738,12444240442,12444240366,12444240421,12444239972,12444239774,12444240949,12444239820,12444240934,12444241022,12444249054,12444239717,12444239805,12444240424,12444241689
STAT,(NULL),nBad,22,0,0,0,0,0,0,0,0,0,0,0,0,0,0,0,0,0,0,0,0,0,0,0
STAT,(NULL),nEmpty,22,5667382,230514,259399,258245,260563,259112,260444,259727,258360,258672,259532,259615,260254,260061,259163,256724,257428,257782,260540,259133,257032,257056,258026
STAT,(NULL),nEmptyPop,22,154111,6931,7046,6864,6947,7079,7030,7041,6867,6948,7023,7138,7136,7004,6992,6958,7009,7092,6958,7008,7036,6965,7039
STAT,(NULL),nOverall,22,67108861,2674568,3064016,3064132,3081425,3077900,3088433,3069974,3064827,3065301,3083484,3083503,3085239,3073289,3082397,3049039,3047109,3051850,3082125,3076489,3050482,3043510,3049769
STAT,(NULL),nPop,22,22444597,899025,1024588,1024102,1030845,1028254,1031975,1027287,1024810,1025098,1030401,1029968,1030912,1028468,1030178,1019251,1019646,1021034,1031247,1028286,1019598,1018050,1021574
STAT,(NULL),nPush,22,22444594,873822,1026371,1026208,1031379,1029517,1034747,1025586,1024625,1025358,1031331,1032526,1034513,1029434,1032589,1020050,1020587,1022504,1031018,1031275,1020757,1019945,1020452
STAT,(NULL),nPushInit,22,3,1,1,1,0,0,0,0,0,0,0,0,0,0,0,0,0,0,0,0,0,0,0
==== BENCHMARK TOOK 10.190
==== BENCHMARK START ===
==== PARAMS kernel=4.9.5-64-net1 malloc=libc hostname=rack-mad-04 threads=22 delta=4 prog=sssp-klsm64mq4  ===
ERROR: ld.so: object '/specific/disk1/home/adamx/malloc/lib64/libjemalloc.so' from LD_PRELOAD cannot be preloaded (cannot open shared object file): ignored.
Galois Benchmark Suite v2.2.1 (r0)
Copyright (C) 2014 The University of Texas at Austin
http://iss.ices.utexas.edu/galois/

application: Single Source Shortest Path
Computes the shortest path from a source node to all nodes in a directed graph using a modified chaotic iteration algorithm
http://iss.ices.utexas.edu/?p=projects/galois/benchmarks/single_source_shortest_path

INFO: CommandLine ./build/debug/apps/sssp/sssp -noverify -t 22 -delta 4 -wl klsm64mq4 -startNode 0 /specific/disk1/home/mad/Galois-PQ/inputs/random/r4-2e24.gr
INFO: Hostname rack-mad-04
Read 16777216 nodes
Running Asynchronous with CAS version
INFO: Using delta-step of 1
WARNING: Performance varies considerably due to delta parameter.
WARNING: Do not expect the default to be good for your graph.
Node 1 has distance 8445
STATTYPE,LOOP,CATEGORY,n,sum,T0,T1,T2,T3,T4,T5,T6,T7,T8,T9,T10,T11,T12,T13,T14,T15,T16,T17,T18,T19,T20,T21
STAT,(NULL),BadWork,22,0,0,0,0,0,0,0,0,0,0,0,0,0,0,0,0,0,0,0,0,0,0,0
STAT,(NULL),BarrierTime,22,3592037,482060,362503,268704,258195,237543,237172,237023,172656,172061,134149,134901,139743,138983,141261,139558,65939,61648,69832,70837,13076,31140,23053
STAT,(NULL),ConflictTime,22,0,0,0,0,0,0,0,0,0,0,0,0,0,0,0,0,0,0,0,0,0,0,0
STAT,(NULL),Conflicts,22,0,0,0,0,0,0,0,0,0,0,0,0,0,0,0,0,0,0,0,0,0,0,0
STAT,(NULL),EmptyPopTime,22,160836973,10575754,7062377,6913753,7086244,6934663,6932537,7211541,7051929,7140065,7154889,6965255,7091237,7022547,7130599,7253497,7182894,7152933,8204229,7147288,7285839,7136625,7200278
STAT,(NULL),EmptyWork,22,3493072265,153349616,162910492,154919581,153527466,149115222,156166964,160957441,163671995,156063865,163770885,144879039,164055019,162531377,163482306,165986635,163869892,164104091,149051613,163166434,149702092,164868516,162921724
STAT,(NULL),GaloisTime,22,18862453800,955359258,851462280,851577652,855951105,856110687,857947645,850316313,859395208,850893039,853638046,855873484,856936983,860212913,855772558,848978776,845679309,846971242,853470835,854143686,847488882,847157562,847116337
STAT,(NULL),InitPushTime,22,842251,29120,11528,127659,37039,36802,36529,37060,36945,36544,35807,35731,35158,35303,34644,35309,35379,34763,34186,33765,34259,34277,34444
STAT,(NULL),Iterations,22,22444637,812226,1028978,1030533,1035157,1032646,1038186,1029591,1031019,1028939,1034142,1034518,1035815,1031671,1033772,1022354,1023754,1023739,1034851,1033098,1024389,1020976,1024283
STAT,(NULL),LoopTime,22,12748899282,12748899282,0,0,0,0,0,0,0,0,0,0,0,0,0,0,0,0,0,0,0,0,0
STAT,(NULL),MeminfoPost,22,1562,71,71,71,71,71,71,71,71,71,71,71,71,71,71,71,71,71,71,71,71,71,71
STAT,(NULL),MeminfoPre,22,1562,71,71,71,71,71,71,71,71,71,71,71,71,71,71,71,71,71,71,71,71,71,71
STAT,(NULL),NumaPost,22,12035,11080,418,372,165,0,0,0,0,0,0,0,0,0,0,0,0,0,0,0,0,0,0
STAT,(NULL),PopTime,22,35664317825,1669326204,1621480196,1619091652,1616398587,1613420318,1617436527,1615941021,1619666803,1623337827,1614727037,1611417613,1618555464,1618571079,1614531792,1621615577,1624320405,1620440277,1615273492,1617204542,1625067394,1620455319,1626038699
STAT,(NULL),PushTime,22,130540858205,6010128592,5937854765,5940823804,5923508327,5931909589,5911602454,5940550077,5922889184,5946414518,5928887727,5920724677,5912094207,5918716294,5920253390,5939889087,5934790488,5937443751,5916952172,5919613227,5941162759,5947642028,5937007088
STAT,(NULL),RusageSys,22,0,0,0,0,0,0,0,0,0,0,0,0,0,0,0,0,0,0,0,0,0,0,0
STAT,(NULL),RusageUser,22,124908000,124908000,0,0,0,0,0,0,0,0,0,0,0,0,0,0,0,0,0,0,0,0,0
STAT,(NULL),Threads,22,22,22,0,0,0,0,0,0,0,0,0,0,0,0,0,0,0,0,0,0,0,0,0
STAT,(NULL),Time,22,12762257378,12762257378,0,0,0,0,0,0,0,0,0,0,0,0,0,0,0,0,0,0,0,0,0
STAT,(NULL),TotalTime,22,20899326828,20899326828,0,0,0,0,0,0,0,0,0,0,0,0,0,0,0,0,0,0,0,0,0
STAT,(NULL),UserTime,22,85736581611,3676627700,3894599021,3902043730,3918896710,3917878058,3925283244,3900393412,3902693287,3891519918,3907191108,3935508842,3916636759,3908314442,3914199661,3891644197,3899524926,3899258170,3932417000,3914095235,3904661980,3888108459,3895085752
STAT,(NULL),Work,22,274459919832,12475461564,12475448353,12475449229,12475449017,12475448128,12475448802,12475449096,12475448832,12475448058,12475448404,12475448261,12475449217,12475449318,12475450222,12475447910,12475448446,12475459668,12475449108,12475448747,12475471342,12475448941,12475449169
STAT,(NULL),nBad,22,0,0,0,0,0,0,0,0,0,0,0,0,0,0,0,0,0,0,0,0,0,0,0
STAT,(NULL),nEmpty,22,5667422,198730,260205,261155,261943,260541,263226,260050,260441,259839,260925,261286,262264,260691,261614,258764,258699,258671,262130,260860,259031,257315,259042
STAT,(NULL),nEmptyPop,22,156858,7324,7091,7037,7118,7075,7104,7134,7061,7183,7172,7083,7103,7002,7149,7144,7207,7180,7019,7166,7215,7146,7145
STAT,(NULL),nOverall,22,67108861,2455361,3075685,3076255,3094677,3087356,3101084,3079159,3079752,3075059,3092738,3090504,3094023,3082960,3088562,3056084,3060932,3060742,3089330,3091237,3062158,3054453,3060750
STAT,(NULL),nPop,22,22444637,812226,1028978,1030533,1035157,1032646,1038186,1029591,1031019,1028939,1034142,1034518,1035815,1031671,1033772,1022354,1023754,1023739,1034851,1033098,1024389,1020976,1024283
STAT,(NULL),nPush,22,22444634,822740,1028876,1027315,1035186,1032407,1036908,1029880,1028669,1027491,1034189,1032881,1036008,1033128,1033894,1022461,1022308,1023298,1034140,1033247,1023570,1021121,1024917
STAT,(NULL),nPushInit,22,3,1,1,1,0,0,0,0,0,0,0,0,0,0,0,0,0,0,0,0,0,0,0
==== BENCHMARK TOOK 10.341
==== BENCHMARK START ===
==== PARAMS kernel=4.9.5-64-net1 malloc=libc hostname=rack-mad-04 threads=22 delta=4 prog=sssp-klsm64mq4  ===
ERROR: ld.so: object '/specific/disk1/home/adamx/malloc/lib64/libjemalloc.so' from LD_PRELOAD cannot be preloaded (cannot open shared object file): ignored.
Galois Benchmark Suite v2.2.1 (r0)
Copyright (C) 2014 The University of Texas at Austin
http://iss.ices.utexas.edu/galois/

application: Single Source Shortest Path
Computes the shortest path from a source node to all nodes in a directed graph using a modified chaotic iteration algorithm
http://iss.ices.utexas.edu/?p=projects/galois/benchmarks/single_source_shortest_path

INFO: CommandLine ./build/debug/apps/sssp/sssp -noverify -t 22 -delta 4 -wl klsm64mq4 -startNode 0 /specific/disk1/home/mad/Galois-PQ/inputs/random/r4-2e24.gr
INFO: Hostname rack-mad-04
Read 16777216 nodes
Running Asynchronous with CAS version
INFO: Using delta-step of 1
WARNING: Performance varies considerably due to delta parameter.
WARNING: Do not expect the default to be good for your graph.
Node 1 has distance 8445
STATTYPE,LOOP,CATEGORY,n,sum,T0,T1,T2,T3,T4,T5,T6,T7,T8,T9,T10,T11,T12,T13,T14,T15,T16,T17,T18,T19,T20,T21
STAT,(NULL),BadWork,22,0,0,0,0,0,0,0,0,0,0,0,0,0,0,0,0,0,0,0,0,0,0,0
STAT,(NULL),BarrierTime,22,3187865,456528,337653,233245,222160,220831,211913,203358,146923,107074,150571,150374,116506,113198,114321,113645,54017,51939,15834,18886,52818,42565,53506
STAT,(NULL),ConflictTime,22,0,0,0,0,0,0,0,0,0,0,0,0,0,0,0,0,0,0,0,0,0,0,0
STAT,(NULL),Conflicts,22,0,0,0,0,0,0,0,0,0,0,0,0,0,0,0,0,0,0,0,0,0,0,0
STAT,(NULL),EmptyPopTime,22,155962472,9217536,7099849,6682426,6915026,6956851,6700242,6884072,6980973,6864832,6851865,6825105,6789318,8022838,7015871,7021494,7001339,7028009,6953170,6911174,7205487,7039820,6995175
STAT,(NULL),EmptyWork,22,3566068570,150531112,165222332,163682984,165212704,158788551,167731247,163650395,165236093,160685344,167284673,164096323,163675068,164859105,166842636,154232926,164146696,155339910,163314733,167749048,157595567,151516397,164674726
STAT,(NULL),GaloisTime,22,18808388209,937756517,849368773,852342017,853585118,851178258,857373109,849641486,851175518,850048095,855494110,859271724,853611421,854380998,855446813,846285743,845561677,845059969,853887635,853306166,844082647,841717709,847812706
STAT,(NULL),InitPushTime,22,854782,29648,11374,137872,36733,37005,36262,37603,37239,36289,35719,35500,35282,35822,34778,35792,35443,34970,34818,33731,34405,34414,34083
STAT,(NULL),Iterations,22,22444583,856301,1026626,1027251,1032074,1030979,1033483,1027712,1026804,1027529,1032254,1031908,1033812,1030300,1033877,1020665,1021513,1022005,1031085,1030427,1023871,1020618,1023489
STAT,(NULL),LoopTime,22,12788620371,12788620371,0,0,0,0,0,0,0,0,0,0,0,0,0,0,0,0,0,0,0,0,0
STAT,(NULL),MeminfoPost,22,1562,71,71,71,71,71,71,71,71,71,71,71,71,71,71,71,71,71,71,71,71,71,71
STAT,(NULL),MeminfoPre,22,1562,71,71,71,71,71,71,71,71,71,71,71,71,71,71,71,71,71,71,71,71,71,71
STAT,(NULL),NumaPost,22,12020,11073,196,366,385,0,0,0,0,0,0,0,0,0,0,0,0,0,0,0,0,0,0
STAT,(NULL),PopTime,22,35578992785,1656998299,1622468929,1614619789,1616114117,1609514300,1610453495,1613590507,1613645964,1615455552,1614042875,1609970087,1612638341,1616876493,1612049721,1617044253,1622656107,1615874069,1610736956,1609945637,1620112393,1624285685,1619899216
STAT,(NULL),PushTime,22,130349176000,5995589183,5925831981,5934279721,5917516785,5926584782,5905348216,5933594651,5933265696,5936668298,5913234234,5911018169,5897774688,5908789557,5909697018,5932269848,5925970387,5929169233,5913299352,5919212745,5929686351,5934003227,5916371878
STAT,(NULL),RusageSys,22,16000,16000,0,0,0,0,0,0,0,0,0,0,0,0,0,0,0,0,0,0,0,0,0
STAT,(NULL),RusageUser,22,124884000,124884000,0,0,0,0,0,0,0,0,0,0,0,0,0,0,0,0,0,0,0,0,0
STAT,(NULL),Threads,22,22,22,0,0,0,0,0,0,0,0,0,0,0,0,0,0,0,0,0,0,0,0,0
STAT,(NULL),Time,22,12801911770,12801911770,0,0,0,0,0,0,0,0,0,0,0,0,0,0,0,0,0,0,0,0,0
STAT,(NULL),TotalTime,22,20784556260,20784556260,0,0,0,0,0,0,0,0,0,0,0,0,0,0,0,0,0,0,0,0,0
STAT,(NULL),UserTime,22,85985541606,3724637393,3904739343,3903126946,3915388650,3921711063,3927127769,3907372970,3904429670,3905011043,3917825856,3923552303,3940244207,3921804052,3923680498,3917879680,3909398449,3922261607,3926539191,3917609854,3916051651,3916169562,3918979849
STAT,(NULL),Work,22,274446046724,12474828576,12474818616,12474819046,12474818725,12474819280,12474818667,12474818959,12474819365,12474819134,12474818949,12474819483,12474819692,12474818646,12474818952,12474819604,12474819714,12474819556,12474818030,12474819984,12474819447,12474834968,12474819331
STAT,(NULL),nBad,22,0,0,0,0,0,0,0,0,0,0,0,0,0,0,0,0,0,0,0,0,0,0,0
STAT,(NULL),nEmpty,22,5667368,215129,259174,259727,260573,260911,260843,259294,259414,259935,260490,260872,260861,260218,261463,257814,258094,258025,258951,260516,258905,257739,258420
STAT,(NULL),nEmptyPop,22,154277,7150,7130,6806,6926,7132,6863,6905,6973,6902,6918,7017,6928,6952,7100,7059,6975,7129,7053,7108,7185,7053,7013
STAT,(NULL),nOverall,22,67108861,2565979,3069454,3067664,3089831,3077685,3091931,3071900,3071104,3070865,3085657,3085027,3091871,3080715,3091629,3050355,3052439,3056938,3087551,3081061,3057151,3052955,3059099
STAT,(NULL),nPop,22,22444583,856301,1026626,1027251,1032074,1030979,1033483,1027712,1026804,1027529,1032254,1031908,1033812,1030300,1033877,1020665,1021513,1022005,1031085,1030427,1023871,1020618,1023489
STAT,(NULL),nPush,22,22444580,860684,1026335,1025876,1032769,1028598,1034568,1027127,1026717,1027060,1032182,1032423,1034199,1029837,1032923,1019118,1021691,1022068,1033618,1032035,1021982,1020427,1022343
STAT,(NULL),nPushInit,22,3,1,1,1,0,0,0,0,0,0,0,0,0,0,0,0,0,0,0,0,0,0,0
==== BENCHMARK TOOK 10.315
==== BENCHMARK START ===
==== PARAMS kernel=4.9.5-64-net1 malloc=libc hostname=rack-mad-04 threads=22 delta=4 prog=sssp-klsm64mq4  ===
ERROR: ld.so: object '/specific/disk1/home/adamx/malloc/lib64/libjemalloc.so' from LD_PRELOAD cannot be preloaded (cannot open shared object file): ignored.
Galois Benchmark Suite v2.2.1 (r0)
Copyright (C) 2014 The University of Texas at Austin
http://iss.ices.utexas.edu/galois/

application: Single Source Shortest Path
Computes the shortest path from a source node to all nodes in a directed graph using a modified chaotic iteration algorithm
http://iss.ices.utexas.edu/?p=projects/galois/benchmarks/single_source_shortest_path

INFO: CommandLine ./build/debug/apps/sssp/sssp -noverify -t 22 -delta 4 -wl klsm64mq4 -startNode 0 /specific/disk1/home/mad/Galois-PQ/inputs/random/r4-2e24.gr
INFO: Hostname rack-mad-04
Read 16777216 nodes
Running Asynchronous with CAS version
INFO: Using delta-step of 1
WARNING: Performance varies considerably due to delta parameter.
WARNING: Do not expect the default to be good for your graph.
Node 1 has distance 8445
STATTYPE,LOOP,CATEGORY,n,sum,T0,T1,T2,T3,T4,T5,T6,T7,T8,T9,T10,T11,T12,T13,T14,T15,T16,T17,T18,T19,T20,T21
STAT,(NULL),BadWork,22,4828,0,0,0,0,0,0,0,0,0,0,0,0,0,0,4828,0,0,0,0,0,0,0
STAT,(NULL),BarrierTime,22,3280617,479681,353978,255246,233054,232766,218808,217045,155891,148541,87732,109266,122336,121464,121209,120991,47377,46336,49323,49514,49475,47378,13206
STAT,(NULL),ConflictTime,22,0,0,0,0,0,0,0,0,0,0,0,0,0,0,0,0,0,0,0,0,0,0,0
STAT,(NULL),Conflicts,22,0,0,0,0,0,0,0,0,0,0,0,0,0,0,0,0,0,0,0,0,0,0,0
STAT,(NULL),EmptyPopTime,22,154791006,8829516,6926262,6758702,6942560,7009608,6960068,6940102,7080552,6869374,6845508,6982514,6889347,6920976,6799922,7028868,7195396,7158774,6732112,6847706,6960351,6992759,7120029
STAT,(NULL),EmptyWork,22,3530298079,156446643,163584871,164965176,164216525,164634670,162590598,164424641,155060675,163020408,164694797,163432542,165665388,147977802,154603725,164545814,158655047,156433716,159170097,154873558,153973923,163029160,164298303
STAT,(NULL),GaloisTime,22,18736936495,913979082,846509613,845993905,853690760,848989311,853710141,849210351,844688916,848482976,851346145,851355580,853360943,846609870,853504312,841804417,843773815,842094225,856389035,853583333,847931575,839915123,850013067
STAT,(NULL),InitPushTime,22,881485,27204,10746,134448,40243,39272,36484,37036,36900,36526,66235,35415,35197,35397,34587,35373,35354,34857,33910,34062,34056,34093,34090
STAT,(NULL),Iterations,22,22444629,894484,1025529,1024789,1032239,1029130,1032084,1026693,1024522,1024821,1029533,1028976,1030698,1028148,1030468,1018303,1021631,1021323,1030349,1029010,1022186,1018855,1020858
STAT,(NULL),LoopTime,22,12604989216,12604989216,0,0,0,0,0,0,0,0,0,0,0,0,0,0,0,0,0,0,0,0,0
STAT,(NULL),MeminfoPost,22,1562,71,71,71,71,71,71,71,71,71,71,71,71,71,71,71,71,71,71,71,71,71,71
STAT,(NULL),MeminfoPre,22,1562,71,71,71,71,71,71,71,71,71,71,71,71,71,71,71,71,71,71,71,71,71,71
STAT,(NULL),NumaPost,22,12024,11070,424,361,169,0,0,0,0,0,0,0,0,0,0,0,0,0,0,0,0,0,0
STAT,(NULL),PopTime,22,35488591064,1649391455,1617263309,1614131563,1612576305,1616885084,1611769053,1617576113,1611571008,1611721952,1611786969,1604886742,1607490575,1609319983,1607823683,1610121888,1618055192,1612597312,1605384340,1603932352,1614269441,1608332181,1611704564
STAT,(NULL),PushTime,22,130100251689,5966917614,5911564823,5927422306,5897216822,5910079060,5899239876,5915615576,5921532407,5928661454,5899161163,5901211087,5891750784,5904937524,5903839154,5935129516,5909458610,5913801461,5892379139,5907571897,5917576143,5936625147,5908560126
STAT,(NULL),RusageSys,22,0,0,0,0,0,0,0,0,0,0,0,0,0,0,0,0,0,0,0,0,0,0,0
STAT,(NULL),RusageUser,22,124648000,124648000,0,0,0,0,0,0,0,0,0,0,0,0,0,0,0,0,0,0,0,0,0
STAT,(NULL),Threads,22,22,22,0,0,0,0,0,0,0,0,0,0,0,0,0,0,0,0,0,0,0,0,0
STAT,(NULL),Time,22,12617329003,12617329003,0,0,0,0,0,0,0,0,0,0,0,0,0,0,0,0,0,0,0,0,0
STAT,(NULL),TotalTime,22,20480839408,20480839408,0,0,0,0,0,0,0,0,0,0,0,0,0,0,0,0,0,0,0,0,0
STAT,(NULL),UserTime,22,85879157305,3753980162,3903696456,3890275293,3914904277,3901948514,3915277179,3895780008,3909614377,3890789953,3915709174,3921677998,3924390266,3933780350,3922976553,3890915832,3912408624,3917462423,3929491694,3922739119,3908835309,3894652945,3907850799
STAT,(NULL),Work,22,273891844102,12449638606,12449627663,12449628476,12449628015,12449628385,12449628712,12449628400,12449628354,12449628082,12449625959,12449637931,12449628309,12449628257,12449628458,12449628767,12449628594,12449629007,12449628661,12449629195,12449628764,12449628297,12449629210
STAT,(NULL),nBad,22,4,0,0,0,0,0,0,0,0,0,0,0,0,0,0,4,0,0,0,0,0,0,0
STAT,(NULL),nEmpty,22,5667413,222561,258826,259150,260861,260433,261276,259079,259026,259390,259885,259639,259878,259533,259889,258188,257927,258519,259665,259243,259133,257789,257523
STAT,(NULL),nEmptyPop,22,153764,7182,7096,6863,6979,6984,7007,6977,7054,6885,6870,6979,6999,6996,6946,7072,7098,7172,6736,6884,6932,6954,7099
STAT,(NULL),nOverall,22,67108865,2687009,3064800,3063174,3085972,3076255,3082287,3067398,3065141,3063965,3079232,3080021,3082594,3075788,3082575,3043807,3051354,3051177,3082569,3077699,3049616,3044399,3052033
STAT,(NULL),nPop,22,22444629,894484,1025529,1024789,1032239,1029130,1032084,1026693,1024522,1024821,1029533,1028976,1030698,1028148,1030468,1018303,1021631,1021323,1030349,1029010,1022186,1018855,1020858
STAT,(NULL),nPush,22,22444626,932080,1023112,1022514,1028626,1027301,1029985,1023939,1023302,1024390,1028795,1028252,1029198,1027773,1029707,1016629,1018214,1018269,1029655,1027857,1018855,1016114,1020059
STAT,(NULL),nPushInit,22,3,1,1,1,0,0,0,0,0,0,0,0,0,0,0,0,0,0,0,0,0,0,0
==== BENCHMARK TOOK 10.144
==== BENCHMARK START ===
==== PARAMS kernel=4.9.5-64-net1 malloc=libc hostname=rack-mad-04 threads=22 delta=4 prog=sssp-klsm64mq4  ===
ERROR: ld.so: object '/specific/disk1/home/adamx/malloc/lib64/libjemalloc.so' from LD_PRELOAD cannot be preloaded (cannot open shared object file): ignored.
Galois Benchmark Suite v2.2.1 (r0)
Copyright (C) 2014 The University of Texas at Austin
http://iss.ices.utexas.edu/galois/

application: Single Source Shortest Path
Computes the shortest path from a source node to all nodes in a directed graph using a modified chaotic iteration algorithm
http://iss.ices.utexas.edu/?p=projects/galois/benchmarks/single_source_shortest_path

INFO: CommandLine ./build/debug/apps/sssp/sssp -noverify -t 22 -delta 4 -wl klsm64mq4 -startNode 0 /specific/disk1/home/mad/Galois-PQ/inputs/random/r4-2e24.gr
INFO: Hostname rack-mad-04
Read 16777216 nodes
Running Asynchronous with CAS version
INFO: Using delta-step of 1
WARNING: Performance varies considerably due to delta parameter.
WARNING: Do not expect the default to be good for your graph.
Node 1 has distance 8445
STATTYPE,LOOP,CATEGORY,n,sum,T0,T1,T2,T3,T4,T5,T6,T7,T8,T9,T10,T11,T12,T13,T14,T15,T16,T17,T18,T19,T20,T21
STAT,(NULL),BadWork,22,0,0,0,0,0,0,0,0,0,0,0,0,0,0,0,0,0,0,0,0,0,0,0
STAT,(NULL),BarrierTime,22,2571931,349512,261056,218529,184654,189734,189983,191430,111536,113265,114439,115702,120860,84462,121959,84416,17311,17312,11280,18929,18583,20335,16644
STAT,(NULL),ConflictTime,22,0,0,0,0,0,0,0,0,0,0,0,0,0,0,0,0,0,0,0,0,0,0,0
STAT,(NULL),Conflicts,22,0,0,0,0,0,0,0,0,0,0,0,0,0,0,0,0,0,0,0,0,0,0,0
STAT,(NULL),EmptyPopTime,22,155733975,9208239,6922710,6795506,6862931,6886188,7016250,6942739,7002630,7185160,6998391,6843655,6913395,6999376,6951056,6967047,7095513,7257463,6842488,6804115,7012994,7144905,7081224
STAT,(NULL),EmptyWork,22,3539941538,144042779,161549413,164919314,167492766,160913430,153691833,159688129,166374955,160140672,162498222,161905745,162023026,165704800,159606803,162450427,159646946,160106572,163980437,165922818,154257483,162923594,160101374
STAT,(NULL),GaloisTime,22,18849739939,941012085,858231922,848525116,859230696,857929076,854676377,852075245,852056183,848877233,855143887,855564667,855654987,854106033,858213405,842600341,848092679,847551614,854784161,857708184,848333432,846096606,853276010
STAT,(NULL),InitPushTime,22,804695,29876,10450,92096,36887,36891,36274,36711,36608,36205,35510,35361,35358,35194,34684,35373,35391,35191,34102,33613,34365,34326,34229
STAT,(NULL),Iterations,22,22444643,851382,1027960,1026693,1032985,1031801,1033248,1028032,1027787,1027060,1032869,1031698,1034244,1030472,1034132,1019718,1022863,1022213,1032040,1031950,1023101,1020278,1022117
STAT,(NULL),LoopTime,22,12686855754,12686855754,0,0,0,0,0,0,0,0,0,0,0,0,0,0,0,0,0,0,0,0,0
STAT,(NULL),MeminfoPost,22,1562,71,71,71,71,71,71,71,71,71,71,71,71,71,71,71,71,71,71,71,71,71,71
STAT,(NULL),MeminfoPre,22,1562,71,71,71,71,71,71,71,71,71,71,71,71,71,71,71,71,71,71,71,71,71,71
STAT,(NULL),NumaPost,22,12029,11080,200,370,379,0,0,0,0,0,0,0,0,0,0,0,0,0,0,0,0,0,0
STAT,(NULL),PopTime,22,35551874795,1659950365,1614195618,1611335823,1615653616,1614649659,1606381915,1612904537,1615750138,1614489133,1612283623,1608278288,1614561058,1608437615,1617715120,1612447697,1618593235,1621728779,1613898409,1611888524,1618285044,1614788061,1613658538
STAT,(NULL),PushTime,22,130238718234,5981916124,5916747168,5925968341,5905622355,5907313960,5911708526,5925637993,5919713791,5935764944,5911906852,5910302387,5887813150,5915794162,5899697764,5941050497,5928250190,5923957219,5899405039,5902877622,5923893384,5940420716,5922956050
STAT,(NULL),RusageSys,22,16000,16000,0,0,0,0,0,0,0,0,0,0,0,0,0,0,0,0,0,0,0,0,0
STAT,(NULL),RusageUser,22,124864000,124864000,0,0,0,0,0,0,0,0,0,0,0,0,0,0,0,0,0,0,0,0,0
STAT,(NULL),Threads,22,22,22,0,0,0,0,0,0,0,0,0,0,0,0,0,0,0,0,0,0,0,0,0
STAT,(NULL),Time,22,12700172147,12700172147,0,0,0,0,0,0,0,0,0,0,0,0,0,0,0,0,0,0,0,0,0
STAT,(NULL),TotalTime,22,21112566329,21112566329,0,0,0,0,0,0,0,0,0,0,0,0,0,0,0,0,0,0,0,0,0
STAT,(NULL),UserTime,22,86059940944,3736412720,3914896226,3914999725,3917680128,3924851761,3939069054,3915294411,3911645912,3906085654,3923711162,3929647332,3945576770,3921502048,3930358372,3907026632,3910865501,3911941001,3933633952,3927341824,3920761463,3901169147,3915470149
STAT,(NULL),Work,22,274397953674,12472644348,12472633156,12472633567,12472641286,12472633150,12472633515,12472633075,12472633175,12472633475,12472632765,12472632996,12472633224,12472634091,12472633272,12472632923,12472633594,12472633672,12472633846,12472634228,12472633238,12472633973,12472633105
STAT,(NULL),nBad,22,0,0,0,0,0,0,0,0,0,0,0,0,0,0,0,0,0,0,0,0,0,0,0
STAT,(NULL),nEmpty,22,5667428,217106,259679,258475,260376,260675,260265,259635,259357,259806,261874,259939,260923,260339,261566,257265,258662,257051,259964,260668,258408,257512,257883
STAT,(NULL),nEmptyPop,22,154891,7208,7004,6901,6915,7025,7093,6985,7041,7167,7076,6916,7055,7092,7022,6995,7055,7220,6945,6939,6995,7117,7125
STAT,(NULL),nOverall,22,67108861,2537435,3073410,3074539,3087576,3084849,3092270,3072595,3073178,3070449,3082912,3088228,3092295,3081117,3085562,3054012,3055788,3062419,3086283,3086088,3057847,3052996,3057013
STAT,(NULL),nPop,22,22444643,851382,1027960,1026693,1032985,1031801,1033248,1028032,1027787,1027060,1032869,1031698,1034244,1030472,1034132,1019718,1022863,1022213,1032040,1031950,1023101,1020278,1022117
STAT,(NULL),nPush,22,22444640,843260,1027071,1027062,1033248,1030244,1035347,1027418,1026458,1027687,1033348,1033341,1035813,1030873,1033137,1021830,1021725,1024119,1033537,1032288,1022902,1020677,1023255
STAT,(NULL),nPushInit,22,3,1,1,1,0,0,0,0,0,0,0,0,0,0,0,0,0,0,0,0,0,0,0
==== BENCHMARK TOOK 10.522
==== BENCHMARK START ===
==== PARAMS kernel=4.9.5-64-net1 malloc=libc hostname=rack-mad-04 threads=22 delta=4 prog=sssp-klsm64mq4  ===
ERROR: ld.so: object '/specific/disk1/home/adamx/malloc/lib64/libjemalloc.so' from LD_PRELOAD cannot be preloaded (cannot open shared object file): ignored.
Galois Benchmark Suite v2.2.1 (r0)
Copyright (C) 2014 The University of Texas at Austin
http://iss.ices.utexas.edu/galois/

application: Single Source Shortest Path
Computes the shortest path from a source node to all nodes in a directed graph using a modified chaotic iteration algorithm
http://iss.ices.utexas.edu/?p=projects/galois/benchmarks/single_source_shortest_path

INFO: CommandLine ./build/debug/apps/sssp/sssp -noverify -t 22 -delta 4 -wl klsm64mq4 -startNode 0 /specific/disk1/home/mad/Galois-PQ/inputs/random/r4-2e24.gr
INFO: Hostname rack-mad-04
Read 16777216 nodes
Running Asynchronous with CAS version
INFO: Using delta-step of 1
WARNING: Performance varies considerably due to delta parameter.
WARNING: Do not expect the default to be good for your graph.
Node 1 has distance 8445
STATTYPE,LOOP,CATEGORY,n,sum,T0,T1,T2,T3,T4,T5,T6,T7,T8,T9,T10,T11,T12,T13,T14,T15,T16,T17,T18,T19,T20,T21
STAT,(NULL),BadWork,22,0,0,0,0,0,0,0,0,0,0,0,0,0,0,0,0,0,0,0,0,0,0,0
STAT,(NULL),BarrierTime,22,3226915,442038,337815,240179,228645,208172,207628,207428,136008,154261,118525,117878,123409,124405,120685,120235,65180,57971,67836,67757,23754,27926,29180
STAT,(NULL),ConflictTime,22,0,0,0,0,0,0,0,0,0,0,0,0,0,0,0,0,0,0,0,0,0,0,0
STAT,(NULL),Conflicts,22,0,0,0,0,0,0,0,0,0,0,0,0,0,0,0,0,0,0,0,0,0,0,0
STAT,(NULL),EmptyPopTime,22,155562133,8343490,7045674,6914094,7093057,6927060,6945614,7089859,6985455,6942291,6953797,6902260,7189813,6988979,6820614,7048185,7056089,7238814,6917209,6909087,7120748,7066808,7063136
STAT,(NULL),EmptyWork,22,3522990208,159048975,155189542,160330228,162508885,165138185,162290372,158245174,157248406,151030085,157173346,162817947,164421577,160925759,151504063,157913836,155219132,166209094,163537170,161264978,163188780,163023190,164761484
STAT,(NULL),GaloisTime,22,18702437225,888554842,846626151,848513813,848725158,851837619,855382734,848170294,846968938,843978231,851351939,851901334,855338996,848245209,850537908,844934375,843911925,842312910,855094401,851987071,842383107,843294996,842385274
STAT,(NULL),InitPushTime,22,805717,28872,10378,91518,37088,37021,37102,37087,37069,36511,35707,35534,35394,34981,35300,35437,35324,34975,33904,33789,34138,34356,34232
STAT,(NULL),Iterations,22,22444620,934871,1023973,1022209,1029007,1027139,1030858,1023574,1022035,1024051,1028202,1028717,1030479,1026496,1027925,1017076,1017877,1020536,1027194,1027746,1018907,1016823,1018925
STAT,(NULL),LoopTime,22,12603026815,12603026815,0,0,0,0,0,0,0,0,0,0,0,0,0,0,0,0,0,0,0,0,0
STAT,(NULL),MeminfoPost,22,1562,71,71,71,71,71,71,71,71,71,71,71,71,71,71,71,71,71,71,71,71,71,71
STAT,(NULL),MeminfoPre,22,1562,71,71,71,71,71,71,71,71,71,71,71,71,71,71,71,71,71,71,71,71,71,71
STAT,(NULL),NumaPost,22,12012,11071,207,350,384,0,0,0,0,0,0,0,0,0,0,0,0,0,0,0,0,0,0
STAT,(NULL),PopTime,22,35386596434,1624288647,1613933994,1604768404,1604949505,1600498322,1603446303,1606591718,1610218335,1612027106,1602702570,1609404149,1601752797,1604611393,1605181406,1606743032,1614435360,1611558059,1602203376,1608423503,1613959349,1610590110,1614308996
STAT,(NULL),PushTime,22,129780557301,5949600498,5895555426,5916914209,5896586784,5903088568,5873365879,5897943119,5903515075,5910016702,5892160091,5881920947,5875050416,5891521446,5889738396,5916743005,5900949760,5895282421,5887591697,5888496305,5906467062,5908513977,5899535518
STAT,(NULL),RusageSys,22,0,0,0,0,0,0,0,0,0,0,0,0,0,0,0,0,0,0,0,0,0,0,0
STAT,(NULL),RusageUser,22,124416000,124416000,0,0,0,0,0,0,0,0,0,0,0,0,0,0,0,0,0,0,0,0,0
STAT,(NULL),Threads,22,22,22,0,0,0,0,0,0,0,0,0,0,0,0,0,0,0,0,0,0,0,0,0
STAT,(NULL),Time,22,12616420486,12616420486,0,0,0,0,0,0,0,0,0,0,0,0,0,0,0,0,0,0,0,0,0
STAT,(NULL),TotalTime,22,21189073722,21189073722,0,0,0,0,0,0,0,0,0,0,0,0,0,0,0,0,0,0,0,0,0
STAT,(NULL),UserTime,22,85829268143,3796408019,3907894854,3888805111,3906383268,3898756227,3924814915,3908206172,3901308686,3902252798,3915903443,3913299040,3922492515,3913953993,3922464085,3892863156,3904672465,3903644837,3910903135,3909164290,3893128112,3893756460,3898192562
STAT,(NULL),Work,22,273379322664,12426352519,12426330497,12426330173,12426331089,12426330512,12426331417,12426330473,12426352800,12426331599,12426330124,12426330816,12426330567,12426331295,12426331149,12426331010,12426330352,12426331098,12426331204,12426330931,12426331602,12426330667,12426330770
STAT,(NULL),nBad,22,0,0,0,0,0,0,0,0,0,0,0,0,0,0,0,0,0,0,0,0,0,0,0
STAT,(NULL),nEmpty,22,5667405,237147,258901,258379,259142,259519,259410,258774,257901,259669,259729,258937,259879,258540,259752,256979,256932,257981,258538,260157,257471,256015,257653
STAT,(NULL),nEmptyPop,22,154894,7288,7181,7042,7099,6910,6976,7085,6969,6919,7056,6975,7209,6932,6912,6952,7052,7148,7014,6987,7107,7054,7027
STAT,(NULL),nOverall,22,67108861,2792848,3061000,3056726,3077848,3069730,3083715,3060500,3057077,3058513,3075510,3077562,3081502,3071551,3073592,3043876,3041891,3049676,3074763,3068395,3043743,3042659,3046184
STAT,(NULL),nPop,22,22444620,934871,1023973,1022209,1029007,1027139,1030858,1023574,1022035,1024051,1028202,1028717,1030479,1026496,1027925,1017076,1017877,1020536,1027194,1027746,1018907,1016823,1018925
STAT,(NULL),nPush,22,22444617,911734,1024202,1023691,1030017,1027934,1032233,1024526,1022872,1023657,1029771,1029464,1031845,1028446,1029384,1017917,1019551,1020508,1030915,1028385,1019541,1017991,1020033
STAT,(NULL),nPushInit,22,3,1,1,1,0,0,0,0,0,0,0,0,0,0,0,0,0,0,0,0,0,0,0
==== BENCHMARK TOOK 10.467
