==== BENCHMARK START ===
==== PARAMS kernel=4.9.5-64-net1 malloc=libc hostname=rack-mad-04 threads=44 delta=4 prog=sssp-klsm64mq4  ===
ERROR: ld.so: object '/specific/disk1/home/adamx/malloc/lib64/libjemalloc.so' from LD_PRELOAD cannot be preloaded (cannot open shared object file): ignored.
Galois Benchmark Suite v2.2.1 (r0)
Copyright (C) 2014 The University of Texas at Austin
http://iss.ices.utexas.edu/galois/

application: Single Source Shortest Path
Computes the shortest path from a source node to all nodes in a directed graph using a modified chaotic iteration algorithm
http://iss.ices.utexas.edu/?p=projects/galois/benchmarks/single_source_shortest_path

INFO: CommandLine ./build/debug/apps/sssp/sssp -noverify -t 44 -delta 4 -wl klsm64mq4 -startNode 0 /specific/disk1/home/mad/Galois-PQ/inputs/scalefree/rmat16p-2e24.gr
INFO: Hostname rack-mad-04
Read 16777216 nodes
Running Asynchronous with CAS version
INFO: Using delta-step of 1
WARNING: Performance varies considerably due to delta parameter.
WARNING: Do not expect the default to be good for your graph.
Node 1 has distance 2
STATTYPE,LOOP,CATEGORY,n,sum,T0,T1,T2,T3,T4,T5,T6,T7,T8,T9,T10,T11,T12,T13,T14,T15,T16,T17,T18,T19,T20,T21,T22,T23,T24,T25,T26,T27,T28,T29,T30,T31,T32,T33,T34,T35,T36,T37,T38,T39,T40,T41,T42,T43
STAT,(NULL),BadWork,44,6342148,329117,287192,778987,595990,0,0,487773,874116,213501,0,0,0,0,0,21120,0,162503,490129,140454,0,0,0,0,0,0,66397,64917,0,0,0,280854,694112,0,0,0,213995,41727,11932,0,150133,73601,289302,0,74296
STAT,(NULL),BarrierTime,44,10592288,577932,488236,473762,438956,442267,419511,488952,415144,428479,427799,426335,390681,386415,376922,310364,234659,233085,321121,318869,234672,305148,234299,122369,118150,42323,122374,123531,121158,110125,32890,41197,114692,39045,44398,115374,116293,108337,116897,110520,125093,117913,116737,28964,230300
STAT,(NULL),ConflictTime,44,0,0,0,0,0,0,0,0,0,0,0,0,0,0,0,0,0,0,0,0,0,0,0,0,0,0,0,0,0,0,0,0,0,0,0,0,0,0,0,0,0,0,0,0,0
STAT,(NULL),Conflicts,44,0,0,0,0,0,0,0,0,0,0,0,0,0,0,0,0,0,0,0,0,0,0,0,0,0,0,0,0,0,0,0,0,0,0,0,0,0,0,0,0,0,0,0,0,0
STAT,(NULL),EmptyPopTime,44,1000398133,28222795,24285271,23907712,23823911,24161505,23870573,24022560,24417375,23926043,23501872,23946135,24315801,24682108,23722936,24185833,25390678,24319913,25381177,24183992,24392776,23825897,24004686,21003709,22034670,20972849,20838304,20982575,20745049,20962748,20745267,22049424,21133131,21649449,20859467,20996065,21062249,20593488,21028994,21013495,20669624,21119609,20978137,21163127,21305154
STAT,(NULL),EmptyWork,44,7068752984,170304267,159983211,159649773,163576970,160191398,159231332,158014754,159479196,159045788,159665225,164741287,159104599,157791292,162505017,163773700,155561901,156943847,160620856,162777234,157998776,159102255,161150461,158733853,157902976,156538917,164080646,161129704,161554418,163376565,156656807,160961874,162793128,158556253,162260751,164097114,157932111,163512185,160698348,161009171,163484200,159730337,162438279,161465426,158626782
STAT,(NULL),GaloisTime,44,22654767549,584261995,511170306,513894813,514419310,517230847,512912538,512717581,512725855,510893802,513922015,512713719,512171333,512152258,512361788,511754803,510098436,507681900,514433814,514042251,511479640,508118698,508161749,512498100,511802624,515172382,514493218,518438534,514535961,514143026,514874842,518155938,515060924,515452987,518990131,515418819,517068138,510872850,509450988,508158040,516669388,515734393,518708285,508676430,511072100
STAT,(NULL),InitPushTime,44,13123665,324188,334007,332185,267517,264400,267119,202251,216459,201975,207006,203856,203851,205392,215199,283475,290278,291480,209749,211807,295110,219772,296281,366435,371512,448770,367033,365394,369300,378888,458438,450123,257303,381735,375192,304171,304905,313856,301658,308822,294879,302338,303897,391433,164226
STAT,(NULL),Iterations,44,41827370,814428,950426,952295,956474,954002,954126,949523,951931,953033,955902,953248,953441,951936,954695,945647,943026,945121,952937,953806,945462,944554,943510,956594,955676,958868,961519,959338,960711,956386,957395,962025,960831,959769,959073,957503,960636,949629,949068,947036,959683,958529,959634,950050,947894
STAT,(NULL),LoopTime,44,13955823466,13955823466,0,0,0,0,0,0,0,0,0,0,0,0,0,0,0,0,0,0,0,0,0,0,0,0,0,0,0,0,0,0,0,0,0,0,0,0,0,0,0,0,0,0,0
STAT,(NULL),MeminfoPost,44,1584,36,36,36,36,36,36,36,36,36,36,36,36,36,36,36,36,36,36,36,36,36,36,36,36,36,36,36,36,36,36,36,36,36,36,36,36,36,36,36,36,36,36,36,36
STAT,(NULL),MeminfoPre,44,1584,36,36,36,36,36,36,36,36,36,36,36,36,36,36,36,36,36,36,36,36,36,36,36,36,36,36,36,36,36,36,36,36,36,36,36,36,36,36,36,36,36,36,36,36
STAT,(NULL),NumaPost,44,12990,10497,1360,778,355,0,0,0,0,0,0,0,0,0,0,0,0,0,0,0,0,0,0,0,0,0,0,0,0,0,0,0,0,0,0,0,0,0,0,0,0,0,0,0,0
STAT,(NULL),PopTime,44,104743510318,2363056918,2381000232,2380354546,2379758790,2376277496,2383085845,2378777798,2383865176,2384179310,2386367995,2369716772,2376578725,2382970972,2378002871,2375931497,2375027647,2382705390,2375632681,2374663693,2376873799,2378847579,2375512116,2381669587,2385260031,2385465758,2379629779,2377661701,2381046862,2381142399,2382088770,2376016051,2380661544,2384027741,2382184009,2378467481,2386081970,2385946193,2389604266,2385305053,2384534933,2386129318,2379238000,2388403859,2383757165
STAT,(NULL),PushTime,44,232860750664,5488285676,5296022637,5297802272,5282898653,5291080870,5276046710,5295898766,5291925250,5284155974,5275680804,5293273282,5274360969,5285752411,5274603163,5301284856,5302586816,5305238033,5278170420,5278569017,5296844920,5305278288,5289453620,5298560110,5303886543,5301310161,5270276233,5278962266,5275123296,5299202242,5293254462,5279570429,5271024323,5280146953,5266974089,5280040112,5268057865,5296184459,5294597044,5301447685,5268516399,5280784950,5271590393,5310234876,5305792367
STAT,(NULL),RusageSys,44,4000,4000,0,0,0,0,0,0,0,0,0,0,0,0,0,0,0,0,0,0,0,0,0,0,0,0,0,0,0,0,0,0,0,0,0,0,0,0,0,0,0,0,0,0,0
STAT,(NULL),RusageUser,44,276272000,276272000,0,0,0,0,0,0,0,0,0,0,0,0,0,0,0,0,0,0,0,0,0,0,0,0,0,0,0,0,0,0,0,0,0,0,0,0,0,0,0,0,0,0,0
STAT,(NULL),Threads,44,44,44,0,0,0,0,0,0,0,0,0,0,0,0,0,0,0,0,0,0,0,0,0,0,0,0,0,0,0,0,0,0,0,0,0,0,0,0,0,0,0,0,0,0,0
STAT,(NULL),Time,44,13969830194,13969830194,0,0,0,0,0,0,0,0,0,0,0,0,0,0,0,0,0,0,0,0,0,0,0,0,0,0,0,0,0,0,0,0,0,0,0,0,0,0,0,0,0,0,0
STAT,(NULL),TotalTime,44,34332403410,34332403410,0,0,0,0,0,0,0,0,0,0,0,0,0,0,0,0,0,0,0,0,0,0,0,0,0,0,0,0,0,0,0,0,0,0,0,0,0,0,0,0,0,0,0
STAT,(NULL),UserTime,44,238724753592,5162521093,5424197096,5421047434,5432178825,5427715481,5441509907,5427225307,5424243431,5434454638,5437518800,5432265746,5450125265,5433308702,5445461361,5419726028,5427989306,5419769130,5442417417,5442420782,5429066208,5421486091,5438376482,5424192180,5415772901,5417199575,5447341884,5439485020,5443653911,5417831409,5429040386,5439904888,5445983886,5436826317,5445388813,5437637484,5446454745,5419548553,5421277823,5419723664,5442782750,5433158322,5443706825,5406713988,5416103738
STAT,(NULL),Work,44,607057276481,13796774976,13796764204,13796762887,13796760949,13796761804,13796762511,13796758490,13796759319,13796762184,13796755705,13796761853,13796756867,13796760724,13796762083,13796756139,13796762253,13796763941,13796755553,13796758229,13796757529,13796762788,13796760220,13796751016,13796752385,13796753426,13796752097,13796753420,13796750814,13796750856,13796751271,13796750910,13796752958,13796750722,13796750631,13796750980,13796751156,13796750692,13796753727,13796752379,13796750504,13796752088,13796750616,13796751912,13796750713
STAT,(NULL),nBad,44,7461,346,296,958,697,0,0,666,968,228,0,0,0,0,0,24,0,245,533,186,0,0,0,0,0,0,96,82,0,0,0,327,856,0,0,0,233,52,13,0,135,79,330,0,111
STAT,(NULL),nEmpty,44,25153712,484527,571088,573105,575553,573118,573547,570928,572862,573508,575358,572713,573431,572353,574209,568507,566447,568038,572510,573147,567518,568298,567158,575918,575619,577814,578126,576772,577892,575926,576320,579359,578324,577356,576290,575774,577667,571822,571162,569746,577736,576813,576855,572129,570369
STAT,(NULL),nEmptyPop,44,608497,13704,14701,14532,14561,14738,14618,14535,14863,14651,14368,14566,14812,15035,14484,14700,14694,14678,14673,14733,14744,14438,14573,13119,13035,13098,13007,13079,12960,13134,12966,13036,13311,12906,13001,13125,13153,12777,13027,13010,12873,13158,13080,13099,13142
STAT,(NULL),nOverall,44,268294084,5262778,6098702,6101230,6135327,6114084,6147604,6113256,6104708,6119857,6134959,6123437,6131405,6116843,6146037,6054441,6062680,6052292,6128361,6119906,6075469,6058690,6074192,6114692,6118814,6129476,6172421,6156311,6161499,6115162,6120952,6170717,6166341,6157836,6145295,6129769,6149256,6087480,6068872,6079532,6143866,6138941,6159020,6058196,6073378
STAT,(NULL),nPop,44,41827370,814428,950426,952295,956474,954002,954126,949523,951931,953033,955902,953248,953441,951936,954695,945647,943026,945121,952937,953806,945462,944554,943510,956594,955676,958868,961519,959338,960711,956386,957395,962025,960831,959769,959073,957503,960636,949629,949068,947036,959683,958529,959634,950050,947894
STAT,(NULL),nPush,44,41824655,808385,951283,952519,959378,956810,957395,953085,951862,952856,958216,957751,956002,953908,958335,946651,946761,946452,955770,957656,948529,945118,945840,953893,954036,954060,960378,958277,960761,952604,954349,960062,957926,958572,960005,957140,959365,945413,942642,944341,959121,957472,961357,946929,945390
STAT,(NULL),nPushInit,44,2715,65,65,64,64,64,65,62,62,60,63,62,62,63,61,64,65,64,60,60,64,62,65,60,61,64,60,62,63,63,65,64,62,64,64,61,62,63,58,62,59,60,62,64,26
==== BENCHMARK TOOK 16.459
==== BENCHMARK START ===
==== PARAMS kernel=4.9.5-64-net1 malloc=libc hostname=rack-mad-04 threads=44 delta=4 prog=sssp-klsm64mq4  ===
ERROR: ld.so: object '/specific/disk1/home/adamx/malloc/lib64/libjemalloc.so' from LD_PRELOAD cannot be preloaded (cannot open shared object file): ignored.
Galois Benchmark Suite v2.2.1 (r0)
Copyright (C) 2014 The University of Texas at Austin
http://iss.ices.utexas.edu/galois/

application: Single Source Shortest Path
Computes the shortest path from a source node to all nodes in a directed graph using a modified chaotic iteration algorithm
http://iss.ices.utexas.edu/?p=projects/galois/benchmarks/single_source_shortest_path

INFO: CommandLine ./build/debug/apps/sssp/sssp -noverify -t 44 -delta 4 -wl klsm64mq4 -startNode 0 /specific/disk1/home/mad/Galois-PQ/inputs/scalefree/rmat16p-2e24.gr
INFO: Hostname rack-mad-04
Read 16777216 nodes
Running Asynchronous with CAS version
INFO: Using delta-step of 1
WARNING: Performance varies considerably due to delta parameter.
WARNING: Do not expect the default to be good for your graph.
Node 1 has distance 2
STATTYPE,LOOP,CATEGORY,n,sum,T0,T1,T2,T3,T4,T5,T6,T7,T8,T9,T10,T11,T12,T13,T14,T15,T16,T17,T18,T19,T20,T21,T22,T23,T24,T25,T26,T27,T28,T29,T30,T31,T32,T33,T34,T35,T36,T37,T38,T39,T40,T41,T42,T43
STAT,(NULL),BadWork,44,8311340,0,83081,334779,0,331835,118023,18975,0,0,139232,92667,933246,0,143316,364510,397614,31902,429703,247229,419597,458194,499126,968735,277881,0,77182,372249,264036,8570,372987,21806,0,0,13091,78602,0,37479,58535,388242,46464,56144,59627,24725,141956
STAT,(NULL),BarrierTime,44,19482150,709891,729186,713968,743439,676104,663872,727599,653880,665714,662394,657973,618413,623310,617347,546113,468221,468719,544553,550112,475446,541895,465939,297382,290102,217736,301118,289512,293543,290886,215397,220989,288971,24976,216944,291786,302201,287057,294778,288440,298524,296068,297045,215864,438743
STAT,(NULL),ConflictTime,44,0,0,0,0,0,0,0,0,0,0,0,0,0,0,0,0,0,0,0,0,0,0,0,0,0,0,0,0,0,0,0,0,0,0,0,0,0,0,0,0,0,0,0,0,0
STAT,(NULL),Conflicts,44,0,0,0,0,0,0,0,0,0,0,0,0,0,0,0,0,0,0,0,0,0,0,0,0,0,0,0,0,0,0,0,0,0,0,0,0,0,0,0,0,0,0,0,0,0
STAT,(NULL),EmptyPopTime,44,1001954742,25652830,25206983,24303870,24052319,23870630,23935091,25331832,24013328,24204133,24862624,24976124,24581980,24038699,24403541,24419714,24547698,24136015,24112970,24299382,24121393,24499504,24439399,21173430,22129290,20983316,21182701,20715160,20883424,20802559,20629871,20827253,20924485,20884829,21187879,21045999,20970308,20976040,21523012,21219456,20795602,21265565,21013755,21321207,21489542
STAT,(NULL),EmptyWork,44,7084380286,165949181,162486928,157672868,160181237,163721201,162730489,160068463,162657760,156009274,162488956,159219806,161414911,160898895,158497164,159697692,160285711,155636282,161343268,161658287,159181568,158733261,161777653,163003077,160293984,162228089,157058895,163377321,160908846,157613414,162488753,159726151,157906728,164189717,162653535,161628459,161673809,164847932,161554403,160407208,161373204,160968871,162459304,160704014,165003717
STAT,(NULL),GaloisTime,44,22609935258,559817875,511132859,512489249,515130085,512411115,516210135,513335117,514229786,512239645,515999030,515110111,511690032,514881486,513375677,508574491,509101461,510327022,512156290,514144317,507630030,508412174,508115976,513274368,514733719,513315872,516371323,515518723,514602914,510754187,511845473,518011071,517128208,516389573,517114454,515599455,515954230,509775683,507651604,507307736,512065540,514773405,514361136,508635825,508236796
STAT,(NULL),InitPushTime,44,14231971,422055,335581,333454,195287,268503,261933,198773,212769,201717,202339,208693,208930,205301,209489,279069,292376,290127,217472,210344,287035,220631,298144,407221,412608,485929,404495,415361,411108,413132,488676,483120,378419,531161,450250,293513,366460,296918,370950,296673,368962,372379,371112,451596,201906
STAT,(NULL),Iterations,44,41829428,866257,950391,951822,953854,953289,955096,951835,950119,951430,954851,955806,954121,952157,954035,945505,942372,944557,953065,953983,945866,944648,944733,953979,953132,956117,958384,957591,958565,953482,953731,959841,958623,957630,957610,956030,959107,948076,944753,946467,957193,956821,959222,946694,946588
STAT,(NULL),LoopTime,44,14050014688,14050014688,0,0,0,0,0,0,0,0,0,0,0,0,0,0,0,0,0,0,0,0,0,0,0,0,0,0,0,0,0,0,0,0,0,0,0,0,0,0,0,0,0,0,0
STAT,(NULL),MeminfoPost,44,1584,36,36,36,36,36,36,36,36,36,36,36,36,36,36,36,36,36,36,36,36,36,36,36,36,36,36,36,36,36,36,36,36,36,36,36,36,36,36,36,36,36,36,36,36
STAT,(NULL),MeminfoPre,44,1584,36,36,36,36,36,36,36,36,36,36,36,36,36,36,36,36,36,36,36,36,36,36,36,36,36,36,36,36,36,36,36,36,36,36,36,36,36,36,36,36,36,36,36,36
STAT,(NULL),NumaPost,44,12974,10489,1353,771,361,0,0,0,0,0,0,0,0,0,0,0,0,0,0,0,0,0,0,0,0,0,0,0,0,0,0,0,0,0,0,0,0,0,0,0,0,0,0,0,0
STAT,(NULL),PopTime,44,104905593879,2377847487,2386491640,2387787822,2381505245,2388096336,2379954108,2387127382,2385946602,2384960354,2386747186,2382207722,2382529228,2387100521,2382487665,2378005519,2377790165,2382575439,2380523604,2381372007,2381661097,2382574608,2382343618,2384354098,2383420684,2379787986,2382225757,2381478198,2387094693,2386688195,2384908600,2381586442,2385650678,2380377193,2384972206,2385123588,2392343308,2383841448,2388789483,2394875642,2390264074,2382649128,2387223405,2384704461,2385599257
STAT,(NULL),PushTime,44,232742346028,5447466136,5296856360,5290482328,5280875469,5292339591,5285938221,5297158279,5296361577,5302854908,5281396243,5281583046,5282797613,5286505578,5283434233,5312636957,5307967150,5298378827,5285232852,5281692149,5299456357,5301266025,5296142642,5299619768,5284642673,5297768258,5276099956,5287078943,5261308446,5286329227,5287250044,5276879982,5269794105,5271448301,5265624213,5282226993,5257619292,5287262639,5291501485,5289981448,5262749463,5268331822,5260208070,5298909538,5290888821
STAT,(NULL),RusageSys,44,8000,8000,0,0,0,0,0,0,0,0,0,0,0,0,0,0,0,0,0,0,0,0,0,0,0,0,0,0,0,0,0,0,0,0,0,0,0,0,0,0,0,0,0,0,0
STAT,(NULL),RusageUser,44,278180000,278180000,0,0,0,0,0,0,0,0,0,0,0,0,0,0,0,0,0,0,0,0,0,0,0,0,0,0,0,0,0,0,0,0,0,0,0,0,0,0,0,0,0,0,0
STAT,(NULL),Threads,44,44,44,0,0,0,0,0,0,0,0,0,0,0,0,0,0,0,0,0,0,0,0,0,0,0,0,0,0,0,0,0,0,0,0,0,0,0,0,0,0,0,0,0,0,0
STAT,(NULL),Time,44,14070685190,14070685190,0,0,0,0,0,0,0,0,0,0,0,0,0,0,0,0,0,0,0,0,0,0,0,0,0,0,0,0,0,0,0,0,0,0,0,0,0,0,0,0,0,0,0
STAT,(NULL),TotalTime,44,34127972084,34127972084,0,0,0,0,0,0,0,0,0,0,0,0,0,0,0,0,0,0,0,0,0,0,0,0,0,0,0,0,0,0,0,0,0,0,0,0,0,0,0,0,0,0,0
STAT,(NULL),UserTime,44,242909663926,5315391387,5509957240,5519397424,5530389688,5511693292,5523364221,5509111848,5508924987,5511866604,5520638493,5529035247,5529120987,5518707329,5529933900,5508799546,5512442180,5521080850,5528763886,5528965811,5520084390,5516646344,5519312977,5510709084,5526915378,5518051021,5539194738,5523967714,5547337019,5529945633,5525012747,5535102185,5540729127,5538843082,5540583981,5526511713,5543572899,5525429358,5521113684,5518341886,5544885648,5544145161,5546867627,5517859463,5520916147
STAT,(NULL),Work,44,611258047379,13892240018,13892229296,13892228625,13892231633,13892231532,13892229350,13892228340,13892231320,13892230109,13892234819,13892229205,13892231287,13892228458,13892233457,13892232440,13892232209,13892231833,13892228783,13892228716,13892231636,13892229002,13892228353,13892225764,13892225497,13892225646,13892226080,13892226371,13892226034,13892226441,13892225758,13892226119,13892225476,13892223474,13892225925,13892225885,13892226207,13892225494,13892225576,13892226083,13892226140,13892225946,13892225630,13892225230,13892226182
STAT,(NULL),nBad,44,9935,0,107,484,0,355,139,20,0,0,158,128,1166,0,191,373,444,35,535,340,433,535,606,1111,361,0,95,437,343,10,419,24,0,0,15,115,0,48,80,442,62,82,75,30,137
STAT,(NULL),nEmpty,44,25155743,522357,571087,572517,573178,572819,574023,572462,570436,571455,574113,574640,573781,572412,572638,568477,566623,567305,572994,573432,568232,568187,567911,574581,573670,575299,576225,576301,576736,574154,574262,576804,576597,576110,576367,575446,576211,570926,568102,569349,575906,576064,576665,569482,569407
STAT,(NULL),nEmptyPop,44,609243,14196,14575,14757,14657,14547,14586,14623,14564,14702,14577,14489,14905,14671,14788,14753,14815,14576,14657,14775,14574,14816,14730,13077,13036,13017,13159,12930,13043,12871,12885,12987,13114,12981,13098,13167,12983,12996,13191,13010,12902,13184,13026,13087,13166
STAT,(NULL),nOverall,44,268296558,5449384,6114122,6124982,6154669,6122557,6144840,6097021,6110066,6117927,6148605,6128506,6128990,6118256,6142407,6064373,6070410,6070971,6130076,6127917,6081480,6063765,6072015,6106934,6110542,6115508,6152785,6126789,6144070,6106447,6116598,6147817,6137506,6139909,6142723,6115637,6137016,6074183,6059877,6057991,6141644,6128574,6140102,6055814,6054753
STAT,(NULL),nPop,44,41829428,866257,950391,951822,953854,953289,955096,951835,950119,951430,954851,955806,954121,952157,954035,945505,942372,944557,953065,953983,945866,944648,944733,953979,953132,956117,958384,957591,958565,953482,953731,959841,958623,957630,957610,956030,959107,948076,944753,946467,957193,956821,959222,946694,946588
STAT,(NULL),nPush,44,41826717,821408,952742,952307,959933,956849,960446,953149,952979,954815,958015,957269,957821,954288,959132,947776,945620,945245,956853,957333,948779,945524,946633,951819,951582,953639,960048,957336,958311,951263,952216,959795,957988,957888,957634,957986,958609,945885,942324,943052,957010,957366,959863,946155,944032
STAT,(NULL),nPushInit,44,2711,62,65,64,63,64,65,62,62,61,63,62,62,63,61,64,65,64,60,60,64,61,65,60,61,64,60,62,63,63,65,64,62,64,64,61,62,63,58,62,59,60,62,64,26
==== BENCHMARK TOOK 16.384
==== BENCHMARK START ===
==== PARAMS kernel=4.9.5-64-net1 malloc=libc hostname=rack-mad-04 threads=44 delta=4 prog=sssp-klsm64mq4  ===
ERROR: ld.so: object '/specific/disk1/home/adamx/malloc/lib64/libjemalloc.so' from LD_PRELOAD cannot be preloaded (cannot open shared object file): ignored.
Galois Benchmark Suite v2.2.1 (r0)
Copyright (C) 2014 The University of Texas at Austin
http://iss.ices.utexas.edu/galois/

application: Single Source Shortest Path
Computes the shortest path from a source node to all nodes in a directed graph using a modified chaotic iteration algorithm
http://iss.ices.utexas.edu/?p=projects/galois/benchmarks/single_source_shortest_path

INFO: CommandLine ./build/debug/apps/sssp/sssp -noverify -t 44 -delta 4 -wl klsm64mq4 -startNode 0 /specific/disk1/home/mad/Galois-PQ/inputs/scalefree/rmat16p-2e24.gr
INFO: Hostname rack-mad-04
Read 16777216 nodes
Running Asynchronous with CAS version
INFO: Using delta-step of 1
WARNING: Performance varies considerably due to delta parameter.
WARNING: Do not expect the default to be good for your graph.
Node 1 has distance 2
STATTYPE,LOOP,CATEGORY,n,sum,T0,T1,T2,T3,T4,T5,T6,T7,T8,T9,T10,T11,T12,T13,T14,T15,T16,T17,T18,T19,T20,T21,T22,T23,T24,T25,T26,T27,T28,T29,T30,T31,T32,T33,T34,T35,T36,T37,T38,T39,T40,T41,T42,T43
STAT,(NULL),BadWork,44,8329523,627651,16422,412721,0,114246,522868,0,689944,102406,375587,0,288579,687680,544555,0,921736,0,29350,0,30278,0,121698,0,0,0,130753,0,117153,0,0,649181,0,651699,22134,543082,90597,68443,139860,0,0,95904,0,0,334996
STAT,(NULL),BarrierTime,44,20073868,896444,842819,814994,855955,793918,773817,843616,784344,727487,730594,741658,731826,740484,731869,668866,610019,628924,623483,632974,545211,620658,560044,205033,203473,65398,215334,214535,202696,206715,44290,66390,201002,231693,66021,205591,227149,199071,209329,223989,213124,215727,214175,80335,462794
STAT,(NULL),ConflictTime,44,0,0,0,0,0,0,0,0,0,0,0,0,0,0,0,0,0,0,0,0,0,0,0,0,0,0,0,0,0,0,0,0,0,0,0,0,0,0,0,0,0,0,0,0,0
STAT,(NULL),Conflicts,44,0,0,0,0,0,0,0,0,0,0,0,0,0,0,0,0,0,0,0,0,0,0,0,0,0,0,0,0,0,0,0,0,0,0,0,0,0,0,0,0,0,0,0,0,0
STAT,(NULL),EmptyPopTime,44,996961012,28406772,24216511,24344499,23820790,23804843,24396356,24311070,24120776,24185658,24238803,23939527,23934904,24032222,24144126,24378946,24257209,24102972,24142175,23781764,24078183,24231015,24004387,21025202,20971916,20561939,21228564,21113167,20714146,21013563,20675681,20777325,20737122,21270451,21171075,21070598,21154403,21283131,21354751,20953410,20911571,20857600,20761150,21484902,20995837
STAT,(NULL),EmptyWork,44,7064552137,175871488,163276192,159883305,158948374,158884952,161180233,161300168,158799177,164508407,163882962,162368908,161109739,159511207,158814179,162068950,159165292,161591240,157978081,157006000,161347699,155936779,160261485,155570723,159931685,161697428,160776712,160771152,160497643,157627320,160372042,162879629,162785064,156870728,161130350,160628016,160081822,157653266,160634706,157138956,162516594,159593383,159710062,159341605,162648434
STAT,(NULL),GaloisTime,44,22696084372,595753392,510924362,512870307,512995143,516063717,518279145,513866137,512355807,513246879,515672822,514507493,514214604,515543313,513327552,508748076,511643564,513941797,514143819,515362893,509591274,510374576,510197877,512244840,512389905,514812518,517818944,516599031,514846553,513830717,515072741,515060427,516537259,517541289,516303651,515795529,515055423,512366380,510052787,512692747,520201255,512569290,519423660,508726978,512517899
STAT,(NULL),InitPushTime,44,17539022,336212,336396,345246,202042,263217,264285,196146,197809,216334,214092,197536,210714,201441,210345,271993,287180,270126,217339,208026,290461,219211,283293,552618,554216,693719,542645,545930,556827,552508,714172,691240,558038,526856,694086,553608,488554,515255,504746,489705,503947,501857,502429,632830,223792
STAT,(NULL),Iterations,44,41829576,808210,950553,952690,955396,955114,955218,951369,952227,952377,956315,955023,953750,952735,955636,946623,945548,946753,954229,954552,947035,946720,945348,956869,955887,955766,959672,959678,959063,954959,956875,961100,959988,960756,957429,957443,959231,949219,947226,948177,959262,959883,961240,947644,948788
STAT,(NULL),LoopTime,44,14057418276,14057418276,0,0,0,0,0,0,0,0,0,0,0,0,0,0,0,0,0,0,0,0,0,0,0,0,0,0,0,0,0,0,0,0,0,0,0,0,0,0,0,0,0,0,0
STAT,(NULL),MeminfoPost,44,1584,36,36,36,36,36,36,36,36,36,36,36,36,36,36,36,36,36,36,36,36,36,36,36,36,36,36,36,36,36,36,36,36,36,36,36,36,36,36,36,36,36,36,36,36
STAT,(NULL),MeminfoPre,44,1584,36,36,36,36,36,36,36,36,36,36,36,36,36,36,36,36,36,36,36,36,36,36,36,36,36,36,36,36,36,36,36,36,36,36,36,36,36,36,36,36,36,36,36,36
STAT,(NULL),NumaPost,44,12994,10489,1371,557,577,0,0,0,0,0,0,0,0,0,0,0,0,0,0,0,0,0,0,0,0,0,0,0,0,0,0,0,0,0,0,0,0,0,0,0,0,0,0,0,0
STAT,(NULL),PopTime,44,105119680912,2375375742,2389779352,2390001435,2384264659,2388758605,2382320953,2386493516,2393723744,2385717167,2395185455,2388614086,2389010220,2382199957,2385265361,2383971986,2388301569,2388425405,2392922496,2391683039,2382961405,2392373263,2385332516,2390900838,2393605711,2386455453,2383940311,2390219414,2388933051,2395931329,2389295955,2387729632,2388644243,2393782004,2387713593,2394452351,2391413493,2390922909,2392548826,2391610644,2392390485,2389052433,2387664587,2394258453,2395533266
STAT,(NULL),PushTime,44,232673994025,5481124667,5296041439,5291697160,5281236930,5290234264,5277927915,5289734515,5298046360,5286753712,5285741632,5291456799,5279675142,5286680884,5266527960,5311343949,5304529572,5296034609,5270581239,5269764238,5301549685,5301132092,5305541248,5285508103,5283613740,5293697001,5269083735,5275544146,5267792714,5280260985,5291362018,5275519623,5277398020,5269076238,5254321578,5276552440,5261131769,5289986020,5292145460,5296015600,5262894202,5271796234,5254406927,5295649630,5286881831
STAT,(NULL),RusageSys,44,0,0,0,0,0,0,0,0,0,0,0,0,0,0,0,0,0,0,0,0,0,0,0,0,0,0,0,0,0,0,0,0,0,0,0,0,0,0,0,0,0,0,0,0,0
STAT,(NULL),RusageUser,44,278348000,278348000,0,0,0,0,0,0,0,0,0,0,0,0,0,0,0,0,0,0,0,0,0,0,0,0,0,0,0,0,0,0,0,0,0,0,0,0,0,0,0,0,0,0,0
STAT,(NULL),Threads,44,44,44,0,0,0,0,0,0,0,0,0,0,0,0,0,0,0,0,0,0,0,0,0,0,0,0,0,0,0,0,0,0,0,0,0,0,0,0,0,0,0,0,0,0,0
STAT,(NULL),Time,44,14071798484,14071798484,0,0,0,0,0,0,0,0,0,0,0,0,0,0,0,0,0,0,0,0,0,0,0,0,0,0,0,0,0,0,0,0,0,0,0,0,0,0,0,0,0,0,0
STAT,(NULL),TotalTime,44,35232412372,35232412372,0,0,0,0,0,0,0,0,0,0,0,0,0,0,0,0,0,0,0,0,0,0,0,0,0,0,0,0,0,0,0,0,0,0,0,0,0,0,0,0,0,0,0
STAT,(NULL),UserTime,44,243027070983,5242974365,5515271953,5520714317,5538244730,5521761635,5535405559,5523803508,5512463384,5525097671,5514788423,5518624480,5531565164,5531540666,5551431608,5508997053,5511613957,5515412678,5539741140,5541911981,5519982079,5515462794,5514173916,5534257341,5528993668,5522281296,5546656785,5535257930,5546721773,5530840967,5522728827,5537539906,5533402700,5540963701,5558866233,5531006517,5550670706,5527292412,5522769593,5521095419,5540590430,5545637846,5557539802,5520044758,5520929312
STAT,(NULL),Work,44,611582175311,13899630406,13899593755,13899596948,13899594462,13899594068,13899597169,13899594438,13899599629,13899594201,13899594808,13899596547,13899595093,13899595178,13899595275,13899595190,13899596604,13899594083,13899594186,13899594101,13899598149,13899594429,13899594729,13899592492,13899592750,13899593636,13899592700,13899592573,13899593059,13899592531,13899592643,13899593116,13899592655,13899592714,13899592458,13899592250,13899592526,13899592682,13899592736,13899594191,13899592554,13899592373,13899593617,13899592476,13899593131
STAT,(NULL),nBad,44,10072,796,20,508,0,139,596,0,677,119,489,0,395,1057,579,0,1057,0,31,0,33,0,157,0,0,0,158,0,137,0,0,860,0,736,26,576,100,73,158,0,0,135,0,0,460
STAT,(NULL),nEmpty,44,25155895,482753,570438,573028,574108,574249,574133,572051,573272,572488,574383,573494,573258,572362,574426,569109,569330,569150,572793,573753,568405,569895,567944,575550,576109,574269,577518,578251,577672,574272,576418,578437,578141,577748,575368,576158,577251,571336,570866,570212,577571,578339,579020,569728,570839
STAT,(NULL),nEmptyPop,44,608082,13672,14750,14737,14432,14554,14807,14727,14641,14624,14726,14593,14621,14607,14669,14772,14685,14587,14728,14468,14602,14616,14582,13043,13013,12835,13234,13141,12910,13023,12794,12991,12941,13258,13111,13084,13158,13134,13103,12928,12983,13019,12968,13236,12975
STAT,(NULL),nOverall,44,268296695,5270416,6111262,6114403,6153839,6119635,6144240,6122623,6110928,6135997,6141288,6125422,6139213,6124892,6158266,6060868,6061497,6066186,6141389,6137575,6080893,6072055,6065049,6108256,6113220,6122587,6158861,6134343,6152603,6116021,6119485,6155467,6144797,6140481,6154304,6128352,6139515,6077584,6053207,6057939,6134821,6127720,6164824,6070339,6064033
STAT,(NULL),nPop,44,41829576,808210,950553,952690,955396,955114,955218,951369,952227,952377,956315,955023,953750,952735,955636,946623,945548,946753,954229,954552,947035,946720,945348,956869,955887,955766,959672,959678,959063,954959,956875,961100,959988,960756,957429,957443,959231,949219,947226,948177,959262,959883,961240,947644,948788
STAT,(NULL),nPush,44,41826862,819521,951927,952433,959336,957092,959294,952781,953076,953834,957083,958262,957284,954922,958524,948255,946677,946040,956360,956631,949705,946360,947463,952544,951780,955671,959597,957745,958320,950889,952602,960233,958969,957791,957666,957178,959704,945476,943818,943119,957670,957385,958344,943845,943656
STAT,(NULL),nPushInit,44,2714,65,65,64,63,64,65,62,62,60,63,62,62,63,62,64,65,64,60,60,64,62,65,60,61,64,60,62,63,63,65,64,62,63,64,61,62,63,58,62,59,60,62,64,26
==== BENCHMARK TOOK 16.908
==== BENCHMARK START ===
==== PARAMS kernel=4.9.5-64-net1 malloc=libc hostname=rack-mad-04 threads=44 delta=4 prog=sssp-klsm64mq4  ===
ERROR: ld.so: object '/specific/disk1/home/adamx/malloc/lib64/libjemalloc.so' from LD_PRELOAD cannot be preloaded (cannot open shared object file): ignored.
Galois Benchmark Suite v2.2.1 (r0)
Copyright (C) 2014 The University of Texas at Austin
http://iss.ices.utexas.edu/galois/

application: Single Source Shortest Path
Computes the shortest path from a source node to all nodes in a directed graph using a modified chaotic iteration algorithm
http://iss.ices.utexas.edu/?p=projects/galois/benchmarks/single_source_shortest_path

INFO: CommandLine ./build/debug/apps/sssp/sssp -noverify -t 44 -delta 4 -wl klsm64mq4 -startNode 0 /specific/disk1/home/mad/Galois-PQ/inputs/scalefree/rmat16p-2e24.gr
INFO: Hostname rack-mad-04
Read 16777216 nodes
Running Asynchronous with CAS version
INFO: Using delta-step of 1
WARNING: Performance varies considerably due to delta parameter.
WARNING: Do not expect the default to be good for your graph.
Node 1 has distance 2
STATTYPE,LOOP,CATEGORY,n,sum,T0,T1,T2,T3,T4,T5,T6,T7,T8,T9,T10,T11,T12,T13,T14,T15,T16,T17,T18,T19,T20,T21,T22,T23,T24,T25,T26,T27,T28,T29,T30,T31,T32,T33,T34,T35,T36,T37,T38,T39,T40,T41,T42,T43
STAT,(NULL),BadWork,44,11160168,60972,0,351687,0,0,0,318508,0,0,0,1741377,701538,609301,76706,166551,9904,48467,34402,0,48160,0,794103,404631,0,0,197230,0,132018,0,0,162735,272958,0,350929,0,897099,0,63961,2089687,188035,0,297179,898294,243736
STAT,(NULL),BarrierTime,44,13989132,698466,627158,613767,641799,578591,562854,627542,556539,551526,552561,557003,517412,516543,518065,440743,375814,369788,464691,447216,373638,448511,369542,123679,130707,57030,135137,143443,133089,130069,53592,44097,129205,49111,55644,128343,131266,139247,141286,125536,143209,125224,128122,56696,275631
STAT,(NULL),ConflictTime,44,0,0,0,0,0,0,0,0,0,0,0,0,0,0,0,0,0,0,0,0,0,0,0,0,0,0,0,0,0,0,0,0,0,0,0,0,0,0,0,0,0,0,0,0,0
STAT,(NULL),Conflicts,44,0,0,0,0,0,0,0,0,0,0,0,0,0,0,0,0,0,0,0,0,0,0,0,0,0,0,0,0,0,0,0,0,0,0,0,0,0,0,0,0,0,0,0,0,0
STAT,(NULL),EmptyPopTime,44,996026940,25479253,24209507,24555798,24179218,24383569,23862575,24070596,24096844,24309492,23756260,24234518,24687316,23954702,25069384,24166443,24141617,24206632,23516515,24029357,24068345,24200707,24605685,20863350,21264817,21052789,20907176,20686298,20927557,20745544,20906922,20633565,20792394,20809350,20893975,20989060,20574861,21261891,21458955,22183381,20795526,21367267,20996092,21125012,21006825
STAT,(NULL),EmptyWork,44,7061561212,166199167,161068203,159019485,163104759,160929341,160603153,159938729,160647034,157150383,158002437,158434893,161256776,157854308,160949487,165002503,158856771,156817438,160760958,161185433,159847037,164789561,158940846,160432853,158327537,164279712,164700962,159409443,159072563,162722746,165156282,162532361,159573174,161486288,157799396,157904384,161602341,159148026,162507100,158622309,162087970,159284274,159197974,155606868,158747947
STAT,(NULL),GaloisTime,44,22623012748,565445379,511504551,511140288,513499021,513753898,512990088,511104424,510253433,511891455,514366244,515301903,515774430,512768752,517349890,510120159,511640088,509436213,514451348,516485360,509326061,508239084,509389302,515413423,511818470,513618680,515775807,514076633,516800990,516173574,511786804,518652414,515630597,515153854,515795967,514483789,516766805,507486888,507258204,510621193,512792287,515447848,514322529,509620921,507283700
STAT,(NULL),InitPushTime,44,15608647,320016,336527,334906,195949,264792,261833,196826,207923,212921,211021,203195,207362,206976,206827,282173,287905,293892,200054,218495,289632,216049,296299,488339,481270,555751,477369,470162,480798,482139,559093,568699,431629,514333,507944,431401,431123,420091,416944,434363,417408,435636,432317,504540,215725
STAT,(NULL),Iterations,44,41828470,866431,950816,950443,954193,953099,955840,950379,949788,951679,954107,953084,953773,951629,954150,945660,943988,944132,953428,953791,947014,943922,943914,954499,954639,955833,960992,957604,958232,953080,955057,959048,958784,958255,957336,956546,958346,947883,946170,946622,955585,956786,959152,947739,945022
STAT,(NULL),LoopTime,44,14065003713,14065003713,0,0,0,0,0,0,0,0,0,0,0,0,0,0,0,0,0,0,0,0,0,0,0,0,0,0,0,0,0,0,0,0,0,0,0,0,0,0,0,0,0,0,0
STAT,(NULL),MeminfoPost,44,1584,36,36,36,36,36,36,36,36,36,36,36,36,36,36,36,36,36,36,36,36,36,36,36,36,36,36,36,36,36,36,36,36,36,36,36,36,36,36,36,36,36,36,36,36
STAT,(NULL),MeminfoPre,44,1584,36,36,36,36,36,36,36,36,36,36,36,36,36,36,36,36,36,36,36,36,36,36,36,36,36,36,36,36,36,36,36,36,36,36,36,36,36,36,36,36,36,36,36,36
STAT,(NULL),NumaPost,44,13005,10516,1580,550,359,0,0,0,0,0,0,0,0,0,0,0,0,0,0,0,0,0,0,0,0,0,0,0,0,0,0,0,0,0,0,0,0,0,0,0,0,0,0,0,0
STAT,(NULL),PopTime,44,104943383464,2387559989,2389246007,2381789937,2381331190,2381803441,2385217105,2387676031,2386193660,2384873992,2385706689,2388180471,2386144347,2379968312,2383589328,2382374877,2381275579,2378597424,2381624857,2380591148,2386999400,2375456158,2382551416,2388103310,2392724764,2382783689,2388601212,2382717823,2384278436,2385982490,2385543356,2384860440,2392273439,2383830292,2380611877,2387874976,2387570221,2387059251,2386695071,2388015216,2378527053,2389393770,2391334255,2389267557,2386583608
STAT,(NULL),PushTime,44,233203274793,5476969596,5315627707,5318315835,5288008515,5304677181,5290848562,5311333696,5312315422,5311776607,5288328988,5292653267,5286977751,5291276259,5286813980,5306669336,5313662946,5315447275,5291118440,5301075391,5299559730,5322123515,5309434073,5305544167,5305471521,5291353243,5286384137,5290889739,5268632552,5304665765,5297075480,5282719757,5270756089,5282074139,5276537652,5280066737,5278763595,5309861191,5301454798,5307784673,5280997048,5275412936,5261626495,5305964526,5304224481
STAT,(NULL),RusageSys,44,0,0,0,0,0,0,0,0,0,0,0,0,0,0,0,0,0,0,0,0,0,0,0,0,0,0,0,0,0,0,0,0,0,0,0,0,0,0,0,0,0,0,0,0,0
STAT,(NULL),RusageUser,44,278428000,278428000,0,0,0,0,0,0,0,0,0,0,0,0,0,0,0,0,0,0,0,0,0,0,0,0,0,0,0,0,0,0,0,0,0,0,0,0,0,0,0,0,0,0,0
STAT,(NULL),Threads,44,44,44,0,0,0,0,0,0,0,0,0,0,0,0,0,0,0,0,0,0,0,0,0,0,0,0,0,0,0,0,0,0,0,0,0,0,0,0,0,0,0,0,0,0,0
STAT,(NULL),Time,44,14079292260,14079292260,0,0,0,0,0,0,0,0,0,0,0,0,0,0,0,0,0,0,0,0,0,0,0,0,0,0,0,0,0,0,0,0,0,0,0,0,0,0,0,0,0,0,0
STAT,(NULL),TotalTime,44,32174268826,32174268826,0,0,0,0,0,0,0,0,0,0,0,0,0,0,0,0,0,0,0,0,0,0,0,0,0,0,0,0,0,0,0,0,0,0,0,0,0,0,0,0,0,0,0
STAT,(NULL),UserTime,44,242939995619,5282144770,5502147127,5508979519,5533678086,5518253116,5530279355,5509678126,5510294011,5513798615,5533638773,5524996675,5528960309,5537979685,5530027467,5515469817,5514222829,5519296496,5532327703,5520432935,5524000271,5508994061,5518879046,5513443070,5514194096,5530714327,5527433270,5536021293,5554090412,5513513410,5523331135,5534402465,5544777227,5540448511,5552161501,5542481364,5538523267,5518986073,5524425984,5516575829,5548602140,5542895156,5556325392,5522216276,5525954629
STAT,(NULL),Work,44,611771112904,13903925374,13903890668,13903890091,13903889333,13903888723,13903892989,13903891805,13903888765,13903888113,13903886444,13903887381,13903887533,13903888808,13903887124,13903887569,13903888009,13903888398,13903886447,13903887539,13903888143,13903886589,13903887703,13903886856,13903888401,13903887809,13903887706,13903887573,13903887955,13903888155,13903887324,13903888422,13903888252,13903887982,13903886960,13903886777,13903888113,13903888201,13903886180,13903887912,13903886780,13903888146,13903887988,13903887788,13903888076
STAT,(NULL),nBad,44,13685,80,0,412,0,0,0,454,0,0,0,2184,1091,734,104,195,11,68,33,0,66,0,929,414,0,0,209,0,165,0,0,195,405,0,519,0,1109,0,66,2402,211,0,324,1020,285
STAT,(NULL),nEmpty,44,25154804,527315,571208,571264,573412,572442,573991,571127,570263,572107,573443,572433,573152,571690,572854,568223,566898,567287,572890,573819,569324,566282,567299,575032,574896,574808,578730,576463,577085,573122,574430,576973,576112,575760,575665,575162,577064,570911,569677,569629,574452,575623,576156,570326,568005
STAT,(NULL),nEmptyPop,44,608263,14243,14712,14876,14702,14818,14564,14676,14606,14792,14536,14737,14344,14520,14591,14637,14599,14650,14324,14665,14552,14643,14919,12966,13221,13088,13120,12926,13023,12814,12908,12963,12985,13002,13002,13027,12835,13123,13213,12937,12956,13340,13163,13018,12927
STAT,(NULL),nOverall,44,268300308,5329032,6098064,6110558,6157797,6122161,6129436,6108338,6105265,6116143,6145956,6138925,6128998,6128937,6138792,6077695,6067567,6077037,6129295,6131539,6091954,6060155,6080069,6106474,6101950,6121530,6139762,6144395,6158703,6102420,6117660,6156117,6155402,6144700,6144230,6133516,6136416,6073953,6059799,6062212,6140568,6140021,6160324,6061052,6065391
STAT,(NULL),nPop,44,41828470,866431,950816,950443,954193,953099,955840,950379,949788,951679,954107,953084,953773,951629,954150,945660,943988,944132,953428,953791,947014,943922,943914,954499,954639,955833,960992,957604,958232,953080,955057,959048,958784,958255,957336,956546,958346,947883,946170,946622,955585,956786,959152,947739,945022
STAT,(NULL),nPush,44,41825756,792927,952833,953666,960554,955378,960368,952011,953860,955212,958677,957257,958228,955833,958469,945843,945911,946368,957510,958061,947304,946775,946619,953461,953113,954755,960884,958069,959085,952272,953558,960679,959030,959872,959448,957644,960348,946008,943455,945176,958747,957704,961386,945894,945504
STAT,(NULL),nPushInit,44,2714,65,65,64,63,64,65,62,62,60,63,62,62,63,61,64,65,64,60,60,64,61,65,60,61,64,60,62,63,63,65,64,62,64,64,61,62,63,59,62,59,60,62,64,26
==== BENCHMARK TOOK 15.494
==== BENCHMARK START ===
==== PARAMS kernel=4.9.5-64-net1 malloc=libc hostname=rack-mad-04 threads=44 delta=4 prog=sssp-klsm64mq4  ===
ERROR: ld.so: object '/specific/disk1/home/adamx/malloc/lib64/libjemalloc.so' from LD_PRELOAD cannot be preloaded (cannot open shared object file): ignored.
Galois Benchmark Suite v2.2.1 (r0)
Copyright (C) 2014 The University of Texas at Austin
http://iss.ices.utexas.edu/galois/

application: Single Source Shortest Path
Computes the shortest path from a source node to all nodes in a directed graph using a modified chaotic iteration algorithm
http://iss.ices.utexas.edu/?p=projects/galois/benchmarks/single_source_shortest_path

INFO: CommandLine ./build/debug/apps/sssp/sssp -noverify -t 44 -delta 4 -wl klsm64mq4 -startNode 0 /specific/disk1/home/mad/Galois-PQ/inputs/scalefree/rmat16p-2e24.gr
INFO: Hostname rack-mad-04
Read 16777216 nodes
Running Asynchronous with CAS version
INFO: Using delta-step of 1
WARNING: Performance varies considerably due to delta parameter.
WARNING: Do not expect the default to be good for your graph.
Node 1 has distance 2
STATTYPE,LOOP,CATEGORY,n,sum,T0,T1,T2,T3,T4,T5,T6,T7,T8,T9,T10,T11,T12,T13,T14,T15,T16,T17,T18,T19,T20,T21,T22,T23,T24,T25,T26,T27,T28,T29,T30,T31,T32,T33,T34,T35,T36,T37,T38,T39,T40,T41,T42,T43
STAT,(NULL),BadWork,44,5430673,38571,260152,0,206396,46840,0,0,996899,118315,99716,0,789703,57263,0,29896,0,0,539710,1200847,0,0,0,0,0,99433,121731,148817,0,157079,0,138385,203189,0,121505,0,0,13613,0,0,0,0,0,42613,0
STAT,(NULL),BarrierTime,44,11106804,477025,524631,519770,547303,459557,475397,531038,464070,468897,428557,432801,473556,466097,424084,363813,288840,298053,369530,371515,251423,322657,245405,104265,96727,27441,110194,98056,99938,100782,18819,23339,110741,26387,35093,109126,109520,97531,102969,101282,104353,100346,99451,20316,206109
STAT,(NULL),ConflictTime,44,0,0,0,0,0,0,0,0,0,0,0,0,0,0,0,0,0,0,0,0,0,0,0,0,0,0,0,0,0,0,0,0,0,0,0,0,0,0,0,0,0,0,0,0,0
STAT,(NULL),Conflicts,44,0,0,0,0,0,0,0,0,0,0,0,0,0,0,0,0,0,0,0,0,0,0,0,0,0,0,0,0,0,0,0,0,0,0,0,0,0,0,0,0,0,0,0,0,0
STAT,(NULL),EmptyPopTime,44,989656882,27001188,24889365,23959397,23691819,23800127,23665685,23938420,23489729,24060799,24906338,23932140,23932987,24018791,23942129,24022758,24132126,23562947,24311020,24079455,23943421,23825390,23916057,20981952,20735027,20595846,20587857,20890310,20786217,20701258,20840159,20705283,20604259,20646187,20621012,20607083,20701090,20839151,22075191,20892393,20698245,20962603,20840533,21078385,21244753
STAT,(NULL),EmptyWork,44,7067500169,173153963,157421959,157811490,163930343,157833659,154364146,153910226,163504590,163869366,162519407,158280210,160443005,155021107,156105170,160982301,163831980,160783436,159672271,162416996,157606062,159449743,157272417,161612560,165553097,160233019,163837955,165713347,161595406,161137790,160901659,163792560,160679354,166539926,158764700,157771754,161035526,159905652,163137010,159171054,162487439,155994144,158318580,159504601,159629189
STAT,(NULL),GaloisTime,44,22685252093,588690509,516150327,516211548,517712854,512527190,515027598,514222383,511472064,511722667,516268680,512968076,514510647,511718183,516002212,512236983,506896767,509708901,516479176,512040949,510849374,508852595,510861340,511838446,514990423,515187542,517295479,515657029,515376549,514749315,513001955,516748532,515841812,515637207,515459823,515284769,516153009,512405098,509866854,511966947,516715203,517089322,517102457,512338091,511415208
STAT,(NULL),InitPushTime,44,13852896,425246,342111,346206,199360,269911,273868,198200,208184,205914,208126,201996,196850,206618,207950,269732,285603,277922,206244,205477,282052,211191,291541,412608,418631,489661,407104,418269,416930,415125,496753,492602,350969,435872,428759,351499,353116,362522,357869,358573,281232,285214,287587,364672,147027
STAT,(NULL),Iterations,44,41828065,825654,951046,947817,955783,954676,956243,951039,952760,953471,955356,954441,953910,951542,954960,945893,945024,945369,953489,952822,946972,945313,946024,953912,955567,956660,958693,958613,959554,954941,955540,960201,960030,961575,958815,957851,959306,948401,948186,947432,960228,957216,960118,947949,947673
STAT,(NULL),LoopTime,44,14080767190,14080767190,0,0,0,0,0,0,0,0,0,0,0,0,0,0,0,0,0,0,0,0,0,0,0,0,0,0,0,0,0,0,0,0,0,0,0,0,0,0,0,0,0,0,0
STAT,(NULL),MeminfoPost,44,1584,36,36,36,36,36,36,36,36,36,36,36,36,36,36,36,36,36,36,36,36,36,36,36,36,36,36,36,36,36,36,36,36,36,36,36,36,36,36,36,36,36,36,36,36
STAT,(NULL),MeminfoPre,44,1584,36,36,36,36,36,36,36,36,36,36,36,36,36,36,36,36,36,36,36,36,36,36,36,36,36,36,36,36,36,36,36,36,36,36,36,36,36,36,36,36,36,36,36,36
STAT,(NULL),NumaPost,44,12989,10496,1360,562,571,0,0,0,0,0,0,0,0,0,0,0,0,0,0,0,0,0,0,0,0,0,0,0,0,0,0,0,0,0,0,0,0,0,0,0,0,0,0,0,0
STAT,(NULL),PopTime,44,105417581352,2377801948,2394693151,2395868439,2396488540,2400683819,2395750327,2396120551,2401099265,2396055730,2393741448,2393639332,2395855751,2386566735,2393869987,2391818581,2393595052,2389084216,2393969373,2391145647,2391550964,2393287411,2394524616,2393619860,2396924825,2395426223,2415659552,2391013337,2393307410,2398259151,2398872181,2390392873,2399336857,2400810451,2397034060,2403401821,2397812683,2395675051,2405143011,2400239005,2401461269,2393975018,2397967943,2394564108,2399473780
STAT,(NULL),PushTime,44,233322971549,5515330837,5315002055,5315080770,5294744394,5308044199,5285373862,5302379391,5300907501,5314179646,5292035711,5300065178,5296972298,5303367733,5285220043,5322551705,5315326733,5322268671,5291087463,5304307227,5305165629,5318316382,5307428345,5309463681,5297348864,5304540590,5276033777,5290495874,5276570429,5308042069,5299942597,5293147114,5282744775,5283922632,5273948808,5279452501,5264534879,5308340251,5305775601,5321237457,5270774946,5283155012,5263656911,5312100797,5302586211
STAT,(NULL),RusageSys,44,4000,4000,0,0,0,0,0,0,0,0,0,0,0,0,0,0,0,0,0,0,0,0,0,0,0,0,0,0,0,0,0,0,0,0,0,0,0,0,0,0,0,0,0,0,0
STAT,(NULL),RusageUser,44,278780000,278780000,0,0,0,0,0,0,0,0,0,0,0,0,0,0,0,0,0,0,0,0,0,0,0,0,0,0,0,0,0,0,0,0,0,0,0,0,0,0,0,0,0,0,0
STAT,(NULL),Threads,44,44,44,0,0,0,0,0,0,0,0,0,0,0,0,0,0,0,0,0,0,0,0,0,0,0,0,0,0,0,0,0,0,0,0,0,0,0,0,0,0,0,0,0,0,0
STAT,(NULL),Time,44,14101463632,14101463632,0,0,0,0,0,0,0,0,0,0,0,0,0,0,0,0,0,0,0,0,0,0,0,0,0,0,0,0,0,0,0,0,0,0,0,0,0,0,0,0,0,0,0
STAT,(NULL),TotalTime,44,34242638126,34242638126,0,0,0,0,0,0,0,0,0,0,0,0,0,0,0,0,0,0,0,0,0,0,0,0,0,0,0,0,0,0,0,0,0,0,0,0,0,0,0,0,0,0,0
STAT,(NULL),UserTime,44,243074940239,5239786249,5513611414,5512838193,5525200357,5518880898,5547586511,5531197185,5521295599,5511882906,5532298089,5532884901,5530055331,5541075461,5546629732,5510158683,5517987155,5516359730,5536248905,5527777624,5532654084,5518036698,5527765089,5524254473,5526219947,5525788062,5528358118,5538003812,5554136972,5518881747,5528213404,5536987022,5542564230,5534215801,5555943061,5545255493,5561536279,5524606166,5515774670,5508265488,5549634268,5550595452,5563885707,5522185363,5527423910
STAT,(NULL),Work,44,612562094681,13921879087,13921866130,13921861369,13921863187,13921864134,13921862920,13921868567,13921869192,13921863138,13921864406,13921860917,13921869933,13921863481,13921871556,13921861077,13921866525,13921861169,13921864801,13921863241,13921866470,13921868002,13921866285,13921865560,13921865544,13921865417,13921866155,13921867441,13921867304,13921865348,13921866185,13921865481,13921865478,13921865642,13921865872,13921866021,13921865532,13921866233,13921865226,13921865065,13921866922,13921865723,13921866151,13921865514,13921865280
STAT,(NULL),nBad,44,6415,55,317,0,205,76,0,0,1099,170,154,0,944,80,0,43,0,0,656,1332,0,0,0,0,0,114,187,206,0,203,0,139,227,0,140,0,0,17,0,0,0,0,0,51,0
STAT,(NULL),nEmpty,44,25154415,501064,571436,570723,573815,574152,574625,571541,572867,572614,573398,573298,573312,571556,573721,568221,568045,568687,572953,572261,568691,568464,568438,574113,574776,574879,576481,576844,577178,574671,575062,577428,577422,578320,577213,576408,577888,570580,570329,569699,577849,575641,577618,570268,569866
STAT,(NULL),nEmptyPop,44,599629,14317,14234,14418,14334,14375,14397,14425,14119,14485,14483,14565,14441,14523,14501,14425,14426,14222,14670,14635,14415,14333,14457,12929,12811,12770,12561,12928,12928,12719,12879,12884,12783,12784,12739,12724,12823,12808,12858,12870,12840,12912,12929,12985,12965
STAT,(NULL),nOverall,44,268293038,5172631,6112481,6081211,6141652,6130444,6149529,6122182,6118389,6116780,6153889,6140982,6126102,6131247,6157707,6066328,6076027,6075059,6145775,6128294,6084490,6067746,6076066,6122818,6116967,6120467,6142936,6143811,6168220,6112729,6134598,6148554,6150118,6144716,6142859,6137630,6161822,6073132,6053631,6046951,6143134,6141400,6169380,6071888,6070266
STAT,(NULL),nPop,44,41828065,825654,951046,947817,955783,954676,956243,951039,952760,953471,955356,954441,953910,951542,954960,945893,945024,945369,953489,952822,946972,945313,946024,953912,955567,956660,958693,958613,959554,954941,955540,960201,960030,961575,958815,957851,959306,948401,948186,947432,960228,957216,960118,947949,947673
STAT,(NULL),nPush,44,41825351,804205,952011,950120,961131,956066,958741,952343,953578,955594,958416,957397,957537,955138,958882,948055,945920,947133,956639,956790,949848,946805,946219,952514,951431,955314,959299,958030,959435,952138,953031,962040,959020,958076,958803,955955,958740,948010,944008,945439,956784,958700,960500,945108,944408
STAT,(NULL),nPushInit,44,2714,63,65,64,63,64,65,62,62,61,63,62,62,63,62,64,65,64,60,60,64,61,65,60,61,64,60,62,63,63,65,64,62,64,64,61,62,63,59,62,59,60,62,64,26
==== BENCHMARK TOOK 16.394
==== BENCHMARK START ===
==== PARAMS kernel=4.9.5-64-net1 malloc=libc hostname=rack-mad-04 threads=44 delta=4 prog=sssp-klsm64mq4  ===
ERROR: ld.so: object '/specific/disk1/home/adamx/malloc/lib64/libjemalloc.so' from LD_PRELOAD cannot be preloaded (cannot open shared object file): ignored.
Galois Benchmark Suite v2.2.1 (r0)
Copyright (C) 2014 The University of Texas at Austin
http://iss.ices.utexas.edu/galois/

application: Single Source Shortest Path
Computes the shortest path from a source node to all nodes in a directed graph using a modified chaotic iteration algorithm
http://iss.ices.utexas.edu/?p=projects/galois/benchmarks/single_source_shortest_path

INFO: CommandLine ./build/debug/apps/sssp/sssp -noverify -t 44 -delta 4 -wl klsm64mq4 -startNode 0 /specific/disk1/home/mad/Galois-PQ/inputs/scalefree/rmat16p-2e24.gr
INFO: Hostname rack-mad-04
Read 16777216 nodes
Running Asynchronous with CAS version
INFO: Using delta-step of 1
WARNING: Performance varies considerably due to delta parameter.
WARNING: Do not expect the default to be good for your graph.
Node 1 has distance 2
STATTYPE,LOOP,CATEGORY,n,sum,T0,T1,T2,T3,T4,T5,T6,T7,T8,T9,T10,T11,T12,T13,T14,T15,T16,T17,T18,T19,T20,T21,T22,T23,T24,T25,T26,T27,T28,T29,T30,T31,T32,T33,T34,T35,T36,T37,T38,T39,T40,T41,T42,T43
STAT,(NULL),BadWork,44,5831374,0,244613,0,0,53173,3650,0,201078,0,0,0,56192,273327,0,0,82990,0,50524,0,0,123470,172656,900751,0,38301,342760,0,0,184724,507315,219414,1574893,163541,0,80769,5414,0,0,0,35146,0,436665,57085,22923
STAT,(NULL),BarrierTime,44,13108935,532537,604644,609452,554178,567391,570431,622994,542672,539603,554406,431471,543549,470196,529899,438593,369090,365309,447942,446348,369032,433052,340105,110452,111851,29129,106823,102917,113875,109560,34211,106452,108274,107948,101749,103830,101722,99692,99012,97940,100721,101021,100169,23480,255213
STAT,(NULL),ConflictTime,44,0,0,0,0,0,0,0,0,0,0,0,0,0,0,0,0,0,0,0,0,0,0,0,0,0,0,0,0,0,0,0,0,0,0,0,0,0,0,0,0,0,0,0,0,0
STAT,(NULL),Conflicts,44,0,0,0,0,0,0,0,0,0,0,0,0,0,0,0,0,0,0,0,0,0,0,0,0,0,0,0,0,0,0,0,0,0,0,0,0,0,0,0,0,0,0,0,0,0
STAT,(NULL),EmptyPopTime,44,1007341880,28592655,24153192,24202526,23997458,24006001,24127241,24150160,24232082,24102835,23850557,24136640,25707748,24439281,24274895,26405902,24389100,24270650,24455771,24141448,24360867,24287585,24795589,20476570,21152378,21071857,21181737,20899473,22047328,21115081,21135519,20690614,20808182,22309363,20861022,21134127,21996206,21380322,21147026,21476110,20974891,21020535,20793102,21370078,21220176
STAT,(NULL),EmptyWork,44,7088069037,187814510,162401643,166789148,158005312,158066194,157890075,158265750,159308285,157481559,159862295,160136553,160910223,161441229,161594794,158966594,158976121,157643068,162138789,160261337,157906224,161015458,157055971,160674572,162988102,163036929,161536411,159929910,164108493,159801122,162598366,165707862,161982609,157541856,161100477,161088244,158220435,160686414,159891073,158303336,163539223,159618263,158551976,161231583,162000649
STAT,(NULL),GaloisTime,44,22712903400,603446522,515696997,514890220,514823988,513590251,518456391,515045898,517811421,515710802,519085998,515209421,514285845,515271724,519441306,511284089,512504833,513325295,516212879,516197328,511212548,508858484,510705203,515039308,511098194,512762131,516195064,515705303,516606039,514424050,515211435,517208783,515604229,514005564,517975784,513467594,516148141,511889578,508954685,508426672,515704869,513798898,514306487,508227491,507075658
STAT,(NULL),InitPushTime,44,15744489,428007,309275,304777,275361,261521,257977,201149,199493,210763,199420,282198,197156,276830,213133,273944,285068,287559,206958,209246,283667,217330,280007,487178,510490,593795,516139,517814,509493,513210,565297,494341,431089,430131,436410,416330,418070,419862,418406,422325,416409,419324,440040,493298,214199
STAT,(NULL),Iterations,44,41828468,793696,953206,953442,957840,955160,956538,954114,954589,954523,955963,955895,955384,954895,957599,947255,948778,947059,955987,954610,948371,947485,947058,955188,953463,956268,958349,957025,959171,955494,956796,961869,960409,957656,959730,956755,959047,949264,946268,946403,956353,957987,960350,947964,947212
STAT,(NULL),LoopTime,44,13939591069,13939591069,0,0,0,0,0,0,0,0,0,0,0,0,0,0,0,0,0,0,0,0,0,0,0,0,0,0,0,0,0,0,0,0,0,0,0,0,0,0,0,0,0,0,0
STAT,(NULL),MeminfoPost,44,1584,36,36,36,36,36,36,36,36,36,36,36,36,36,36,36,36,36,36,36,36,36,36,36,36,36,36,36,36,36,36,36,36,36,36,36,36,36,36,36,36,36,36,36,36
STAT,(NULL),MeminfoPre,44,1584,36,36,36,36,36,36,36,36,36,36,36,36,36,36,36,36,36,36,36,36,36,36,36,36,36,36,36,36,36,36,36,36,36,36,36,36,36,36,36,36,36,36,36,36
STAT,(NULL),NumaPost,44,12975,10489,1353,555,578,0,0,0,0,0,0,0,0,0,0,0,0,0,0,0,0,0,0,0,0,0,0,0,0,0,0,0,0,0,0,0,0,0,0,0,0,0,0,0,0
STAT,(NULL),PopTime,44,104858422465,2372221432,2387844937,2379804720,2390004491,2387978092,2379824428,2391008538,2385705385,2386843693,2379706637,2384016686,2375299980,2386318501,2380462983,2384134167,2389579032,2379158721,2387438985,2377364313,2386952754,2382681878,2383270377,2379807052,2385974528,2379782203,2387716605,2382330432,2382801883,2379985779,2380462752,2379483763,2384750585,2382893908,2389836800,2379489985,2379938113,2381172195,2383671563,2381160789,2378698773,2385347544,2385845867,2383044549,2386606067
STAT,(NULL),PushTime,44,233830725164,5545842261,5324279473,5323554057,5302231354,5320842246,5314533453,5320681989,5326763779,5328028832,5317562309,5316227644,5317327009,5313725173,5305130565,5335870275,5331286088,5336315047,5301888394,5318352309,5330953576,5330942489,5329074171,5302189224,5300045422,5314257646,5301479605,5294052586,5286094948,5309581777,5303894435,5289904205,5285279604,5297144027,5272541794,5289798905,5284969247,5305625045,5314357653,5321249945,5279236911,5280303413,5273663516,5311422105,5322220658
STAT,(NULL),RusageSys,44,4000,4000,0,0,0,0,0,0,0,0,0,0,0,0,0,0,0,0,0,0,0,0,0,0,0,0,0,0,0,0,0,0,0,0,0,0,0,0,0,0,0,0,0,0,0
STAT,(NULL),RusageUser,44,275964000,275964000,0,0,0,0,0,0,0,0,0,0,0,0,0,0,0,0,0,0,0,0,0,0,0,0,0,0,0,0,0,0,0,0,0,0,0,0,0,0,0,0,0,0,0
STAT,(NULL),Threads,44,44,44,0,0,0,0,0,0,0,0,0,0,0,0,0,0,0,0,0,0,0,0,0,0,0,0,0,0,0,0,0,0,0,0,0,0,0,0,0,0,0,0,0,0,0
STAT,(NULL),Time,44,13955580328,13955580328,0,0,0,0,0,0,0,0,0,0,0,0,0,0,0,0,0,0,0,0,0,0,0,0,0,0,0,0,0,0,0,0,0,0,0,0,0,0,0,0,0,0,0
STAT,(NULL),TotalTime,44,34452351165,34452351165,0,0,0,0,0,0,0,0,0,0,0,0,0,0,0,0,0,0,0,0,0,0,0,0,0,0,0,0,0,0,0,0,0,0,0,0,0,0,0,0,0,0,0
STAT,(NULL),UserTime,44,236867943336,5043109288,5366655049,5371793039,5391967514,5376547567,5386199351,5371878416,5367210261,5368862727,5380964278,5381303558,5387499340,5379837447,5390126278,5364369967,5364295101,5370317469,5388896668,5384714350,5369645453,5373246132,5376129634,5402846520,5399772737,5390120996,5392923884,5408116743,5409372807,5396126702,5397729637,5408038887,5412607854,5407139741,5418717960,5416055355,5419758810,5400278062,5393010056,5390417046,5422876649,5420945503,5427872055,5395735846,5381910599
STAT,(NULL),Work,44,606369671668,13781140810,13781130565,13781131845,13781130143,13781133101,13781135238,13781135556,13781137398,13781130340,13781131299,13781130628,13781137401,13781135990,13781139504,13781130597,13781131465,13781131211,13781133308,13781130722,13781129948,13781136409,13781131047,13781123958,13781124086,13781124256,13781123397,13781124529,13781123218,13781124774,13781123779,13781125354,13781124101,13781123546,13781124195,13781123500,13781125661,13781125991,13781124125,13781123755,13781123616,13781123579,13781124593,13781124429,13781128701
STAT,(NULL),nBad,44,6899,0,272,0,0,82,2,0,231,0,0,0,82,314,0,0,90,0,70,0,0,180,191,1012,0,50,415,0,0,203,575,221,1854,219,0,125,6,0,0,0,52,0,542,84,27
STAT,(NULL),nEmpty,44,25154814,478667,572594,572221,575447,573269,573692,572629,573113,573766,573140,573674,574154,573299,574909,569090,570543,569270,573719,572958,569259,568913,568855,575181,574012,575961,577883,576261,577693,575726,576207,579408,578195,576958,578406,575894,577366,572413,569573,569706,574264,576480,577790,570328,571928
STAT,(NULL),nEmptyPop,44,610184,14374,14656,14613,14588,14575,14706,14698,14651,14601,14541,14669,14824,14841,14836,14596,14671,14668,14792,14634,14729,14698,14922,12736,13167,13100,13177,13010,13059,13124,13089,12991,12884,13125,12936,13115,13030,13204,12955,13184,13003,13084,13003,13185,13140
STAT,(NULL),nOverall,44,268293522,5060489,6138775,6145853,6184526,6158314,6170410,6138973,6135117,6137521,6172049,6171605,6156453,6146445,6174621,6102115,6091990,6107803,6162227,6166092,6105803,6095847,6100560,6108991,6101667,6119241,6075865,6127003,6127813,6081746,6110949,6134251,6131147,6109925,6129431,6126789,6142894,6070677,6055035,6041863,6133334,6130300,6149092,6058890,6003031
STAT,(NULL),nPop,44,41828468,793696,953206,953442,957840,955160,956538,954114,954589,954523,955963,955895,955384,954895,957599,947255,948778,947059,955987,954610,948371,947485,947058,955188,953463,956268,958349,957025,959171,955494,956796,961869,960409,957656,959730,956755,959047,949264,946268,946403,956353,957987,960350,947964,947212
STAT,(NULL),nPush,44,41825751,771990,958561,958820,965356,960982,966406,958429,959054,961797,965370,963920,964622,961322,964004,952871,951098,951726,962219,963445,954018,951497,952424,952146,943898,953242,943350,952544,955813,949487,952278,956663,955068,947540,955870,956508,956156,943060,941874,945220,957055,956119,959247,943444,929238
STAT,(NULL),nPushInit,44,2717,65,65,64,64,64,65,63,63,61,63,65,62,64,62,64,65,64,60,62,64,63,65,59,61,64,59,61,63,63,64,63,62,63,63,61,62,62,58,62,58,60,62,64,26
==== BENCHMARK TOOK 16.434
==== BENCHMARK START ===
==== PARAMS kernel=4.9.5-64-net1 malloc=libc hostname=rack-mad-04 threads=44 delta=4 prog=sssp-klsm64mq4  ===
ERROR: ld.so: object '/specific/disk1/home/adamx/malloc/lib64/libjemalloc.so' from LD_PRELOAD cannot be preloaded (cannot open shared object file): ignored.
Galois Benchmark Suite v2.2.1 (r0)
Copyright (C) 2014 The University of Texas at Austin
http://iss.ices.utexas.edu/galois/

application: Single Source Shortest Path
Computes the shortest path from a source node to all nodes in a directed graph using a modified chaotic iteration algorithm
http://iss.ices.utexas.edu/?p=projects/galois/benchmarks/single_source_shortest_path

INFO: CommandLine ./build/debug/apps/sssp/sssp -noverify -t 44 -delta 4 -wl klsm64mq4 -startNode 0 /specific/disk1/home/mad/Galois-PQ/inputs/scalefree/rmat16p-2e24.gr
INFO: Hostname rack-mad-04
Read 16777216 nodes
Running Asynchronous with CAS version
INFO: Using delta-step of 1
WARNING: Performance varies considerably due to delta parameter.
WARNING: Do not expect the default to be good for your graph.
Node 1 has distance 2
STATTYPE,LOOP,CATEGORY,n,sum,T0,T1,T2,T3,T4,T5,T6,T7,T8,T9,T10,T11,T12,T13,T14,T15,T16,T17,T18,T19,T20,T21,T22,T23,T24,T25,T26,T27,T28,T29,T30,T31,T32,T33,T34,T35,T36,T37,T38,T39,T40,T41,T42,T43
STAT,(NULL),BadWork,44,11107934,439697,0,501759,562054,56788,309918,173378,74755,0,152741,285085,936129,550344,159735,42765,787354,0,38832,246256,66972,0,146660,0,0,0,0,1787668,871962,211792,667423,85066,153244,0,65588,162172,48731,34083,0,0,267954,164072,0,741458,315499
STAT,(NULL),BarrierTime,44,10775849,569368,492026,480647,462240,452362,439599,500951,430845,442140,438397,364499,378662,324808,387015,381229,251486,254769,341652,329362,257840,322177,264042,112676,106935,33716,111860,109038,110409,115474,31814,40839,103946,99610,110407,105003,111949,104270,114097,103118,114749,114740,106158,25390,223535
STAT,(NULL),ConflictTime,44,0,0,0,0,0,0,0,0,0,0,0,0,0,0,0,0,0,0,0,0,0,0,0,0,0,0,0,0,0,0,0,0,0,0,0,0,0,0,0,0,0,0,0,0,0
STAT,(NULL),Conflicts,44,0,0,0,0,0,0,0,0,0,0,0,0,0,0,0,0,0,0,0,0,0,0,0,0,0,0,0,0,0,0,0,0,0,0,0,0,0,0,0,0,0,0,0,0,0
STAT,(NULL),EmptyPopTime,44,991256897,25760740,24057300,23866448,23792372,24049958,25129400,24184444,23766424,23930527,23789902,24120469,23710340,23927971,23578734,24037202,24303575,24105364,23613050,24241218,24175916,24316390,24115754,20890654,20689609,20937568,20574488,20863449,20602618,20615211,20863185,20708756,20644915,20863325,20939043,20610501,22068737,20956565,21309727,21048072,20647518,21099699,20724258,20664791,22360710
STAT,(NULL),EmptyWork,44,7052133462,163764100,161278262,163310814,161094853,160039595,162734850,160063814,161167984,160198419,160074292,159757046,160862450,158638897,162833856,157890406,156832148,155471863,165241695,158707091,161979872,155361795,159181015,160988395,159505735,159090500,162523356,160589551,159539654,158030826,160843916,162703574,160175444,164349995,157963570,163456265,155983832,163066366,163008872,154694021,160427745,157307542,161491626,160574862,159332698
STAT,(NULL),GaloisTime,44,22629850734,572659215,511996831,512736480,514979419,512378820,513241697,510742522,511548244,512605280,513203907,513399512,511404759,512906380,517590136,509934119,507298805,512196533,510783616,517133749,509928359,507455849,509897587,516326093,514793554,512165087,517992774,514056620,518649575,513442188,515079358,516954066,515759933,514804700,513103819,515841990,514411940,509377089,507994271,511206762,512522835,512977295,517341298,507878022,511149646
STAT,(NULL),InitPushTime,44,12805416,351944,354913,349224,260456,267878,263441,199869,212847,203083,207838,275701,208582,263105,197778,206649,292075,285411,202521,215263,284577,219860,281114,399381,367485,443839,365421,367095,365194,359959,442583,436671,290345,297571,282887,288388,278914,288822,279337,290770,278204,278410,288331,368762,142918
STAT,(NULL),Iterations,44,41829554,860982,950059,951769,955862,952799,955290,949304,950488,952872,955214,952103,951479,951706,953598,945022,944164,943804,951605,953649,946272,944594,943261,955749,954388,956503,960220,958386,958752,953308,955935,960642,960409,958622,957144,955981,958832,950205,946660,946289,956168,956266,959132,946868,947199
STAT,(NULL),LoopTime,44,14070685242,14070685242,0,0,0,0,0,0,0,0,0,0,0,0,0,0,0,0,0,0,0,0,0,0,0,0,0,0,0,0,0,0,0,0,0,0,0,0,0,0,0,0,0,0,0
STAT,(NULL),MeminfoPost,44,1584,36,36,36,36,36,36,36,36,36,36,36,36,36,36,36,36,36,36,36,36,36,36,36,36,36,36,36,36,36,36,36,36,36,36,36,36,36,36,36,36,36,36,36,36
STAT,(NULL),MeminfoPre,44,1584,36,36,36,36,36,36,36,36,36,36,36,36,36,36,36,36,36,36,36,36,36,36,36,36,36,36,36,36,36,36,36,36,36,36,36,36,36,36,36,36,36,36,36,36
STAT,(NULL),NumaPost,44,12992,10496,1359,561,576,0,0,0,0,0,0,0,0,0,0,0,0,0,0,0,0,0,0,0,0,0,0,0,0,0,0,0,0,0,0,0,0,0,0,0,0,0,0,0,0
STAT,(NULL),PopTime,44,104815932113,2369853073,2383270925,2379390715,2380446409,2380598998,2378620747,2378816060,2378830755,2388324079,2381698885,2377156859,2377537558,2380372725,2374753600,2380511260,2384493587,2381234588,2378187700,2378328334,2379450361,2383925353,2374505962,2383169031,2386432202,2389284248,2383793522,2383080651,2379974494,2379591981,2387625460,2382152880,2383932271,2385047042,2385451181,2382581683,2387700046,2387694028,2390088128,2382046526,2385598357,2385460767,2386589451,2380509443,2387820188
STAT,(NULL),PushTime,44,233222039791,5497294699,5302358229,5306734590,5292848906,5297871633,5296857895,5309706903,5313017793,5306113714,5288716241,5299066758,5288320414,5293133107,5285192673,5310171860,5312837273,5309964637,5285001044,5296354306,5299859330,5315091148,5315166489,5300823250,5291362796,5304844587,5285811381,5283494768,5275887850,5303590294,5297463447,5286012990,5278440974,5284636657,5273575371,5285730083,5278678727,5310987896,5302045549,5316597828,5284372093,5277623562,5271141989,5308613864,5298624193
STAT,(NULL),RusageSys,44,8000,8000,0,0,0,0,0,0,0,0,0,0,0,0,0,0,0,0,0,0,0,0,0,0,0,0,0,0,0,0,0,0,0,0,0,0,0,0,0,0,0,0,0,0,0
STAT,(NULL),RusageUser,44,278580000,278580000,0,0,0,0,0,0,0,0,0,0,0,0,0,0,0,0,0,0,0,0,0,0,0,0,0,0,0,0,0,0,0,0,0,0,0,0,0,0,0,0,0,0,0
STAT,(NULL),Threads,44,44,44,0,0,0,0,0,0,0,0,0,0,0,0,0,0,0,0,0,0,0,0,0,0,0,0,0,0,0,0,0,0,0,0,0,0,0,0,0,0,0,0,0,0,0
STAT,(NULL),Time,44,14084723171,14084723171,0,0,0,0,0,0,0,0,0,0,0,0,0,0,0,0,0,0,0,0,0,0,0,0,0,0,0,0,0,0,0,0,0,0,0,0,0,0,0,0,0,0,0
STAT,(NULL),TotalTime,44,33892284108,33892284108,0,0,0,0,0,0,0,0,0,0,0,0,0,0,0,0,0,0,0,0,0,0,0,0,0,0,0,0,0,0,0,0,0,0,0,0,0,0,0,0,0,0,0
STAT,(NULL),UserTime,44,243403700819,5282366905,5528741312,5525663951,5538537865,5536764276,5535119386,5528187304,5523370190,5520529338,5544218782,5538202290,5549867359,5542721093,5547754636,5529159541,5525936068,5528729564,5548874236,5536938294,5536308583,5525551686,5528833730,5529506142,5538918832,5525381351,5541006688,5549618945,5557049341,5536432702,5529827620,5543170860,5552748657,5542000648,5560669040,5543484282,5552859998,5519622484,5527256133,5526109055,5548136377,5557234082,5554414018,5533461852,5532415323
STAT,(NULL),Work,44,612119225355,13911820112,13911802329,13911802001,13911797531,13911805196,13911798381,13911801006,13911804116,13911802377,13911797507,13911808404,13911801291,13911797337,13911800930,13911799561,13911797920,13911802104,13911799467,13911799528,13911797720,13911800332,13911798439,13911798475,13911803327,13911800432,13911800102,13911799318,13911798575,13911798630,13911804453,13911798539,13911798867,13911798790,13911798496,13911798341,13911799349,13911799531,13911799285,13911798669,13911799552,13911799225,13911799540,13911801470,13911798800
STAT,(NULL),nBad,44,13224,514,0,569,627,71,357,205,109,0,189,312,1047,588,245,54,958,0,51,337,83,0,135,0,0,0,0,2208,1018,240,871,123,195,0,82,200,58,38,0,0,346,211,0,824,359
STAT,(NULL),nEmpty,44,25155874,525983,570736,571958,574215,572116,574161,570379,570845,572797,574870,571623,571050,571881,572603,568029,567890,566677,571325,572875,568742,568215,566311,574644,573914,576561,577552,577177,576428,573058,575542,578006,577236,576477,575287,574857,576016,571919,569310,569257,575466,575545,577404,569500,569437
STAT,(NULL),nEmptyPop,44,606403,14228,14572,14562,14563,14627,14624,14768,14444,14525,14503,14762,14476,14643,14352,14614,14759,14551,14411,14754,14676,14687,14584,13044,12923,13046,12932,13078,12910,12911,13026,13001,12913,12987,13042,12868,13074,12974,13186,12993,12847,13102,12990,12808,13063
STAT,(NULL),nOverall,44,268299847,5290676,6116628,6114314,6147359,6134718,6140976,6120037,6111624,6122861,6151324,6140479,6136396,6120622,6145466,6069582,6065602,6075769,6142131,6123118,6090009,6062791,6070678,6107808,6111016,6122294,6146556,6147449,6156493,6113329,6112975,6156022,6150779,6152436,6138929,6128774,6136231,6058372,6059307,6057551,6133208,6136369,6154772,6064458,6061559
STAT,(NULL),nPop,44,41829554,860982,950059,951769,955862,952799,955290,949304,950488,952872,955214,952103,951479,951706,953598,945022,944164,943804,951605,953649,946272,944594,943261,955749,954388,956503,960220,958386,958752,953308,955935,960642,960409,958622,957144,955981,958832,950205,946660,946289,956168,956266,959132,946868,947199
STAT,(NULL),nPush,44,41826838,809022,951750,952872,960075,955890,960274,952598,953850,955274,958703,956754,957640,955324,959241,947051,945738,946385,956604,958314,947633,945225,947090,953447,951195,954226,960625,957535,960892,952680,953026,959778,958055,958610,959072,957403,958044,945245,942621,944075,957546,957672,960919,945762,945103
STAT,(NULL),nPushInit,44,2716,65,65,64,65,64,65,63,62,61,62,65,62,64,62,63,65,64,60,62,64,63,65,59,61,64,59,61,63,63,64,64,62,63,63,61,62,62,58,62,58,60,62,64,26
==== BENCHMARK TOOK 16.231
==== BENCHMARK START ===
==== PARAMS kernel=4.9.5-64-net1 malloc=libc hostname=rack-mad-04 threads=44 delta=4 prog=sssp-klsm64mq4  ===
ERROR: ld.so: object '/specific/disk1/home/adamx/malloc/lib64/libjemalloc.so' from LD_PRELOAD cannot be preloaded (cannot open shared object file): ignored.
Galois Benchmark Suite v2.2.1 (r0)
Copyright (C) 2014 The University of Texas at Austin
http://iss.ices.utexas.edu/galois/

application: Single Source Shortest Path
Computes the shortest path from a source node to all nodes in a directed graph using a modified chaotic iteration algorithm
http://iss.ices.utexas.edu/?p=projects/galois/benchmarks/single_source_shortest_path

INFO: CommandLine ./build/debug/apps/sssp/sssp -noverify -t 44 -delta 4 -wl klsm64mq4 -startNode 0 /specific/disk1/home/mad/Galois-PQ/inputs/scalefree/rmat16p-2e24.gr
INFO: Hostname rack-mad-04
Read 16777216 nodes
Running Asynchronous with CAS version
INFO: Using delta-step of 1
WARNING: Performance varies considerably due to delta parameter.
WARNING: Do not expect the default to be good for your graph.
Node 1 has distance 2
STATTYPE,LOOP,CATEGORY,n,sum,T0,T1,T2,T3,T4,T5,T6,T7,T8,T9,T10,T11,T12,T13,T14,T15,T16,T17,T18,T19,T20,T21,T22,T23,T24,T25,T26,T27,T28,T29,T30,T31,T32,T33,T34,T35,T36,T37,T38,T39,T40,T41,T42,T43
STAT,(NULL),BadWork,44,8262085,475770,69059,151654,29095,0,32393,0,9364,62010,0,92370,0,1187592,129752,609716,15530,34840,0,123510,0,209726,0,0,219641,0,11273,440687,545646,718115,208809,0,0,0,357144,418456,95161,164741,0,0,1024551,393670,103886,327924,0
STAT,(NULL),BarrierTime,44,17246136,884572,787864,774734,804375,737269,718501,789330,725354,735149,728545,681587,688843,674730,685453,609540,547172,158803,627580,621587,550773,624970,520644,103931,108106,31686,171631,108923,109135,159490,38408,36028,109390,107666,22058,101078,152210,110355,150914,103516,109931,154360,109854,29173,440918
STAT,(NULL),ConflictTime,44,0,0,0,0,0,0,0,0,0,0,0,0,0,0,0,0,0,0,0,0,0,0,0,0,0,0,0,0,0,0,0,0,0,0,0,0,0,0,0,0,0,0,0,0,0
STAT,(NULL),Conflicts,44,0,0,0,0,0,0,0,0,0,0,0,0,0,0,0,0,0,0,0,0,0,0,0,0,0,0,0,0,0,0,0,0,0,0,0,0,0,0,0,0,0,0,0,0,0
STAT,(NULL),EmptyPopTime,44,997014511,25324426,24203251,24018482,24136665,23846695,23820347,23929633,25181657,23871841,23844901,24084095,24056979,23717482,24231855,24184584,24083162,24269869,23882878,24295359,24481657,24308629,24376968,20894501,20898763,20726076,21028909,20935411,21055080,21302806,20814244,20909042,20817295,21914690,20803390,20793056,20887197,22345015,21403985,22627751,20888153,21117578,20737228,20956732,21006194
STAT,(NULL),EmptyWork,44,7091948740,165269132,165044831,160865634,156419423,163477611,166116125,162886423,162246600,162675817,153628338,161508301,160877069,164363151,161095837,157340536,164199936,159796520,159215134,159772609,156745576,159423746,159606024,161695171,162589766,161745788,167072210,161409007,161347030,160523141,162737498,159284845,163840425,160172374,158336001,163099128,161278854,159071770,160392859,161604746,159119595,160721500,161853886,161242419,160236354
STAT,(NULL),GaloisTime,44,22619106819,558244815,511243663,514210023,517167819,514844626,513256502,512254176,514495889,514564838,514247508,513642059,513412421,511671442,516262666,510332798,506199395,509581861,511797305,513000060,512224208,510686639,507964318,511723407,513333491,514436536,516730176,517339614,513394008,515377793,512509954,515036493,514677517,516848729,513565740,513083656,517413475,510042657,507635430,510361773,512814167,514227604,515144211,510236978,511868379
STAT,(NULL),InitPushTime,44,18203112,320688,335994,336571,197769,265211,266925,199037,206311,194701,200746,210572,201675,217096,206308,282034,282911,614291,202451,208433,279609,205871,278065,593824,584078,711468,559504,590597,587378,571964,704112,706115,536104,544859,633419,511947,534930,535113,532451,547551,538890,533647,542682,669041,220169
STAT,(NULL),Iterations,44,41828216,877040,950514,950199,954775,952298,954413,949890,950729,952332,954412,952382,952695,951030,953203,945808,943512,943430,951489,952576,945271,943873,944022,954226,954265,956183,959134,957335,958541,954188,955210,959109,959278,958056,957492,956033,958564,946714,945234,946305,955555,955996,959574,947925,947406
STAT,(NULL),LoopTime,44,14050992830,14050992830,0,0,0,0,0,0,0,0,0,0,0,0,0,0,0,0,0,0,0,0,0,0,0,0,0,0,0,0,0,0,0,0,0,0,0,0,0,0,0,0,0,0,0
STAT,(NULL),MeminfoPost,44,1584,36,36,36,36,36,36,36,36,36,36,36,36,36,36,36,36,36,36,36,36,36,36,36,36,36,36,36,36,36,36,36,36,36,36,36,36,36,36,36,36,36,36,36,36
STAT,(NULL),MeminfoPre,44,1584,36,36,36,36,36,36,36,36,36,36,36,36,36,36,36,36,36,36,36,36,36,36,36,36,36,36,36,36,36,36,36,36,36,36,36,36,36,36,36,36,36,36,36,36
STAT,(NULL),NumaPost,44,12984,10488,1367,553,576,0,0,0,0,0,0,0,0,0,0,0,0,0,0,0,0,0,0,0,0,0,0,0,0,0,0,0,0,0,0,0,0,0,0,0,0,0,0,0,0
STAT,(NULL),PopTime,44,104750298835,2379471628,2377841277,2381793475,2381293692,2375887212,2375678197,2377851617,2380279066,2384766271,2374974721,2378307802,2377943290,2375187856,2376448610,2377407590,2376089533,2380958922,2375471967,2382790279,2374138608,2375973357,2382305807,2385377215,2385548699,2383294541,2380177978,2383773380,2382448736,2382330768,2383947671,2380346772,2380583322,2380538236,2379665325,2387591219,2384881132,2379239176,2387890635,2383743544,2382527268,2380686143,2383286855,2384115629,2385443814
STAT,(NULL),PushTime,44,232521879701,5432315839,5295732912,5298114500,5283593873,5286138410,5274643262,5297344455,5280308054,5288964601,5274093670,5284772927,5277808205,5283946008,5272118720,5295093124,5290632336,5297454758,5274672949,5282536086,5291798421,5299975563,5294872909,5291502221,5285753812,5288233998,5261546668,5263507511,5267062378,5290869055,5282304668,5266985737,5264964136,5266735669,5264838571,5267443327,5260169230,5284464854,5295049140,5287645947,5259964053,5269577753,5254095379,5305793333,5286440679
STAT,(NULL),RusageSys,44,0,0,0,0,0,0,0,0,0,0,0,0,0,0,0,0,0,0,0,0,0,0,0,0,0,0,0,0,0,0,0,0,0,0,0,0,0,0,0,0,0,0,0,0,0
STAT,(NULL),RusageUser,44,278208000,278208000,0,0,0,0,0,0,0,0,0,0,0,0,0,0,0,0,0,0,0,0,0,0,0,0,0,0,0,0,0,0,0,0,0,0,0,0,0,0,0,0,0,0,0
STAT,(NULL),Threads,44,44,44,0,0,0,0,0,0,0,0,0,0,0,0,0,0,0,0,0,0,0,0,0,0,0,0,0,0,0,0,0,0,0,0,0,0,0,0,0,0,0,0,0,0,0
STAT,(NULL),Time,44,14064930076,14064930076,0,0,0,0,0,0,0,0,0,0,0,0,0,0,0,0,0,0,0,0,0,0,0,0,0,0,0,0,0,0,0,0,0,0,0,0,0,0,0,0,0,0,0
STAT,(NULL),TotalTime,44,33189963650,33189963650,0,0,0,0,0,0,0,0,0,0,0,0,0,0,0,0,0,0,0,0,0,0,0,0,0,0,0,0,0,0,0,0,0,0,0,0,0,0,0,0,0,0,0
STAT,(NULL),UserTime,44,243301418816,5332135574,5518698493,5513762335,5530153179,5528570040,5539251253,5518496706,5530256405,5517920067,5551976824,5530448266,5538666581,5533879574,5542604946,5528406059,5531560530,5520698855,5547723332,5530369815,5533376254,5522397901,5523638519,5521572185,5524641089,5524330261,5546209733,5545800915,5547459080,5522364026,5530453824,5550203999,5547879923,5546558325,5555553974,5540757464,5548137852,5537599195,5520394362,5526782529,5557453983,5546433287,5557647718,5510420996,5527772588
STAT,(NULL),Work,44,611286025878,13892876559,13892867736,13892867787,13892872364,13892870819,13892867438,13892865679,13892867845,13892866877,13892867693,13892865427,13892868124,13892868756,13892865997,13892865694,13892865697,13892863761,13892866070,13892869411,13892868094,13892869141,13892870352,13892861027,13892860860,13892860723,13892860639,13892858314,13892860945,13892860984,13892860806,13892860914,13892858860,13892861033,13892858964,13892862638,13892860747,13892858572,13892860350,13892859777,13892861021,13892858881,13892860766,13892860821,13892860915
STAT,(NULL),nBad,44,9343,533,86,230,42,0,51,0,8,73,0,104,0,1336,154,709,18,37,0,134,0,244,0,0,171,0,12,475,617,849,166,0,0,0,388,488,112,205,0,0,1099,500,126,376,0
STAT,(NULL),nEmpty,44,25154542,533642,571570,570354,573814,571862,573845,570809,571236,572566,573735,571872,572773,571751,572030,568981,566637,566947,571163,571527,567194,567316,566707,574641,574647,576031,576589,576140,577235,574772,575271,576834,576786,576234,575363,575099,576760,569972,568568,568537,574573,574418,577617,570774,569350
STAT,(NULL),nEmptyPop,44,608375,14384,14742,14599,14704,14485,14511,14544,14643,14542,14591,14665,14681,14422,14766,14618,14522,14696,14544,14799,14796,14693,14725,12947,13006,12947,13168,13036,13129,13223,12883,13056,13022,13038,12931,12867,12978,13063,13233,13264,12999,13105,12901,12962,12945
STAT,(NULL),nOverall,44,268295966,5431051,6103888,6103323,6137124,6126684,6142164,6105803,6125229,6117045,6153476,6131396,6123514,6109174,6138605,6068191,6068188,6063343,6127624,6121943,6077843,6059483,6064366,6100506,6098520,6115273,6152119,6150716,6154244,6101353,6119395,6161907,6147287,6157084,6140331,6132993,6131430,6086243,6048641,6055622,6145269,6136720,6150152,6051914,6058790
STAT,(NULL),nPop,44,41828216,877040,950514,950199,954775,952298,954413,949890,950729,952332,954412,952382,952695,951030,953203,945808,943512,943430,951489,952576,945271,943873,944022,954226,954265,956183,959134,957335,958541,954188,955210,959109,959278,958056,957492,956033,958564,946714,945234,946305,955555,955996,959574,947925,947406
STAT,(NULL),nPush,44,41825501,802881,952235,954086,960808,956528,959436,953579,951945,954813,957417,959009,957560,954839,959381,946672,945575,946746,955806,958242,948929,945721,946123,953621,951092,954146,960953,958551,959193,952443,953263,960268,959425,958195,958389,957255,960105,945580,944132,944139,958034,957817,960014,945705,944850
STAT,(NULL),nPushInit,44,2715,65,65,64,63,64,65,62,63,60,62,62,62,63,61,64,65,65,60,60,64,63,65,60,61,64,60,62,63,63,65,64,62,63,64,61,62,63,58,62,59,60,62,64,26
==== BENCHMARK TOOK 15.894
==== BENCHMARK START ===
==== PARAMS kernel=4.9.5-64-net1 malloc=libc hostname=rack-mad-04 threads=44 delta=4 prog=sssp-klsm64mq4  ===
ERROR: ld.so: object '/specific/disk1/home/adamx/malloc/lib64/libjemalloc.so' from LD_PRELOAD cannot be preloaded (cannot open shared object file): ignored.
Galois Benchmark Suite v2.2.1 (r0)
Copyright (C) 2014 The University of Texas at Austin
http://iss.ices.utexas.edu/galois/

application: Single Source Shortest Path
Computes the shortest path from a source node to all nodes in a directed graph using a modified chaotic iteration algorithm
http://iss.ices.utexas.edu/?p=projects/galois/benchmarks/single_source_shortest_path

INFO: CommandLine ./build/debug/apps/sssp/sssp -noverify -t 44 -delta 4 -wl klsm64mq4 -startNode 0 /specific/disk1/home/mad/Galois-PQ/inputs/scalefree/rmat16p-2e24.gr
INFO: Hostname rack-mad-04
Read 16777216 nodes
Running Asynchronous with CAS version
INFO: Using delta-step of 1
WARNING: Performance varies considerably due to delta parameter.
WARNING: Do not expect the default to be good for your graph.
Node 1 has distance 2
STATTYPE,LOOP,CATEGORY,n,sum,T0,T1,T2,T3,T4,T5,T6,T7,T8,T9,T10,T11,T12,T13,T14,T15,T16,T17,T18,T19,T20,T21,T22,T23,T24,T25,T26,T27,T28,T29,T30,T31,T32,T33,T34,T35,T36,T37,T38,T39,T40,T41,T42,T43
STAT,(NULL),BadWork,44,8623778,501512,334598,0,0,451857,1731214,0,165574,0,110594,30939,0,0,464456,941604,0,997481,58086,530771,0,38917,475000,0,0,209391,0,0,0,202048,140348,0,0,0,313613,0,0,35233,0,0,0,582124,0,308418,0
STAT,(NULL),BarrierTime,44,12451128,470004,560378,544751,571065,513683,492890,552612,497097,494791,493950,497170,459545,454239,450029,385695,318685,316952,385506,393848,313422,381992,306574,130389,131141,61202,132965,135606,141995,129378,51902,51547,134467,55258,52718,131532,135125,127612,136360,125922,135298,132992,134100,46537,282204
STAT,(NULL),ConflictTime,44,0,0,0,0,0,0,0,0,0,0,0,0,0,0,0,0,0,0,0,0,0,0,0,0,0,0,0,0,0,0,0,0,0,0,0,0,0,0,0,0,0,0,0,0,0
STAT,(NULL),Conflicts,44,0,0,0,0,0,0,0,0,0,0,0,0,0,0,0,0,0,0,0,0,0,0,0,0,0,0,0,0,0,0,0,0,0,0,0,0,0,0,0,0,0,0,0,0,0
STAT,(NULL),EmptyPopTime,44,996436623,26501066,23985946,23878252,24047343,25063358,24310392,23831326,23874703,24220405,23762759,23916134,24262502,24204862,23779737,24156597,24137736,24334214,24060478,24163568,24339169,24349428,24251347,21133189,20949210,20973558,20765515,21773324,20660095,20859902,20996277,20847953,21059735,20866138,20835798,21998428,21265415,20979473,21359632,20920930,20737766,20898827,20875189,20990855,21258092
STAT,(NULL),EmptyWork,44,7038550349,168415557,160001697,158628504,153737343,158835879,157730337,157260417,159019918,158844424,164664244,157097160,162934698,157683592,160433841,158982803,159950867,159550627,154094803,159644262,159334052,163231467,160013718,163833042,156240535,158759428,161173228,161049284,159696132,162596804,163042309,160546225,161908205,162670506,162593848,159699545,164241991,156701228,156322157,157698556,160509161,158760732,160005950,158483545,161927728
STAT,(NULL),GaloisTime,44,22637861526,571031864,512073080,511686286,513443706,513728082,514811675,512752906,510875551,514033795,518688606,512739156,514061086,513289532,513134197,508046822,511117413,510572301,510815628,517983824,509674849,508678778,510794769,511308074,510886680,514827264,515317647,516760620,518345959,515482179,511819834,516529275,518633999,517683873,512914248,516873852,513546921,512436445,510059272,508088757,512229801,514357452,515646199,509492591,510586678
STAT,(NULL),InitPushTime,44,14050883,471308,334675,333462,200528,259418,263621,203489,200804,204215,205502,198746,200907,204048,209227,272888,277027,278842,211531,203789,282881,214183,291814,412178,412235,482334,410642,407205,401696,413125,490870,492248,367377,403397,449535,325375,368148,328539,364380,331404,367933,324328,368394,409920,196715
STAT,(NULL),Iterations,44,41829979,846708,951102,951765,955318,953273,954806,950500,952995,953406,955881,953397,953130,952160,954371,945848,944606,945385,952563,952406,947628,944057,945005,954419,954014,956023,959864,958765,959625,954051,956572,959222,959715,958825,957086,958105,957888,947951,946423,946862,957444,957705,957975,947584,947551
STAT,(NULL),LoopTime,44,14076553160,14076553160,0,0,0,0,0,0,0,0,0,0,0,0,0,0,0,0,0,0,0,0,0,0,0,0,0,0,0,0,0,0,0,0,0,0,0,0,0,0,0,0,0,0,0
STAT,(NULL),MeminfoPost,44,1584,36,36,36,36,36,36,36,36,36,36,36,36,36,36,36,36,36,36,36,36,36,36,36,36,36,36,36,36,36,36,36,36,36,36,36,36,36,36,36,36,36,36,36,36
STAT,(NULL),MeminfoPre,44,1584,36,36,36,36,36,36,36,36,36,36,36,36,36,36,36,36,36,36,36,36,36,36,36,36,36,36,36,36,36,36,36,36,36,36,36,36,36,36,36,36,36,36,36,36
STAT,(NULL),NumaPost,44,12971,10488,1568,554,361,0,0,0,0,0,0,0,0,0,0,0,0,0,0,0,0,0,0,0,0,0,0,0,0,0,0,0,0,0,0,0,0,0,0,0,0,0,0,0,0
STAT,(NULL),PopTime,44,104944248820,2377690360,2387943667,2386538451,2384329377,2382465954,2381796897,2390620340,2389210943,2382619318,2381459773,2380425610,2382052850,2387445243,2382177401,2385610253,2381263920,2386244591,2383007017,2380698570,2384387804,2381487137,2380353840,2386044755,2386730335,2384772842,2385818332,2385894907,2382814238,2384666272,2392214823,2385595275,2381478911,2381568530,2386791758,2384882029,2386765233,2386695701,2390694570,2390345815,2386953651,2388778283,2386383503,2388575553,2389954188
STAT,(NULL),PushTime,44,233514510078,5476505228,5309681157,5321646071,5309683717,5304445725,5301930613,5304227772,5313840242,5319962943,5304484695,5305212282,5299648040,5305804923,5287919693,5313631411,5320440337,5313280925,5300778422,5308189834,5318993681,5323117822,5316979356,5291194485,5306842281,5317068562,5289376953,5298246359,5283404715,5309808300,5294386973,5288900118,5290835954,5294895909,5282793367,5292743071,5279099613,5308722401,5311282713,5317821111,5279967659,5282353991,5286529719,5316617110,5311213825
STAT,(NULL),RusageSys,44,4000,4000,0,0,0,0,0,0,0,0,0,0,0,0,0,0,0,0,0,0,0,0,0,0,0,0,0,0,0,0,0,0,0,0,0,0,0,0,0,0,0,0,0,0,0
STAT,(NULL),RusageUser,44,278700000,278700000,0,0,0,0,0,0,0,0,0,0,0,0,0,0,0,0,0,0,0,0,0,0,0,0,0,0,0,0,0,0,0,0,0,0,0,0,0,0,0,0,0,0,0
STAT,(NULL),Threads,44,44,44,0,0,0,0,0,0,0,0,0,0,0,0,0,0,0,0,0,0,0,0,0,0,0,0,0,0,0,0,0,0,0,0,0,0,0,0,0,0,0,0,0,0,0
STAT,(NULL),Time,44,14094411455,14094411455,0,0,0,0,0,0,0,0,0,0,0,0,0,0,0,0,0,0,0,0,0,0,0,0,0,0,0,0,0,0,0,0,0,0,0,0,0,0,0,0,0,0,0
STAT,(NULL),TotalTime,44,33985764417,33985764417,0,0,0,0,0,0,0,0,0,0,0,0,0,0,0,0,0,0,0,0,0,0,0,0,0,0,0,0,0,0,0,0,0,0,0,0,0,0,0,0,0,0,0
STAT,(NULL),UserTime,44,243239839879,5297381903,5523847485,5515154202,5532289928,5532992589,5536953842,5528839578,5520711340,5517850465,5524471179,5538141791,5534571856,5529102036,5550088256,5527105680,5520620279,5523550717,5544775901,5526851098,5520801474,5516668842,5525139085,5544021805,5535884643,5521131378,5545083408,5533809772,5552612026,5524119587,5535074609,5545116841,5543616216,5539849277,5551605654,5541336058,5552614778,5531997917,5527814593,5522659981,5557134957,5552386280,5548094138,5523372543,5522593892
STAT,(NULL),Work,44,612375133572,13917649398,13917616325,13917615536,13917615697,13917615239,13917614716,13917616577,13917614741,13917615396,13917615730,13917616128,13917615566,13917614177,13917618273,13917616422,13917614948,13917615117,13917616012,13917617339,13917615666,13917615749,13917615463,13917615885,13917615084,13917616422,13917616525,13917615767,13917616574,13917616461,13917615245,13917616082,13917615672,13917616513,13917615842,13917616452,13917616489,13917616510,13917615581,13917616646,13917615948,13917616349,13917616498,13917615397,13917615415
STAT,(NULL),nBad,44,9880,555,347,0,0,608,2005,0,245,0,138,41,0,0,531,1020,0,1176,82,585,0,44,533,0,0,223,0,0,0,209,191,0,0,0,312,0,0,52,0,0,0,635,0,348,0
STAT,(NULL),nEmpty,44,25156326,506553,571781,572037,573690,573011,574040,571229,573508,574271,574407,572672,572912,572485,573272,568909,568150,568846,573429,571287,569561,567612,567699,574715,573682,575534,577859,577249,577561,574926,576014,576663,577619,576796,575767,576613,575264,570293,569654,569709,576136,576036,575820,570004,571051
STAT,(NULL),nEmptyPop,44,607648,14024,14520,14493,14628,14585,14802,14471,14560,14751,14486,14559,14829,14714,14497,14574,14572,14602,14679,14785,14732,14665,14682,13064,13012,13069,13006,12914,12846,12954,13018,13034,13121,13026,12911,13042,13228,12942,13199,12956,12951,13025,13089,13004,13027
STAT,(NULL),nOverall,44,268296503,5399631,6120789,6110378,6140222,6133607,6142840,6118136,6111230,6116795,6133615,6132183,6127013,6111486,6152170,6075413,6070966,6065621,6137918,6123014,6070536,6066002,6072452,6121840,6104411,6110142,6153197,6132881,6147725,6110644,6121140,6160340,6134927,6139475,6138069,6123059,6140531,6076217,6052394,6049637,6140087,6141304,6143116,6066857,6056493
STAT,(NULL),nPop,44,41829979,846708,951102,951765,955318,953273,954806,950500,952995,953406,955881,953397,953130,952160,954371,945848,944606,945385,952563,952406,947628,944057,945005,954419,954014,956023,959864,958765,959625,954051,956572,959222,959715,958825,957086,958105,957888,947951,946423,946862,957444,957705,957975,947584,947551
STAT,(NULL),nPush,44,41827266,831215,951734,953216,960809,956157,959872,951562,951944,954244,958473,956675,956943,953889,957797,945452,945598,945525,956238,957706,948520,945550,946188,951684,952213,954423,958622,957646,960365,951678,951613,959276,958424,957848,957868,956557,958632,945465,943726,944819,956892,955617,960320,944104,944167
STAT,(NULL),nPushInit,44,2713,65,65,64,63,64,65,62,62,61,62,62,61,63,61,64,65,64,60,60,64,61,65,60,61,64,60,62,63,63,65,64,62,64,64,61,62,63,59,62,59,60,62,64,26
==== BENCHMARK TOOK 16.389
==== BENCHMARK START ===
==== PARAMS kernel=4.9.5-64-net1 malloc=libc hostname=rack-mad-04 threads=44 delta=4 prog=sssp-klsm64mq4  ===
ERROR: ld.so: object '/specific/disk1/home/adamx/malloc/lib64/libjemalloc.so' from LD_PRELOAD cannot be preloaded (cannot open shared object file): ignored.
Galois Benchmark Suite v2.2.1 (r0)
Copyright (C) 2014 The University of Texas at Austin
http://iss.ices.utexas.edu/galois/

application: Single Source Shortest Path
Computes the shortest path from a source node to all nodes in a directed graph using a modified chaotic iteration algorithm
http://iss.ices.utexas.edu/?p=projects/galois/benchmarks/single_source_shortest_path

INFO: CommandLine ./build/debug/apps/sssp/sssp -noverify -t 44 -delta 4 -wl klsm64mq4 -startNode 0 /specific/disk1/home/mad/Galois-PQ/inputs/scalefree/rmat16p-2e24.gr
INFO: Hostname rack-mad-04
Read 16777216 nodes
Running Asynchronous with CAS version
INFO: Using delta-step of 1
WARNING: Performance varies considerably due to delta parameter.
WARNING: Do not expect the default to be good for your graph.
Node 1 has distance 2
STATTYPE,LOOP,CATEGORY,n,sum,T0,T1,T2,T3,T4,T5,T6,T7,T8,T9,T10,T11,T12,T13,T14,T15,T16,T17,T18,T19,T20,T21,T22,T23,T24,T25,T26,T27,T28,T29,T30,T31,T32,T33,T34,T35,T36,T37,T38,T39,T40,T41,T42,T43
STAT,(NULL),BadWork,44,5821817,0,0,0,0,0,44656,158230,0,508474,598037,359009,117987,0,40784,0,0,52060,0,0,0,176539,0,323857,159258,0,246618,0,19302,0,0,839053,43157,0,0,12800,666303,388578,0,0,728316,0,0,338799,0
STAT,(NULL),BarrierTime,44,12207643,596537,571593,565667,526559,529805,518302,578503,514966,511823,515601,505958,467775,475992,477290,390756,313665,315622,403422,393065,322407,388566,305916,111899,107897,34095,110350,106143,107536,111978,30114,28309,102453,33255,31514,107247,107001,98338,107445,104780,104171,105998,107266,19342,240722
STAT,(NULL),ConflictTime,44,0,0,0,0,0,0,0,0,0,0,0,0,0,0,0,0,0,0,0,0,0,0,0,0,0,0,0,0,0,0,0,0,0,0,0,0,0,0,0,0,0,0,0,0,0
STAT,(NULL),Conflicts,44,0,0,0,0,0,0,0,0,0,0,0,0,0,0,0,0,0,0,0,0,0,0,0,0,0,0,0,0,0,0,0,0,0,0,0,0,0,0,0,0,0,0,0,0,0
STAT,(NULL),EmptyPopTime,44,999341972,27193574,24464151,24145442,24212958,24211094,24124523,25561827,24106719,25359573,23912274,23949540,23947651,25142876,24095396,25236274,24050626,24171196,25098943,23664777,24063591,23945177,24124417,20759998,20802486,20719790,20359422,20824325,20434437,20865945,21038042,20706846,20619960,20849389,21302949,20851382,20634702,21069184,22320525,21101325,20887555,20643952,21056243,21204574,21506342
STAT,(NULL),EmptyWork,44,7056545040,174033719,158661673,158354073,154675428,158661328,163703063,159852298,158918516,162070843,158770327,161529478,165020295,163151239,162034750,155806117,162498264,160138952,159359011,160267791,157613345,158978590,159224816,157553958,155271893,159839331,160257141,163049072,165416767,160773562,162809999,162200339,157332515,161756117,160607249,160575249,159215829,158358577,159664607,157660572,161597490,162330516,159636499,159446977,157866865
STAT,(NULL),GaloisTime,44,22640099687,578617778,510778380,509821514,514709169,515367008,514767381,509969782,514849778,513986978,512857804,514244654,512829524,512964803,515908668,507893484,506742824,509248191,515476639,512660856,514441357,510661746,507262311,511475925,513535894,514268587,520265870,514732522,514564308,512114212,512318575,515434148,519776669,514137337,515696916,515405459,515356457,511806574,508145711,510529101,513805071,513182695,516975465,510531015,509980547
STAT,(NULL),InitPushTime,44,14670356,399512,341541,333844,264901,261906,256189,194874,199799,202421,200679,204967,202582,201101,200367,285466,283952,283442,198148,206694,276629,209650,296608,432851,437166,512563,434989,439779,438141,434149,514364,517217,383456,451140,454582,378206,376564,385176,376762,379000,379984,379104,377487,463624,218780
STAT,(NULL),Iterations,44,41827027,830748,951475,950075,956090,952262,954393,951265,951082,951966,954745,954578,952831,953119,955730,945328,945235,945480,953833,953568,947336,944637,945632,954807,954920,957791,959880,959465,958902,955520,956368,960456,960131,959471,958008,956860,957403,949505,947852,948795,957074,958312,959520,947323,947256
STAT,(NULL),LoopTime,44,13987145692,13987145692,0,0,0,0,0,0,0,0,0,0,0,0,0,0,0,0,0,0,0,0,0,0,0,0,0,0,0,0,0,0,0,0,0,0,0,0,0,0,0,0,0,0,0
STAT,(NULL),MeminfoPost,44,1584,36,36,36,36,36,36,36,36,36,36,36,36,36,36,36,36,36,36,36,36,36,36,36,36,36,36,36,36,36,36,36,36,36,36,36,36,36,36,36,36,36,36,36,36
STAT,(NULL),MeminfoPre,44,1584,36,36,36,36,36,36,36,36,36,36,36,36,36,36,36,36,36,36,36,36,36,36,36,36,36,36,36,36,36,36,36,36,36,36,36,36,36,36,36,36,36,36,36,36
STAT,(NULL),NumaPost,44,12984,10487,1367,553,577,0,0,0,0,0,0,0,0,0,0,0,0,0,0,0,0,0,0,0,0,0,0,0,0,0,0,0,0,0,0,0,0,0,0,0,0,0,0,0,0
STAT,(NULL),PopTime,44,104808566348,2369004599,2386164407,2381574138,2387587799,2380030462,2375364439,2385648184,2380565119,2375898423,2378836573,2379974240,2375438322,2377708304,2385590698,2379915205,2385569654,2379291014,2377970202,2383625352,2381305945,2377795661,2384192445,2381438533,2385960094,2384231371,2381669119,2378997115,2379816922,2385374093,2379876225,2382505986,2386201546,2377853042,2384181776,2379696672,2378297155,2386728720,2392311517,2389028121,2383297669,2386197105,2380490914,2388882016,2386479452
STAT,(NULL),PushTime,44,232318935774,5420861726,5284065042,5298653915,5262918783,5283292723,5275746617,5288230520,5290256229,5287533136,5271244019,5272183045,5264758426,5277899396,5263714937,5283303062,5286893117,5284911309,5264480396,5265581903,5284905300,5296429954,5275337746,5285794778,5287605937,5287334417,5262162434,5270946881,5255382171,5289027450,5283324544,5268823295,5272839091,5268359035,5260282503,5262139958,5256196117,5288351590,5283229839,5284380731,5266478254,5260224211,5257435288,5294987109,5290428840
STAT,(NULL),RusageSys,44,0,0,0,0,0,0,0,0,0,0,0,0,0,0,0,0,0,0,0,0,0,0,0,0,0,0,0,0,0,0,0,0,0,0,0,0,0,0,0,0,0,0,0,0,0
STAT,(NULL),RusageUser,44,276908000,276908000,0,0,0,0,0,0,0,0,0,0,0,0,0,0,0,0,0,0,0,0,0,0,0,0,0,0,0,0,0,0,0,0,0,0,0,0,0,0,0,0,0,0,0
STAT,(NULL),Threads,44,44,44,0,0,0,0,0,0,0,0,0,0,0,0,0,0,0,0,0,0,0,0,0,0,0,0,0,0,0,0,0,0,0,0,0,0,0,0,0,0,0,0,0,0,0
STAT,(NULL),Time,44,13999033112,13999033112,0,0,0,0,0,0,0,0,0,0,0,0,0,0,0,0,0,0,0,0,0,0,0,0,0,0,0,0,0,0,0,0,0,0,0,0,0,0,0,0,0,0,0
STAT,(NULL),TotalTime,44,32172936620,32172936620,0,0,0,0,0,0,0,0,0,0,0,0,0,0,0,0,0,0,0,0,0,0,0,0,0,0,0,0,0,0,0,0,0,0,0,0,0,0,0,0,0,0,0
STAT,(NULL),UserTime,44,240620554973,5258557538,5464139109,5455725040,5484169168,5466709061,5474567279,5459010412,5459578328,5463425387,5482652318,5476392864,5486277130,5471407886,5476927476,5476119284,5462518808,5470511078,5485888773,5482472095,5465942945,5460461064,5478132162,5471250253,5465097845,5461880383,5483560606,5479725044,5492659134,5460119078,5468908084,5478604321,5471503785,5485319711,5486204993,5489606682,5498574265,5461958439,5462600925,5465574588,5482208459,5485696040,5492680784,5453224634,5462011715
STAT,(NULL),Work,44,608448322640,13828382729,13828377573,13828370133,13828368449,13828370609,13828372660,13828372691,13828367990,13828376247,13828367802,13828376818,13828380498,13828370545,13828373376,13828368069,13828368701,13828371368,13828368342,13828370679,13828370540,13828371889,13828368437,13828372639,13828369951,13828369198,13828370479,13828370120,13828369486,13828369565,13828369159,13828369902,13828369143,13828369936,13828369884,13828369841,13828370457,13828368831,13828368901,13828369314,13828369826,13828369647,13828371489,13828369153,13828369574
STAT,(NULL),nBad,44,6783,0,0,0,0,0,56,245,0,565,679,470,151,0,51,0,0,77,0,0,0,209,0,370,207,0,357,0,21,0,0,934,55,0,0,14,732,380,0,0,855,0,0,355,0
STAT,(NULL),nEmpty,44,25153374,495425,572540,571591,574652,572345,573659,572360,572077,572559,573330,573425,572701,573615,574353,568798,567975,568425,572940,572831,569266,567860,568197,574493,574641,576301,577977,577783,577507,576080,575276,578122,578314,577764,575929,575418,575282,572040,570070,571358,575221,576764,576551,569967,569592
STAT,(NULL),nEmptyPop,44,608102,14187,14912,14761,14747,14641,14745,14807,14705,14793,14608,14541,14504,14614,14685,14616,14550,14626,14636,14427,14621,14504,14601,13053,13022,12967,12719,13002,12801,12955,13066,12956,12919,13014,13281,13024,12872,13174,13038,13009,12944,12890,13195,13046,13324
STAT,(NULL),nOverall,44,268293406,5480001,6104992,6085582,6148389,6116536,6134797,6092084,6098676,6122740,6129513,6126930,6130528,6110412,6138148,6079901,6059400,6061452,6114145,6121385,6072022,6056270,6073676,6117824,6110991,6124684,6160614,6143701,6161259,6104582,6119619,6161701,6138331,6146786,6137011,6133089,6159849,6064166,6058954,6057814,6140065,6140800,6153160,6047170,6053657
STAT,(NULL),nPop,44,41827027,830748,951475,950075,956090,952262,954393,951265,951082,951966,954745,954578,952831,953119,955730,945328,945235,945480,953833,953568,947336,944637,945632,954807,954920,957791,959880,959465,958902,955520,956368,960456,960131,959471,958008,956860,957403,949505,947852,948795,957074,958312,959520,947323,947256
STAT,(NULL),nPush,44,41824313,871937,949593,951006,955800,954913,957528,950913,951234,952512,957358,955582,955523,953039,957279,944384,944295,945058,955999,955226,947591,944531,943921,952377,950318,952538,958996,957056,958866,950621,951422,958590,957928,957602,957487,956593,957418,945824,941611,942994,957297,955718,959473,944372,943990
STAT,(NULL),nPushInit,44,2714,65,65,64,64,64,65,62,62,60,62,62,62,63,61,64,65,64,60,60,64,61,65,60,61,64,60,62,63,63,65,64,62,64,64,61,62,63,59,62,59,60,62,64,26
==== BENCHMARK TOOK 15.422
