==== BENCHMARK START ===
==== PARAMS kernel=4.9.5-64-net1 malloc=libc hostname=rack-castor threads=22 delta=4 prog=sssp-klsm256mq  ===
ERROR: ld.so: object '/specific/disk1/home/adamx/malloc/lib64/libjemalloc.so' from LD_PRELOAD cannot be preloaded (cannot open shared object file): ignored.
Galois Benchmark Suite v2.2.1 (r0)
Copyright (C) 2014 The University of Texas at Austin
http://iss.ices.utexas.edu/galois/

application: Single Source Shortest Path
Computes the shortest path from a source node to all nodes in a directed graph using a modified chaotic iteration algorithm
http://iss.ices.utexas.edu/?p=projects/galois/benchmarks/single_source_shortest_path

INFO: CommandLine ./build/debug/apps/sssp/sssp -noverify -t 22 -delta 4 -wl klsm256mq -startNode 0 /specific/disk1/home/mad/Galois-PQ/inputs/road/USA-road-t.USA.gr
INFO: Hostname rack-castor
Read 23947347 nodes
Running Asynchronous with CAS version
INFO: Using delta-step of 1
WARNING: Performance varies considerably due to delta parameter.
WARNING: Do not expect the default to be good for your graph.
Node 1 has distance 5062
STATTYPE,LOOP,CATEGORY,n,sum,T0,T1,T2,T3,T4,T5,T6,T7,T8,T9,T10,T11,T12,T13,T14,T15,T16,T17,T18,T19,T20,T21
STAT,(NULL),BadWork,22,2408466914,107132659,113306671,126468072,127283583,113079647,103743754,91067899,113466978,109041200,106775627,107727860,105706608,102607907,88762472,102097597,98097070,101796016,114330345,117742676,120678887,120168520,117384866
STAT,(NULL),BarrierTime,22,4449318,560672,427225,364102,330652,308552,293483,216806,177851,182616,187160,147881,201771,160387,113094,110368,140920,127661,141616,62062,71555,31568,91316
STAT,(NULL),ConflictTime,22,0,0,0,0,0,0,0,0,0,0,0,0,0,0,0,0,0,0,0,0,0,0,0
STAT,(NULL),Conflicts,22,0,0,0,0,0,0,0,0,0,0,0,0,0,0,0,0,0,0,0,0,0,0,0
STAT,(NULL),EmptyPopTime,22,662116920,28560534,27380105,29082140,26122364,26491458,26684063,31138833,32047091,32072907,30986122,30665724,30558265,31273757,30927065,33198527,31586244,31439891,29008799,30917113,30086197,30809201,31080520
STAT,(NULL),EmptyWork,22,734674843,33272464,33682613,33099700,33620545,34051922,35211978,33096847,32697635,32931398,33143520,32843086,33521762,33142508,34700842,32925624,33829660,33253078,32578623,33295815,33341580,33200232,33233411
STAT,(NULL),GaloisTime,22,33163245969,1481378100,1467189930,1505931624,1475454684,1475946412,1476897983,1509494851,1525818751,1527952572,1519361373,1528375983,1517687427,1520724407,1531346402,1514722274,1505481265,1503990741,1519383681,1518145483,1527810982,1502933874,1507217170
STAT,(NULL),InitPushTime,22,1110361,31856,47828,74104,72714,36559,35986,68017,67716,66323,39240,50930,34879,41646,64182,53743,40644,45588,38784,62436,36688,62846,37652
STAT,(NULL),Iterations,22,26799611,1266118,1381320,1240208,1391526,1389616,1390422,1181307,1153333,1131058,1159386,1136810,1196367,1173278,1137980,1139859,1181877,1188921,1184727,1187503,1176788,1203652,1207555
STAT,(NULL),LoopTime,22,11309031248,11309031248,0,0,0,0,0,0,0,0,0,0,0,0,0,0,0,0,0,0,0,0,0
STAT,(NULL),MeminfoPost,22,2222,101,101,101,101,101,101,101,101,101,101,101,101,101,101,101,101,101,101,101,101,101,101
STAT,(NULL),MeminfoPre,22,2222,101,101,101,101,101,101,101,101,101,101,101,101,101,101,101,101,101,101,101,101,101,101
STAT,(NULL),NumaPost,22,12947,11659,247,873,168,0,0,0,0,0,0,0,0,0,0,0,0,0,0,0,0,0,0
STAT,(NULL),PopTime,22,45278249918,2069037274,2070000647,2060378097,2053285467,2064615907,2061129513,2062377116,2063436816,2050637596,2055091847,2061315040,2045724935,2044399873,2052566892,2062944296,2059372465,2059179204,2055375590,2044294471,2052996911,2061929059,2068160902
STAT,(NULL),PushTime,22,86755411114,3978903104,3966090173,3936631276,3966918831,3960327935,3965898276,3934022649,3927375421,3936429265,3936961895,3923739988,3944908237,3942366081,3929714915,3927239090,3943953284,3951132484,3939465457,3948971491,3926287704,3940793876,3927279682
STAT,(NULL),RusageSys,22,0,0,0,0,0,0,0,0,0,0,0,0,0,0,0,0,0,0,0,0,0,0,0
STAT,(NULL),RusageUser,22,107384000,107384000,0,0,0,0,0,0,0,0,0,0,0,0,0,0,0,0,0,0,0,0,0
STAT,(NULL),Threads,22,22,22,0,0,0,0,0,0,0,0,0,0,0,0,0,0,0,0,0,0,0,0,0
STAT,(NULL),Time,22,11323502412,11323502412,0,0,0,0,0,0,0,0,0,0,0,0,0,0,0,0,0,0,0,0,0
STAT,(NULL),TotalTime,22,20438130916,20438130916,0,0,0,0,0,0,0,0,0,0,0,0,0,0,0,0,0,0,0,0,0
STAT,(NULL),UserTime,22,69370478743,3134493652,3161302522,3160520810,3170243680,3164212323,3159823233,3155512882,3144265873,3145619834,3150100355,3148705642,3153244865,3153739394,3146387494,3154613608,3151421530,3146648997,3149832794,3150016736,3155121830,3155976340,3158674349
STAT,(NULL),Work,22,235966168190,10725747048,10725729523,10725728366,10725729984,10725730261,10725729814,10725727911,10725727009,10725727902,10725729548,10725743660,10725729859,10725754250,10725751256,10725729107,10725729192,10725728916,10725731160,10725750610,10725753361,10725726767,10725732686
STAT,(NULL),nBad,22,2437286,111466,114411,124355,126724,116876,108403,93949,115045,108306,108410,108419,107641,106332,90342,101060,99205,103599,115270,115709,121142,120511,120111
STAT,(NULL),nEmpty,22,1912655,90441,98843,88503,99648,100984,100447,83663,81284,80578,82697,80761,86122,83200,81568,80154,85063,84462,83409,84756,84151,85414,86507
STAT,(NULL),nEmptyPop,22,547647,24906,25908,25027,24970,25120,25321,24865,24511,24462,24604,24252,24992,24698,24215,25014,25585,25375,24172,24689,24319,25016,25626
STAT,(NULL),nOverall,22,60770627,2870334,3130206,2815879,3155103,3147416,3148923,2680726,2616202,2563320,2629353,2578679,2711050,2660532,2580634,2584920,2677541,2695382,2690722,2692101,2670618,2730846,2740140
STAT,(NULL),nPop,22,26799611,1266118,1381320,1240208,1391526,1389616,1390422,1181307,1153333,1131058,1159386,1136810,1196367,1173278,1137980,1139859,1181877,1188921,1184727,1187503,1176788,1203652,1207555
STAT,(NULL),nPush,22,26799608,1265582,1381129,1240566,1392550,1390107,1389277,1180988,1152666,1130619,1160089,1135917,1195859,1174162,1137053,1139046,1181753,1189615,1185820,1187349,1177339,1204240,1207882
STAT,(NULL),nPushInit,22,3,1,1,1,0,0,0,0,0,0,0,0,0,0,0,0,0,0,0,0,0,0,0
==== BENCHMARK TOOK 9.996
==== BENCHMARK START ===
==== PARAMS kernel=4.9.5-64-net1 malloc=libc hostname=rack-castor threads=22 delta=4 prog=sssp-klsm256mq  ===
ERROR: ld.so: object '/specific/disk1/home/adamx/malloc/lib64/libjemalloc.so' from LD_PRELOAD cannot be preloaded (cannot open shared object file): ignored.
Galois Benchmark Suite v2.2.1 (r0)
Copyright (C) 2014 The University of Texas at Austin
http://iss.ices.utexas.edu/galois/

application: Single Source Shortest Path
Computes the shortest path from a source node to all nodes in a directed graph using a modified chaotic iteration algorithm
http://iss.ices.utexas.edu/?p=projects/galois/benchmarks/single_source_shortest_path

INFO: CommandLine ./build/debug/apps/sssp/sssp -noverify -t 22 -delta 4 -wl klsm256mq -startNode 0 /specific/disk1/home/mad/Galois-PQ/inputs/road/USA-road-t.USA.gr
INFO: Hostname rack-castor
Read 23947347 nodes
Running Asynchronous with CAS version
INFO: Using delta-step of 1
WARNING: Performance varies considerably due to delta parameter.
WARNING: Do not expect the default to be good for your graph.
Node 1 has distance 5062
STATTYPE,LOOP,CATEGORY,n,sum,T0,T1,T2,T3,T4,T5,T6,T7,T8,T9,T10,T11,T12,T13,T14,T15,T16,T17,T18,T19,T20,T21
STAT,(NULL),BadWork,22,2256393856,106090980,108241186,89414979,100351296,110551213,111038997,110593648,94954816,102626726,102680265,114138670,99447059,97098310,99417135,95138381,106516356,100459435,99263249,104530904,98522662,91311274,114006315
STAT,(NULL),BarrierTime,22,3449843,293548,360415,262456,255556,254909,234056,186657,186869,189749,189284,121294,126655,140833,37359,45778,68205,84251,95661,95736,97736,93132,29704
STAT,(NULL),ConflictTime,22,0,0,0,0,0,0,0,0,0,0,0,0,0,0,0,0,0,0,0,0,0,0,0
STAT,(NULL),Conflicts,22,0,0,0,0,0,0,0,0,0,0,0,0,0,0,0,0,0,0,0,0,0,0,0
STAT,(NULL),EmptyPopTime,22,650257177,28604745,27490179,28144914,26470647,26029672,26120382,30193643,29565418,31002437,31450160,29564000,30140874,29992785,30886835,29054409,28910404,30522072,31492374,32947758,30118889,30449247,31105333
STAT,(NULL),EmptyWork,22,718243822,32333111,32830325,32373667,32869182,32685054,32628607,32590701,33708107,32473568,32499788,32029139,33377219,32092797,31530195,32646120,32584456,32165217,32172338,32929398,33461409,33921863,32341561
STAT,(NULL),GaloisTime,22,32121587862,1433331340,1425847490,1449227715,1440185748,1436112520,1435158721,1462491637,1454506047,1461954804,1483348911,1477959164,1476686237,1470041521,1489763625,1462939039,1438459964,1458696801,1479519422,1487631551,1479125666,1453270827,1465329112
STAT,(NULL),InitPushTime,22,986421,56804,49107,86924,36587,36092,35686,36942,36784,35121,35795,65076,49830,38092,63903,60750,38900,38368,37508,36724,36312,37680,37436
STAT,(NULL),Iterations,22,26768486,1283409,1347519,1268803,1352186,1354224,1355507,1201597,1224929,1206127,1160043,1167368,1159746,1166606,1088158,1212957,1259544,1197757,1141293,1115411,1134794,1199375,1171133
STAT,(NULL),LoopTime,22,10926690317,10926690317,0,0,0,0,0,0,0,0,0,0,0,0,0,0,0,0,0,0,0,0,0
STAT,(NULL),MeminfoPost,22,2222,101,101,101,101,101,101,101,101,101,101,101,101,101,101,101,101,101,101,101,101,101,101
STAT,(NULL),MeminfoPre,22,2222,101,101,101,101,101,101,101,101,101,101,101,101,101,101,101,101,101,101,101,101,101,101
STAT,(NULL),NumaPost,22,12965,11663,460,674,168,0,0,0,0,0,0,0,0,0,0,0,0,0,0,0,0,0,0
STAT,(NULL),PopTime,22,44004240264,2005200143,2011054412,2002035305,1995848082,2003826954,2005482506,2006823298,2002977654,1992513686,1998333856,1986074626,1993112913,1984673523,1994003747,2019596089,2020327706,2005350962,1984657654,1993462907,1991970549,2001779939,2005133753
STAT,(NULL),PushTime,22,84508455111,3883333733,3854368068,3849872055,3855571546,3856012247,3854393362,3827760543,3839710610,3842502809,3820571409,3844402977,3830053692,3846382620,3826317275,3824587711,3839117228,3828872328,3841167303,3823408045,3834925121,3855389245,3829735184
STAT,(NULL),RusageSys,22,52000,52000,0,0,0,0,0,0,0,0,0,0,0,0,0,0,0,0,0,0,0,0,0
STAT,(NULL),RusageUser,22,104420000,104420000,0,0,0,0,0,0,0,0,0,0,0,0,0,0,0,0,0,0,0,0,0
STAT,(NULL),Threads,22,22,22,0,0,0,0,0,0,0,0,0,0,0,0,0,0,0,0,0,0,0,0,0
STAT,(NULL),Time,22,10941239884,10941239884,0,0,0,0,0,0,0,0,0,0,0,0,0,0,0,0,0,0,0,0,0
STAT,(NULL),TotalTime,22,19608051272,19608051272,0,0,0,0,0,0,0,0,0,0,0,0,0,0,0,0,0,0,0,0,0
STAT,(NULL),UserTime,22,67568862551,3052271792,3083485005,3073421504,3084129270,3080408662,3081291640,3075215665,3074607663,3074628500,3068871498,3065041928,3071702823,3071892688,3062570947,3066248932,3075675345,3079467666,3066065888,3064695569,3065473738,3060264575,3071431253
STAT,(NULL),Work,22,229573451548,10435168216,10435154855,10435154480,10435154755,10435154664,10435154670,10435155552,10435154936,10435155065,10435156973,10435151942,10435154286,10435156386,10435153208,10435152554,10435179895,10435155157,10435154766,10435156112,10435157356,10435159680,10435156040
STAT,(NULL),nBad,22,2370345,113848,115732,94607,107649,117829,116536,116112,101672,109392,107774,116454,106225,102486,101756,99655,111478,107161,102355,107157,102227,96718,115522
STAT,(NULL),nEmpty,22,1911626,91636,96654,89952,97414,96987,97037,87086,87863,86482,83251,83421,82979,82961,75681,87531,89742,84980,81974,77374,81045,85792,83784
STAT,(NULL),nEmptyPop,22,549699,25596,25945,25061,25140,24943,25053,25214,25063,24721,24604,24378,24531,24845,24254,24730,25858,25455,24838,24295,24254,25549,25372
STAT,(NULL),nOverall,22,60703686,2910141,3053837,2877997,3069371,3070752,3074681,2727257,2775676,2731482,2627990,2648051,2631658,2646919,2469426,2753054,2860115,2714450,2587006,2528497,2573672,2717739,2653915
STAT,(NULL),nPop,22,26768486,1283409,1347519,1268803,1352186,1354224,1355507,1201597,1224929,1206127,1160043,1167368,1159746,1166606,1088158,1212957,1259544,1197757,1141293,1115411,1134794,1199375,1171133
STAT,(NULL),nPush,22,26768483,1283876,1346523,1269191,1353878,1353960,1355103,1201831,1225447,1204717,1158942,1167739,1159898,1167837,1089395,1211623,1260115,1198497,1140769,1115604,1133610,1198577,1171351
STAT,(NULL),nPushInit,22,3,1,1,1,0,0,0,0,0,0,0,0,0,0,0,0,0,0,0,0,0,0,0
==== BENCHMARK TOOK 9.707
==== BENCHMARK START ===
==== PARAMS kernel=4.9.5-64-net1 malloc=libc hostname=rack-castor threads=22 delta=4 prog=sssp-klsm256mq  ===
ERROR: ld.so: object '/specific/disk1/home/adamx/malloc/lib64/libjemalloc.so' from LD_PRELOAD cannot be preloaded (cannot open shared object file): ignored.
Galois Benchmark Suite v2.2.1 (r0)
Copyright (C) 2014 The University of Texas at Austin
http://iss.ices.utexas.edu/galois/

application: Single Source Shortest Path
Computes the shortest path from a source node to all nodes in a directed graph using a modified chaotic iteration algorithm
http://iss.ices.utexas.edu/?p=projects/galois/benchmarks/single_source_shortest_path

INFO: CommandLine ./build/debug/apps/sssp/sssp -noverify -t 22 -delta 4 -wl klsm256mq -startNode 0 /specific/disk1/home/mad/Galois-PQ/inputs/road/USA-road-t.USA.gr
INFO: Hostname rack-castor
Read 23947347 nodes
Running Asynchronous with CAS version
INFO: Using delta-step of 1
WARNING: Performance varies considerably due to delta parameter.
WARNING: Do not expect the default to be good for your graph.
Node 1 has distance 5062
STATTYPE,LOOP,CATEGORY,n,sum,T0,T1,T2,T3,T4,T5,T6,T7,T8,T9,T10,T11,T12,T13,T14,T15,T16,T17,T18,T19,T20,T21
STAT,(NULL),BadWork,22,2311691405,105402913,107250295,93553708,121324246,110339450,104979544,103073862,114404975,105944222,101347592,93510748,98425321,100026126,105482835,112838587,104540728,103961958,103622877,111687027,114376069,96768524,98829798
STAT,(NULL),BarrierTime,22,3160036,409580,309502,301148,247562,228393,228827,216904,166005,87058,112332,113652,119612,119204,62815,118708,79208,86266,30812,32660,32308,29308,28172
STAT,(NULL),ConflictTime,22,0,0,0,0,0,0,0,0,0,0,0,0,0,0,0,0,0,0,0,0,0,0,0
STAT,(NULL),Conflicts,22,0,0,0,0,0,0,0,0,0,0,0,0,0,0,0,0,0,0,0,0,0,0,0
STAT,(NULL),EmptyPopTime,22,660922244,30979389,27304630,31143691,27002333,27255913,26701153,29432226,31150780,29994658,31131740,30188000,29883179,31420245,30398119,32783142,31095302,30518644,30841190,29589744,28785074,31875874,31447218
STAT,(NULL),EmptyWork,22,724390579,32714899,33283600,33043806,33355886,33221386,34527046,33237871,33180076,32390248,32239954,32599137,32854846,33516369,32501131,32862552,32815374,32605794,32119466,32609336,32750312,33151328,32810162
STAT,(NULL),GaloisTime,22,32531167332,1491604897,1443281850,1487757064,1455236544,1447986923,1450408188,1469445407,1466476533,1491136530,1496885684,1490418828,1490572977,1505368604,1495642334,1482619533,1472190555,1468612190,1501399507,1482960482,1478560123,1479081778,1483520801
STAT,(NULL),InitPushTime,22,844608,31704,10985,60028,36897,36123,35643,40712,36499,39084,39200,38612,38116,38308,63720,39004,38920,34617,37440,37268,36708,37660,37360
STAT,(NULL),Iterations,22,26766874,1170326,1360820,1185906,1368685,1366367,1364966,1240483,1272951,1175618,1141964,1182078,1177050,1103683,1156299,1153126,1202831,1230764,1137411,1196068,1232781,1179354,1167343
STAT,(NULL),LoopTime,22,11069937012,11069937012,0,0,0,0,0,0,0,0,0,0,0,0,0,0,0,0,0,0,0,0,0
STAT,(NULL),MeminfoPost,22,2222,101,101,101,101,101,101,101,101,101,101,101,101,101,101,101,101,101,101,101,101,101,101
STAT,(NULL),MeminfoPre,22,2222,101,101,101,101,101,101,101,101,101,101,101,101,101,101,101,101,101,101,101,101,101,101
STAT,(NULL),NumaPost,22,12944,11657,253,866,168,0,0,0,0,0,0,0,0,0,0,0,0,0,0,0,0,0,0
STAT,(NULL),PopTime,22,44478441673,1999005322,2030813089,2013433053,2019149397,2028178733,2023622752,2024026293,2026570332,2021431897,2019829678,2024697010,2013517846,2017330732,2013724102,2023294529,2035714473,2029269584,2013923683,2020119694,2022250740,2032186620,2026352114
STAT,(NULL),PushTime,22,85108408269,3903082536,3884311857,3875054112,3878864034,3884041896,3878095668,3869256527,3873725829,3859170656,3857446285,3861566960,3876265031,3850134172,3869724091,3860464893,3849700030,3864799533,3857767837,3859742570,3875021753,3852538591,3867633408
STAT,(NULL),RusageSys,22,0,0,0,0,0,0,0,0,0,0,0,0,0,0,0,0,0,0,0,0,0,0,0
STAT,(NULL),RusageUser,22,105480000,105480000,0,0,0,0,0,0,0,0,0,0,0,0,0,0,0,0,0,0,0,0,0
STAT,(NULL),Threads,22,22,22,0,0,0,0,0,0,0,0,0,0,0,0,0,0,0,0,0,0,0,0,0
STAT,(NULL),Time,22,11084279780,11084279780,0,0,0,0,0,0,0,0,0,0,0,0,0,0,0,0,0,0,0,0,0
STAT,(NULL),TotalTime,22,20145061680,20145061680,0,0,0,0,0,0,0,0,0,0,0,0,0,0,0,0,0,0,0,0,0
STAT,(NULL),UserTime,22,68281982444,3078308557,3116701094,3095264220,3122088112,3115011409,3122341326,3110298036,3104593449,3101572877,3098162145,3096225799,3092602233,3097926402,3093702842,3103671405,3114180482,3109890079,3099644401,3110673746,3098329038,3106862487,3093932305
STAT,(NULL),Work,22,231787157010,10535794852,10535777311,10535776462,10535776826,10535776841,10535776944,10535777128,10535787006,10535800642,10535778310,10535777146,10535776708,10535778384,10535774026,10535777822,10535780006,10535781618,10535777452,10535777220,10535777432,10535778834,10535778040
STAT,(NULL),nBad,22,2365474,108317,111565,96963,125722,111985,106699,106883,117205,105523,101778,97725,101995,100840,105582,117337,107430,104899,103835,114129,116710,100382,101970
STAT,(NULL),nEmpty,22,1910860,83829,97739,84968,99005,98445,98581,89126,91702,83128,80221,83548,84467,77568,81987,82477,86128,87316,80000,85032,87599,84612,83382
STAT,(NULL),nEmptyPop,22,556564,25295,26036,25664,25634,25843,25261,25554,26000,24452,24993,24756,24848,24376,24765,25272,25791,25913,24791,24668,24976,26022,25654
STAT,(NULL),nOverall,22,60698815,2651794,3085198,2686053,3104453,3096512,3094298,2813218,2886653,2666494,2590964,2682563,2669734,2505107,2622281,2614391,2727314,2790320,2581193,2713179,2795199,2673556,2648341
STAT,(NULL),nPop,22,26766874,1170326,1360820,1185906,1368685,1366367,1364966,1240483,1272951,1175618,1141964,1182078,1177050,1103683,1156299,1153126,1202831,1230764,1137411,1196068,1232781,1179354,1167343
STAT,(NULL),nPush,22,26766871,1170069,1361394,1185771,1368856,1366063,1364769,1239404,1273602,1174698,1142229,1182451,1177081,1103644,1156564,1152806,1202779,1231103,1138002,1196604,1232659,1178170,1168153
STAT,(NULL),nPushInit,22,3,1,1,1,0,0,0,0,0,0,0,0,0,0,0,0,0,0,0,0,0,0,0
==== BENCHMARK TOOK 9.948
==== BENCHMARK START ===
==== PARAMS kernel=4.9.5-64-net1 malloc=libc hostname=rack-castor threads=22 delta=4 prog=sssp-klsm256mq  ===
ERROR: ld.so: object '/specific/disk1/home/adamx/malloc/lib64/libjemalloc.so' from LD_PRELOAD cannot be preloaded (cannot open shared object file): ignored.
Galois Benchmark Suite v2.2.1 (r0)
Copyright (C) 2014 The University of Texas at Austin
http://iss.ices.utexas.edu/galois/

application: Single Source Shortest Path
Computes the shortest path from a source node to all nodes in a directed graph using a modified chaotic iteration algorithm
http://iss.ices.utexas.edu/?p=projects/galois/benchmarks/single_source_shortest_path

INFO: CommandLine ./build/debug/apps/sssp/sssp -noverify -t 22 -delta 4 -wl klsm256mq -startNode 0 /specific/disk1/home/mad/Galois-PQ/inputs/road/USA-road-t.USA.gr
INFO: Hostname rack-castor
Read 23947347 nodes
Running Asynchronous with CAS version
INFO: Using delta-step of 1
WARNING: Performance varies considerably due to delta parameter.
WARNING: Do not expect the default to be good for your graph.
Node 1 has distance 5062
STATTYPE,LOOP,CATEGORY,n,sum,T0,T1,T2,T3,T4,T5,T6,T7,T8,T9,T10,T11,T12,T13,T14,T15,T16,T17,T18,T19,T20,T21
STAT,(NULL),BadWork,22,2416898525,104474032,114102671,105738679,116508567,108928924,112111827,109990969,120648332,131550257,105790481,102335738,100256137,109467945,107127730,115859274,112818143,99034399,117748457,106369114,97426494,101787966,116822389
STAT,(NULL),BarrierTime,22,4204053,452806,354300,317155,292554,273872,273407,261728,213048,214612,177399,180257,184313,183808,159902,183019,61276,62910,65871,125468,30898,53254,82196
STAT,(NULL),ConflictTime,22,0,0,0,0,0,0,0,0,0,0,0,0,0,0,0,0,0,0,0,0,0,0,0
STAT,(NULL),Conflicts,22,0,0,0,0,0,0,0,0,0,0,0,0,0,0,0,0,0,0,0,0,0,0,0
STAT,(NULL),EmptyPopTime,22,665953201,29826276,27031981,29593644,26967316,26724996,26444606,30938344,31604351,31676957,30703798,30511505,30245458,31283372,32609285,31528962,30702911,30349801,31176081,31182390,31240119,31170151,32440897
STAT,(NULL),EmptyWork,22,733930751,33443596,33972218,33578251,33799222,34014031,34037395,33816241,32983460,32873895,34385826,33166633,33543943,32837517,32911859,33137836,33420318,33381164,32719346,32369524,33241214,33450289,32846973
STAT,(NULL),GaloisTime,22,33183475959,1482343797,1473399533,1501570544,1478213132,1483864675,1469080670,1497780092,1523557610,1531816642,1521756619,1519783690,1521159785,1516786154,1530263625,1515778638,1502723408,1502334154,1529316148,1539539086,1510899627,1512654415,1518853915
STAT,(NULL),InitPushTime,22,965604,34620,47159,65120,36918,36253,35849,41124,41168,39380,35467,35048,34383,34530,34153,35373,64739,64350,62304,36832,61512,51714,37608
STAT,(NULL),Iterations,22,26814815,1276252,1385148,1252292,1393068,1392333,1393125,1241256,1143819,1132228,1159897,1187568,1194680,1172607,1158571,1163784,1218363,1187170,1159891,1096474,1206575,1152774,1146940
STAT,(NULL),LoopTime,22,11178771142,11178771142,0,0,0,0,0,0,0,0,0,0,0,0,0,0,0,0,0,0,0,0,0
STAT,(NULL),MeminfoPost,22,2222,101,101,101,101,101,101,101,101,101,101,101,101,101,101,101,101,101,101,101,101,101,101
STAT,(NULL),MeminfoPre,22,2222,101,101,101,101,101,101,101,101,101,101,101,101,101,101,101,101,101,101,101,101,101,101
STAT,(NULL),NumaPost,22,12935,11670,250,632,383,0,0,0,0,0,0,0,0,0,0,0,0,0,0,0,0,0,0
STAT,(NULL),PopTime,22,45249869041,2049914738,2067420031,2052356412,2053757030,2056223785,2064385526,2066787780,2060670913,2051332074,2051544309,2048460705,2051293465,2054268423,2044887054,2052114121,2072396825,2069242874,2054440122,2049424383,2048882903,2067274516,2062791052
STAT,(NULL),PushTime,22,86808027387,3997583734,3965729337,3959342434,3966324913,3962100267,3967121141,3949826270,3927543760,3926686224,3937173486,3948439235,3938680099,3941501137,3944999603,3943045837,3931377248,3941084313,3936058953,3924112862,3945681153,3926095133,3927520248
STAT,(NULL),RusageSys,22,0,0,0,0,0,0,0,0,0,0,0,0,0,0,0,0,0,0,0,0,0,0,0
STAT,(NULL),RusageUser,22,107368000,107368000,0,0,0,0,0,0,0,0,0,0,0,0,0,0,0,0,0,0,0,0,0
STAT,(NULL),Threads,22,22,22,0,0,0,0,0,0,0,0,0,0,0,0,0,0,0,0,0,0,0,0,0
STAT,(NULL),Time,22,11193245414,11193245414,0,0,0,0,0,0,0,0,0,0,0,0,0,0,0,0,0,0,0,0,0
STAT,(NULL),TotalTime,22,19751528656,19751528656,0,0,0,0,0,0,0,0,0,0,0,0,0,0,0,0,0,0,0,0,0
STAT,(NULL),UserTime,22,69313095260,3132085934,3157644812,3148757185,3166136663,3162270531,3164129636,3146049080,3148837792,3150811786,3149634009,3144837424,3150276110,3148521312,3139527814,3149592652,3154574873,3148803586,3141485316,3148570091,3155250582,3154551771,3150746301
STAT,(NULL),Work,22,235956343742,10725301271,10725284880,10725310309,10725284726,10725285089,10725285691,10725284770,10725286330,10725285974,10725285198,10725286683,10725285236,10725286635,10725309345,10725287250,10725284138,10725283903,10725282546,10725287320,10725283010,10725285700,10725287738
STAT,(NULL),nBad,22,2470304,106201,118502,107705,121107,113026,118059,116913,125262,131300,108605,104724,104517,113204,107767,117622,113152,96874,121624,107890,100561,102162,113527
STAT,(NULL),nEmpty,22,1915074,91638,100134,90573,100117,100910,101015,90545,81105,79903,82725,84822,85572,82563,82447,82503,86449,85082,81864,76619,85695,81942,80851
STAT,(NULL),nEmptyPop,22,549411,25373,25682,25000,25535,25443,25354,25699,24845,24082,24578,24823,24370,24594,24640,25090,25651,25172,24662,23826,24876,25281,24835
STAT,(NULL),nOverall,22,60803645,2891479,3140279,2837954,3156467,3156017,3157439,2814653,2594267,2568169,2631854,2692295,2707481,2657958,2631342,2638666,2760340,2693923,2627999,2491439,2735808,2614987,2602829
STAT,(NULL),nPop,22,26814815,1276252,1385148,1252292,1393068,1392333,1393125,1241256,1143819,1132228,1159897,1187568,1194680,1172607,1158571,1163784,1218363,1187170,1159891,1096474,1206575,1152774,1146940
STAT,(NULL),nPush,22,26814812,1276496,1386174,1251880,1392865,1391553,1393192,1240252,1144048,1131716,1160727,1187549,1195106,1172916,1159391,1165068,1215759,1185473,1159571,1098100,1207204,1151811,1147961
STAT,(NULL),nPushInit,22,3,1,1,1,0,0,0,0,0,0,0,0,0,0,0,0,0,0,0,0,0,0,0
==== BENCHMARK TOOK 9.785
==== BENCHMARK START ===
==== PARAMS kernel=4.9.5-64-net1 malloc=libc hostname=rack-castor threads=22 delta=4 prog=sssp-klsm256mq  ===
ERROR: ld.so: object '/specific/disk1/home/adamx/malloc/lib64/libjemalloc.so' from LD_PRELOAD cannot be preloaded (cannot open shared object file): ignored.
Galois Benchmark Suite v2.2.1 (r0)
Copyright (C) 2014 The University of Texas at Austin
http://iss.ices.utexas.edu/galois/

application: Single Source Shortest Path
Computes the shortest path from a source node to all nodes in a directed graph using a modified chaotic iteration algorithm
http://iss.ices.utexas.edu/?p=projects/galois/benchmarks/single_source_shortest_path

INFO: CommandLine ./build/debug/apps/sssp/sssp -noverify -t 22 -delta 4 -wl klsm256mq -startNode 0 /specific/disk1/home/mad/Galois-PQ/inputs/road/USA-road-t.USA.gr
INFO: Hostname rack-castor
Read 23947347 nodes
Running Asynchronous with CAS version
INFO: Using delta-step of 1
WARNING: Performance varies considerably due to delta parameter.
WARNING: Do not expect the default to be good for your graph.
Node 1 has distance 5062
STATTYPE,LOOP,CATEGORY,n,sum,T0,T1,T2,T3,T4,T5,T6,T7,T8,T9,T10,T11,T12,T13,T14,T15,T16,T17,T18,T19,T20,T21
STAT,(NULL),BadWork,22,2489771603,119567356,124296355,98534596,117633649,103828353,114405921,105121520,104227817,112625535,107710531,99531907,102687253,106906486,103050714,128555920,126555048,109671983,120534627,123565997,120366291,107644130,132749614
STAT,(NULL),BarrierTime,22,3229873,456684,350782,226391,247410,247507,223675,168676,119608,130230,172156,113658,73990,72487,80228,81455,31732,43477,73323,74516,84151,79310,78427
STAT,(NULL),ConflictTime,22,0,0,0,0,0,0,0,0,0,0,0,0,0,0,0,0,0,0,0,0,0,0,0
STAT,(NULL),Conflicts,22,0,0,0,0,0,0,0,0,0,0,0,0,0,0,0,0,0,0,0,0,0,0,0
STAT,(NULL),EmptyPopTime,22,653344437,31298457,26777875,28302645,26294343,26344701,26111431,31956133,30192332,29840289,29645351,29607884,31130950,31078829,29842570,30693520,32552134,31438715,29817312,30790275,29552151,30401363,29675177
STAT,(NULL),EmptyWork,22,734254272,32835465,33733023,33426277,34759178,34041536,33941223,34773526,33017903,32615064,32798920,34501003,33046391,34153392,33082228,33339773,32509847,33094402,33360406,32743770,32777234,33186036,32517675
STAT,(NULL),GaloisTime,22,33069051203,1500932146,1469987651,1487704375,1473709850,1468510150,1473874637,1511679052,1504749104,1523168520,1505470114,1505478530,1522346155,1525158724,1522122671,1500765248,1502518099,1512663251,1507638956,1523580553,1520593675,1501646593,1504753149
STAT,(NULL),InitPushTime,22,1019460,31216,12191,93441,73246,36250,35844,40812,62762,57590,41148,65142,64687,64467,34105,35570,56898,38708,36964,36788,32681,34760,34190
STAT,(NULL),Iterations,22,26843935,1171082,1381118,1268332,1387935,1386173,1390241,1169820,1170684,1161995,1214110,1207913,1163116,1138735,1151417,1205967,1176258,1148465,1240605,1127489,1181139,1205471,1195870
STAT,(NULL),LoopTime,22,11217615324,11217615324,0,0,0,0,0,0,0,0,0,0,0,0,0,0,0,0,0,0,0,0,0
STAT,(NULL),MeminfoPost,22,2222,101,101,101,101,101,101,101,101,101,101,101,101,101,101,101,101,101,101,101,101,101,101
STAT,(NULL),MeminfoPre,22,2222,101,101,101,101,101,101,101,101,101,101,101,101,101,101,101,101,101,101,101,101,101,101
STAT,(NULL),NumaPost,22,12963,11663,458,674,168,0,0,0,0,0,0,0,0,0,0,0,0,0,0,0,0,0,0
STAT,(NULL),PopTime,22,45076840287,2048532560,2050574029,2052071213,2052289001,2044918738,2048874102,2045853014,2051259680,2036975959,2040644305,2037467212,2041480746,2036046491,2048091591,2060587274,2055252506,2062543324,2042628487,2051142260,2045765089,2057693562,2066149144
STAT,(NULL),PushTime,22,86562848164,3968997481,3951586262,3945983719,3948747546,3962100997,3946494815,3928634552,3940278806,3926004822,3934830111,3942034283,3929759023,3934382276,3921651769,3928347829,3930708531,3908320229,3935006402,3914733973,3923380402,3925701189,3915163147
STAT,(NULL),RusageSys,22,0,0,0,0,0,0,0,0,0,0,0,0,0,0,0,0,0,0,0,0,0,0,0
STAT,(NULL),RusageUser,22,107056000,107056000,0,0,0,0,0,0,0,0,0,0,0,0,0,0,0,0,0,0,0,0,0
STAT,(NULL),Threads,22,22,22,0,0,0,0,0,0,0,0,0,0,0,0,0,0,0,0,0,0,0,0,0
STAT,(NULL),Time,22,11232092236,11232092236,0,0,0,0,0,0,0,0,0,0,0,0,0,0,0,0,0,0,0,0,0
STAT,(NULL),TotalTime,22,19961409248,19961409248,0,0,0,0,0,0,0,0,0,0,0,0,0,0,0,0,0,0,0,0,0
STAT,(NULL),UserTime,22,69147515919,3110306803,3160243855,3145411118,3157103803,3156987519,3163606420,3140006513,3133402935,3144296502,3149513885,3143811110,3135136967,3132081393,3138112927,3139170576,3139360753,3144844028,3144450924,3139912163,3140835873,3144274533,3144645319
STAT,(NULL),Work,22,235245747320,10692992256,10692986644,10692983480,10692986710,10692986750,10692986744,10692990522,10692985356,10692986238,10692987470,10692988014,10692984101,10692985323,10692989266,10692987845,10692986620,10693012501,10692986395,10692987882,10692989571,10692987579,10692990053
STAT,(NULL),nBad,22,2539166,122189,127271,101508,122512,109842,117033,106687,104432,111577,109040,104782,105717,109152,104719,128366,130395,111247,124172,122510,122527,107857,135631
STAT,(NULL),nEmpty,22,1912304,82816,99272,90740,99141,100918,100759,83627,83306,81837,85002,87230,83516,81115,81375,86640,81673,81770,89632,79768,83256,85081,83830
STAT,(NULL),nEmptyPop,22,546760,25459,25516,24685,25189,25207,24933,24941,24661,24489,24838,24437,24657,24592,23805,25289,25308,25091,24959,24227,24255,25204,25018
STAT,(NULL),nOverall,22,60872507,2653061,3130828,2877221,3144998,3141947,3149737,2652572,2657452,2636500,2753351,2739265,2637620,2584849,2608777,2733524,2669756,2605645,2812027,2556699,2679792,2732400,2714486
STAT,(NULL),nPop,22,26843935,1171082,1381118,1268332,1387935,1386173,1390241,1169820,1170684,1161995,1214110,1207913,1163116,1138735,1151417,1205967,1176258,1148465,1240605,1127489,1181139,1205471,1195870
STAT,(NULL),nPush,22,26843932,1170285,1381796,1268261,1387548,1387508,1389560,1168753,1170816,1162907,1215549,1208617,1162107,1138375,1150597,1206440,1176736,1147996,1240394,1125382,1181696,1206299,1196310
STAT,(NULL),nPushInit,22,3,1,1,1,0,0,0,0,0,0,0,0,0,0,0,0,0,0,0,0,0,0,0
==== BENCHMARK TOOK 9.877
==== BENCHMARK START ===
==== PARAMS kernel=4.9.5-64-net1 malloc=libc hostname=rack-castor threads=22 delta=4 prog=sssp-klsm256mq  ===
ERROR: ld.so: object '/specific/disk1/home/adamx/malloc/lib64/libjemalloc.so' from LD_PRELOAD cannot be preloaded (cannot open shared object file): ignored.
Galois Benchmark Suite v2.2.1 (r0)
Copyright (C) 2014 The University of Texas at Austin
http://iss.ices.utexas.edu/galois/

application: Single Source Shortest Path
Computes the shortest path from a source node to all nodes in a directed graph using a modified chaotic iteration algorithm
http://iss.ices.utexas.edu/?p=projects/galois/benchmarks/single_source_shortest_path

INFO: CommandLine ./build/debug/apps/sssp/sssp -noverify -t 22 -delta 4 -wl klsm256mq -startNode 0 /specific/disk1/home/mad/Galois-PQ/inputs/road/USA-road-t.USA.gr
INFO: Hostname rack-castor
Read 23947347 nodes
Running Asynchronous with CAS version
INFO: Using delta-step of 1
WARNING: Performance varies considerably due to delta parameter.
WARNING: Do not expect the default to be good for your graph.
Node 1 has distance 5062
STATTYPE,LOOP,CATEGORY,n,sum,T0,T1,T2,T3,T4,T5,T6,T7,T8,T9,T10,T11,T12,T13,T14,T15,T16,T17,T18,T19,T20,T21
STAT,(NULL),BadWork,22,2537679357,105844096,119816654,114933172,131457056,122437692,118778322,103369135,120837779,97989581,137718225,109980775,111573471,114200304,110554290,129673238,117963865,122728680,104659075,123485094,101478513,113049614,105150726
STAT,(NULL),BarrierTime,22,3931636,445344,350201,344176,290255,270685,270558,181072,213012,161808,138605,165720,171312,170396,144553,69729,127788,127684,30234,78636,77392,28992,73484
STAT,(NULL),ConflictTime,22,0,0,0,0,0,0,0,0,0,0,0,0,0,0,0,0,0,0,0,0,0,0,0
STAT,(NULL),Conflicts,22,0,0,0,0,0,0,0,0,0,0,0,0,0,0,0,0,0,0,0,0,0,0,0
STAT,(NULL),EmptyPopTime,22,675757987,30728490,27964345,31337518,26623652,27155365,26574010,32371874,32077637,30963276,32496985,30770910,29928330,31448037,31420382,31936801,31944253,31622102,31119286,31424339,30831254,32543215,32475926
STAT,(NULL),EmptyWork,22,743371703,33653910,34095904,35154007,34025600,34156579,33973137,33773106,33529661,35021957,33304814,33478748,33691579,33529991,33289817,33740434,34220129,33276860,33361119,32994643,33455469,33918859,33725380
STAT,(NULL),GaloisTime,22,33507898467,1519618395,1481125507,1524432963,1488667514,1488430817,1486156601,1528514839,1543597640,1532141207,1556825179,1524846840,1526550715,1532771045,1536999304,1527601650,1522789706,1525481170,1545499732,1541709812,1532904443,1515141545,1526091843
STAT,(NULL),InitPushTime,22,984744,36014,47567,66872,36769,36335,36092,68170,40792,39524,39320,38924,38324,38316,49947,65216,39164,38852,58666,36908,36392,58860,37720
STAT,(NULL),Iterations,22,26845441,1211332,1394875,1187098,1404669,1402988,1405152,1158602,1154270,1178938,1105877,1250798,1215769,1171568,1168712,1180835,1220705,1161217,1144616,1158367,1191203,1217085,1160765
STAT,(NULL),LoopTime,22,11326609285,11326609285,0,0,0,0,0,0,0,0,0,0,0,0,0,0,0,0,0,0,0,0,0
STAT,(NULL),MeminfoPost,22,2222,101,101,101,101,101,101,101,101,101,101,101,101,101,101,101,101,101,101,101,101,101,101
STAT,(NULL),MeminfoPre,22,2222,101,101,101,101,101,101,101,101,101,101,101,101,101,101,101,101,101,101,101,101,101,101
STAT,(NULL),NumaPost,22,12947,11659,247,657,384,0,0,0,0,0,0,0,0,0,0,0,0,0,0,0,0,0,0
STAT,(NULL),PopTime,22,45805187075,2066130126,2091224893,2076251675,2089117322,2079274835,2080671451,2084511496,2078772495,2073543154,2085330394,2081016891,2077385579,2075109671,2081934303,2094345147,2093863317,2084132399,2092104467,2077322414,2073821789,2083212459,2086110798
STAT,(NULL),PushTime,22,87256156068,4009193601,3989139634,3966446933,3986946596,3992012316,3989889048,3970964570,3950724130,3969492308,3924126768,3961476812,3971835225,3974271151,3957295679,3945840521,3950582624,3966405565,3932274653,3956007355,3971828662,3963801247,3955600670
STAT,(NULL),RusageSys,22,0,0,0,0,0,0,0,0,0,0,0,0,0,0,0,0,0,0,0,0,0,0,0
STAT,(NULL),RusageUser,22,108284000,108284000,0,0,0,0,0,0,0,0,0,0,0,0,0,0,0,0,0,0,0,0,0
STAT,(NULL),Threads,22,22,22,0,0,0,0,0,0,0,0,0,0,0,0,0,0,0,0,0,0,0,0,0
STAT,(NULL),Time,22,11343756428,11343756428,0,0,0,0,0,0,0,0,0,0,0,0,0,0,0,0,0,0,0,0,0
STAT,(NULL),TotalTime,22,20426935696,20426935696,0,0,0,0,0,0,0,0,0,0,0,0,0,0,0,0,0,0,0,0,0
STAT,(NULL),UserTime,22,69959102771,3156468184,3192245007,3182172360,3190414760,3194765593,3198531464,3165655724,3177093441,3174632860,3183709809,3184204809,3176402370,3168665031,3174853858,3182327381,3182395093,3174876108,3181434431,3176335989,3172953125,3187175451,3181789923
STAT,(NULL),Work,22,237949345075,10815890200,10815876838,10815879424,10815876854,10815876844,10815876960,10815887910,10815878184,10815877418,10815900299,10815876622,10815875662,10815878294,10815875072,10815876590,10815878146,10815876572,10815876528,10815878756,10815876798,10815876688,10815878416
STAT,(NULL),nBad,22,2547866,106982,122774,111747,133647,123896,121633,104656,118848,100784,134400,111430,113957,111751,111613,126324,121628,123301,105923,121763,99887,114105,106817
STAT,(NULL),nEmpty,22,1917192,86464,100223,85243,100884,101265,100655,82939,81921,84373,78723,88769,86782,83450,82946,84173,88689,82367,81695,81391,84368,86693,83179
STAT,(NULL),nEmptyPop,22,553533,25711,26207,25221,25195,25598,25218,25111,25006,24753,23520,24826,24955,24937,24902,25242,25908,25181,24424,24840,24957,26364,25457
STAT,(NULL),nOverall,22,60881207,2746039,3162913,2691537,3184269,3183961,3186193,2625543,2617038,2673961,2511989,2835544,2757996,2656141,2652009,2677230,2768133,2636820,2597701,2629241,2697081,2758225,2631643
STAT,(NULL),nPop,22,26845441,1211332,1394875,1187098,1404669,1402988,1405152,1158602,1154270,1178938,1105877,1250798,1215769,1171568,1168712,1180835,1220705,1161217,1144616,1158367,1191203,1217085,1160765
STAT,(NULL),nPush,22,26845438,1211188,1396212,1186073,1406656,1404178,1406315,1157389,1154280,1179053,1106700,1250223,1216424,1171260,1169176,1179727,1219815,1161892,1143885,1158781,1190021,1216277,1159913
STAT,(NULL),nPushInit,22,3,1,1,1,0,0,0,0,0,0,0,0,0,0,0,0,0,0,0,0,0,0,0
==== BENCHMARK TOOK 10.084
==== BENCHMARK START ===
==== PARAMS kernel=4.9.5-64-net1 malloc=libc hostname=rack-castor threads=22 delta=4 prog=sssp-klsm256mq  ===
ERROR: ld.so: object '/specific/disk1/home/adamx/malloc/lib64/libjemalloc.so' from LD_PRELOAD cannot be preloaded (cannot open shared object file): ignored.
Galois Benchmark Suite v2.2.1 (r0)
Copyright (C) 2014 The University of Texas at Austin
http://iss.ices.utexas.edu/galois/

application: Single Source Shortest Path
Computes the shortest path from a source node to all nodes in a directed graph using a modified chaotic iteration algorithm
http://iss.ices.utexas.edu/?p=projects/galois/benchmarks/single_source_shortest_path

INFO: CommandLine ./build/debug/apps/sssp/sssp -noverify -t 22 -delta 4 -wl klsm256mq -startNode 0 /specific/disk1/home/mad/Galois-PQ/inputs/road/USA-road-t.USA.gr
INFO: Hostname rack-castor
Read 23947347 nodes
Running Asynchronous with CAS version
INFO: Using delta-step of 1
WARNING: Performance varies considerably due to delta parameter.
WARNING: Do not expect the default to be good for your graph.
Node 1 has distance 5062
STATTYPE,LOOP,CATEGORY,n,sum,T0,T1,T2,T3,T4,T5,T6,T7,T8,T9,T10,T11,T12,T13,T14,T15,T16,T17,T18,T19,T20,T21
STAT,(NULL),BadWork,22,2434580622,108986802,121537545,101073534,95892779,124625952,109172155,103459144,102809190,97744935,125588882,129473389,96969461,110584241,97300053,104342804,105397187,129820506,119022122,132352849,112687569,95209448,110530075
STAT,(NULL),BarrierTime,22,4459182,472856,372711,364352,304201,287703,290173,286278,201906,143468,178878,189480,196152,167184,167689,194976,119292,133236,71212,128512,95136,67321,26466
STAT,(NULL),ConflictTime,22,0,0,0,0,0,0,0,0,0,0,0,0,0,0,0,0,0,0,0,0,0,0,0
STAT,(NULL),Conflicts,22,0,0,0,0,0,0,0,0,0,0,0,0,0,0,0,0,0,0,0,0,0,0,0
STAT,(NULL),EmptyPopTime,22,675152478,31947939,27459568,32541653,27123750,27198533,26893296,30596421,31760572,31029131,30639345,30204937,30714048,31119789,32844651,32982386,32115180,32438501,30279530,31146953,29853022,32503382,31759891
STAT,(NULL),EmptyWork,22,734636756,33148440,33766491,32925494,33895928,33684096,33837291,33156493,32963662,32980033,32845126,32833983,33421369,32924865,33420011,33319444,34908231,32969694,32796071,32479440,33326926,35851398,33182270
STAT,(NULL),GaloisTime,22,33114084314,1481164141,1473163602,1523531673,1485240059,1470564421,1471479755,1505733224,1509228965,1530397346,1520157302,1515763390,1506167330,1521757922,1522266206,1509899332,1496702176,1513913840,1512190193,1530932033,1500768793,1517127173,1495935438
STAT,(NULL),InitPushTime,22,976106,32348,46112,67708,41582,37376,36990,37892,41752,68390,40464,39908,39844,39308,46408,40028,39852,35595,64533,38944,37596,38752,64724
STAT,(NULL),Iterations,22,26814360,1249925,1383570,1115399,1387737,1386564,1387373,1213375,1192728,1154918,1164161,1176368,1232219,1175675,1140363,1160901,1211723,1160274,1212516,1125922,1236803,1132397,1213449
STAT,(NULL),LoopTime,22,11189802936,11189802936,0,0,0,0,0,0,0,0,0,0,0,0,0,0,0,0,0,0,0,0,0
STAT,(NULL),MeminfoPost,22,2222,101,101,101,101,101,101,101,101,101,101,101,101,101,101,101,101,101,101,101,101,101,101
STAT,(NULL),MeminfoPre,22,2222,101,101,101,101,101,101,101,101,101,101,101,101,101,101,101,101,101,101,101,101,101,101
STAT,(NULL),NumaPost,22,12963,11663,242,890,168,0,0,0,0,0,0,0,0,0,0,0,0,0,0,0,0,0,0
STAT,(NULL),PopTime,22,45155161614,2064937864,2063030360,2055020889,2054098463,2052056615,2059724014,2061008339,2051319377,2046757182,2052685413,2042523777,2039454487,2042707060,2037512317,2049557257,2057899764,2057036561,2042775229,2054783507,2044366197,2064474442,2061432500
STAT,(NULL),PushTime,22,86583272031,3973003109,3951463657,3925406748,3943359040,3964140050,3952903529,3922851279,3931036219,3917858404,3919864310,3932884010,3948246552,3935762428,3938002794,3937785532,3929384639,3922132252,3938429795,3909618183,3949774414,3909440721,3929924366
STAT,(NULL),RusageSys,22,0,0,0,0,0,0,0,0,0,0,0,0,0,0,0,0,0,0,0,0,0,0,0
STAT,(NULL),RusageUser,22,107172000,107172000,0,0,0,0,0,0,0,0,0,0,0,0,0,0,0,0,0,0,0,0,0
STAT,(NULL),Threads,22,22,22,0,0,0,0,0,0,0,0,0,0,0,0,0,0,0,0,0,0,0,0,0
STAT,(NULL),Time,22,11204179334,11204179334,0,0,0,0,0,0,0,0,0,0,0,0,0,0,0,0,0,0,0,0,0
STAT,(NULL),TotalTime,22,20144295744,20144295744,0,0,0,0,0,0,0,0,0,0,0,0,0,0,0,0,0,0,0,0,0
STAT,(NULL),UserTime,22,69232179479,3120093392,3155411549,3134868799,3160577704,3156651582,3159456206,3150949192,3147987127,3145270794,3148103613,3150084647,3146291400,3140022964,3140249274,3140751309,3153285178,3145803961,3147821380,3145334950,3146206038,3144900273,3152058147
STAT,(NULL),Work,22,235496557649,10704399727,10704382070,10704382408,10704382004,10704383030,10704381682,10704382526,10704405283,10704402598,10704391516,10704383972,10704383942,10704406746,10704394578,10704382852,10704391488,10704382226,10704379848,10704382766,10704384158,10704407013,10704385216
STAT,(NULL),nBad,22,2466456,110565,127808,104117,99984,123550,112789,106648,103984,98914,125230,127175,99675,111501,101068,108770,109700,130588,118574,128836,112846,96828,107306
STAT,(NULL),nEmpty,22,1915859,89344,99556,79067,100568,99835,100321,85961,85115,82271,82081,83334,88663,83719,82675,82573,87643,81886,86223,78848,88825,80758,86593
STAT,(NULL),nEmptyPop,22,557491,26196,25945,24793,25697,25787,25510,25274,25453,24591,24714,24677,25377,25004,25025,26072,26002,25270,25213,24555,25412,25235,25689
STAT,(NULL),nOverall,22,60799797,2834782,3135199,2529375,3143983,3145232,3145065,2751502,2705551,2621670,2639625,2670155,2789086,2666387,2587480,2626977,2746905,2630173,2748504,2556723,2805193,2567826,2752404
STAT,(NULL),nPop,22,26814360,1249925,1383570,1115399,1387737,1386564,1387373,1213375,1192728,1154918,1164161,1176368,1232219,1175675,1140363,1160901,1211723,1160274,1212516,1125922,1236803,1132397,1213449
STAT,(NULL),nPush,22,26814357,1249595,1383030,1115630,1388431,1388768,1388560,1214163,1192230,1154668,1163494,1177092,1231103,1176935,1140529,1159113,1210602,1160667,1212289,1125715,1237710,1129664,1214369
STAT,(NULL),nPushInit,22,3,1,1,1,0,0,0,0,0,0,0,0,0,0,0,0,0,0,0,0,0,0,0
==== BENCHMARK TOOK 9.928
==== BENCHMARK START ===
==== PARAMS kernel=4.9.5-64-net1 malloc=libc hostname=rack-castor threads=22 delta=4 prog=sssp-klsm256mq  ===
ERROR: ld.so: object '/specific/disk1/home/adamx/malloc/lib64/libjemalloc.so' from LD_PRELOAD cannot be preloaded (cannot open shared object file): ignored.
Galois Benchmark Suite v2.2.1 (r0)
Copyright (C) 2014 The University of Texas at Austin
http://iss.ices.utexas.edu/galois/

application: Single Source Shortest Path
Computes the shortest path from a source node to all nodes in a directed graph using a modified chaotic iteration algorithm
http://iss.ices.utexas.edu/?p=projects/galois/benchmarks/single_source_shortest_path

INFO: CommandLine ./build/debug/apps/sssp/sssp -noverify -t 22 -delta 4 -wl klsm256mq -startNode 0 /specific/disk1/home/mad/Galois-PQ/inputs/road/USA-road-t.USA.gr
INFO: Hostname rack-castor
Read 23947347 nodes
Running Asynchronous with CAS version
INFO: Using delta-step of 1
WARNING: Performance varies considerably due to delta parameter.
WARNING: Do not expect the default to be good for your graph.
Node 1 has distance 5062
STATTYPE,LOOP,CATEGORY,n,sum,T0,T1,T2,T3,T4,T5,T6,T7,T8,T9,T10,T11,T12,T13,T14,T15,T16,T17,T18,T19,T20,T21
STAT,(NULL),BadWork,22,2410391902,112886334,112138308,120673742,107159454,106732231,111320702,97268098,101229951,138046325,106079125,109310151,105394271,108999146,108505592,122292300,102243872,108000723,121338801,113731495,96382558,94225550,106433173
STAT,(NULL),BarrierTime,22,4041048,401754,350195,287240,282244,282426,245286,234033,119068,185997,183796,266872,143340,139416,131376,141961,70167,69464,66182,34480,158002,56716,191033
STAT,(NULL),ConflictTime,22,0,0,0,0,0,0,0,0,0,0,0,0,0,0,0,0,0,0,0,0,0,0,0
STAT,(NULL),Conflicts,22,0,0,0,0,0,0,0,0,0,0,0,0,0,0,0,0,0,0,0,0,0,0,0
STAT,(NULL),EmptyPopTime,22,647210222,28015985,27050883,30266035,26578740,26732227,26469898,30676636,29863374,27643623,31593024,30159197,30397295,29986179,29436102,29896887,29649424,31854333,30253130,29193085,29749010,30205593,31539562
STAT,(NULL),EmptyWork,22,723991625,33014643,33230527,31687071,32916323,33104328,33052095,34165126,32412752,32685005,32406792,32012349,32463949,32549096,32483792,34031828,33954495,33138583,33759284,31872520,33516186,32975611,32559270
STAT,(NULL),GaloisTime,22,32511964589,1445553103,1444162568,1504369274,1454107803,1455451322,1445785519,1472373135,1486934038,1475510655,1506317846,1492375816,1496732593,1483714699,1483483130,1463637571,1461352136,1500561626,1491585698,1497812401,1500286562,1469414289,1480442805
STAT,(NULL),InitPushTime,22,985141,98702,12783,87684,36441,36071,35704,40736,67312,39060,39036,43528,38240,38708,42680,38888,39052,38516,40072,53824,36436,44296,37372
STAT,(NULL),Iterations,22,26828301,1289360,1360306,1120566,1369216,1366565,1367279,1220384,1179718,1265917,1126143,1162722,1156902,1201330,1191385,1240767,1258202,1092670,1159773,1165029,1148359,1213149,1172559
STAT,(NULL),LoopTime,22,11057953945,11057953945,0,0,0,0,0,0,0,0,0,0,0,0,0,0,0,0,0,0,0,0,0
STAT,(NULL),MeminfoPost,22,2222,101,101,101,101,101,101,101,101,101,101,101,101,101,101,101,101,101,101,101,101,101,101
STAT,(NULL),MeminfoPre,22,2222,101,101,101,101,101,101,101,101,101,101,101,101,101,101,101,101,101,101,101,101,101,101
STAT,(NULL),NumaPost,22,12935,11885,250,632,168,0,0,0,0,0,0,0,0,0,0,0,0,0,0,0,0,0,0
STAT,(NULL),PopTime,22,44474247118,2009206283,2020465749,2024196567,2022303588,2024717811,2022478260,2020858903,2016560732,2016341408,2008319240,2019882325,2018610181,2016991135,2015952925,2031462866,2037218043,2027712182,2024188496,2020321493,2016380944,2030492610,2029585377
STAT,(NULL),PushTime,22,85021360220,3924381992,3892273930,3835086407,3878380781,3881030565,3885875356,3870110022,3851636750,3869716371,3860412773,3855110669,3852579002,3862836531,3871750431,3858099526,3861915601,3842492218,3843830215,3851718582,3855244220,3864390347,3852487931
STAT,(NULL),RusageSys,22,0,0,0,0,0,0,0,0,0,0,0,0,0,0,0,0,0,0,0,0,0,0,0
STAT,(NULL),RusageUser,22,105368000,105368000,0,0,0,0,0,0,0,0,0,0,0,0,0,0,0,0,0,0,0,0,0
STAT,(NULL),Threads,22,22,22,0,0,0,0,0,0,0,0,0,0,0,0,0,0,0,0,0,0,0,0,0
STAT,(NULL),Time,22,11070760334,11070760334,0,0,0,0,0,0,0,0,0,0,0,0,0,0,0,0,0,0,0,0,0
STAT,(NULL),TotalTime,22,20006386266,20006386266,0,0,0,0,0,0,0,0,0,0,0,0,0,0,0,0,0,0,0,0,0
STAT,(NULL),UserTime,22,68164197217,3084508645,3107497598,3099075462,3110393928,3103643891,3111019147,3096496048,3107269966,3102784366,3085630233,3095139642,3093898226,3098603886,3091573874,3107552495,3100590911,3088922648,3101062931,3093760957,3089504062,3097202360,3098065941
STAT,(NULL),Work,22,231544698522,10524766479,10524757014,10524759504,10524757047,10524755597,10524756549,10524755499,10524754841,10524756640,10524757412,10524756402,10524758154,10524759850,10524757214,10524757111,10524756918,10524759850,10524759138,10524757394,10524784785,10524758874,10524756250
STAT,(NULL),nBad,22,2501317,118494,117239,123399,113818,112797,118362,101847,104926,141536,110895,114186,107820,113120,112275,125438,106847,111418,126981,111754,100311,96642,111212
STAT,(NULL),nEmpty,22,1907491,92572,97836,77598,97764,97972,98256,87310,83663,90487,79925,81579,81854,85291,85112,88730,90353,76219,81893,81291,81016,87388,83382
STAT,(NULL),nEmptyPop,22,550432,25485,25725,24232,25271,25348,25173,25846,24828,24647,24638,24759,24725,24765,24604,25707,25875,24352,24612,24416,24184,25751,25489
STAT,(NULL),nOverall,22,60834658,2921843,3083627,2540738,3103540,3095416,3099411,2766893,2678000,2872367,2552724,2636183,2622243,2723439,2702989,2811782,2852772,2481088,2629079,2643036,2607279,2752117,2658092
STAT,(NULL),nPop,22,26828301,1289360,1360306,1120566,1369216,1366565,1367279,1220384,1179718,1265917,1126143,1162722,1156902,1201330,1191385,1240767,1258202,1092670,1159773,1165029,1148359,1213149,1172559
STAT,(NULL),nPush,22,26828298,1290039,1361785,1119878,1369149,1364691,1367701,1221972,1180625,1265440,1126174,1161359,1157336,1201662,1192778,1238183,1258217,1092476,1158141,1165261,1149789,1212469,1173173
STAT,(NULL),nPushInit,22,3,1,1,1,0,0,0,0,0,0,0,0,0,0,0,0,0,0,0,0,0,0,0
==== BENCHMARK TOOK 9.840
==== BENCHMARK START ===
==== PARAMS kernel=4.9.5-64-net1 malloc=libc hostname=rack-castor threads=22 delta=4 prog=sssp-klsm256mq  ===
ERROR: ld.so: object '/specific/disk1/home/adamx/malloc/lib64/libjemalloc.so' from LD_PRELOAD cannot be preloaded (cannot open shared object file): ignored.
Galois Benchmark Suite v2.2.1 (r0)
Copyright (C) 2014 The University of Texas at Austin
http://iss.ices.utexas.edu/galois/

application: Single Source Shortest Path
Computes the shortest path from a source node to all nodes in a directed graph using a modified chaotic iteration algorithm
http://iss.ices.utexas.edu/?p=projects/galois/benchmarks/single_source_shortest_path

INFO: CommandLine ./build/debug/apps/sssp/sssp -noverify -t 22 -delta 4 -wl klsm256mq -startNode 0 /specific/disk1/home/mad/Galois-PQ/inputs/road/USA-road-t.USA.gr
INFO: Hostname rack-castor
Read 23947347 nodes
Running Asynchronous with CAS version
INFO: Using delta-step of 1
WARNING: Performance varies considerably due to delta parameter.
WARNING: Do not expect the default to be good for your graph.
Node 1 has distance 5062
STATTYPE,LOOP,CATEGORY,n,sum,T0,T1,T2,T3,T4,T5,T6,T7,T8,T9,T10,T11,T12,T13,T14,T15,T16,T17,T18,T19,T20,T21
STAT,(NULL),BadWork,22,2611349472,118092952,132520044,138507585,115398659,131092174,106481078,115906024,130331666,104849003,115038499,113673487,114079106,113102202,111960758,119007148,106217789,104186140,119657346,121433560,113024193,124643076,142146983
STAT,(NULL),BarrierTime,22,4515223,468466,408010,348425,341191,323552,323289,273043,228713,166907,115287,208972,213290,153951,187940,127094,74793,100201,101856,149784,24839,92788,82832
STAT,(NULL),ConflictTime,22,0,0,0,0,0,0,0,0,0,0,0,0,0,0,0,0,0,0,0,0,0,0,0
STAT,(NULL),Conflicts,22,0,0,0,0,0,0,0,0,0,0,0,0,0,0,0,0,0,0,0,0,0,0,0
STAT,(NULL),EmptyPopTime,22,655112798,28340156,27194604,29685892,26938911,26181230,26453277,29167331,30507044,28553348,28769707,30231305,30772421,31231535,29163023,33179735,32646018,30057687,29785164,29674211,31007255,33033818,32539126
STAT,(NULL),EmptyWork,22,731475445,33140518,33372576,33034956,33847806,33403351,33637354,33043171,34092369,32726597,34591746,33660000,34223130,32603389,33253216,32921996,32998820,32917948,32876215,32830869,32845846,32488903,32964669
STAT,(NULL),GaloisTime,22,32894341688,1458802489,1456417786,1492398245,1466082959,1466496937,1465484263,1490547030,1501912437,1486045999,1481905506,1523044734,1510452709,1529396915,1501376081,1503989135,1516210896,1495106980,1502639655,1510077350,1514312488,1517893330,1503747764
STAT,(NULL),InitPushTime,22,1101118,28300,10880,90096,36754,36277,36171,53230,40468,66102,66396,38880,38472,64570,49801,64995,64951,64042,62847,42444,61630,43160,40652
STAT,(NULL),Iterations,22,26880242,1287822,1378173,1230250,1384562,1380230,1381810,1257832,1177503,1255456,1278067,1122453,1178923,1122199,1236776,1145627,1119691,1177579,1180390,1169953,1172304,1105314,1137328
STAT,(NULL),LoopTime,22,11121454797,11121454797,0,0,0,0,0,0,0,0,0,0,0,0,0,0,0,0,0,0,0,0,0
STAT,(NULL),MeminfoPost,22,2222,101,101,101,101,101,101,101,101,101,101,101,101,101,101,101,101,101,101,101,101,101,101
STAT,(NULL),MeminfoPre,22,2222,101,101,101,101,101,101,101,101,101,101,101,101,101,101,101,101,101,101,101,101,101,101
STAT,(NULL),NumaPost,22,12950,11659,253,655,383,0,0,0,0,0,0,0,0,0,0,0,0,0,0,0,0,0,0
STAT,(NULL),PopTime,22,44924167285,2040464804,2047723805,2041709588,2040344656,2043197039,2042475063,2041782964,2040596001,2037980380,2044911758,2035120873,2029999531,2046375929,2040769857,2046147391,2055184417,2060313680,2034118387,2036099823,2018729190,2051680603,2048441546
STAT,(NULL),PushTime,22,85865834119,3953568192,3924539684,3905827386,3917054791,3921336172,3915027193,3899512444,3898538146,3915996307,3902725738,3888761947,3906857138,3874733781,3896614790,3897002286,3884530331,3881559611,3907751540,3897327599,3914939106,3872396026,3889233911
STAT,(NULL),RusageSys,22,16000,16000,0,0,0,0,0,0,0,0,0,0,0,0,0,0,0,0,0,0,0,0,0
STAT,(NULL),RusageUser,22,106428000,106428000,0,0,0,0,0,0,0,0,0,0,0,0,0,0,0,0,0,0,0,0,0
STAT,(NULL),Threads,22,22,22,0,0,0,0,0,0,0,0,0,0,0,0,0,0,0,0,0,0,0,0,0
STAT,(NULL),Time,22,11134028181,11134028181,0,0,0,0,0,0,0,0,0,0,0,0,0,0,0,0,0,0,0,0,0
STAT,(NULL),TotalTime,22,20316595668,20316595668,0,0,0,0,0,0,0,0,0,0,0,0,0,0,0,0,0,0,0,0,0
STAT,(NULL),UserTime,22,68831267019,3117602693,3142670501,3129263134,3147650154,3141303635,3148841472,3137864890,3126273854,3130613719,3139013244,3121100529,3119614889,3117574859,3130740903,3118676056,3110346843,3131960220,3124745334,3125908484,3120082802,3124426462,3124992342
STAT,(NULL),Work,22,233904323533,10632051012,10632006324,10632006077,10632005806,10632005062,10632004986,10632013982,10632030004,10632028719,10632027545,10632006184,10632006133,10632003252,10632005340,10632029247,10632027406,10632003714,10632003768,10632004680,10632027633,10632006258,10632020401
STAT,(NULL),nBad,22,2613454,121853,137294,135369,116292,130263,109355,115632,126600,106076,118963,115348,114282,114579,116071,116994,105347,102714,116528,119445,118228,123480,132741
STAT,(NULL),nEmpty,22,1917752,91684,98257,87935,100606,98799,99760,89137,83169,88858,91782,79361,84580,79655,89137,82006,79714,83188,84002,83073,84691,77319,81039
STAT,(NULL),nEmptyPop,22,548987,24993,25692,25159,25734,25083,25399,25262,25080,24670,25035,24014,24659,24248,24718,25380,24991,25045,24701,24658,24346,24972,25148
STAT,(NULL),nOverall,22,60946795,2918609,3122388,2788269,3136566,3129050,3131136,2853791,2671106,2851040,2899710,2549165,2675060,2544061,2803689,2596801,2536823,2668765,2676833,2652107,2661984,2502678,2577164
STAT,(NULL),nPop,22,26880242,1287822,1378173,1230250,1384562,1380230,1381810,1257832,1177503,1255456,1278067,1122453,1178923,1122199,1236776,1145627,1119691,1177579,1180390,1169953,1172304,1105314,1137328
STAT,(NULL),nPush,22,26880239,1288573,1377632,1229714,1382895,1382610,1381373,1258375,1178477,1257896,1279873,1123577,1181284,1120554,1236027,1145664,1119633,1175165,1178810,1168595,1174523,1103479,1135510
STAT,(NULL),nPushInit,22,3,1,1,1,0,0,0,0,0,0,0,0,0,0,0,0,0,0,0,0,0,0,0
==== BENCHMARK TOOK 9.979
==== BENCHMARK START ===
==== PARAMS kernel=4.9.5-64-net1 malloc=libc hostname=rack-castor threads=22 delta=4 prog=sssp-klsm256mq  ===
ERROR: ld.so: object '/specific/disk1/home/adamx/malloc/lib64/libjemalloc.so' from LD_PRELOAD cannot be preloaded (cannot open shared object file): ignored.
Galois Benchmark Suite v2.2.1 (r0)
Copyright (C) 2014 The University of Texas at Austin
http://iss.ices.utexas.edu/galois/

application: Single Source Shortest Path
Computes the shortest path from a source node to all nodes in a directed graph using a modified chaotic iteration algorithm
http://iss.ices.utexas.edu/?p=projects/galois/benchmarks/single_source_shortest_path

INFO: CommandLine ./build/debug/apps/sssp/sssp -noverify -t 22 -delta 4 -wl klsm256mq -startNode 0 /specific/disk1/home/mad/Galois-PQ/inputs/road/USA-road-t.USA.gr
INFO: Hostname rack-castor
Read 23947347 nodes
Running Asynchronous with CAS version
INFO: Using delta-step of 1
WARNING: Performance varies considerably due to delta parameter.
WARNING: Do not expect the default to be good for your graph.
Node 1 has distance 5062
STATTYPE,LOOP,CATEGORY,n,sum,T0,T1,T2,T3,T4,T5,T6,T7,T8,T9,T10,T11,T12,T13,T14,T15,T16,T17,T18,T19,T20,T21
STAT,(NULL),BadWork,22,2455446068,105393329,107143454,126594841,110500467,117234332,113526635,106902678,117529536,102296602,103191362,111134548,113898441,103910610,130360440,104233539,119065611,105316043,117291424,106621120,110947830,114301761,108051465
STAT,(NULL),BarrierTime,22,2745259,391301,316401,223738,203053,204001,187422,175404,127436,122051,121363,124920,91661,31434,100487,69571,39297,39214,33940,31784,28463,41790,40528
STAT,(NULL),ConflictTime,22,0,0,0,0,0,0,0,0,0,0,0,0,0,0,0,0,0,0,0,0,0,0,0
STAT,(NULL),Conflicts,22,0,0,0,0,0,0,0,0,0,0,0,0,0,0,0,0,0,0,0,0,0,0,0
STAT,(NULL),EmptyPopTime,22,654028739,29852130,27503821,28530637,26713518,26908921,26744769,30675067,29778240,30607146,30976616,31181990,29541185,29071171,28418666,29446961,31694569,29267534,30896976,30564034,31344288,32023874,32286626
STAT,(NULL),EmptyWork,22,725475590,33123097,33689227,33810102,33195791,33514254,34509442,32829059,33002601,32751776,32707597,32653056,33155989,32252530,32741457,32948208,32468000,32738477,32392868,32693025,32704289,32429901,33164844
STAT,(NULL),GaloisTime,22,32600590901,1469425691,1447988229,1483533997,1451695368,1448544458,1455249668,1496087632,1472096916,1493224934,1495564430,1511257010,1492143563,1494180818,1483641186,1467783267,1491231802,1467412089,1504039619,1504418900,1500931052,1489552831,1480587441
STAT,(NULL),InitPushTime,22,889742,28214,11471,126666,36821,36587,35998,40800,36790,39328,35546,38992,38476,64761,34241,35391,35555,34866,37236,37080,36620,34247,34056
STAT,(NULL),Iterations,22,26853040,1233453,1362875,1230229,1372003,1369882,1372555,1149958,1247164,1173357,1182765,1110517,1214516,1184283,1239843,1242829,1142199,1238278,1126117,1155883,1170002,1144041,1190291
STAT,(NULL),LoopTime,22,11102218637,11102218637,0,0,0,0,0,0,0,0,0,0,0,0,0,0,0,0,0,0,0,0,0
STAT,(NULL),MeminfoPost,22,2222,101,101,101,101,101,101,101,101,101,101,101,101,101,101,101,101,101,101,101,101,101,101
STAT,(NULL),MeminfoPre,22,2222,101,101,101,101,101,101,101,101,101,101,101,101,101,101,101,101,101,101,101,101,101,101
STAT,(NULL),NumaPost,22,12929,11652,248,646,383,0,0,0,0,0,0,0,0,0,0,0,0,0,0,0,0,0,0
STAT,(NULL),PopTime,22,44559933438,2018848094,2026647963,2026342988,2029044599,2023939961,2026969453,2018885747,2029536415,2006130981,2020221518,2021216034,2017384482,2028159936,2027740745,2048919721,2035296411,2039050398,2019210653,2020332645,2013036773,2026204183,2036813738
STAT,(NULL),PushTime,22,85054425470,3903182763,3890609507,3864544343,3884342775,3888653759,3883479406,3867067802,3871563610,3876842944,3860510533,3844232828,3871320021,3854260147,3860625629,3853935758,3844155364,3858744055,3846570949,3852360621,3863468092,3858526948,3855427616
STAT,(NULL),RusageSys,22,4000,4000,0,0,0,0,0,0,0,0,0,0,0,0,0,0,0,0,0,0,0,0,0
STAT,(NULL),RusageUser,22,105504000,105504000,0,0,0,0,0,0,0,0,0,0,0,0,0,0,0,0,0,0,0,0,0
STAT,(NULL),Threads,22,22,22,0,0,0,0,0,0,0,0,0,0,0,0,0,0,0,0,0,0,0,0,0
STAT,(NULL),Time,22,11114449568,11114449568,0,0,0,0,0,0,0,0,0,0,0,0,0,0,0,0,0,0,0,0,0
STAT,(NULL),TotalTime,22,20001537208,20001537208,0,0,0,0,0,0,0,0,0,0,0,0,0,0,0,0,0,0,0,0,0
STAT,(NULL),UserTime,22,68257009014,3084271055,3112263863,3101940608,3113710523,3117142237,3111750558,3093156737,3102725629,3099144485,3098722475,3098162130,3095157054,3100775762,3105535681,3105670030,3103857351,3111490775,3105591247,3098334049,3097218445,3099965827,3100422493
STAT,(NULL),Work,22,231853475627,10538796879,10538791675,10538792640,10538792094,10538792049,10538792167,10538792692,10538792200,10538791810,10538794022,10538793680,10538791986,10538791344,10538792487,10538818368,10538792498,10538792204,10538793312,10538792074,10538800720,10538794125,10538794601
STAT,(NULL),nBad,22,2556177,108524,114132,131090,116015,122588,119694,112636,123577,105411,107833,114150,120960,107785,132497,106953,123364,109081,120914,109332,118079,118051,113511
STAT,(NULL),nEmpty,22,1916018,88183,99108,87468,98497,99367,98253,82275,89657,84133,83874,78561,88013,83639,88282,88774,80435,87624,79245,81561,83483,80303,85283
STAT,(NULL),nEmptyPop,22,552551,25491,26081,24842,25553,25541,25510,24744,25366,24917,24601,24492,24769,24654,24980,25357,25282,25278,24363,24876,25027,25304,25523
STAT,(NULL),nOverall,22,60889518,2793876,3092150,2791567,3109760,3105697,3110645,2609624,2830742,2661356,2680382,2516600,2751638,2689031,2811899,2820753,2590350,2808187,2553984,2618577,2651963,2592367,2698370
STAT,(NULL),nPop,22,26853040,1233453,1362875,1230229,1372003,1369882,1372555,1149958,1247164,1173357,1182765,1110517,1214516,1184283,1239843,1242829,1142199,1238278,1126117,1155883,1170002,1144041,1190291
STAT,(NULL),nPush,22,26853037,1230922,1365270,1230758,1372476,1370228,1372722,1150410,1248342,1173037,1184994,1109094,1213262,1184649,1238813,1242796,1142329,1237374,1125613,1155377,1169689,1144944,1189938
STAT,(NULL),nPushInit,22,3,1,1,1,0,0,0,0,0,0,0,0,0,0,0,0,0,0,0,0,0,0,0
==== BENCHMARK TOOK 9.857
