==== BENCHMARK START ===
==== PARAMS kernel=4.9.5-64-net1 malloc=libc hostname=rack-castor threads=44 delta=4 prog=sssp-klsm256mq  ===
ERROR: ld.so: object '/specific/disk1/home/adamx/malloc/lib64/libjemalloc.so' from LD_PRELOAD cannot be preloaded (cannot open shared object file): ignored.
Galois Benchmark Suite v2.2.1 (r0)
Copyright (C) 2014 The University of Texas at Austin
http://iss.ices.utexas.edu/galois/

application: Single Source Shortest Path
Computes the shortest path from a source node to all nodes in a directed graph using a modified chaotic iteration algorithm
http://iss.ices.utexas.edu/?p=projects/galois/benchmarks/single_source_shortest_path

INFO: CommandLine ./build/debug/apps/sssp/sssp -noverify -t 44 -delta 4 -wl klsm256mq -startNode 0 /specific/disk1/home/mad/Galois-PQ/inputs/random/r4-2e24.gr
INFO: Hostname rack-castor
Read 16777216 nodes
Running Asynchronous with CAS version
INFO: Using delta-step of 1
WARNING: Performance varies considerably due to delta parameter.
WARNING: Do not expect the default to be good for your graph.
Node 1 has distance 8445
STATTYPE,LOOP,CATEGORY,n,sum,T0,T1,T2,T3,T4,T5,T6,T7,T8,T9,T10,T11,T12,T13,T14,T15,T16,T17,T18,T19,T20,T21,T22,T23,T24,T25,T26,T27,T28,T29,T30,T31,T32,T33,T34,T35,T36,T37,T38,T39,T40,T41,T42,T43
STAT,(NULL),BadWork,44,2931732,87856,69492,60997,42923,108600,48329,76179,44926,27588,68844,80550,65260,46367,67177,47160,45730,57329,119629,63847,88291,58653,47186,99953,75550,88276,67786,49209,67035,95679,57421,29032,50182,53517,61912,95303,89059,69893,31140,38769,46972,107132,84538,65651,84810
STAT,(NULL),BarrierTime,44,7848481,570959,485563,460400,417129,401884,403480,385121,325468,338860,305011,287249,295352,274242,306085,233639,197480,249338,240828,183422,203684,184406,196632,25212,42882,43107,43462,41863,43302,42992,41581,41864,42306,42597,43362,43172,43896,39616,25279,41945,41787,42679,42829,43511,43005
STAT,(NULL),ConflictTime,44,0,0,0,0,0,0,0,0,0,0,0,0,0,0,0,0,0,0,0,0,0,0,0,0,0,0,0,0,0,0,0,0,0,0,0,0,0,0,0,0,0,0,0,0,0
STAT,(NULL),Conflicts,44,0,0,0,0,0,0,0,0,0,0,0,0,0,0,0,0,0,0,0,0,0,0,0,0,0,0,0,0,0,0,0,0,0,0,0,0,0,0,0,0,0,0,0,0,0
STAT,(NULL),EmptyPopTime,44,1759005723,41552237,39996494,43610936,40283975,39887374,39931044,45627548,42200579,41137554,43085966,41391212,43248762,45756825,41180848,42424547,42789913,43477647,43237856,44210263,40966552,47548275,43428280,39600549,37291479,41096200,35240745,35732042,38236970,39158104,34987335,35897635,37063234,38527796,37457262,35626518,37864738,37927548,38698451,36831571,38487937,36704869,37464814,36262391,35872848
STAT,(NULL),EmptyWork,44,3576148862,81174695,84291843,82613246,81350696,80982982,80031070,83318921,80697060,81913116,82653088,81611260,76446765,83542772,79225711,81022945,80857997,78596374,80285094,82951031,81299940,82910325,81313517,79059554,79540021,79958998,82132995,80776071,81762520,80150339,81151240,81560681,79199575,81004609,83906556,79945845,79306064,80842608,83284670,82957401,80952846,80944022,80734344,83021475,84865980
STAT,(NULL),GaloisTime,44,21880539343,469886784,466580850,524405844,466662291,464610193,464302799,503443473,513927489,512635465,509973422,487947294,510145659,515117145,496739975,507487273,503247746,506825532,522552150,518041619,496683437,520114807,515457499,512603452,517334495,510219550,469083682,493811564,501644551,518806217,463101091,466889822,498472309,510207594,497142272,495782905,506783086,488036267,496729103,461495101,510708756,509894647,502038637,490856823,462108673
STAT,(NULL),InitPushTime,44,2610349,62714,10325,102972,36844,36392,36011,36611,40244,39140,35504,39344,38788,38212,34068,65061,56704,34797,37048,61879,36772,37720,37452,103921,103679,103378,103158,103172,103268,102248,102498,102461,58087,57420,56987,56738,56364,56716,56049,56430,54802,54281,54435,55058,54597
STAT,(NULL),Iterations,44,22446821,529931,551933,475233,555817,555330,555892,490662,487790,499192,491639,524342,496854,483659,512802,488551,492145,488348,478658,484909,518119,466895,486597,485363,488700,490065,558004,523506,504775,480275,554990,559473,517801,496685,510667,523160,502638,513499,506874,549771,491748,501669,507293,514060,550507
STAT,(NULL),LoopTime,44,8302493912,8302493912,0,0,0,0,0,0,0,0,0,0,0,0,0,0,0,0,0,0,0,0,0,0,0,0,0,0,0,0,0,0,0,0,0,0,0,0,0,0,0,0,0,0,0
STAT,(NULL),MeminfoPost,44,1584,36,36,36,36,36,36,36,36,36,36,36,36,36,36,36,36,36,36,36,36,36,36,36,36,36,36,36,36,36,36,36,36,36,36,36,36,36,36,36,36,36,36,36,36
STAT,(NULL),MeminfoPre,44,1584,36,36,36,36,36,36,36,36,36,36,36,36,36,36,36,36,36,36,36,36,36,36,36,36,36,36,36,36,36,36,36,36,36,36,36,36,36,36,36,36,36,36,36,36
STAT,(NULL),NumaPost,44,12512,10178,1348,842,144,0,0,0,0,0,0,0,0,0,0,0,0,0,0,0,0,0,0,0,0,0,0,0,0,0,0,0,0,0,0,0,0,0,0,0,0,0,0,0,0
STAT,(NULL),PopTime,44,66804805122,1518760395,1542398627,1503427691,1541750590,1537567523,1544067247,1519130322,1515739789,1514767049,1510064814,1527151272,1514582986,1507361274,1516676562,1512101701,1517367298,1513775522,1504422207,1512806943,1521616393,1504818823,1512450396,1510835778,1500859429,1510585291,1535118242,1517803829,1516014504,1505110998,1534987161,1532344609,1514913332,1507859934,1516123681,1517143285,1509024302,1524619360,1514874000,1537866245,1507358758,1512249628,1514401667,1515599340,1536306325
STAT,(NULL),PushTime,44,174992431580,4019967797,3967834674,3979688908,3959274339,3960630806,3963225535,3981164627,3971761253,3968117174,3976176863,3964677092,3962883787,3972460930,3983874600,3978779174,3982528384,3982354009,3976357430,3966005240,3962541779,3985206679,3969728496,3980741355,3980969659,3984362830,3962672740,3978338420,3980119062,3988483206,3984883401,3971744063,3974948493,3982726719,3978944845,3974304327,3979158426,3990231174,3986045816,3983465527,3978369025,3972144845,3974297524,3987877199,3982363348
STAT,(NULL),RusageSys,44,4000,4000,0,0,0,0,0,0,0,0,0,0,0,0,0,0,0,0,0,0,0,0,0,0,0,0,0,0,0,0,0,0,0,0,0,0,0,0,0,0,0,0,0,0,0
STAT,(NULL),RusageUser,44,162856000,162856000,0,0,0,0,0,0,0,0,0,0,0,0,0,0,0,0,0,0,0,0,0,0,0,0,0,0,0,0,0,0,0,0,0,0,0,0,0,0,0,0,0,0,0
STAT,(NULL),Threads,44,44,44,0,0,0,0,0,0,0,0,0,0,0,0,0,0,0,0,0,0,0,0,0,0,0,0,0,0,0,0,0,0,0,0,0,0,0,0,0,0,0,0,0,0,0
STAT,(NULL),Time,44,8315599083,8315599083,0,0,0,0,0,0,0,0,0,0,0,0,0,0,0,0,0,0,0,0,0,0,0,0,0,0,0,0,0,0,0,0,0,0,0,0,0,0,0,0,0,0,0
STAT,(NULL),TotalTime,44,14919368164,14919368164,0,0,0,0,0,0,0,0,0,0,0,0,0,0,0,0,0,0,0,0,0,0,0,0,0,0,0,0,0,0,0,0,0,0,0,0,0,0,0,0,0,0,0
STAT,(NULL),UserTime,44,88859084420,2002111168,2032353465,1999708699,2044133546,2049775810,2041898416,2000771211,2009129232,2014885504,2011501475,2030677772,2026147917,2009217259,2015758345,2011638282,2006662160,2008426369,2006601241,2009437717,2030347486,1992857181,2011077762,2010615192,2017459329,2007231433,2049206633,2026992112,2015676543,2001745499,2034343998,2045016936,2028857611,2013127404,2019879312,2030651858,2021318644,2011797807,2013822352,2030838547,2017577438,2021515838,2024516971,2019837650,2031937296
STAT,(NULL),Work,44,357877020992,8133589342,8133570529,8133575288,8133575366,8133568669,8133571536,8133585027,8133582666,8133569598,8133573469,8133582101,8133574660,8133591859,8133569895,8133567942,8133571522,8133572363,8133574866,8133569080,8133576403,8133587670,8133579006,8133578105,8133559014,8133558091,8133559284,8133558405,8133558564,8133558306,8133558665,8133559055,8133558817,8133558379,8133558435,8133559442,8133559206,8133565398,8133579446,8133559017,8133559800,8133560334,8133558490,8133558765,8133559117
STAT,(NULL),nBad,44,1988,70,44,43,33,76,37,48,33,16,50,60,40,26,44,30,31,39,85,37,65,27,31,71,49,59,47,36,50,61,41,21,36,36,47,55,49,56,19,23,27,74,65,42,59
STAT,(NULL),nEmpty,44,5669115,135921,138310,120704,138589,139535,139358,118179,126036,126011,122740,132880,126016,119560,132036,124816,125895,121979,122157,120903,134233,113530,125156,120779,128214,119305,139853,135456,123660,117980,139777,140673,132233,126230,128742,136161,126153,129402,128491,138174,123485,129686,127841,133602,138674
STAT,(NULL),nEmptyPop,44,906779,21980,22057,21244,22269,22130,22081,21500,21382,21090,21476,21789,21188,21833,21771,21426,21800,21485,21306,21363,21874,21578,21890,19323,19373,19235,19983,19737,19236,18998,19850,19826,19650,19209,19507,19603,19385,19656,19872,19966,19369,19379,19426,19590,20094
STAT,(NULL),nOverall,44,67110849,1577112,1655728,1418358,1668070,1663165,1664088,1489426,1447283,1490914,1475986,1567218,1481907,1457794,1522784,1454649,1465674,1465899,1428056,1453555,1534454,1413668,1445013,1459072,1442193,1481579,1673841,1554392,1525507,1449253,1662438,1673796,1542980,1481351,1527608,1547619,1505538,1535890,1513416,1648071,1472557,1486176,1517174,1522415,1647182
STAT,(NULL),nPop,44,22446821,529931,551933,475233,555817,555330,555892,490662,487790,499192,491639,524342,496854,483659,512802,488551,492145,488348,478658,484909,518119,466895,486597,485363,488700,490065,558004,523506,504775,480275,554990,559473,517801,496685,510667,523160,502638,513499,506874,549771,491748,501669,507293,514060,550507
STAT,(NULL),nPush,44,22446818,512502,557986,477305,561398,560219,561098,515289,468219,504430,508236,511265,501469,495850,509272,484891,483192,506057,485092,486364,498142,481894,478089,491620,462327,509644,561283,508336,530659,501516,559187,562335,497617,498946,515413,503325,500652,510889,493259,554442,492158,485780,513144,492472,553555
STAT,(NULL),nPushInit,44,3,1,1,1,0,0,0,0,0,0,0,0,0,0,0,0,0,0,0,0,0,0,0,0,0,0,0,0,0,0,0,0,0,0,0,0,0,0,0,0,0,0,0,0,0
==== BENCHMARK TOOK 7.616
==== BENCHMARK START ===
==== PARAMS kernel=4.9.5-64-net1 malloc=libc hostname=rack-castor threads=44 delta=4 prog=sssp-klsm256mq  ===
ERROR: ld.so: object '/specific/disk1/home/adamx/malloc/lib64/libjemalloc.so' from LD_PRELOAD cannot be preloaded (cannot open shared object file): ignored.
Galois Benchmark Suite v2.2.1 (r0)
Copyright (C) 2014 The University of Texas at Austin
http://iss.ices.utexas.edu/galois/

application: Single Source Shortest Path
Computes the shortest path from a source node to all nodes in a directed graph using a modified chaotic iteration algorithm
http://iss.ices.utexas.edu/?p=projects/galois/benchmarks/single_source_shortest_path

INFO: CommandLine ./build/debug/apps/sssp/sssp -noverify -t 44 -delta 4 -wl klsm256mq -startNode 0 /specific/disk1/home/mad/Galois-PQ/inputs/random/r4-2e24.gr
INFO: Hostname rack-castor
Read 16777216 nodes
Running Asynchronous with CAS version
INFO: Using delta-step of 1
WARNING: Performance varies considerably due to delta parameter.
WARNING: Do not expect the default to be good for your graph.
Node 1 has distance 8445
STATTYPE,LOOP,CATEGORY,n,sum,T0,T1,T2,T3,T4,T5,T6,T7,T8,T9,T10,T11,T12,T13,T14,T15,T16,T17,T18,T19,T20,T21,T22,T23,T24,T25,T26,T27,T28,T29,T30,T31,T32,T33,T34,T35,T36,T37,T38,T39,T40,T41,T42,T43
STAT,(NULL),BadWork,44,2327639,29356,42128,34702,43496,57175,90790,40704,61818,60820,46129,63744,26653,70514,26609,90346,48443,33688,89285,44008,40237,65395,57928,90447,49475,25447,41552,41021,31141,59888,104001,31871,45846,60665,44892,56947,98906,48058,32830,69989,50495,70485,24475,45796,39444
STAT,(NULL),BarrierTime,44,9153116,595186,543071,465166,430818,415500,432262,413258,358916,361365,322805,322471,359954,353570,324281,323056,250728,249332,253052,254564,226904,210965,221430,74438,74071,73597,73652,74282,73060,73790,73612,75266,66338,48737,73592,75412,54691,74080,51319,75086,52910,69951,74075,16302,66201
STAT,(NULL),ConflictTime,44,0,0,0,0,0,0,0,0,0,0,0,0,0,0,0,0,0,0,0,0,0,0,0,0,0,0,0,0,0,0,0,0,0,0,0,0,0,0,0,0,0,0,0,0,0
STAT,(NULL),Conflicts,44,0,0,0,0,0,0,0,0,0,0,0,0,0,0,0,0,0,0,0,0,0,0,0,0,0,0,0,0,0,0,0,0,0,0,0,0,0,0,0,0,0,0,0,0,0
STAT,(NULL),EmptyPopTime,44,1764251246,41088550,40235319,42829767,40187728,39717634,39761044,42996782,43816720,43742543,44544665,44819546,43654427,42134444,43451851,44363502,44625951,44004456,43214275,42147074,41091134,43440164,45073800,36978163,39790336,40461392,35274833,36761212,36535788,37108452,35118650,35022529,38317302,40174419,36323261,37816391,39487223,35873789,38407512,35449676,37730107,38825153,38750070,37418899,35684713
STAT,(NULL),EmptyWork,44,3562915336,81194799,81739710,80558512,79586064,81865248,81390661,77854643,80503240,80275540,80436591,82431875,83795701,77503192,79754788,79158864,80536026,82373859,82315192,81999900,83863752,80736321,82959561,78248643,81646092,82239529,82387464,81430480,80001983,80875410,84169520,81579588,80221132,83453412,79319887,77731929,84189668,80448558,80052128,79292176,79275573,82069751,83082926,78523383,79842065
STAT,(NULL),GaloisTime,44,21622164862,489096909,458415592,508234756,460876998,461855894,461329441,515877591,504130609,506017712,527867703,505812123,503932168,490245609,510800487,501844165,499701317,505548713,496702961,496310822,496294168,491635032,499769211,505212315,513504458,514983255,460172016,475838325,504668737,494035095,459737735,463568016,506846004,506420702,478229549,497970079,513998648,472762307,473631248,457272909,492151025,488053130,510504524,486213067,454091737
STAT,(NULL),InitPushTime,44,2556086,63625,10865,124526,39209,36417,38501,36653,36350,35269,35434,35871,34669,35015,34289,35352,39032,38560,37312,36976,34502,43340,35379,103810,103620,102894,102894,102556,102740,102733,102337,102175,57801,57296,56877,56489,55858,56672,56628,56063,56562,56467,54370,56122,55976
STAT,(NULL),Iterations,44,22446450,501249,550527,490729,553552,552039,554456,476872,489411,494727,468335,485321,496761,510675,484696,485545,488665,482375,503148,500726,513246,499710,483621,496655,481979,486097,556019,538768,506125,508964,553399,557005,497712,491718,533089,504182,486128,538328,522282,548386,509902,514077,493418,507899,547932
STAT,(NULL),LoopTime,44,8289106058,8289106058,0,0,0,0,0,0,0,0,0,0,0,0,0,0,0,0,0,0,0,0,0,0,0,0,0,0,0,0,0,0,0,0,0,0,0,0,0,0,0,0,0,0,0
STAT,(NULL),MeminfoPost,44,1584,36,36,36,36,36,36,36,36,36,36,36,36,36,36,36,36,36,36,36,36,36,36,36,36,36,36,36,36,36,36,36,36,36,36,36,36,36,36,36,36,36,36,36,36
STAT,(NULL),MeminfoPre,44,1584,36,36,36,36,36,36,36,36,36,36,36,36,36,36,36,36,36,36,36,36,36,36,36,36,36,36,36,36,36,36,36,36,36,36,36,36,36,36,36,36,36,36,36,36
STAT,(NULL),NumaPost,44,12500,10190,1345,821,144,0,0,0,0,0,0,0,0,0,0,0,0,0,0,0,0,0,0,0,0,0,0,0,0,0,0,0,0,0,0,0,0,0,0,0,0,0,0,0,0
STAT,(NULL),PopTime,44,66655496807,1498015912,1537611919,1509996752,1536633486,1535384229,1541383903,1505263637,1514069563,1509363988,1495142548,1505077967,1514376750,1519609888,1503136377,1514958803,1511471406,1506959196,1514231677,1510480826,1512707573,1518972055,1512676512,1500407925,1501762840,1501663538,1530112419,1523193510,1507750760,1511343880,1528015635,1526010454,1503460442,1502528045,1527126795,1508143892,1501482207,1529128648,1518979351,1531701426,1514223234,1516063180,1496591590,1514258683,1534023386
STAT,(NULL),PushTime,44,173831874606,3999960086,3939774139,3947727849,3933050243,3939475348,3932492949,3949160661,3949757952,3946334137,3949933168,3953496317,3934850268,3935364639,3947001502,3950925682,3956502730,3950389745,3942831132,3950143485,3934579638,3952142130,3955227102,3957885932,3955722310,3957439835,3947173231,3949565729,3948804579,3954511927,3949294573,3947610867,3954018716,3948926565,3946029402,3957820899,3946909177,3950658591,3959746219,3959922125,3955216271,3957305880,3954567336,3960323691,3961299849
STAT,(NULL),RusageSys,44,4000,4000,0,0,0,0,0,0,0,0,0,0,0,0,0,0,0,0,0,0,0,0,0,0,0,0,0,0,0,0,0,0,0,0,0,0,0,0,0,0,0,0,0,0,0
STAT,(NULL),RusageUser,44,161924000,161924000,0,0,0,0,0,0,0,0,0,0,0,0,0,0,0,0,0,0,0,0,0,0,0,0,0,0,0,0,0,0,0,0,0,0,0,0,0,0,0,0,0,0,0
STAT,(NULL),Threads,44,44,44,0,0,0,0,0,0,0,0,0,0,0,0,0,0,0,0,0,0,0,0,0,0,0,0,0,0,0,0,0,0,0,0,0,0,0,0,0,0,0,0,0,0,0
STAT,(NULL),Time,44,8302143103,8302143103,0,0,0,0,0,0,0,0,0,0,0,0,0,0,0,0,0,0,0,0,0,0,0,0,0,0,0,0,0,0,0,0,0,0,0,0,0,0,0,0,0,0,0
STAT,(NULL),TotalTime,44,15610191274,15610191274,0,0,0,0,0,0,0,0,0,0,0,0,0,0,0,0,0,0,0,0,0,0,0,0,0,0,0,0,0,0,0,0,0,0,0,0,0,0,0,0,0,0,0
STAT,(NULL),UserTime,44,88378357777,1977346918,2028928704,1997358491,2036371571,2028407940,2030347827,1995551494,1994427769,2000972250,1988781967,1995069189,2006097857,2021846482,2002561304,1995455085,1993867770,1997429469,2007411063,2005624639,2018169043,1999777802,1990999600,2007972846,1994280810,1989917701,2031586162,2019916079,2008944965,2008831704,2030370081,2032914740,2003842906,2005203206,2019677260,2007223087,2000638649,2017834583,2015889933,2023067438,2008109589,2004389434,2003209640,2009968494,2021764236
STAT,(NULL),Work,44,355819742756,8086828674,8086814697,8086818744,8086816062,8086815173,8086814900,8086818095,8086816221,8086821131,8086816285,8086817164,8086818267,8086821386,8086816307,8086815806,8086816484,8086818158,8086817140,8086815542,8086815217,8086814359,8086818625,8086803075,8086805602,8086803030,8086803396,8086802040,8086803784,8086803177,8086802807,8086802384,8086803143,8086828523,8086803118,8086805160,8086824174,8086803676,8086802572,8086802644,8086823661,8086803090,8086802410,8086824819,8086802034
STAT,(NULL),nBad,44,1628,22,31,23,31,44,41,31,46,41,33,51,20,50,18,41,38,26,68,30,28,46,43,37,34,20,32,32,25,44,81,24,36,46,29,47,76,36,27,54,42,24,16,31,33
STAT,(NULL),nEmpty,44,5668817,127975,138911,125291,139514,138523,139685,121785,121886,122013,119966,117643,122418,129469,122461,119306,123498,121217,126050,125405,131995,125923,120116,127478,119454,124488,140915,139316,129810,130227,140074,141003,126883,122069,135367,128834,124488,138732,130510,138638,129479,126664,126161,128595,138582
STAT,(NULL),nEmptyPop,44,908151,21313,22232,21458,22225,22005,22077,21134,21525,21414,21377,21140,21656,21613,21323,21456,21664,21531,21698,21230,21730,21700,21824,19246,19250,19181,19908,19909,19297,19571,19883,19979,19187,19602,19822,19775,19443,20157,19894,19870,19657,19796,19699,19577,20123
STAT,(NULL),nOverall,44,67110489,1493532,1647776,1462343,1656425,1653269,1656827,1420796,1469520,1492088,1394533,1471369,1497032,1524176,1449438,1464479,1459171,1444965,1508112,1501287,1524046,1493875,1453607,1476167,1449073,1447164,1660305,1597467,1504619,1516160,1654262,1664741,1482821,1480263,1588958,1502390,1446396,1597604,1567933,1638770,1522755,1547984,1469178,1518570,1638243
STAT,(NULL),nPop,44,22446450,501249,550527,490729,553552,552039,554456,476872,489411,494727,468335,485321,496761,510675,484696,485545,488665,482375,503148,500726,513246,499710,483621,496655,481979,486097,556019,538768,506125,508964,553399,557005,497712,491718,533089,504182,486128,538328,522282,548386,509902,514077,493418,507899,547932
STAT,(NULL),nPush,44,22446447,499956,552990,497608,557003,555783,556225,474518,495830,501743,465067,509977,516049,496879,498874,498259,486029,491162,511355,508832,502769,492462,491542,491029,499995,477526,556921,520470,495184,493167,554256,558110,493047,489098,523775,503828,471759,521543,515002,549337,503824,523645,481421,513749,548849
STAT,(NULL),nPushInit,44,3,1,1,1,0,0,0,0,0,0,0,0,0,0,0,0,0,0,0,0,0,0,0,0,0,0,0,0,0,0,0,0,0,0,0,0,0,0,0,0,0,0,0,0,0
==== BENCHMARK TOOK 7.864
==== BENCHMARK START ===
==== PARAMS kernel=4.9.5-64-net1 malloc=libc hostname=rack-castor threads=44 delta=4 prog=sssp-klsm256mq  ===
ERROR: ld.so: object '/specific/disk1/home/adamx/malloc/lib64/libjemalloc.so' from LD_PRELOAD cannot be preloaded (cannot open shared object file): ignored.
Galois Benchmark Suite v2.2.1 (r0)
Copyright (C) 2014 The University of Texas at Austin
http://iss.ices.utexas.edu/galois/

application: Single Source Shortest Path
Computes the shortest path from a source node to all nodes in a directed graph using a modified chaotic iteration algorithm
http://iss.ices.utexas.edu/?p=projects/galois/benchmarks/single_source_shortest_path

INFO: CommandLine ./build/debug/apps/sssp/sssp -noverify -t 44 -delta 4 -wl klsm256mq -startNode 0 /specific/disk1/home/mad/Galois-PQ/inputs/random/r4-2e24.gr
INFO: Hostname rack-castor
Read 16777216 nodes
Running Asynchronous with CAS version
INFO: Using delta-step of 1
WARNING: Performance varies considerably due to delta parameter.
WARNING: Do not expect the default to be good for your graph.
Node 1 has distance 8445
STATTYPE,LOOP,CATEGORY,n,sum,T0,T1,T2,T3,T4,T5,T6,T7,T8,T9,T10,T11,T12,T13,T14,T15,T16,T17,T18,T19,T20,T21,T22,T23,T24,T25,T26,T27,T28,T29,T30,T31,T32,T33,T34,T35,T36,T37,T38,T39,T40,T41,T42,T43
STAT,(NULL),BadWork,44,2887329,72935,40875,76892,48327,56084,90263,65095,41210,72512,36782,34215,36701,38252,54614,124556,69253,52924,53040,58785,69325,88598,50043,63867,46231,82469,65392,62255,62299,59224,103401,135769,57809,50630,43754,76473,89276,66979,47891,88427,64413,86244,58241,89508,55496
STAT,(NULL),BarrierTime,44,7874180,592024,463612,415196,390996,382378,381862,355325,316832,285564,313180,318049,249585,262358,275031,274726,213291,213309,201218,217342,212988,217087,217469,52093,52924,51235,52449,52598,51991,52458,52339,52879,51754,52013,51680,51405,49956,38210,51304,52096,52347,51528,27757,51742,52000
STAT,(NULL),ConflictTime,44,0,0,0,0,0,0,0,0,0,0,0,0,0,0,0,0,0,0,0,0,0,0,0,0,0,0,0,0,0,0,0,0,0,0,0,0,0,0,0,0,0,0,0,0,0
STAT,(NULL),Conflicts,44,0,0,0,0,0,0,0,0,0,0,0,0,0,0,0,0,0,0,0,0,0,0,0,0,0,0,0,0,0,0,0,0,0,0,0,0,0,0,0,0,0,0,0,0,0
STAT,(NULL),EmptyPopTime,44,1747905868,41907605,39675780,42945633,39537012,39433012,39724107,42405545,42554682,45226021,41772393,42550979,41080809,42939100,41607235,42115388,44582487,42246971,45763220,43364206,40029999,41181497,42215118,35982526,41590018,39330343,35171284,35822881,36844214,37153409,35420650,35007172,36028382,37584738,36506690,35962116,43332693,39644714,38730579,35696811,36787466,37601724,37928057,37622325,37298277
STAT,(NULL),EmptyWork,44,3510309379,80085997,80053175,81251316,80733927,78447378,79364380,77252424,78413785,80262946,77991715,81963973,79561145,79443032,77605573,79060426,80308737,82051989,83502359,79994904,81590204,81933547,77297066,81403050,82344163,77492307,78908438,78602149,80210245,80319202,75864687,76892917,79496163,81015801,79191348,78515582,80285048,76465132,81983643,81066848,82479837,79767901,80144374,78833429,80857117
STAT,(NULL),GaloisTime,44,21542563322,488953605,458105731,504240003,460680674,462140058,460709907,500434497,499665334,495079062,506751898,518521433,502904105,507252718,508404890,478352499,504721782,489487347,514896813,493368730,485414958,471707064,479725363,479542250,525540464,512298001,461991098,474462096,493829072,481187911,458532086,460961389,465413888,512153072,480585294,481674426,535704948,500094603,495727072,456431112,502474509,507024538,509444486,500205785,455766751
STAT,(NULL),InitPushTime,44,2333219,32712,10705,85636,36708,36644,35834,40504,36338,39068,39268,35027,50255,38596,39476,39268,36927,36320,33528,33346,38156,34945,33989,112654,82302,81429,80989,81554,80754,80799,80997,80146,57875,58234,57654,56752,56628,56775,56269,56012,55352,54420,53834,54648,53892
STAT,(NULL),Iterations,44,22447056,502188,547531,490957,551208,550229,550580,493202,496530,502585,493403,478436,499718,488494,492716,512894,486371,502063,473340,502106,523678,523861,512605,525119,460419,477887,552925,536892,512694,519467,550968,555349,547597,490345,522861,528310,446973,480469,491348,546015,500196,489642,495534,495017,546334
STAT,(NULL),LoopTime,44,8262302889,8262302889,0,0,0,0,0,0,0,0,0,0,0,0,0,0,0,0,0,0,0,0,0,0,0,0,0,0,0,0,0,0,0,0,0,0,0,0,0,0,0,0,0,0,0
STAT,(NULL),MeminfoPost,44,1584,36,36,36,36,36,36,36,36,36,36,36,36,36,36,36,36,36,36,36,36,36,36,36,36,36,36,36,36,36,36,36,36,36,36,36,36,36,36,36,36,36,36,36,36
STAT,(NULL),MeminfoPre,44,1584,36,36,36,36,36,36,36,36,36,36,36,36,36,36,36,36,36,36,36,36,36,36,36,36,36,36,36,36,36,36,36,36,36,36,36,36,36,36,36,36,36,36,36,36
STAT,(NULL),NumaPost,44,12497,10173,1344,836,144,0,0,0,0,0,0,0,0,0,0,0,0,0,0,0,0,0,0,0,0,0,0,0,0,0,0,0,0,0,0,0,0,0,0,0,0,0,0,0,0
STAT,(NULL),PopTime,44,66266819186,1511757942,1526541798,1500904062,1526975174,1528020915,1520298708,1502537867,1500020674,1509749174,1498667395,1491763213,1500372021,1496094939,1502801986,1505579435,1496916227,1513244297,1488933387,1503517305,1511522152,1515201937,1511985508,1506822556,1483062603,1494209638,1526162501,1509078811,1500091425,1511977621,1522265783,1521520344,1519043822,1496162843,1506767549,1504807606,1474074776,1493514554,1497319158,1519276387,1498134036,1494260338,1496815431,1502908593,1525136695
STAT,(NULL),PushTime,44,173338916402,3945377877,3945899585,3940428216,3923147056,3931221603,3930792946,3939698492,3941957276,3923738285,3931553155,3935854508,3928166340,3936920257,3924902455,3952026681,3939020136,3939186075,3935089074,3935844400,3928281469,3951936436,3944280587,3945837205,3953664024,3951602615,3931927881,3944224345,3936370082,3942738653,3935852396,3933097462,3936384173,3938693394,3940055533,3936238981,3950781520,3960999023,3949014612,3944704536,3933604438,3945487793,3927156832,3948206548,3946951447
STAT,(NULL),RusageSys,44,4000,4000,0,0,0,0,0,0,0,0,0,0,0,0,0,0,0,0,0,0,0,0,0,0,0,0,0,0,0,0,0,0,0,0,0,0,0,0,0,0,0,0,0,0,0
STAT,(NULL),RusageUser,44,161280000,161280000,0,0,0,0,0,0,0,0,0,0,0,0,0,0,0,0,0,0,0,0,0,0,0,0,0,0,0,0,0,0,0,0,0,0,0,0,0,0,0,0,0,0,0
STAT,(NULL),Threads,44,44,44,0,0,0,0,0,0,0,0,0,0,0,0,0,0,0,0,0,0,0,0,0,0,0,0,0,0,0,0,0,0,0,0,0,0,0,0,0,0,0,0,0,0,0
STAT,(NULL),Time,44,8279099652,8279099652,0,0,0,0,0,0,0,0,0,0,0,0,0,0,0,0,0,0,0,0,0,0,0,0,0,0,0,0,0,0,0,0,0,0,0,0,0,0,0,0,0,0,0
STAT,(NULL),TotalTime,44,15815172873,15815172873,0,0,0,0,0,0,0,0,0,0,0,0,0,0,0,0,0,0,0,0,0,0,0,0,0,0,0,0,0,0,0,0,0,0,0,0,0,0,0,0,0,0,0
STAT,(NULL),UserTime,44,88001912451,1986650014,2004463938,1984968472,2023663196,2015473130,2023847453,1992407563,1992124624,2000680048,1998001264,1984082443,2002652714,1992086666,1999416524,1997603280,1989188641,1988523174,1986552179,1998650247,2007897880,1992776297,1999234320,2005149032,1968535471,1979804312,2020575507,2012546263,2007391910,2001360075,2026800543,2027257113,2018369825,1989126662,2011629918,2017537926,1970557717,1984018986,1991961726,2017560533,2001255983,1990594622,2003248104,1986960056,2008726100
STAT,(NULL),Work,44,354413511421,8054879428,8054861936,8054855298,8054854468,8054853901,8054855619,8054867798,8054862390,8054881597,8054857156,8054861418,8054855866,8054870429,8054858578,8054856754,8054856343,8054859806,8054871508,8054857759,8054855090,8054855766,8054859495,8054840146,8054840139,8054845331,8054840561,8054840538,8054842118,8054842329,8054841077,8054840752,8054841120,8054840451,8054844113,8054840994,8054848760,8054857968,8054843536,8054840698,8054840836,8054841057,8054867143,8054842904,8054840447
STAT,(NULL),nBad,44,2202,55,31,62,33,44,74,46,25,56,28,29,27,31,39,95,51,49,41,45,54,78,40,50,34,65,51,50,49,46,80,79,47,40,37,60,53,47,34,65,57,73,41,67,44
STAT,(NULL),nEmpty,44,5669284,126298,137640,124585,138471,137951,138223,125625,122974,122943,126101,123998,130080,124545,129028,129029,123217,127476,116957,123159,132885,132744,128522,134761,115144,118593,138822,135060,130233,129906,138675,140093,138768,126129,132108,136860,109025,118077,123242,137181,127615,123499,129102,125666,138274
STAT,(NULL),nEmptyPop,44,908980,21414,22041,21494,21961,21963,22183,21498,21437,21575,21498,21315,21641,21155,21574,21980,21586,21753,21681,21616,21554,22188,21898,19728,19465,19119,20039,19717,19557,19588,20017,19977,19901,19501,19647,20002,19029,19285,19718,20068,19339,19118,19496,19491,20173
STAT,(NULL),nOverall,44,67111063,1501718,1639716,1467713,1652345,1649915,1650737,1472232,1494716,1517241,1467974,1418049,1477546,1454419,1456406,1535553,1453632,1498278,1425147,1516846,1561759,1565030,1535135,1562444,1380919,1436583,1655596,1608177,1529707,1558668,1649607,1659893,1637376,1455918,1563644,1566133,1353321,1449701,1470866,1636171,1488285,1465327,1465319,1475479,1629822
STAT,(NULL),nPop,44,22447056,502188,547531,490957,551208,550229,550580,493202,496530,502585,493403,478436,499718,488494,492716,512894,486371,502063,473340,502106,523678,523861,512605,525119,460419,477887,552925,536892,512694,519467,550968,555349,547597,490345,522861,528310,446973,480469,491348,546015,500196,489642,495534,495017,546334
STAT,(NULL),nPush,44,22447053,502000,553039,486240,556606,556596,556981,485577,514330,509927,478411,470323,482120,473104,455719,514338,482227,497878,492136,518412,523073,531269,524116,519872,459340,497810,557595,544546,514989,522747,554634,558306,543771,482099,522927,509060,467044,499742,495346,550498,492194,494216,454207,492798,548890
STAT,(NULL),nPushInit,44,3,1,1,1,0,0,0,0,0,0,0,0,0,0,0,0,0,0,0,0,0,0,0,0,0,0,0,0,0,0,0,0,0,0,0,0,0,0,0,0,0,0,0,0,0
==== BENCHMARK TOOK 7.982
==== BENCHMARK START ===
==== PARAMS kernel=4.9.5-64-net1 malloc=libc hostname=rack-castor threads=44 delta=4 prog=sssp-klsm256mq  ===
ERROR: ld.so: object '/specific/disk1/home/adamx/malloc/lib64/libjemalloc.so' from LD_PRELOAD cannot be preloaded (cannot open shared object file): ignored.
Galois Benchmark Suite v2.2.1 (r0)
Copyright (C) 2014 The University of Texas at Austin
http://iss.ices.utexas.edu/galois/

application: Single Source Shortest Path
Computes the shortest path from a source node to all nodes in a directed graph using a modified chaotic iteration algorithm
http://iss.ices.utexas.edu/?p=projects/galois/benchmarks/single_source_shortest_path

INFO: CommandLine ./build/debug/apps/sssp/sssp -noverify -t 44 -delta 4 -wl klsm256mq -startNode 0 /specific/disk1/home/mad/Galois-PQ/inputs/random/r4-2e24.gr
INFO: Hostname rack-castor
Read 16777216 nodes
Running Asynchronous with CAS version
INFO: Using delta-step of 1
WARNING: Performance varies considerably due to delta parameter.
WARNING: Do not expect the default to be good for your graph.
Node 1 has distance 8445
STATTYPE,LOOP,CATEGORY,n,sum,T0,T1,T2,T3,T4,T5,T6,T7,T8,T9,T10,T11,T12,T13,T14,T15,T16,T17,T18,T19,T20,T21,T22,T23,T24,T25,T26,T27,T28,T29,T30,T31,T32,T33,T34,T35,T36,T37,T38,T39,T40,T41,T42,T43
STAT,(NULL),BadWork,44,2597942,22044,49662,57399,102308,99940,75871,73942,52672,70209,34561,51878,68810,91337,88548,81240,92051,35931,44348,64175,54133,41701,59305,51676,48232,40165,75029,72422,65988,28832,33317,29538,45143,44824,52033,51961,36769,38337,70245,66729,75969,73330,25627,67614,92097
STAT,(NULL),BarrierTime,44,7550273,612868,506218,404231,395636,398137,383043,294831,315588,306959,255050,320021,276098,268434,268342,273541,153150,115886,210736,116305,147455,179287,149407,76946,67267,76694,76462,56548,77040,77696,76552,77525,38074,40163,39635,36203,76736,37424,36037,36640,39164,40990,38034,38577,38643
STAT,(NULL),ConflictTime,44,0,0,0,0,0,0,0,0,0,0,0,0,0,0,0,0,0,0,0,0,0,0,0,0,0,0,0,0,0,0,0,0,0,0,0,0,0,0,0,0,0,0,0,0,0
STAT,(NULL),Conflicts,44,0,0,0,0,0,0,0,0,0,0,0,0,0,0,0,0,0,0,0,0,0,0,0,0,0,0,0,0,0,0,0,0,0,0,0,0,0,0,0,0,0,0,0,0,0
STAT,(NULL),EmptyPopTime,44,1751336015,41613565,39861853,42364414,40223070,40037461,39632315,42000387,42442791,41449614,44087204,44126061,41476963,42427664,45316934,41569800,42187261,42560343,41305782,40896789,40302806,42525417,43997265,38258914,39684796,41265321,35158216,39960047,37049269,37822134,36732450,35467892,36798121,37353542,36590082,35416093,40938118,36611648,39214986,36150707,38530030,38073772,38409345,37441354,36003419
STAT,(NULL),EmptyWork,44,3527926169,81301647,81064668,78323999,85416313,81380495,78074609,82073454,76399444,77889617,81055058,79130615,80577372,79976585,78050467,79374158,81516446,80587020,79907815,81183604,78892794,81892011,79501636,80698958,79619553,80548581,79703821,80315708,79848386,78092778,80116463,80965647,79674739,79662664,78502545,80372401,80382015,78669217,83141975,83604566,80324269,80620367,81847217,78137310,79507162
STAT,(NULL),GaloisTime,44,21945223922,493470680,461689589,497272413,466193211,464728760,464394912,487675887,511519120,522097349,521816646,525532969,486580623,510632487,539491445,483029373,497481233,514238500,497064096,499039717,502405048,513852400,512946881,499424678,524011851,536257321,467131949,519228288,484798720,513688595,467920438,468551568,501925213,509967376,513829418,476994195,526375879,495583525,500946911,461754838,504390510,517899704,523659934,497937636,459792036
STAT,(NULL),InitPushTime,44,2597264,29784,10903,127769,36338,36190,35746,63020,40036,38968,65545,34857,38496,41284,40872,38956,75984,89965,35697,89811,75994,59000,80108,98817,73583,73597,72930,73597,72666,72688,71236,71962,57801,57332,58403,56261,55740,58204,57794,56034,55014,55080,54435,54457,54310
STAT,(NULL),Iterations,44,22446543,508058,549702,520721,555301,554200,553131,522392,493008,487561,480910,479196,525937,489527,460122,516921,505576,482917,512285,513988,513255,486667,486213,503228,472860,460237,555987,481475,533321,494888,554485,557201,513016,503594,499691,544496,468112,510986,500759,548121,500886,492550,478905,526603,547554
STAT,(NULL),LoopTime,44,8357655640,8357655640,0,0,0,0,0,0,0,0,0,0,0,0,0,0,0,0,0,0,0,0,0,0,0,0,0,0,0,0,0,0,0,0,0,0,0,0,0,0,0,0,0,0,0
STAT,(NULL),MeminfoPost,44,1584,36,36,36,36,36,36,36,36,36,36,36,36,36,36,36,36,36,36,36,36,36,36,36,36,36,36,36,36,36,36,36,36,36,36,36,36,36,36,36,36,36,36,36,36
STAT,(NULL),MeminfoPre,44,1584,36,36,36,36,36,36,36,36,36,36,36,36,36,36,36,36,36,36,36,36,36,36,36,36,36,36,36,36,36,36,36,36,36,36,36,36,36,36,36,36,36,36,36,36
STAT,(NULL),NumaPost,44,12527,10399,1337,647,144,0,0,0,0,0,0,0,0,0,0,0,0,0,0,0,0,0,0,0,0,0,0,0,0,0,0,0,0,0,0,0,0,0,0,0,0,0,0,0,0
STAT,(NULL),PopTime,44,66531301889,1518185463,1528259986,1517648293,1535990158,1527851295,1526951621,1518319766,1505620950,1495316296,1500027882,1498644140,1520359513,1503315235,1493129031,1517884715,1514240171,1505749551,1509999193,1509376160,1508641901,1500204528,1503573618,1509580735,1493278230,1488765700,1532508755,1491605214,1520742417,1502266087,1528915563,1533881765,1515479527,1508100343,1504126458,1527826309,1492625192,1519138866,1510086881,1532655045,1509373265,1497392520,1501647930,1522514050,1529501571
STAT,(NULL),PushTime,44,176227749054,4012041521,4010624984,3991435633,3991620074,3995394777,4001437250,4005966254,4007496706,4002188354,3994502542,4003153301,3987875920,4007645554,3997781097,4008860153,3998583867,4008517997,3999120980,4002987248,3995994602,4007333138,4006555694,4011775596,4018081952,4021205269,4006947143,4015069442,3998457321,4011886997,4004933676,3997858791,3999438639,4001816040,4007627096,4000187499,4018145625,4009044816,4013651907,4011666581,4002921291,4011558701,4006978985,4004479715,4016898326
STAT,(NULL),RusageSys,44,0,0,0,0,0,0,0,0,0,0,0,0,0,0,0,0,0,0,0,0,0,0,0,0,0,0,0,0,0,0,0,0,0,0,0,0,0,0,0,0,0,0,0,0,0
STAT,(NULL),RusageUser,44,163312000,163312000,0,0,0,0,0,0,0,0,0,0,0,0,0,0,0,0,0,0,0,0,0,0,0,0,0,0,0,0,0,0,0,0,0,0,0,0,0,0,0,0,0,0,0
STAT,(NULL),Threads,44,44,44,0,0,0,0,0,0,0,0,0,0,0,0,0,0,0,0,0,0,0,0,0,0,0,0,0,0,0,0,0,0,0,0,0,0,0,0,0,0,0,0,0,0,0
STAT,(NULL),Time,44,8372817892,8372817892,0,0,0,0,0,0,0,0,0,0,0,0,0,0,0,0,0,0,0,0,0,0,0,0,0,0,0,0,0,0,0,0,0,0,0,0,0,0,0,0,0,0,0
STAT,(NULL),TotalTime,44,15160688670,15160688670,0,0,0,0,0,0,0,0,0,0,0,0,0,0,0,0,0,0,0,0,0,0,0,0,0,0,0,0,0,0,0,0,0,0,0,0,0,0,0,0,0,0,0
STAT,(NULL),UserTime,44,88882889496,2009441216,2034555531,2029011160,2036613942,2046663722,2045566207,2020019706,2012578435,2017116664,2014564462,2005469045,2039186528,2012059151,2002288484,2025339375,2022045805,2004401745,2028657961,2022571693,2029820087,2010250558,2009480496,2016315268,2001377807,1988011519,2034604449,2009875441,2035157382,2012297071,2037435439,2039328078,2022737160,2019154285,2015378131,2035258142,1997587693,2017005984,2009011624,2030222327,2020514917,2010509300,2003510539,2015543667,2034351300
STAT,(NULL),Work,44,358870760091,8156171496,8156157771,8156162861,8156160715,8156153699,8156156930,8156175516,8156155204,8156157889,8156156217,8156165474,8156155884,8156157282,8156154956,8156156278,8156155404,8156155854,8156153144,8156155823,8156163335,8156162823,8156156670,8156148964,8156159698,8156145710,8156145824,8156167551,8156145689,8156145558,8156146525,8156145577,8156149057,8156146832,8156145283,8156145573,8156145501,8156146134,8156146723,8156146689,8156146890,8156146791,8156149554,8156147266,8156145477
STAT,(NULL),nBad,44,1713,18,39,42,44,68,50,46,36,45,25,31,45,41,30,51,46,26,35,45,35,32,43,36,36,31,52,48,41,22,23,22,31,34,42,40,32,28,40,42,54,49,19,49,69
STAT,(NULL),nEmpty,44,5668892,128939,136786,134492,138735,138291,137248,132941,126974,125914,121803,121877,132480,122673,117148,130415,129993,123645,131478,132711,132927,125786,124640,124896,117942,111318,138935,119780,132568,127720,138363,138941,130316,128858,128644,138640,114160,131993,125518,136361,124401,124752,121193,129579,136118
STAT,(NULL),nEmptyPop,44,911896,21784,22124,21971,22389,22273,22131,22014,21747,21186,21466,21773,22124,21134,21544,21784,22131,21390,21902,21926,21656,21702,21467,19381,19097,18983,19923,19457,19973,19708,20012,20236,19679,19732,19296,20025,19252,19700,19629,20241,19546,19382,18925,19984,20117
STAT,(NULL),nOverall,44,67110574,1516263,1651892,1544093,1665847,1661156,1663575,1556655,1465765,1445414,1436130,1429962,1574385,1467858,1371356,1547164,1501443,1438299,1525094,1525770,1520127,1443867,1445740,1513877,1420628,1397238,1667318,1448229,1602810,1468054,1663914,1671598,1531182,1498485,1484946,1622691,1416537,1515325,1500057,1647948,1505847,1471258,1431544,1589639,1643594
STAT,(NULL),nPop,44,22446543,508058,549702,520721,555301,554200,553131,522392,493008,487561,480910,479196,525937,489527,460122,516921,505576,482917,512285,513988,513255,486667,486213,503228,472860,460237,555987,481475,533321,494888,554485,557201,513016,503594,499691,544496,468112,510986,500759,548121,500886,492550,478905,526603,547554
STAT,(NULL),nPush,44,22446540,502179,561314,489899,564922,564687,565149,511911,482281,475504,484940,470561,522400,497641,456277,503120,490469,472685,501546,494358,494465,469392,474006,515729,479095,484779,565795,493818,543591,489338,563344,566077,505550,492316,491041,538442,503916,503702,509911,559812,507636,490901,483069,550530,558442
STAT,(NULL),nPushInit,44,3,1,1,1,0,0,0,0,0,0,0,0,0,0,0,0,0,0,0,0,0,0,0,0,0,0,0,0,0,0,0,0,0,0,0,0,0,0,0,0,0,0,0,0,0
==== BENCHMARK TOOK 7.632
==== BENCHMARK START ===
==== PARAMS kernel=4.9.5-64-net1 malloc=libc hostname=rack-castor threads=44 delta=4 prog=sssp-klsm256mq  ===
ERROR: ld.so: object '/specific/disk1/home/adamx/malloc/lib64/libjemalloc.so' from LD_PRELOAD cannot be preloaded (cannot open shared object file): ignored.
Galois Benchmark Suite v2.2.1 (r0)
Copyright (C) 2014 The University of Texas at Austin
http://iss.ices.utexas.edu/galois/

application: Single Source Shortest Path
Computes the shortest path from a source node to all nodes in a directed graph using a modified chaotic iteration algorithm
http://iss.ices.utexas.edu/?p=projects/galois/benchmarks/single_source_shortest_path

INFO: CommandLine ./build/debug/apps/sssp/sssp -noverify -t 44 -delta 4 -wl klsm256mq -startNode 0 /specific/disk1/home/mad/Galois-PQ/inputs/random/r4-2e24.gr
INFO: Hostname rack-castor
Read 16777216 nodes
Running Asynchronous with CAS version
INFO: Using delta-step of 1
WARNING: Performance varies considerably due to delta parameter.
WARNING: Do not expect the default to be good for your graph.
Node 1 has distance 8445
STATTYPE,LOOP,CATEGORY,n,sum,T0,T1,T2,T3,T4,T5,T6,T7,T8,T9,T10,T11,T12,T13,T14,T15,T16,T17,T18,T19,T20,T21,T22,T23,T24,T25,T26,T27,T28,T29,T30,T31,T32,T33,T34,T35,T36,T37,T38,T39,T40,T41,T42,T43
STAT,(NULL),BadWork,44,2673133,64295,103064,67462,57850,88166,57309,48194,74972,68779,57166,63270,76859,90336,63177,43996,56599,43624,41866,59120,43880,84426,58009,34618,51647,36077,41364,47254,57171,79573,20828,100956,56362,27281,49887,65404,64610,75286,30050,75568,54661,58986,78616,64597,89918
STAT,(NULL),BarrierTime,44,9530642,703638,577884,427788,467355,454371,424263,317006,408561,368011,353260,360728,309138,295299,293230,290138,283882,305517,231148,241082,147932,235452,207830,79961,96183,98248,96579,97148,98628,97802,94263,98444,98053,96235,96526,93264,66213,70849,64919,65373,72791,67838,63578,45756,68478
STAT,(NULL),ConflictTime,44,0,0,0,0,0,0,0,0,0,0,0,0,0,0,0,0,0,0,0,0,0,0,0,0,0,0,0,0,0,0,0,0,0,0,0,0,0,0,0,0,0,0,0,0,0
STAT,(NULL),Conflicts,44,0,0,0,0,0,0,0,0,0,0,0,0,0,0,0,0,0,0,0,0,0,0,0,0,0,0,0,0,0,0,0,0,0,0,0,0,0,0,0,0,0,0,0,0,0
STAT,(NULL),EmptyPopTime,44,1750195871,41643941,40724237,41550576,40368176,40151841,40224770,46308829,46225840,42829951,42662245,43939777,40936271,42033330,46319648,42514593,43503311,43134637,42030051,42205151,42474320,42798725,45745536,37472923,39850027,41091554,34880970,38749256,37123741,35669131,35402288,34750847,35513001,37025876,35499362,36796244,37184487,36714592,36695533,36011092,35542097,37254538,37364626,37507295,35770635
STAT,(NULL),EmptyWork,44,3522984694,79939960,78417104,80509318,80562644,82536652,82275472,80100762,82638537,81388009,76893657,81013106,81429077,81703716,78471176,80885918,81158435,76850443,77494061,77486593,76412550,79355502,80891543,80253773,80392170,82172796,79151848,79011133,78946358,81766536,81508752,79263722,79926521,83465481,78858727,78391593,80785428,81908967,78588974,78343253,79832557,79844314,82620952,81471340,78065264
STAT,(NULL),GaloisTime,44,21518673618,465769212,457179326,501365715,458530384,459037035,460962145,526658325,507480553,508739234,510299791,502954804,476360556,496948494,499414179,503634459,506004134,479747501,504791522,499382472,505037228,493954716,514670534,485487960,484610563,530246267,463050438,511840582,505863516,492992364,462021311,461296493,479862584,501695782,479020946,500706928,501499434,473010736,487270378,454523990,485607435,489958207,494324896,479227671,455632818
STAT,(NULL),InitPushTime,44,2610761,26696,11116,147143,76066,72312,36119,67268,36119,35064,42250,39120,34544,34760,34293,35440,39116,34857,38232,42180,81594,48336,41032,111628,67833,68427,69322,67144,68633,68669,67093,67914,67642,67592,68398,67224,73180,67462,68986,68611,76750,53820,71522,81004,68250
STAT,(NULL),Iterations,44,22446910,518550,547391,501924,550149,549397,550900,450798,474440,487965,487322,494651,528655,501184,486121,486471,478805,507479,491417,496179,496128,496157,461838,516321,511366,451796,554010,487044,498505,515073,550364,554184,532607,500810,531667,503760,505938,525641,512151,545443,526030,511870,514771,507873,545765
STAT,(NULL),LoopTime,44,8253670258,8253670258,0,0,0,0,0,0,0,0,0,0,0,0,0,0,0,0,0,0,0,0,0,0,0,0,0,0,0,0,0,0,0,0,0,0,0,0,0,0,0,0,0,0,0
STAT,(NULL),MeminfoPost,44,1584,36,36,36,36,36,36,36,36,36,36,36,36,36,36,36,36,36,36,36,36,36,36,36,36,36,36,36,36,36,36,36,36,36,36,36,36,36,36,36,36,36,36,36,36
STAT,(NULL),MeminfoPre,44,1584,36,36,36,36,36,36,36,36,36,36,36,36,36,36,36,36,36,36,36,36,36,36,36,36,36,36,36,36,36,36,36,36,36,36,36,36,36,36,36,36,36,36,36,36
STAT,(NULL),NumaPost,44,12491,10190,1337,706,258,0,0,0,0,0,0,0,0,0,0,0,0,0,0,0,0,0,0,0,0,0,0,0,0,0,0,0,0,0,0,0,0,0,0,0,0,0,0,0,0
STAT,(NULL),PopTime,44,66526814387,1513734376,1538917273,1512856433,1534686745,1533721766,1534251454,1498073146,1504312294,1506951630,1503311342,1510177069,1522411840,1513068192,1508920564,1501653576,1505022060,1515781165,1508664323,1511409501,1509224691,1509479326,1497510915,1513110913,1510663266,1481934041,1526235315,1498894578,1505154070,1503245062,1521021054,1525190717,1513215167,1499225522,1515750466,1505180413,1501957248,1519074750,1511995809,1519397872,1516998543,1506304676,1506842001,1507318999,1523964224
STAT,(NULL),PushTime,44,174162776681,4004268576,3951433521,3947372583,3947012627,3947561397,3939697979,3961808434,3964087749,3947475426,3956923620,3949371756,3939352706,3947691945,3960502889,3968815102,3960137982,3961972251,3950034878,3952385084,3945636678,3963201441,3960517684,3959528856,3962527997,3970706475,3947819137,3957904279,3947258034,3960794510,3960891691,3962037804,3949496473,3967747291,3954725525,3956757533,3957293431,3967772604,3959682552,3978174309,3951457272,3956093579,3952009285,3981050206,3973785530
STAT,(NULL),RusageSys,44,4000,4000,0,0,0,0,0,0,0,0,0,0,0,0,0,0,0,0,0,0,0,0,0,0,0,0,0,0,0,0,0,0,0,0,0,0,0,0,0,0,0,0,0,0,0
STAT,(NULL),RusageUser,44,161836000,161836000,0,0,0,0,0,0,0,0,0,0,0,0,0,0,0,0,0,0,0,0,0,0,0,0,0,0,0,0,0,0,0,0,0,0,0,0,0,0,0,0,0,0,0
STAT,(NULL),Threads,44,44,44,0,0,0,0,0,0,0,0,0,0,0,0,0,0,0,0,0,0,0,0,0,0,0,0,0,0,0,0,0,0,0,0,0,0,0,0,0,0,0,0,0,0,0
STAT,(NULL),Time,44,8266878632,8266878632,0,0,0,0,0,0,0,0,0,0,0,0,0,0,0,0,0,0,0,0,0,0,0,0,0,0,0,0,0,0,0,0,0,0,0,0,0,0,0,0,0,0,0
STAT,(NULL),TotalTime,44,15840287686,15840287686,0,0,0,0,0,0,0,0,0,0,0,0,0,0,0,0,0,0,0,0,0,0,0,0,0,0,0,0,0,0,0,0,0,0,0,0,0,0,0,0,0,0,0
STAT,(NULL),UserTime,44,88142407534,1977000980,2015688584,1998702644,2021199515,2019352687,2024946569,1969408032,1977615430,1994975937,1992269151,1994905118,2021868086,2000913017,1988730918,1984855498,1986529071,2004875298,1999344785,1999488057,2003569579,1993570150,1983023269,2006507812,2004316064,1976211203,2031224182,1995962756,2008017136,2007894833,2021517228,2019823011,2024347938,1993199500,2018506731,2004529669,2003642291,2003880598,2008129200,2015911523,2012922320,2012904052,2009201373,1995783491,2015142248
STAT,(NULL),Work,44,355628744789,8082505062,8082473207,8082469028,8082468037,8082474012,8082467851,8082497170,8082476623,8082469306,8082472504,8082469818,8082466578,8082475055,8082475901,8082477174,8082469666,8082474155,8082477144,8082466138,8082464581,8082467756,8082499322,8082467745,8082469190,8082468152,8082466511,8082467992,8082471564,8082467185,8082467776,8082467494,8082467278,8082464331,8082466388,8082469384,8082471122,8082467470,8082467715,8082467111,8082464964,8082466063,8082469665,8082464177,8082469424
STAT,(NULL),nBad,44,2046,52,80,52,44,70,39,35,61,51,47,52,58,55,51,34,43,33,30,44,34,64,45,26,44,30,34,34,40,64,16,76,43,22,36,46,50,66,19,63,43,45,65,46,64
STAT,(NULL),nEmpty,44,5669175,128947,137671,132241,137495,137656,137492,111706,114219,123575,123916,120529,132780,127343,116018,124489,123161,126133,125084,126442,126114,126435,112865,130203,125693,112309,139667,122504,128698,135340,138948,139584,137274,128411,136548,129957,131720,132336,131532,136991,135646,128527,130858,126555,137563
STAT,(NULL),nEmptyPop,44,910887,21789,22351,21889,22490,22207,22289,20844,21410,21441,21337,21455,21907,21639,21782,21457,21574,21925,21315,21632,21765,21777,21108,19818,19784,18918,19749,19440,19560,19657,20016,19728,19803,19293,19852,19471,19995,19863,19704,20235,19646,19568,19792,19498,20114
STAT,(NULL),nOverall,44,67110907,1558932,1639731,1478158,1650862,1646075,1652833,1355579,1442082,1458059,1453952,1497220,1582602,1493883,1481674,1447564,1423895,1526452,1466419,1478986,1479510,1478450,1395932,1542593,1543578,1358157,1658462,1459964,1479432,1518170,1645555,1655913,1580404,1490834,1580726,1493194,1496631,1574000,1524184,1634161,1560258,1535322,1534387,1523784,1632348
STAT,(NULL),nPop,44,22446910,518550,547391,501924,550149,549397,550900,450798,474440,487965,487322,494651,528655,501184,486121,486471,478805,507479,491417,496179,496128,496157,461838,516321,511366,451796,554010,487044,498505,515073,550364,554184,532607,500810,531667,503760,505938,525641,512151,545443,526030,511870,514771,507873,545765
STAT,(NULL),nPush,44,22446907,531084,552500,473143,556656,556585,557418,462219,505022,492671,488872,509839,531698,504392,518125,484539,475477,519654,496292,490283,500398,498722,471979,497432,522544,451419,556947,489729,480524,483669,553816,557657,517511,487882,517268,489700,486634,527895,514012,549841,513434,508237,500082,513322,549784
STAT,(NULL),nPushInit,44,3,1,1,1,0,0,0,0,0,0,0,0,0,0,0,0,0,0,0,0,0,0,0,0,0,0,0,0,0,0,0,0,0,0,0,0,0,0,0,0,0,0,0,0,0
==== BENCHMARK TOOK 7.959
==== BENCHMARK START ===
==== PARAMS kernel=4.9.5-64-net1 malloc=libc hostname=rack-castor threads=44 delta=4 prog=sssp-klsm256mq  ===
ERROR: ld.so: object '/specific/disk1/home/adamx/malloc/lib64/libjemalloc.so' from LD_PRELOAD cannot be preloaded (cannot open shared object file): ignored.
Galois Benchmark Suite v2.2.1 (r0)
Copyright (C) 2014 The University of Texas at Austin
http://iss.ices.utexas.edu/galois/

application: Single Source Shortest Path
Computes the shortest path from a source node to all nodes in a directed graph using a modified chaotic iteration algorithm
http://iss.ices.utexas.edu/?p=projects/galois/benchmarks/single_source_shortest_path

INFO: CommandLine ./build/debug/apps/sssp/sssp -noverify -t 44 -delta 4 -wl klsm256mq -startNode 0 /specific/disk1/home/mad/Galois-PQ/inputs/random/r4-2e24.gr
INFO: Hostname rack-castor
Read 16777216 nodes
Running Asynchronous with CAS version
INFO: Using delta-step of 1
WARNING: Performance varies considerably due to delta parameter.
WARNING: Do not expect the default to be good for your graph.
Node 1 has distance 8445
STATTYPE,LOOP,CATEGORY,n,sum,T0,T1,T2,T3,T4,T5,T6,T7,T8,T9,T10,T11,T12,T13,T14,T15,T16,T17,T18,T19,T20,T21,T22,T23,T24,T25,T26,T27,T28,T29,T30,T31,T32,T33,T34,T35,T36,T37,T38,T39,T40,T41,T42,T43
STAT,(NULL),BadWork,44,3696948,76617,62369,79563,146933,151591,93369,111714,96414,81562,59109,86006,59881,65336,81576,70896,34990,86429,111203,115652,74190,58476,114434,118943,74274,55898,46755,89730,76129,56744,86908,58334,65338,122094,80501,82885,57182,77228,86758,71983,91021,97675,74358,134226,73674
STAT,(NULL),BarrierTime,44,8835116,549514,484555,472678,413003,412950,398989,355611,327356,308390,263181,328480,289892,258774,264118,268056,168624,190888,187256,148246,194885,146320,189856,114147,80167,127427,127105,126128,124460,125255,126620,124996,126453,60553,126924,65356,56804,40407,125188,67988,126179,101089,49178,65588,125482
STAT,(NULL),ConflictTime,44,0,0,0,0,0,0,0,0,0,0,0,0,0,0,0,0,0,0,0,0,0,0,0,0,0,0,0,0,0,0,0,0,0,0,0,0,0,0,0,0,0,0,0,0,0
STAT,(NULL),Conflicts,44,0,0,0,0,0,0,0,0,0,0,0,0,0,0,0,0,0,0,0,0,0,0,0,0,0,0,0,0,0,0,0,0,0,0,0,0,0,0,0,0,0,0,0,0,0
STAT,(NULL),EmptyPopTime,44,1768703998,45399966,40228905,41638852,39526372,39843930,39494307,45094559,42462967,44394582,45950144,41987597,44108706,45003063,42246869,42014303,43077637,43107618,45553981,45025000,43044723,42856295,42816383,37809882,39270085,37704108,35100803,36674956,37323910,35671412,35363361,35118968,35899691,37218487,36530488,36868256,40320389,41916846,40948072,35770970,35912587,39454819,40016130,36954435,35978584
STAT,(NULL),EmptyWork,44,3567002832,77224971,75730908,82325052,82946309,78799036,80883522,84662477,79945081,82239265,80232271,78435258,82397795,81431936,77680244,80266754,82588909,80734063,80571032,80070925,80603735,83364862,83287892,79647066,79939331,78021985,82716566,81957255,79038106,78857472,79536309,84300845,81662736,81239902,81825553,80555059,78981853,84663777,81195082,82374946,82427112,85313462,79562876,83967445,82795797
STAT,(NULL),GaloisTime,44,21918497001,486331979,460517363,514217892,467567746,462740041,465318765,522962079,503268883,522714644,534946588,509143359,523617621,511614105,501939490,491756379,496024352,521413199,519655184,514496757,509918371,505111305,500999020,517949800,506624705,518684007,464904440,507471725,513526076,486366150,466292158,468650231,489318109,497416541,499963976,516989078,515539923,500119330,498661152,460048949,483232714,481235495,529575416,486987566,462664338
STAT,(NULL),InitPushTime,44,2093814,33172,10472,68872,36741,36483,36159,40700,40600,39240,66161,39368,38404,38260,38096,39364,61172,60420,60324,60772,60392,68743,60780,85340,97432,60447,59661,58744,58468,60389,59928,60447,31768,30979,34016,33720,63455,34108,45004,30615,32616,30272,29025,32880,29805
STAT,(NULL),Iterations,44,22447673,500626,551632,491608,555639,554729,555467,468193,500191,481709,457810,502524,482000,485026,511825,509811,499761,472379,473112,485674,492807,489465,502276,492393,493743,491020,560684,511068,504220,531031,556849,559419,533537,523302,514927,513648,487596,499069,492481,551559,534579,528467,475855,515934,552028
STAT,(NULL),LoopTime,44,8320565324,8320565324,0,0,0,0,0,0,0,0,0,0,0,0,0,0,0,0,0,0,0,0,0,0,0,0,0,0,0,0,0,0,0,0,0,0,0,0,0,0,0,0,0,0,0
STAT,(NULL),MeminfoPost,44,1584,36,36,36,36,36,36,36,36,36,36,36,36,36,36,36,36,36,36,36,36,36,36,36,36,36,36,36,36,36,36,36,36,36,36,36,36,36,36,36,36,36,36,36,36
STAT,(NULL),MeminfoPre,44,1584,36,36,36,36,36,36,36,36,36,36,36,36,36,36,36,36,36,36,36,36,36,36,36,36,36,36,36,36,36,36,36,36,36,36,36,36,36,36,36,36,36,36,36,36
STAT,(NULL),NumaPost,44,12523,10182,1335,646,360,0,0,0,0,0,0,0,0,0,0,0,0,0,0,0,0,0,0,0,0,0,0,0,0,0,0,0,0,0,0,0,0,0,0,0,0,0,0,0,0
STAT,(NULL),PopTime,44,66764363238,1505128770,1544440147,1509131424,1541601903,1541079573,1541091771,1498715671,1522348186,1506601064,1496393586,1513068042,1504499793,1514386724,1520591228,1519164621,1516255021,1504461054,1507160391,1508437211,1514812870,1511028393,1522113741,1505736084,1509434416,1503867914,1537371718,1514702692,1511074817,1522347855,1535233292,1536670934,1520383384,1516069374,1512164669,1508545664,1509313832,1512818808,1512393767,1531872264,1523336108,1528085858,1493810366,1518372828,1538245410
STAT,(NULL),PushTime,44,175593868510,4044507586,3995059984,3986063197,3973962135,3984717090,3981091942,4004879119,3989738049,3976191385,3995127927,3976761965,3981757125,3990809406,3976911907,3990658044,3995641314,3999793928,3993560802,3991243772,3990897906,4002419861,3981856585,3995756790,4000737849,3997623801,3982714002,3980890719,3984607299,3990154178,3987794524,3983760498,3981497902,3987199014,3996612886,3979548041,3983798185,3995622297,4004766466,3996971734,3987682478,3983816902,3989919011,4005180450,3993562455
STAT,(NULL),RusageSys,44,0,0,0,0,0,0,0,0,0,0,0,0,0,0,0,0,0,0,0,0,0,0,0,0,0,0,0,0,0,0,0,0,0,0,0,0,0,0,0,0,0,0,0,0,0
STAT,(NULL),RusageUser,44,163132000,163132000,0,0,0,0,0,0,0,0,0,0,0,0,0,0,0,0,0,0,0,0,0,0,0,0,0,0,0,0,0,0,0,0,0,0,0,0,0,0,0,0,0,0,0
STAT,(NULL),Threads,44,44,44,0,0,0,0,0,0,0,0,0,0,0,0,0,0,0,0,0,0,0,0,0,0,0,0,0,0,0,0,0,0,0,0,0,0,0,0,0,0,0,0,0,0,0
STAT,(NULL),Time,44,8336000246,8336000246,0,0,0,0,0,0,0,0,0,0,0,0,0,0,0,0,0,0,0,0,0,0,0,0,0,0,0,0,0,0,0,0,0,0,0,0,0,0,0,0,0,0,0
STAT,(NULL),TotalTime,44,15958904832,15958904832,0,0,0,0,0,0,0,0,0,0,0,0,0,0,0,0,0,0,0,0,0,0,0,0,0,0,0,0,0,0,0,0,0,0,0,0,0,0,0,0,0,0,0
STAT,(NULL),UserTime,44,88854554162,1988382074,2030999843,2013599685,2041370491,2039795647,2039096755,1990662331,2009213196,2014834268,1994324049,2027580735,2010596134,2003732490,2027606448,2023115535,2013389715,1997466124,2000474332,2007703476,2007699380,2002192873,2015901981,2010076923,2010970034,2011075547,2044170492,2025280319,2021407470,2033579434,2042758073,2038478253,2038216588,2027837097,2019879906,2024473974,2019021908,2011838455,2009012633,2039939307,2034386794,2029071200,2014094391,2015515106,2033732696
STAT,(NULL),Work,44,358471952682,8147133899,8147082956,8147082242,8147083466,8147080914,8147082850,8147111734,8147081718,8147102459,8147083143,8147082768,8147085418,8147111911,8147106648,8147101754,8147105276,8147085866,8147090314,8147116424,8147083178,8147079883,8147082402,8147077132,8147105678,8147078171,8147078511,8147078810,8147083770,8147078253,8147078192,8147081130,8147078885,8147095445,8147080330,8147082400,8147104981,8147105413,8147081912,8147078277,8147078605,8147105415,8147105590,8147078398,8147080161
STAT,(NULL),nBad,44,2746,58,45,62,116,112,69,78,75,62,47,63,42,51,66,50,24,59,81,86,51,45,82,87,55,38,40,72,58,40,64,44,54,92,54,62,43,58,61,49,66,71,56,102,56
STAT,(NULL),nEmpty,44,5669762,123204,138484,127674,139706,139622,138804,118389,129021,123053,114005,128431,122810,119031,129802,130079,126868,124171,115287,118432,122744,126062,129226,125925,121943,128633,141732,130865,129760,136395,139971,141257,136027,132340,130532,129067,122565,125855,119451,138582,135581,127664,121379,130273,139060
STAT,(NULL),nEmptyPop,44,910261,21619,22220,21360,22076,22196,21978,21144,21985,21676,21148,21575,21722,21603,21568,21716,21614,21409,21276,21454,21294,21764,21981,19275,19208,19457,20021,19550,19636,19734,20069,19982,19814,19831,19345,19573,19623,19772,19807,20125,19741,19934,19415,19740,20231
STAT,(NULL),nOverall,44,67111607,1508240,1652898,1456243,1662931,1660909,1665973,1400372,1484527,1435832,1376765,1497178,1436228,1462671,1526611,1520192,1491489,1392458,1431885,1469445,1479937,1453257,1489712,1467191,1488949,1449888,1674937,1519741,1499015,1577296,1665009,1672060,1589773,1563897,1536663,1539144,1460450,1493299,1491916,1651813,1597766,1605141,1419110,1541489,1651307
STAT,(NULL),nPop,44,22447673,500626,551632,491608,555639,554729,555467,468193,500191,481709,457810,502524,482000,485026,511825,509811,499761,472379,473112,485674,492807,489465,502276,492393,493743,491020,560684,511068,504220,531031,556849,559419,533537,523302,514927,513648,487596,499069,492481,551559,534579,528467,475855,515934,552028
STAT,(NULL),nPush,44,22447670,510060,559675,472462,563101,562111,563323,469872,483743,466025,458102,496428,473241,503058,494169,491536,491482,453804,487017,507883,507352,476298,492767,488317,512001,463712,565403,503947,505953,518117,562528,565693,539961,521689,517861,520448,479240,498321,503551,557028,536773,550172,481023,514870,557553
STAT,(NULL),nPushInit,44,3,1,1,1,0,0,0,0,0,0,0,0,0,0,0,0,0,0,0,0,0,0,0,0,0,0,0,0,0,0,0,0,0,0,0,0,0,0,0,0,0,0,0,0,0
==== BENCHMARK TOOK 8.014
==== BENCHMARK START ===
==== PARAMS kernel=4.9.5-64-net1 malloc=libc hostname=rack-castor threads=44 delta=4 prog=sssp-klsm256mq  ===
ERROR: ld.so: object '/specific/disk1/home/adamx/malloc/lib64/libjemalloc.so' from LD_PRELOAD cannot be preloaded (cannot open shared object file): ignored.
Galois Benchmark Suite v2.2.1 (r0)
Copyright (C) 2014 The University of Texas at Austin
http://iss.ices.utexas.edu/galois/

application: Single Source Shortest Path
Computes the shortest path from a source node to all nodes in a directed graph using a modified chaotic iteration algorithm
http://iss.ices.utexas.edu/?p=projects/galois/benchmarks/single_source_shortest_path

INFO: CommandLine ./build/debug/apps/sssp/sssp -noverify -t 44 -delta 4 -wl klsm256mq -startNode 0 /specific/disk1/home/mad/Galois-PQ/inputs/random/r4-2e24.gr
INFO: Hostname rack-castor
Read 16777216 nodes
Running Asynchronous with CAS version
INFO: Using delta-step of 1
WARNING: Performance varies considerably due to delta parameter.
WARNING: Do not expect the default to be good for your graph.
Node 1 has distance 8445
STATTYPE,LOOP,CATEGORY,n,sum,T0,T1,T2,T3,T4,T5,T6,T7,T8,T9,T10,T11,T12,T13,T14,T15,T16,T17,T18,T19,T20,T21,T22,T23,T24,T25,T26,T27,T28,T29,T30,T31,T32,T33,T34,T35,T36,T37,T38,T39,T40,T41,T42,T43
STAT,(NULL),BadWork,44,3880685,110324,68675,61857,70425,96817,105665,64367,80856,43796,69554,104440,67873,84566,97800,109278,100981,61246,92522,85576,71051,146492,80409,71976,101890,86951,91465,92987,82575,109653,95818,93425,79164,158107,91284,38546,83959,106246,95178,109204,97653,69268,80985,56248,113533
STAT,(NULL),BarrierTime,44,8305906,602065,499297,467112,436334,413973,417985,395328,355276,357752,320977,304804,310489,304460,246996,308398,253896,239928,264810,257768,217540,215084,212054,43192,42771,42863,43508,42936,42076,27025,42871,43223,41226,42516,42044,42743,42689,43132,42355,42101,42460,41748,24026,42748,43327
STAT,(NULL),ConflictTime,44,0,0,0,0,0,0,0,0,0,0,0,0,0,0,0,0,0,0,0,0,0,0,0,0,0,0,0,0,0,0,0,0,0,0,0,0,0,0,0,0,0,0,0,0,0
STAT,(NULL),Conflicts,44,0,0,0,0,0,0,0,0,0,0,0,0,0,0,0,0,0,0,0,0,0,0,0,0,0,0,0,0,0,0,0,0,0,0,0,0,0,0,0,0,0,0,0,0,0
STAT,(NULL),EmptyPopTime,44,1782866358,40096252,40289697,45808882,40032132,40652716,40427870,45860457,45013681,41760776,42706940,43576728,41060941,46977443,44419411,44594265,41846467,43817795,41640317,44115451,43006887,44692215,44001652,39458827,40436660,38824767,35612455,35985833,39705816,40410886,35788983,35853731,36499787,39689503,37651828,36838334,36986089,38472427,36811838,37245682,38131847,40389301,40970976,38250099,36451714
STAT,(NULL),EmptyWork,44,3472912149,79802766,81894888,80506465,77346236,77009349,78489214,78089379,78319124,78229086,80011916,80155831,75584791,79912033,78609050,78965478,79348192,77689763,80027710,78275774,77504790,80867045,78979097,77467760,78844411,78994699,81956569,79411303,76997085,79235871,78570055,80575668,79113350,79376240,79037089,79209413,78653359,80382716,79018128,80083555,80194663,76821147,77801943,79648224,75900924
STAT,(NULL),GaloisTime,44,21675697423,456994550,457034936,505931119,461950861,464533082,460330631,508238501,514159145,515563772,506482154,507816623,497866845,523895596,512231606,519899782,492034855,514902109,490447651,518701754,520182988,493693474,501320631,495771371,510179719,494137442,463379426,488936444,505836250,494683650,462655446,465643780,478460383,506265839,482030502,485695107,496853899,484689626,481331346,463088051,508306867,505421695,508834398,490670109,458613408
STAT,(NULL),InitPushTime,44,2915610,33052,11104,69324,36647,36274,35874,40468,40328,39576,35403,38660,38352,38328,64240,35552,39248,45496,33601,36960,37112,38796,37644,131030,131010,130734,130911,131622,131909,92914,131048,129390,102589,92636,92841,92287,90267,91754,89509,89893,34752,34536,35152,35228,31559
STAT,(NULL),Iterations,44,22447779,538048,549434,487347,552580,551188,552854,479696,476877,486638,492417,491049,516422,463880,480251,465014,504423,473306,517650,475533,484171,497829,489288,503436,480935,507289,557445,529490,499370,504509,553902,557552,536612,499565,526392,523185,518195,514160,522071,549689,500848,497389,488025,503603,548222
STAT,(NULL),LoopTime,44,8229513404,8229513404,0,0,0,0,0,0,0,0,0,0,0,0,0,0,0,0,0,0,0,0,0,0,0,0,0,0,0,0,0,0,0,0,0,0,0,0,0,0,0,0,0,0,0
STAT,(NULL),MeminfoPost,44,1584,36,36,36,36,36,36,36,36,36,36,36,36,36,36,36,36,36,36,36,36,36,36,36,36,36,36,36,36,36,36,36,36,36,36,36,36,36,36,36,36,36,36,36,36
STAT,(NULL),MeminfoPre,44,1584,36,36,36,36,36,36,36,36,36,36,36,36,36,36,36,36,36,36,36,36,36,36,36,36,36,36,36,36,36,36,36,36,36,36,36,36,36,36,36,36,36,36,36,36
STAT,(NULL),NumaPost,44,12515,10179,1348,844,144,0,0,0,0,0,0,0,0,0,0,0,0,0,0,0,0,0,0,0,0,0,0,0,0,0,0,0,0,0,0,0,0,0,0,0,0,0,0,0,0
STAT,(NULL),PopTime,44,66261507252,1508297836,1533964307,1499789518,1529662003,1526261505,1528045162,1501253038,1497382596,1497285044,1501135416,1500546613,1505770888,1486813683,1494445078,1492197742,1510269575,1491124689,1515402335,1489511706,1493863381,1509210615,1504467348,1497370373,1489812193,1505275910,1525141653,1503416551,1498553662,1500686999,1527608760,1519535817,1513568006,1501317236,1505904153,1507828689,1500524867,1507407377,1510773533,1522744966,1494180672,1496638109,1491709690,1500926083,1523881875
STAT,(NULL),PushTime,44,173924446576,3999055318,3942521322,3950011124,3943679234,3942023404,3940284226,3956010528,3946842617,3945949387,3951352037,3948536988,3938577386,3957852447,3953134553,3960434967,3955631156,3966839273,3938610802,3955663312,3935525179,3960894428,3949945808,3961823855,3963289766,3956192741,3945093509,3949569785,3943467769,3962861379,3953033177,3943141480,3941708214,3948502276,3943678385,3957150383,3949426252,3963425371,3959664611,3954047390,3943606228,3954359013,3955862746,3970496630,3964670120
STAT,(NULL),RusageSys,44,0,0,0,0,0,0,0,0,0,0,0,0,0,0,0,0,0,0,0,0,0,0,0,0,0,0,0,0,0,0,0,0,0,0,0,0,0,0,0,0,0,0,0,0,0
STAT,(NULL),RusageUser,44,161420000,161420000,0,0,0,0,0,0,0,0,0,0,0,0,0,0,0,0,0,0,0,0,0,0,0,0,0,0,0,0,0,0,0,0,0,0,0,0,0,0,0,0,0,0,0
STAT,(NULL),Threads,44,44,44,0,0,0,0,0,0,0,0,0,0,0,0,0,0,0,0,0,0,0,0,0,0,0,0,0,0,0,0,0,0,0,0,0,0,0,0,0,0,0,0,0,0,0
STAT,(NULL),Time,44,8244678932,8244678932,0,0,0,0,0,0,0,0,0,0,0,0,0,0,0,0,0,0,0,0,0,0,0,0,0,0,0,0,0,0,0,0,0,0,0,0,0,0,0,0,0,0,0
STAT,(NULL),TotalTime,44,14610031210,14610031210,0,0,0,0,0,0,0,0,0,0,0,0,0,0,0,0,0,0,0,0,0,0,0,0,0,0,0,0,0,0,0,0,0,0,0,0,0,0,0,0,0,0,0
STAT,(NULL),UserTime,44,87588518159,1977248787,2005792687,1979450426,2008828976,2011017320,2013922482,1972044463,1979780475,1982708865,1979808770,1980863659,2002637914,1966045876,1978654652,1965405970,1982366776,1967122253,1995369637,1975228525,1991414255,1972140791,1982782284,1989607717,1978937431,1988074757,2010317226,2004180056,1996940954,1983621115,2003843904,2016749910,2012149118,1986349290,2013198471,1994778584,1999056178,1987123123,1993900845,2004290733,1997079629,1987871105,1986320244,1981509475,2001982451
STAT,(NULL),Work,44,354711043910,8061635458,8061610987,8061636006,8061612908,8061618719,8061616476,8061624130,8061616666,8061610291,8061614635,8061622502,8061615325,8061621618,8061616322,8061625310,8061619118,8061614914,8061622107,8061617702,8061624456,8061620552,8061628507,8061606793,8061609147,8061607143,8061606981,8061606869,8061608400,8061623598,8061606760,8061606690,8061604768,8061607052,8061609976,8061607290,8061607103,8061606776,8061606793,8061613148,8061606590,8061608514,8061625418,8061606632,8061606760
STAT,(NULL),nBad,44,2926,87,53,45,58,75,90,53,59,31,60,83,60,62,80,80,78,47,71,56,55,81,66,60,82,67,73,69,62,81,78,69,63,96,45,33,66,75,77,84,77,52,62,43,82
STAT,(NULL),nEmpty,44,5669829,135705,138297,122698,138701,138007,138811,117769,117600,126254,126143,124090,134839,116073,119866,118825,128659,122352,133434,121775,123152,125242,123617,124647,119280,126615,140496,137546,126066,125445,139532,140142,134486,127002,132594,130324,132843,129494,134928,138887,127905,124788,119514,127088,138298
STAT,(NULL),nEmptyPop,44,928764,22117,22395,22076,22351,22629,22598,21960,21751,21472,21996,21867,22275,21861,21793,21698,21971,21950,22450,22018,21746,22113,21854,20123,19851,20082,20421,20283,19886,20023,20424,20488,20178,19958,20346,19854,20196,20138,20319,20565,20053,20052,19959,19982,20642
STAT,(NULL),nOverall,44,67111787,1608947,1645952,1457735,1657345,1653521,1656631,1447224,1436072,1442648,1465980,1468126,1525587,1391213,1442943,1384282,1501958,1402359,1535532,1414861,1443156,1490990,1461264,1514751,1447649,1521934,1667954,1567865,1493420,1514957,1657173,1668988,1608328,1490465,1576870,1571452,1542392,1539049,1548209,1642637,1490169,1490430,1476093,1506582,1640094
STAT,(NULL),nPop,44,22447779,538048,549434,487347,552580,551188,552854,479696,476877,486638,492417,491049,516422,463880,480251,465014,504423,473306,517650,475533,484171,497829,489288,503436,480935,507289,557445,529490,499370,504509,553902,557552,536612,499565,526392,523185,518195,514160,522071,549689,500848,497389,488025,503603,548222
STAT,(NULL),nPush,44,22447776,535283,554462,491076,558197,557822,558761,492703,482020,471520,487334,487516,490414,472057,486734,461370,498266,464121,504421,467545,479416,496212,480977,511656,503362,516674,560175,509754,499068,514248,557128,560369,530988,498353,525401,542045,522537,507971,514118,552339,482852,506157,494727,506712,552915
STAT,(NULL),nPushInit,44,3,1,1,1,0,0,0,0,0,0,0,0,0,0,0,0,0,0,0,0,0,0,0,0,0,0,0,0,0,0,0,0,0,0,0,0,0,0,0,0,0,0,0,0,0
==== BENCHMARK TOOK 7.425
==== BENCHMARK START ===
==== PARAMS kernel=4.9.5-64-net1 malloc=libc hostname=rack-castor threads=44 delta=4 prog=sssp-klsm256mq  ===
ERROR: ld.so: object '/specific/disk1/home/adamx/malloc/lib64/libjemalloc.so' from LD_PRELOAD cannot be preloaded (cannot open shared object file): ignored.
Galois Benchmark Suite v2.2.1 (r0)
Copyright (C) 2014 The University of Texas at Austin
http://iss.ices.utexas.edu/galois/

application: Single Source Shortest Path
Computes the shortest path from a source node to all nodes in a directed graph using a modified chaotic iteration algorithm
http://iss.ices.utexas.edu/?p=projects/galois/benchmarks/single_source_shortest_path

INFO: CommandLine ./build/debug/apps/sssp/sssp -noverify -t 44 -delta 4 -wl klsm256mq -startNode 0 /specific/disk1/home/mad/Galois-PQ/inputs/random/r4-2e24.gr
INFO: Hostname rack-castor
Read 16777216 nodes
Running Asynchronous with CAS version
INFO: Using delta-step of 1
WARNING: Performance varies considerably due to delta parameter.
WARNING: Do not expect the default to be good for your graph.
Node 1 has distance 8445
STATTYPE,LOOP,CATEGORY,n,sum,T0,T1,T2,T3,T4,T5,T6,T7,T8,T9,T10,T11,T12,T13,T14,T15,T16,T17,T18,T19,T20,T21,T22,T23,T24,T25,T26,T27,T28,T29,T30,T31,T32,T33,T34,T35,T36,T37,T38,T39,T40,T41,T42,T43
STAT,(NULL),BadWork,44,2766885,65442,49349,55666,93345,53478,93970,61364,88647,64101,29477,57061,53536,54763,35014,71094,71887,88360,104976,49020,62415,36328,67157,58730,39104,48323,75672,83966,81921,71557,55906,30944,62394,82586,70772,66023,71409,52821,65462,61187,51372,45858,46932,96180,41316
STAT,(NULL),BarrierTime,44,8713916,652304,543457,432660,434841,435478,418503,391288,356626,357715,286023,353873,310912,318428,307585,296850,238026,248724,251553,249196,224106,186276,259627,18753,83980,30286,55829,57765,54552,84635,58341,56539,63364,57780,56672,53724,56820,51455,54816,56724,15989,43934,45424,44436,58047
STAT,(NULL),ConflictTime,44,0,0,0,0,0,0,0,0,0,0,0,0,0,0,0,0,0,0,0,0,0,0,0,0,0,0,0,0,0,0,0,0,0,0,0,0,0,0,0,0,0,0,0,0,0
STAT,(NULL),Conflicts,44,0,0,0,0,0,0,0,0,0,0,0,0,0,0,0,0,0,0,0,0,0,0,0,0,0,0,0,0,0,0,0,0,0,0,0,0,0,0,0,0,0,0,0,0,0
STAT,(NULL),EmptyPopTime,44,1772418320,42686114,41392447,46074565,40331916,39661608,40256396,45903683,42820560,43555160,45159436,42027713,42837198,43719653,44829924,44148388,45323091,43284131,44661241,42675536,42934151,44083074,45444155,40168698,38558688,39308735,34836770,35360080,36726327,37721182,35602443,34627406,38260706,36318707,36325861,37452356,37914780,35838247,42121881,35206565,39745218,36439251,38302513,36069584,35702182
STAT,(NULL),EmptyWork,44,3581775621,82262102,82775810,80774159,83292939,81500708,83846966,80797648,81798586,79456206,81848647,81473034,82040483,81035742,79728284,81894922,82841959,80808669,83961083,80329826,78691308,83226813,77462957,80263324,80985729,82052858,77560064,83453855,79976772,81500131,81546468,80513797,83009598,82143117,80512798,82879037,78258017,82789560,83559903,82460541,82114403,80848564,82074163,81814568,79609503
STAT,(NULL),GaloisTime,44,21868322308,486357525,464976364,526750837,464690919,464899122,463083518,511436788,501884777,493935138,520927556,520658344,512838942,519158111,519757620,516689755,507209116,511081518,532287726,515967002,488567868,508006515,514460681,506429123,525693293,506780952,465086666,477789332,496145463,505735809,462535080,464357881,507136153,483274070,484508138,498687118,516334773,489703049,494753634,459555216,522879231,481337800,517256326,477860365,458857094
STAT,(NULL),InitPushTime,44,2504560,27016,12176,98376,36541,36329,36034,36669,36341,35303,66176,35194,38660,34902,34536,39452,35749,38804,33707,37204,34244,55080,34562,100430,100511,99997,99689,100151,99118,99447,99396,98567,58395,58161,57926,56709,56753,57332,56804,56386,55696,55117,54641,55932,54347
STAT,(NULL),Iterations,44,22446949,501796,553361,476308,555001,556116,557584,484293,499616,512231,476911,485834,492022,485658,478145,480126,483628,484545,467883,492208,521250,485264,472522,492746,476299,496784,559629,546994,518700,501000,556011,559874,499193,532423,533862,513311,491931,521399,497756,552558,481716,536679,491491,533602,550689
STAT,(NULL),LoopTime,44,8325700804,8325700804,0,0,0,0,0,0,0,0,0,0,0,0,0,0,0,0,0,0,0,0,0,0,0,0,0,0,0,0,0,0,0,0,0,0,0,0,0,0,0,0,0,0,0
STAT,(NULL),MeminfoPost,44,1584,36,36,36,36,36,36,36,36,36,36,36,36,36,36,36,36,36,36,36,36,36,36,36,36,36,36,36,36,36,36,36,36,36,36,36,36,36,36,36,36,36,36,36,36
STAT,(NULL),MeminfoPre,44,1584,36,36,36,36,36,36,36,36,36,36,36,36,36,36,36,36,36,36,36,36,36,36,36,36,36,36,36,36,36,36,36,36,36,36,36,36,36,36,36,36,36,36,36,36
STAT,(NULL),NumaPost,44,12503,10175,1347,837,144,0,0,0,0,0,0,0,0,0,0,0,0,0,0,0,0,0,0,0,0,0,0,0,0,0,0,0,0,0,0,0,0,0,0,0,0,0,0,0,0
STAT,(NULL),PopTime,44,66960018564,1519011540,1546496627,1506033064,1549733651,1552868851,1552897607,1519617218,1525561962,1528364406,1514736284,1508367067,1524261778,1515027817,1514768533,1516100706,1515756041,1516823509,1511573274,1518399701,1531004395,1510960497,1508244808,1509262118,1501201453,1510961496,1539496820,1528250894,1518550457,1511502616,1530733910,1536543240,1515046388,1524397757,1533882270,1523135258,1504434903,1519407000,1521454121,1536361077,1505490614,1522921954,1504463163,1523543450,1532368269
STAT,(NULL),PushTime,44,175012547192,4023250396,3966605191,3972833393,3958021677,3964992317,3953446133,3976796006,3973502790,3970652726,3970468211,3973673778,3952521166,3970770567,3977217499,3978324090,3980833777,3980715243,3968002794,3972210059,3968365546,3992826840,3988756756,3990853975,3986748126,3985313701,3971854943,3973541292,3970785601,3987902707,3982700620,3970800744,3980069363,3976979584,3970075824,3966629284,3984992885,3982841453,3994714090,3988443630,3975923200,3977302365,3978978991,3987429318,3992878541
STAT,(NULL),RusageSys,44,0,0,0,0,0,0,0,0,0,0,0,0,0,0,0,0,0,0,0,0,0,0,0,0,0,0,0,0,0,0,0,0,0,0,0,0,0,0,0,0,0,0,0,0,0
STAT,(NULL),RusageUser,44,162904000,162904000,0,0,0,0,0,0,0,0,0,0,0,0,0,0,0,0,0,0,0,0,0,0,0,0,0,0,0,0,0,0,0,0,0,0,0,0,0,0,0,0,0,0,0
STAT,(NULL),Threads,44,44,44,0,0,0,0,0,0,0,0,0,0,0,0,0,0,0,0,0,0,0,0,0,0,0,0,0,0,0,0,0,0,0,0,0,0,0,0,0,0,0,0,0,0,0
STAT,(NULL),Time,44,8338757100,8338757100,0,0,0,0,0,0,0,0,0,0,0,0,0,0,0,0,0,0,0,0,0,0,0,0,0,0,0,0,0,0,0,0,0,0,0,0,0,0,0,0,0,0,0
STAT,(NULL),TotalTime,44,15960497346,15960497346,0,0,0,0,0,0,0,0,0,0,0,0,0,0,0,0,0,0,0,0,0,0,0,0,0,0,0,0,0,0,0,0,0,0,0,0,0,0,0,0,0,0,0
STAT,(NULL),UserTime,44,88761449211,1981803213,2033127650,2002907524,2039305672,2031453950,2041846316,2000825643,2009806488,2019412081,2002232496,2009175475,2020872795,2005663581,1999072812,1998217325,2003411829,2002661222,1994889772,2005792948,2025809340,1996271945,2001007057,2008399623,2002188365,2010961462,2046541329,2036981363,2033191656,2011010838,2042258184,2048533406,2011850968,2032263529,2030071935,2026593437,2013440598,2024796607,1998772823,2033350046,2009226259,2036526871,2014301832,2028659630,2035961316
STAT,(NULL),Work,44,357961654253,8135510612,8135493140,8135495030,8135495523,8135495587,8135495420,8135518881,8135493905,8135495348,8135491953,8135500186,8135495522,8135495860,8135496677,8135506170,8135512009,8135493040,8135504550,8135498936,8135491502,8135500608,8135495239,8135507944,8135479954,8135507686,8135481403,8135481285,8135485052,8135479356,8135481218,8135481145,8135478860,8135483308,8135481112,8135482850,8135484776,8135481538,8135481180,8135481336,8135511077,8135481330,8135482312,8135481177,8135482656
STAT,(NULL),nBad,44,2144,51,38,45,71,42,66,49,53,50,24,48,41,42,25,55,54,62,79,43,47,26,46,47,36,31,58,64,64,60,46,23,48,67,57,56,54,48,53,48,41,40,37,78,31
STAT,(NULL),nEmpty,44,5669196,125280,138858,120940,139185,139914,140217,118685,125788,126149,118668,124558,124805,124462,117777,121556,120358,122053,118899,125605,128778,122273,115344,121571,123995,124155,141578,139615,132616,129716,140221,141386,126087,133968,134317,132562,127623,136456,121947,139987,121390,137542,125580,138067,138665
STAT,(NULL),nEmptyPop,44,907650,21331,22141,21636,22302,21954,22192,21494,21470,21993,21411,21100,21275,21677,21157,21311,21734,21340,21309,21396,21891,21551,21282,19532,19207,19546,19740,19859,19639,19145,20079,19734,19503,19707,19608,19851,19492,19747,19767,19767,19281,20118,19342,20019,20020
STAT,(NULL),nOverall,44,67111005,1506305,1657202,1423431,1665860,1664028,1667953,1462481,1497013,1542675,1430685,1444831,1468650,1446635,1440727,1435608,1450164,1447972,1395805,1464989,1570926,1453114,1428135,1486059,1408581,1490857,1671704,1629203,1543357,1483752,1665550,1673110,1493341,1594580,1598738,1523182,1456599,1541093,1502104,1650165,1440904,1597872,1463716,1582013,1649336
STAT,(NULL),nPop,44,22446949,501796,553361,476308,555001,556116,557584,484293,499616,512231,476911,485834,492022,485658,478145,480126,483628,484545,467883,492208,521250,485264,472522,492746,476299,496784,559629,546994,518700,501000,556011,559874,499193,532423,533862,513311,491931,521399,497756,552558,481716,536679,491491,533602,550689
STAT,(NULL),nPush,44,22446946,505212,557042,467238,561581,560073,560971,499230,504320,528178,479455,475068,483964,483013,501665,476299,488907,485762,468720,493285,533845,486250,495096,502824,461004,497037,562258,543665,515363,487090,559318,561456,492531,526937,544275,503367,470131,493608,513113,553749,488922,527484,481951,512471,553218
STAT,(NULL),nPushInit,44,3,1,1,1,0,0,0,0,0,0,0,0,0,0,0,0,0,0,0,0,0,0,0,0,0,0,0,0,0,0,0,0,0,0,0,0,0,0,0,0,0,0,0,0,0
==== BENCHMARK TOOK 8.061
==== BENCHMARK START ===
==== PARAMS kernel=4.9.5-64-net1 malloc=libc hostname=rack-castor threads=44 delta=4 prog=sssp-klsm256mq  ===
ERROR: ld.so: object '/specific/disk1/home/adamx/malloc/lib64/libjemalloc.so' from LD_PRELOAD cannot be preloaded (cannot open shared object file): ignored.
Galois Benchmark Suite v2.2.1 (r0)
Copyright (C) 2014 The University of Texas at Austin
http://iss.ices.utexas.edu/galois/

application: Single Source Shortest Path
Computes the shortest path from a source node to all nodes in a directed graph using a modified chaotic iteration algorithm
http://iss.ices.utexas.edu/?p=projects/galois/benchmarks/single_source_shortest_path

INFO: CommandLine ./build/debug/apps/sssp/sssp -noverify -t 44 -delta 4 -wl klsm256mq -startNode 0 /specific/disk1/home/mad/Galois-PQ/inputs/random/r4-2e24.gr
INFO: Hostname rack-castor
Read 16777216 nodes
Running Asynchronous with CAS version
INFO: Using delta-step of 1
WARNING: Performance varies considerably due to delta parameter.
WARNING: Do not expect the default to be good for your graph.
Node 1 has distance 8445
STATTYPE,LOOP,CATEGORY,n,sum,T0,T1,T2,T3,T4,T5,T6,T7,T8,T9,T10,T11,T12,T13,T14,T15,T16,T17,T18,T19,T20,T21,T22,T23,T24,T25,T26,T27,T28,T29,T30,T31,T32,T33,T34,T35,T36,T37,T38,T39,T40,T41,T42,T43
STAT,(NULL),BadWork,44,3564808,74638,66833,71367,102672,80984,51116,73952,85794,108580,68005,88199,120578,95234,54811,62624,117299,80702,52399,53611,77136,72518,99368,62545,42701,87643,115411,61825,63989,91174,95292,76155,54603,73312,46536,73451,100977,96479,91774,126861,125838,89417,79199,80079,71127
STAT,(NULL),BarrierTime,44,7414215,614207,500340,309937,387289,387452,351168,342028,300996,314808,306137,306308,236832,213832,256293,239134,142473,201564,214283,207324,201382,139670,210531,68397,47425,67782,67050,66773,67569,60336,68008,67408,36167,36370,34150,12408,36520,36027,34513,34950,37658,37605,39736,34968,38407
STAT,(NULL),ConflictTime,44,0,0,0,0,0,0,0,0,0,0,0,0,0,0,0,0,0,0,0,0,0,0,0,0,0,0,0,0,0,0,0,0,0,0,0,0,0,0,0,0,0,0,0,0,0
STAT,(NULL),Conflicts,44,0,0,0,0,0,0,0,0,0,0,0,0,0,0,0,0,0,0,0,0,0,0,0,0,0,0,0,0,0,0,0,0,0,0,0,0,0,0,0,0,0,0,0,0,0
STAT,(NULL),EmptyPopTime,44,1761351067,40909838,40929354,45342784,39465488,40243921,39959144,45512924,44338787,41557258,40828033,43121477,41142934,41410692,43422740,45012774,41336655,43434404,42577954,43307339,43082384,43394768,42668798,39576448,41158356,36336511,35499661,37804967,36264716,37582996,35719599,35272780,39763670,37639403,37011117,38768488,37868102,39599776,39560741,36203448,37203262,36519571,38915317,37325633,36756055
STAT,(NULL),EmptyWork,44,3529130020,75060872,77665546,76511706,81095261,79409317,80488728,79942326,80512830,78631569,78699955,81258618,82937123,81810917,77557983,81553442,80007945,82936334,80421826,78863789,81807724,78447267,81713701,78547078,81105840,78536211,80373122,78775657,80948128,81097455,83896299,81436615,83736498,80402593,78607457,78410642,77598448,80485037,77510654,81866900,80595966,82048894,79596983,83208520,83010244
STAT,(NULL),GaloisTime,44,21594177102,474783100,458139420,518624515,460776840,459367542,464036561,505917559,508887012,501538732,488071368,506508119,479037352,478723132,506159046,513710017,492651372,505773591,514292686,507854902,489969213,511199593,489040956,511479720,507928230,507376085,465358805,490069844,484628159,509480803,459951833,463294782,506277074,492032429,497053709,491328121,492296481,499530868,505872324,455568914,486381190,470724455,523399460,483869805,455211383
STAT,(NULL),InitPushTime,44,2355654,26178,10259,117304,78207,77938,35688,40252,39948,35018,38880,38544,38720,53064,34059,42174,75536,39836,34530,37952,37584,83219,35163,96888,60844,60602,59774,59510,58813,59627,58637,58681,58674,57229,57787,58182,56768,57486,56826,56584,54552,54450,53687,55645,54355
STAT,(NULL),Iterations,44,22447577,519784,546723,469109,550154,550269,551061,483317,482765,503222,519490,491850,528769,523166,490202,470611,506196,480236,485154,490039,517154,473635,502251,478130,477692,501041,553959,511559,525896,491232,550892,553915,490620,513401,511712,507458,510679,492184,504457,545526,518074,540288,477408,510532,545765
STAT,(NULL),LoopTime,44,8268977520,8268977520,0,0,0,0,0,0,0,0,0,0,0,0,0,0,0,0,0,0,0,0,0,0,0,0,0,0,0,0,0,0,0,0,0,0,0,0,0,0,0,0,0,0,0
STAT,(NULL),MeminfoPost,44,1584,36,36,36,36,36,36,36,36,36,36,36,36,36,36,36,36,36,36,36,36,36,36,36,36,36,36,36,36,36,36,36,36,36,36,36,36,36,36,36,36,36,36,36,36
STAT,(NULL),MeminfoPre,44,1584,36,36,36,36,36,36,36,36,36,36,36,36,36,36,36,36,36,36,36,36,36,36,36,36,36,36,36,36,36,36,36,36,36,36,36,36,36,36,36,36,36,36,36,36
STAT,(NULL),NumaPost,44,12493,10387,1343,619,144,0,0,0,0,0,0,0,0,0,0,0,0,0,0,0,0,0,0,0,0,0,0,0,0,0,0,0,0,0,0,0,0,0,0,0,0,0,0,0,0
STAT,(NULL),PopTime,44,66482126410,1511484304,1527581288,1502887707,1530006593,1527017145,1536001342,1506405362,1504372158,1508905541,1511767155,1503280854,1517820831,1509979007,1501112000,1498308835,1507817035,1504178628,1500115016,1505903174,1515628948,1495323541,1509402938,1494050793,1500654212,1502037883,1528448613,1508975956,1513034417,1505299109,1530290543,1528593223,1502197014,1501509323,1514292118,1514741361,1507186205,1498934822,1503769731,1526300623,1511822176,1523051068,1490302968,1510520877,1530813973
STAT,(NULL),PushTime,44,173859453070,3995208678,3948786174,3952587761,3941530258,3949202476,3930743916,3955442575,3944509506,3944310708,3943249703,3942708355,3933243506,3951427229,3954054255,3961548158,3960893462,3963355732,3944850030,3940483346,3944150469,3963888144,3955533544,3958187642,3963475996,3942002041,3939083205,3956184014,3947714029,3951591012,3952450338,3946962531,3952652756,3946321880,3942177224,3950051819,3950274572,3965179484,3953933486,3960373915,3949715520,3948151238,3943973599,3962436935,3954851849
STAT,(NULL),RusageSys,44,0,0,0,0,0,0,0,0,0,0,0,0,0,0,0,0,0,0,0,0,0,0,0,0,0,0,0,0,0,0,0,0,0,0,0,0,0,0,0,0,0,0,0,0,0
STAT,(NULL),RusageUser,44,161760000,161760000,0,0,0,0,0,0,0,0,0,0,0,0,0,0,0,0,0,0,0,0,0,0,0,0,0,0,0,0,0,0,0,0,0,0,0,0,0,0,0,0,0,0,0
STAT,(NULL),Threads,44,44,44,0,0,0,0,0,0,0,0,0,0,0,0,0,0,0,0,0,0,0,0,0,0,0,0,0,0,0,0,0,0,0,0,0,0,0,0,0,0,0,0,0,0,0
STAT,(NULL),Time,44,8281908834,8281908834,0,0,0,0,0,0,0,0,0,0,0,0,0,0,0,0,0,0,0,0,0,0,0,0,0,0,0,0,0,0,0,0,0,0,0,0,0,0,0,0,0,0,0
STAT,(NULL),TotalTime,44,14700163496,14700163496,0,0,0,0,0,0,0,0,0,0,0,0,0,0,0,0,0,0,0,0,0,0,0,0,0,0,0,0,0,0,0,0,0,0,0,0,0,0,0,0,0,0,0
STAT,(NULL),UserTime,44,88228405912,1981066567,2025414178,1982557991,2025641881,2023276090,2027285447,1985295366,1995894553,2003571531,2015899223,2001638827,2024332746,2015162715,1996210265,1978382548,1995806253,1978838389,1996260249,2002102896,2003877510,1986262006,2000156656,1996673039,1984192785,2012225295,2029750318,2006703606,2015923934,1993461790,2016205432,2022953839,1993886562,2020608977,2009372027,2005213639,2013290621,1994783249,1997867483,2018198793,2012795493,2018018655,2002325323,2001152064,2017869101
STAT,(NULL),Work,44,355459150085,8078626770,8078616426,8078635371,8078618972,8078619272,8078616416,8078623128,8078621842,8078618689,8078615871,8078618262,8078628308,8078613966,8078618525,8078616392,8078613075,8078621426,8078618120,8078618090,8078626896,8078622756,8078627123,8078610626,8078633457,8078610660,8078610262,8078613156,8078610641,8078609682,8078610905,8078610666,8078611159,8078611032,8078614850,8078635620,8078611016,8078613403,8078612405,8078611685,8078610790,8078611179,8078610632,8078611377,8078609186
STAT,(NULL),nBad,44,2697,61,48,54,82,57,37,57,67,72,53,67,96,63,39,53,97,55,41,46,57,60,74,49,33,72,94,50,58,71,75,54,40,57,32,60,50,79,69,99,90,65,60,60,44
STAT,(NULL),nEmpty,44,5669692,133857,136376,116886,137188,137599,137690,119551,120195,130137,133124,124976,133559,132986,121639,118727,132912,123768,124768,126863,132167,121453,125875,120665,115218,132613,138989,127154,135883,127399,139003,139255,117978,130419,131175,125593,128639,121033,123069,136521,131170,135737,124401,128292,137190
STAT,(NULL),nEmptyPop,44,912761,21822,21940,21410,21850,22345,22115,21490,21333,21646,21932,21635,22053,22330,21648,21690,21818,21833,21535,21558,22011,21398,21728,19454,19273,19471,19958,19450,19974,19502,20209,20004,19234,19527,19709,19708,19644,19592,19636,20169,19764,20073,19199,19639,20452
STAT,(NULL),nOverall,44,67111558,1541697,1642490,1408950,1652633,1649465,1652129,1455655,1450057,1491916,1546344,1466333,1581692,1561896,1474360,1406658,1493328,1426271,1441424,1453759,1539641,1409248,1505139,1430103,1449407,1473250,1657800,1537441,1558355,1454507,1648672,1658962,1490753,1531441,1522788,1528950,1528858,1485361,1525561,1636311,1547548,1617956,1412589,1530514,1633346
STAT,(NULL),nPop,44,22447577,519784,546723,469109,550154,550269,551061,483317,482765,503222,519490,491850,528769,523166,490202,470611,506196,480236,485154,490039,517154,473635,502251,478130,477692,501041,553959,511559,525896,491232,550892,553915,490620,513401,511712,507458,510679,492184,504457,545526,518074,540288,477408,510532,545765
STAT,(NULL),nPush,44,22447574,517482,552525,475372,556576,555512,556050,498586,482082,494855,507725,486656,514439,512809,506256,468999,477978,468492,483663,471781,508846,460310,494149,480391,504607,473555,557283,525046,508594,483624,554164,557982,522385,509134,498654,524142,509513,505714,532228,550509,516617,546365,467321,519071,549532
STAT,(NULL),nPushInit,44,3,1,1,1,0,0,0,0,0,0,0,0,0,0,0,0,0,0,0,0,0,0,0,0,0,0,0,0,0,0,0,0,0,0,0,0,0,0,0,0,0,0,0,0,0
==== BENCHMARK TOOK 7.410
==== BENCHMARK START ===
==== PARAMS kernel=4.9.5-64-net1 malloc=libc hostname=rack-castor threads=44 delta=4 prog=sssp-klsm256mq  ===
ERROR: ld.so: object '/specific/disk1/home/adamx/malloc/lib64/libjemalloc.so' from LD_PRELOAD cannot be preloaded (cannot open shared object file): ignored.
Galois Benchmark Suite v2.2.1 (r0)
Copyright (C) 2014 The University of Texas at Austin
http://iss.ices.utexas.edu/galois/

application: Single Source Shortest Path
Computes the shortest path from a source node to all nodes in a directed graph using a modified chaotic iteration algorithm
http://iss.ices.utexas.edu/?p=projects/galois/benchmarks/single_source_shortest_path

INFO: CommandLine ./build/debug/apps/sssp/sssp -noverify -t 44 -delta 4 -wl klsm256mq -startNode 0 /specific/disk1/home/mad/Galois-PQ/inputs/random/r4-2e24.gr
INFO: Hostname rack-castor
Read 16777216 nodes
Running Asynchronous with CAS version
INFO: Using delta-step of 1
WARNING: Performance varies considerably due to delta parameter.
WARNING: Do not expect the default to be good for your graph.
Node 1 has distance 8445
STATTYPE,LOOP,CATEGORY,n,sum,T0,T1,T2,T3,T4,T5,T6,T7,T8,T9,T10,T11,T12,T13,T14,T15,T16,T17,T18,T19,T20,T21,T22,T23,T24,T25,T26,T27,T28,T29,T30,T31,T32,T33,T34,T35,T36,T37,T38,T39,T40,T41,T42,T43
STAT,(NULL),BadWork,44,2763439,91971,47789,83496,65139,76181,71228,57006,39085,64283,65537,55984,49701,50587,58998,73975,61838,74903,55535,65032,51256,14563,51316,79732,55503,78814,116683,41655,102097,72866,73695,93605,39289,48112,50634,58282,37399,72211,73254,56210,61299,88396,30703,78573,29024
STAT,(NULL),BarrierTime,44,8817934,636097,517787,403817,412486,413670,393186,354925,310156,322046,324162,307587,238055,285446,284544,288940,123911,206934,218244,213620,186020,209756,207442,102714,85736,36044,103370,79201,102676,102301,102483,102966,49072,41039,102232,102501,102688,101716,42814,102198,102932,102957,103062,85544,102857
STAT,(NULL),ConflictTime,44,0,0,0,0,0,0,0,0,0,0,0,0,0,0,0,0,0,0,0,0,0,0,0,0,0,0,0,0,0,0,0,0,0,0,0,0,0,0,0,0,0,0,0,0,0
STAT,(NULL),Conflicts,44,0,0,0,0,0,0,0,0,0,0,0,0,0,0,0,0,0,0,0,0,0,0,0,0,0,0,0,0,0,0,0,0,0,0,0,0,0,0,0,0,0,0,0,0,0
STAT,(NULL),EmptyPopTime,44,1781789232,41195873,40213126,41024027,39830409,40230386,40547954,45473617,42710166,43852415,44703397,42199930,43720661,44070305,45057456,44706376,46891716,44058559,45313011,42319690,42271531,46715078,41710320,37164188,38498657,39768875,35424123,36742063,38613426,36330171,35238145,34954090,40594840,35262643,38219018,37167631,42034128,39965917,38442794,35787106,41256975,37691234,40454735,37189877,36172593
STAT,(NULL),EmptyWork,44,3592694755,80199259,84481343,81047403,79315271,80068577,84146134,81467626,84548889,82090124,82080093,82629881,82773694,77735252,85018390,83099438,82117416,82396628,80370025,78853100,80938354,77758640,82878951,81594120,84499388,81153332,82804326,80781656,83737530,79572493,79977765,82027727,79314627,79174906,81374092,82655406,82624422,85095486,79872229,78784776,82274062,82182257,83999814,81507370,81672483
STAT,(NULL),GaloisTime,44,22034648497,467184267,462048634,499910861,466038627,467728886,465290052,524261883,495672307,532880056,530802980,518754327,515646133,527086769,514974695,490764935,508405374,510275805,529971785,500515517,521776474,520928018,485994186,499910218,501111232,540574985,467155746,504523978,498996878,497034591,464544111,469525162,524015715,486474690,494399977,495047672,529043603,507154902,514156687,462151255,513824587,514442978,529410967,499646181,464589811
STAT,(NULL),InitPushTime,44,2162094,27614,11330,126759,36945,36760,36153,52976,44348,35339,39348,46184,60890,38916,38440,38948,95223,43180,38040,39252,49050,39384,37632,75877,76464,65516,74621,76092,75892,76000,74746,74305,43016,42708,34180,30730,33412,34276,60500,30842,32984,32692,29641,45026,29863
STAT,(NULL),Iterations,44,22446819,534941,554989,516224,558101,558339,557922,471498,518653,477690,468219,492857,492338,472384,494031,507455,482239,485562,471848,510575,490194,469804,522725,509439,507855,465555,560915,515841,520626,518617,558090,561715,486169,537239,524781,520778,474280,500312,491235,553114,491641,502177,476007,508736,553109
STAT,(NULL),LoopTime,44,8340701370,8340701370,0,0,0,0,0,0,0,0,0,0,0,0,0,0,0,0,0,0,0,0,0,0,0,0,0,0,0,0,0,0,0,0,0,0,0,0,0,0,0,0,0,0,0
STAT,(NULL),MeminfoPost,44,1584,36,36,36,36,36,36,36,36,36,36,36,36,36,36,36,36,36,36,36,36,36,36,36,36,36,36,36,36,36,36,36,36,36,36,36,36,36,36,36,36,36,36,36,36
STAT,(NULL),MeminfoPre,44,1584,36,36,36,36,36,36,36,36,36,36,36,36,36,36,36,36,36,36,36,36,36,36,36,36,36,36,36,36,36,36,36,36,36,36,36,36,36,36,36,36,36,36,36,36
STAT,(NULL),NumaPost,44,12515,10190,1346,619,360,0,0,0,0,0,0,0,0,0,0,0,0,0,0,0,0,0,0,0,0,0,0,0,0,0,0,0,0,0,0,0,0,0,0,0,0,0,0,0,0
STAT,(NULL),PopTime,44,67255606719,1533174183,1556341046,1532480194,1554867496,1559637344,1556034011,1512973553,1535560712,1516791130,1518389141,1524237455,1524543067,1512116057,1524942864,1532095497,1520827793,1520103079,1511630515,1529105464,1521133831,1516760438,1541798241,1526303731,1523818133,1501756350,1545244441,1527322271,1529306414,1526675715,1548870947,1542920392,1511098632,1533241548,1528296058,1530886522,1514018154,1520443867,1522798005,1545564235,1521829810,1516508176,1510091839,1526428998,1546639370
STAT,(NULL),PushTime,44,175759206405,4045774426,3993955080,3986042441,3979284049,3975364162,3985755048,4004261525,3982143062,3991822387,3989068065,3985680281,3989830858,3997977767,3980330272,4001379436,4000422550,3998711742,3985211713,3993313825,3983879605,4007479588,3990554392,4001259355,4009480372,4001420249,3986933015,3990344250,3988406402,3994887567,3997395429,3983430894,3999838988,3993905115,3990823601,3994300694,3991143889,4005030791,3998255416,4003019040,3994506736,3992387014,3988507829,4004700298,4000987187
STAT,(NULL),RusageSys,44,0,0,0,0,0,0,0,0,0,0,0,0,0,0,0,0,0,0,0,0,0,0,0,0,0,0,0,0,0,0,0,0,0,0,0,0,0,0,0,0,0,0,0,0,0
STAT,(NULL),RusageUser,44,163708000,163708000,0,0,0,0,0,0,0,0,0,0,0,0,0,0,0,0,0,0,0,0,0,0,0,0,0,0,0,0,0,0,0,0,0,0,0,0,0,0,0,0,0,0,0
STAT,(NULL),Threads,44,44,44,0,0,0,0,0,0,0,0,0,0,0,0,0,0,0,0,0,0,0,0,0,0,0,0,0,0,0,0,0,0,0,0,0,0,0,0,0,0,0,0,0,0,0
STAT,(NULL),Time,44,8353754582,8353754582,0,0,0,0,0,0,0,0,0,0,0,0,0,0,0,0,0,0,0,0,0,0,0,0,0,0,0,0,0,0,0,0,0,0,0,0,0,0,0,0,0,0,0
STAT,(NULL),TotalTime,44,15293771650,15293771650,0,0,0,0,0,0,0,0,0,0,0,0,0,0,0,0,0,0,0,0,0,0,0,0,0,0,0,0,0,0,0,0,0,0,0,0,0,0,0,0,0,0,0
STAT,(NULL),UserTime,44,89303821711,2008100303,2038592278,2035128471,2056296310,2052603120,2043858808,2007190565,2034993719,2008193114,2010585913,2022126761,2019113247,2016642712,2025306489,2023586692,2016962949,2020085608,2023135381,2031523888,2025632329,2005990400,2032691530,2029401316,2018224688,2010954968,2058071060,2035919641,2036571642,2041130277,2049606184,2062774304,2020770024,2047570631,2042517946,2035574797,2016766832,2017942177,2022104867,2050326436,2021938218,2032420987,2023165772,2026156838,2045571519
STAT,(NULL),Work,44,359732533567,8175750194,8175745637,8175761841,8175738630,8175739240,8175742384,8175734995,8175744061,8175748778,8175741683,8175739413,8175733982,8175735138,8175740650,8175738822,8175739153,8175744657,8175743378,8175744892,8175748800,8175738506,8175748784,8175735879,8175753784,8175730089,8175734782,8175759657,8175733924,8175732655,8175734727,8175734494,8175734262,8175731762,8175736024,8175735804,8175732852,8175734380,8175731854,8175735471,8175732284,8175734577,8175733834,8175732782,8175734072
STAT,(NULL),nBad,44,1994,57,33,59,48,56,57,44,32,48,45,44,34,31,45,55,50,53,40,50,40,12,38,54,37,58,81,29,63,51,59,74,26,33,35,40,24,46,50,40,49,71,20,61,22
STAT,(NULL),nEmpty,44,5669098,133474,139789,134018,139635,140454,140760,116501,133274,121814,115842,128024,125911,119214,123517,122703,118124,123392,117022,128342,127090,117356,131968,126950,125863,119961,141286,131502,131720,134421,140383,141495,126018,137743,134280,132139,116343,127552,127599,139337,118458,128894,118700,130870,139360
STAT,(NULL),nEmptyPop,44,907334,21874,22045,21627,22014,22182,22391,21199,21634,21166,20811,21380,21197,21153,21878,21737,21508,21654,21258,21622,21303,21357,21842,19327,19567,19187,20064,19480,19770,19710,19907,19866,19340,19480,19691,19798,19527,19762,19640,20112,19567,19598,19299,19549,20261
STAT,(NULL),nOverall,44,67110855,1605020,1661300,1530492,1674182,1670203,1670664,1419218,1539971,1423560,1410474,1458289,1466097,1413558,1481366,1539977,1455122,1448021,1419526,1530554,1452850,1410363,1563985,1530668,1527570,1383110,1677365,1539553,1554778,1536431,1669601,1679759,1441190,1598190,1562155,1553484,1431003,1489486,1453982,1655478,1491983,1494143,1430794,1511728,1653612
STAT,(NULL),nPop,44,22446819,534941,554989,516224,558101,558339,557922,471498,518653,477690,468219,492857,492338,472384,494031,507455,482239,485562,471848,510575,490194,469804,522725,509439,507855,465555,560915,515841,520626,518617,558090,561715,486169,537239,524781,520778,474280,500312,491235,553114,491641,502177,476007,508736,553109
STAT,(NULL),nPush,44,22446816,538908,559628,506748,564195,562717,563459,480804,500260,487417,475353,468375,487226,470041,498566,522572,490525,477513,478372,506011,471499,479905,518779,522602,521432,455961,564682,509826,520435,502235,560902,563510,478824,522700,512290,520063,498648,495176,478447,556482,517378,497733,488783,493582,556252
STAT,(NULL),nPushInit,44,3,1,1,1,0,0,0,0,0,0,0,0,0,0,0,0,0,0,0,0,0,0,0,0,0,0,0,0,0,0,0,0,0,0,0,0,0,0,0,0,0,0,0,0,0
==== BENCHMARK TOOK 7.650
