==== BENCHMARK START ===
==== PARAMS kernel=4.9.5-64-net1 malloc=libc hostname=rack-mad-04 threads=22 delta=4 prog=sssp-klsm4096mq4  ===
ERROR: ld.so: object '/specific/disk1/home/adamx/malloc/lib64/libjemalloc.so' from LD_PRELOAD cannot be preloaded (cannot open shared object file): ignored.
Galois Benchmark Suite v2.2.1 (r0)
Copyright (C) 2014 The University of Texas at Austin
http://iss.ices.utexas.edu/galois/

application: Single Source Shortest Path
Computes the shortest path from a source node to all nodes in a directed graph using a modified chaotic iteration algorithm
http://iss.ices.utexas.edu/?p=projects/galois/benchmarks/single_source_shortest_path

INFO: CommandLine ./build/debug/apps/sssp/sssp -noverify -t 22 -delta 4 -wl klsm4096mq4 -startNode 0 /specific/disk1/home/mad/Galois-PQ/inputs/road/USA-road-t.USA.gr
INFO: Hostname rack-mad-04
Read 23947347 nodes
Running Asynchronous with CAS version
INFO: Using delta-step of 1
WARNING: Performance varies considerably due to delta parameter.
WARNING: Do not expect the default to be good for your graph.
Node 1 has distance 5062
STATTYPE,LOOP,CATEGORY,n,sum,T0,T1,T2,T3,T4,T5,T6,T7,T8,T9,T10,T11,T12,T13,T14,T15,T16,T17,T18,T19,T20,T21
STAT,(NULL),BadWork,22,131281686761,4132145829,5093263027,6460168252,7492452342,5432325791,5331967681,6576450172,6541222690,5802325596,5177559980,5568846686,5735478802,7248757284,6089954464,5977599405,6128638088,5752390022,6882115158,5599975402,6145392579,6052376637,6060280874
STAT,(NULL),BarrierTime,22,3535363,459929,291848,239588,225565,249392,242747,229227,138136,144089,161632,117863,174419,111365,171291,135241,60040,65178,59655,51562,96108,54293,56195
STAT,(NULL),ConflictTime,22,0,0,0,0,0,0,0,0,0,0,0,0,0,0,0,0,0,0,0,0,0,0,0
STAT,(NULL),Conflicts,22,0,0,0,0,0,0,0,0,0,0,0,0,0,0,0,0,0,0,0,0,0,0,0
STAT,(NULL),EmptyPopTime,22,159098959,11276865,7039899,6070865,6079003,6912284,7781086,7536532,6604757,7345829,6418193,4231485,8007806,7455565,6433713,9440441,6468647,8483422,5240265,7843722,6503584,8134557,7790439
STAT,(NULL),EmptyWork,22,2305485866,105238129,97162665,92040543,99475158,104759805,97161479,105640375,103414059,109163197,106076566,99499536,108374345,92559248,116038121,112984925,108893827,105867039,109081153,105748972,110060554,108509313,107736857
STAT,(NULL),GaloisTime,22,98730362522,4527798065,4497047915,4498416236,4428856177,4460596933,4506738411,4520025900,4484246045,4471636539,4498321577,4479671397,4480669929,4487093794,4450755368,4470489541,4499674834,4503773215,4489071005,4494508193,4482962429,4488018441,4509990578
STAT,(NULL),InitPushTime,22,838706,58946,11578,92382,37294,36848,36887,36696,36778,36490,35688,35507,35115,35221,34642,35753,35786,35370,34038,33871,34648,34657,34511
STAT,(NULL),Iterations,22,94713992,3257497,4333439,4348319,4343590,4353127,4375343,4360186,4308650,4372779,4370181,4263738,4353186,4374790,4360599,4381982,4382355,4355235,4359685,4380306,4356312,4373917,4348776
STAT,(NULL),LoopTime,22,29928922225,29928922225,0,0,0,0,0,0,0,0,0,0,0,0,0,0,0,0,0,0,0,0,0
STAT,(NULL),MeminfoPost,22,2222,101,101,101,101,101,101,101,101,101,101,101,101,101,101,101,101,101,101,101,101,101,101
STAT,(NULL),MeminfoPre,22,2222,101,101,101,101,101,101,101,101,101,101,101,101,101,101,101,101,101,101,101,101,101,101
STAT,(NULL),NumaPost,22,14996,13978,435,390,193,0,0,0,0,0,0,0,0,0,0,0,0,0,0,0,0,0,0
STAT,(NULL),PopTime,22,236933945552,10740136901,10758052308,10778276302,10744072190,10764116830,10785593835,10803555679,10716971155,10782222843,10811350448,10653613010,10765563377,10788813302,10775262986,10800665483,10802772625,10782728319,10780722076,10780948661,10752573681,10787460591,10778472950
STAT,(NULL),PushTime,22,125782120652,5855039200,5699842713,5686927652,5696523548,5732734218,5679749620,5708551057,5672598032,5719724019,5713753301,5675241740,5705011425,5725343262,5757617671,5704646350,5725001037,5702087769,5743272956,5723207165,5755081581,5717024394,5683141942
STAT,(NULL),RusageSys,22,12000,12000,0,0,0,0,0,0,0,0,0,0,0,0,0,0,0,0,0,0,0,0,0
STAT,(NULL),RusageUser,22,297400000,297400000,0,0,0,0,0,0,0,0,0,0,0,0,0,0,0,0,0,0,0,0,0
STAT,(NULL),Threads,22,22,22,0,0,0,0,0,0,0,0,0,0,0,0,0,0,0,0,0,0,0,0,0
STAT,(NULL),Time,22,29940611750,29940611750,0,0,0,0,0,0,0,0,0,0,0,0,0,0,0,0,0,0,0,0,0
STAT,(NULL),TotalTime,22,38143781089,38143781089,0,0,0,0,0,0,0,0,0,0,0,0,0,0,0,0,0,0,0,0,0
STAT,(NULL),UserTime,22,189591727071,8465179030,8645523201,8642939187,8729663525,8635550348,8627645941,8559360716,8720835223,8614578676,8568749866,8792414146,8637043463,8603405581,8598562112,8606445030,8561858533,8601729834,8577282105,8592412897,8597489478,8595521390,8617536789
STAT,(NULL),Work,22,653506763057,29704773681,29704872129,29704884155,29704867092,29704842953,29704850471,29704863030,29704879694,29704830950,29704858037,29704861913,29704850472,29704871464,29704854365,29704847682,29704871663,29704864924,29704832035,29704839978,29704837147,29704876475,29704832747
STAT,(NULL),nBad,22,152886261,4749519,5962733,7209877,8663897,6385929,6250175,7706897,7643359,6818385,6124435,6381647,6766624,8394678,7138300,7062293,7260771,6758060,8083278,6515248,7210190,7084090,6715876
STAT,(NULL),nEmpty,22,8664229,303770,365949,352663,378631,401904,373878,403591,392008,418438,406349,369007,414915,354639,438330,434433,416254,399901,413170,404633,416098,403172,402496
STAT,(NULL),nEmptyPop,22,49923,2406,2317,1935,1981,2219,2453,2428,2118,2395,2135,1465,2559,2399,2047,2864,2007,2692,1657,2546,2187,2609,2504
STAT,(NULL),nOverall,22,211219602,7262823,9628964,9648085,9633860,9706126,9675338,9747490,9712924,9774192,9722240,9538617,9747659,9670695,9736981,9801970,9771541,9675248,9773220,9768027,9772485,9745465,9705652
STAT,(NULL),nPop,22,94713992,3257497,4333439,4348319,4343590,4353127,4375343,4360186,4308650,4372779,4370181,4263738,4353186,4374790,4360599,4381982,4382355,4355235,4359685,4380306,4356312,4373917,4348776
STAT,(NULL),nPush,22,94713989,3254556,4334794,4345476,4342772,4356181,4374312,4358920,4313567,4369380,4367788,4265513,4354972,4372049,4355512,4381767,4382311,4358016,4360994,4381803,4360029,4374603,4348674
STAT,(NULL),nPushInit,22,3,1,1,1,0,0,0,0,0,0,0,0,0,0,0,0,0,0,0,0,0,0,0
==== BENCHMARK TOOK 18.178
==== BENCHMARK START ===
==== PARAMS kernel=4.9.5-64-net1 malloc=libc hostname=rack-mad-04 threads=22 delta=4 prog=sssp-klsm4096mq4  ===
ERROR: ld.so: object '/specific/disk1/home/adamx/malloc/lib64/libjemalloc.so' from LD_PRELOAD cannot be preloaded (cannot open shared object file): ignored.
Galois Benchmark Suite v2.2.1 (r0)
Copyright (C) 2014 The University of Texas at Austin
http://iss.ices.utexas.edu/galois/

application: Single Source Shortest Path
Computes the shortest path from a source node to all nodes in a directed graph using a modified chaotic iteration algorithm
http://iss.ices.utexas.edu/?p=projects/galois/benchmarks/single_source_shortest_path

INFO: CommandLine ./build/debug/apps/sssp/sssp -noverify -t 22 -delta 4 -wl klsm4096mq4 -startNode 0 /specific/disk1/home/mad/Galois-PQ/inputs/road/USA-road-t.USA.gr
INFO: Hostname rack-mad-04
Read 23947347 nodes
Running Asynchronous with CAS version
INFO: Using delta-step of 1
WARNING: Performance varies considerably due to delta parameter.
WARNING: Do not expect the default to be good for your graph.
Node 1 has distance 5062
STATTYPE,LOOP,CATEGORY,n,sum,T0,T1,T2,T3,T4,T5,T6,T7,T8,T9,T10,T11,T12,T13,T14,T15,T16,T17,T18,T19,T20,T21
STAT,(NULL),BadWork,22,167525598006,6813911773,7406840517,8258842546,7629549428,8199638503,8351032098,8435895218,6619711223,7698875079,7646046597,8039874643,6758364724,5845959897,8464083854,7484024703,8038318318,7350720450,7284674250,7264802504,9030485382,7554756298,7349190001
STAT,(NULL),BarrierTime,22,4565046,625228,334051,412595,370277,395679,213227,210727,321658,105564,158370,291583,295297,113316,128328,120597,60710,43162,14156,30344,50767,67796,201614
STAT,(NULL),ConflictTime,22,0,0,0,0,0,0,0,0,0,0,0,0,0,0,0,0,0,0,0,0,0,0,0
STAT,(NULL),Conflicts,22,0,0,0,0,0,0,0,0,0,0,0,0,0,0,0,0,0,0,0,0,0,0,0
STAT,(NULL),EmptyPopTime,22,251022435,9218149,10797617,10452150,10260342,12120866,12092899,11444247,11723828,14505169,11566351,9724455,11380545,13657658,7499986,10691920,11942675,9864402,12349953,12126403,10679839,13025109,13897872
STAT,(NULL),EmptyWork,22,2797965066,112831960,135828560,128467458,132493944,124819927,123245941,137548368,121914536,129258799,124455801,122485724,125012813,127513059,124070693,133017912,131884051,120010895,124871198,132491107,120293744,128152526,137296050
STAT,(NULL),GaloisTime,22,118299482499,5397233603,5345797224,5379477627,5395566202,5400081354,5385526844,5379705170,5403371821,5394341643,5367372097,5369276809,5407743691,5406163070,5325400581,5388332653,5331264109,5381197503,5359813080,5372393433,5359087978,5370281396,5380054611
STAT,(NULL),InitPushTime,22,840239,23864,11095,127801,37479,37573,36814,36981,37033,36453,35662,35510,35582,35676,34466,35713,35640,35555,33980,33616,34614,34660,34472
STAT,(NULL),Iterations,22,113751803,4116288,5202624,5195395,5231987,5242902,5224538,5245852,5236051,5242835,5228585,5260479,5235501,5229536,5101522,5197196,5239055,5183501,5212095,5265488,5239463,5185528,5235382
STAT,(NULL),LoopTime,22,36801735908,36801735908,0,0,0,0,0,0,0,0,0,0,0,0,0,0,0,0,0,0,0,0,0
STAT,(NULL),MeminfoPost,22,2222,101,101,101,101,101,101,101,101,101,101,101,101,101,101,101,101,101,101,101,101,101,101
STAT,(NULL),MeminfoPre,22,2222,101,101,101,101,101,101,101,101,101,101,101,101,101,101,101,101,101,101,101,101,101,101
STAT,(NULL),NumaPost,22,15076,14059,219,605,193,0,0,0,0,0,0,0,0,0,0,0,0,0,0,0,0,0,0
STAT,(NULL),PopTime,22,304081104882,13740712504,13796412739,13793957960,13835027860,13878334291,13827084119,13855012001,13834879410,13851842651,13825253263,13850037261,13837950331,13837347637,13692675781,13805916191,13841671214,13783600525,13843914063,13879294059,13829276121,13809038962,13831865939
STAT,(NULL),PushTime,22,150995922425,7068609384,6833880300,6849841361,6884063903,6846726940,6866961421,6888957974,6836047145,6838893131,6871127163,6892480053,6843774825,6825833508,6836017978,6823213033,6860136738,6838261805,6823614817,6885663618,6858900156,6838722877,6884194295
STAT,(NULL),RusageSys,22,4000,4000,0,0,0,0,0,0,0,0,0,0,0,0,0,0,0,0,0,0,0,0,0
STAT,(NULL),RusageUser,22,365932000,365932000,0,0,0,0,0,0,0,0,0,0,0,0,0,0,0,0,0,0,0,0,0
STAT,(NULL),Threads,22,22,22,0,0,0,0,0,0,0,0,0,0,0,0,0,0,0,0,0,0,0,0,0
STAT,(NULL),Time,22,36815489044,36815489044,0,0,0,0,0,0,0,0,0,0,0,0,0,0,0,0,0,0,0,0,0
STAT,(NULL),TotalTime,22,45647632438,45647632438,0,0,0,0,0,0,0,0,0,0,0,0,0,0,0,0,0,0,0,0,0
STAT,(NULL),UserTime,22,227652463759,10220391468,10426282467,10386802336,10291585873,10286915999,10334086431,10276330907,10341061203,10320156070,10349223676,10304994173,10323135877,10338483365,10563334637,10387826541,10372098209,10416062432,10384435693,10267029690,10370762010,10389776798,10301687904
STAT,(NULL),Work,22,804083133644,36549134160,36549293726,36549116487,36549145464,36549117556,36549285582,36549288423,36549121829,36549299246,36549290502,36549116595,36549118151,36549300243,36549287580,36549294803,36549296952,36549312535,36549303160,36549294576,36549309186,36549290552,36549116336
STAT,(NULL),nBad,22,195564380,7775163,8780085,9497021,8973776,9484685,9773851,10079320,7785457,8994185,8814829,9285206,7952779,6819878,9813103,8646689,9405687,8466841,8495123,8667002,10597705,8786244,8669751
STAT,(NULL),nEmpty,22,10543649,338069,511653,480729,505761,479534,469199,522557,467023,492431,476567,469785,478689,480486,464208,504428,503767,453300,475633,505437,455988,485369,523036
STAT,(NULL),nEmptyPop,22,82117,2421,3454,3586,3442,4066,3569,3651,3977,4601,3854,3256,3955,4572,2603,3597,4061,3299,3932,4056,3221,4200,4744
STAT,(NULL),nOverall,22,253897721,9074501,11711089,11587512,11714576,11722323,11694851,11777539,11625580,11695830,11666226,11660752,11655260,11646420,11442246,11679304,11675895,11558801,11602154,11730278,11617724,11583219,11775641
STAT,(NULL),nPop,22,113751803,4116288,5202624,5195395,5231987,5242902,5224538,5245852,5236051,5242835,5228585,5260479,5235501,5229536,5101522,5197196,5239055,5183501,5212095,5265488,5239463,5185528,5235382
STAT,(NULL),nPush,22,113751800,4116353,5206229,5198690,5231616,5240827,5228265,5248940,5233088,5236710,5231749,5260073,5233931,5226365,5104373,5201550,5239717,5182372,5208936,5262667,5237110,5188099,5234140
STAT,(NULL),nPushInit,22,3,1,1,1,0,0,0,0,0,0,0,0,0,0,0,0,0,0,0,0,0,0,0
==== BENCHMARK TOOK 21.561
==== BENCHMARK START ===
==== PARAMS kernel=4.9.5-64-net1 malloc=libc hostname=rack-mad-04 threads=22 delta=4 prog=sssp-klsm4096mq4  ===
ERROR: ld.so: object '/specific/disk1/home/adamx/malloc/lib64/libjemalloc.so' from LD_PRELOAD cannot be preloaded (cannot open shared object file): ignored.
Galois Benchmark Suite v2.2.1 (r0)
Copyright (C) 2014 The University of Texas at Austin
http://iss.ices.utexas.edu/galois/

application: Single Source Shortest Path
Computes the shortest path from a source node to all nodes in a directed graph using a modified chaotic iteration algorithm
http://iss.ices.utexas.edu/?p=projects/galois/benchmarks/single_source_shortest_path

INFO: CommandLine ./build/debug/apps/sssp/sssp -noverify -t 22 -delta 4 -wl klsm4096mq4 -startNode 0 /specific/disk1/home/mad/Galois-PQ/inputs/road/USA-road-t.USA.gr
INFO: Hostname rack-mad-04
Read 23947347 nodes
Running Asynchronous with CAS version
INFO: Using delta-step of 1
WARNING: Performance varies considerably due to delta parameter.
WARNING: Do not expect the default to be good for your graph.
Node 1 has distance 5062
STATTYPE,LOOP,CATEGORY,n,sum,T0,T1,T2,T3,T4,T5,T6,T7,T8,T9,T10,T11,T12,T13,T14,T15,T16,T17,T18,T19,T20,T21
STAT,(NULL),BadWork,22,140567246525,5381295823,6103810196,6152794891,5611395644,7579752680,6071950768,6849835885,5415079655,7518826052,5409841354,6804388253,6093286805,5012671099,6637857857,7337250127,6933311532,5780921501,7946227683,6813129586,6461512333,5568560463,7083546338
STAT,(NULL),BarrierTime,22,3620010,623828,311486,216164,200348,188754,171212,177914,110682,101214,126132,112958,82358,92233,276101,89776,25796,205255,32581,34475,214253,18947,207543
STAT,(NULL),ConflictTime,22,0,0,0,0,0,0,0,0,0,0,0,0,0,0,0,0,0,0,0,0,0,0,0
STAT,(NULL),Conflicts,22,0,0,0,0,0,0,0,0,0,0,0,0,0,0,0,0,0,0,0,0,0,0,0
STAT,(NULL),EmptyPopTime,22,211836629,9981088,10392923,9281180,10729808,9882390,9827083,10866673,9767526,9033939,10534006,8789149,9982342,10191013,9822727,9728216,8678114,11579158,8212486,6755691,10152361,9155151,8493605
STAT,(NULL),EmptyWork,22,2407565199,108908787,117831374,115857910,114863790,104272316,107249934,113432457,98800323,107221241,121824410,113801856,112419626,120945967,100851863,113593971,115949452,109799110,96844951,100741140,111570605,104453274,96330842
STAT,(NULL),GaloisTime,22,103390900665,4703392232,4689397305,4712293892,4716871627,4692198735,4706115037,4715120836,4725729808,4698244205,4697290464,4691452932,4670854245,4687207510,4705669641,4691918431,4703634829,4699342734,4702633463,4712876974,4693451143,4682366500,4692838122
STAT,(NULL),InitPushTime,22,836049,23524,10842,127803,36984,36802,36195,36726,36602,36201,35440,35167,35325,35203,34554,35719,35883,35473,34651,33552,34414,34651,34338
STAT,(NULL),Iterations,22,99070139,3675076,4560661,4557801,4558967,4518769,4532667,4565598,4537532,4556983,4535861,4538611,4495415,4560044,4563254,4528429,4522836,4511258,4582006,4511651,4560169,4530898,4565653
STAT,(NULL),LoopTime,22,32764861142,32764861142,0,0,0,0,0,0,0,0,0,0,0,0,0,0,0,0,0,0,0,0,0
STAT,(NULL),MeminfoPost,22,2222,101,101,101,101,101,101,101,101,101,101,101,101,101,101,101,101,101,101,101,101,101,101
STAT,(NULL),MeminfoPre,22,2222,101,101,101,101,101,101,101,101,101,101,101,101,101,101,101,101,101,101,101,101,101,101
STAT,(NULL),NumaPost,22,15046,14231,234,388,193,0,0,0,0,0,0,0,0,0,0,0,0,0,0,0,0,0,0
STAT,(NULL),PopTime,22,277037873542,12523372166,12618940760,12625542992,12618681912,12607417013,12582035687,12665899201,12575369707,12583777838,12581085705,12579917703,12563074008,12622979663,12619717503,12581883807,12547450856,12556903739,12664371089,12536687302,12617277400,12560027047,12605460444
STAT,(NULL),PushTime,22,131731738450,6161103945,6011919786,5990797321,5970337630,5956700269,5961352777,5981248463,5934562756,5984626599,6010812020,6025450170,5990883766,5981432532,5991748535,5971991047,5961818865,5951735772,6001239524,5995977756,5972252259,5955274218,5968472440
STAT,(NULL),RusageSys,22,4000,4000,0,0,0,0,0,0,0,0,0,0,0,0,0,0,0,0,0,0,0,0,0
STAT,(NULL),RusageUser,22,324908000,324908000,0,0,0,0,0,0,0,0,0,0,0,0,0,0,0,0,0,0,0,0,0
STAT,(NULL),Threads,22,22,22,0,0,0,0,0,0,0,0,0,0,0,0,0,0,0,0,0,0,0,0,0
STAT,(NULL),Time,22,32778401349,32778401349,0,0,0,0,0,0,0,0,0,0,0,0,0,0,0,0,0,0,0,0,0
STAT,(NULL),TotalTime,22,41056054766,41056054766,0,0,0,0,0,0,0,0,0,0,0,0,0,0,0,0,0,0,0,0,0
STAT,(NULL),UserTime,22,199159257907,8945021238,9003298760,8998008044,9020295267,9081310746,9085201054,8965213263,9107551455,9068875936,9030232582,9032368455,9104565476,9029023771,9023971904,9082665217,9114247556,9122418817,8978479483,9098742515,9047077225,9140504262,9080184881
STAT,(NULL),Work,22,713944237487,32451858208,32452045047,32452044695,32452047790,32452059564,32452059731,32452051941,32452058879,32452067760,32452042996,32452059549,32452055516,32452044619,32451862996,32452047505,32452055237,32451875790,32452050937,32452051459,32451867497,32452063867,32451865904
STAT,(NULL),nBad,22,162868509,6164363,7073877,7259472,6654690,8579354,7050539,7956221,6090007,8821433,6443274,7923487,6730195,5918880,7796143,8648107,8139987,6708511,9078867,7839249,7500367,6390512,8100974
STAT,(NULL),nEmpty,22,9068187,341648,445109,443855,442327,395963,410582,432879,367622,409143,456552,432759,426776,462379,384710,431158,432102,416764,370839,382403,421859,393624,367134
STAT,(NULL),nEmptyPop,22,72496,3044,3709,3270,3744,3342,3487,3768,3389,3144,3557,2978,3399,3561,3339,3173,3091,3869,2769,2469,3417,3115,2862
STAT,(NULL),nOverall,22,221201850,8225427,10219658,10217143,10230278,10115347,10087605,10217629,10033046,10165411,10238278,10156839,10075814,10190570,10142862,10156203,10173078,10091212,10140613,10037510,10151311,10045859,10090157
STAT,(NULL),nPop,22,99070139,3675076,4560661,4557801,4558967,4518769,4532667,4565598,4537532,4556983,4535861,4538611,4495415,4560044,4563254,4528429,4522836,4511258,4582006,4511651,4560169,4530898,4565653
STAT,(NULL),nPush,22,99070136,3673483,4557195,4558126,4561626,4515558,4533685,4562459,4535237,4554855,4539489,4542757,4495240,4556469,4560096,4531458,4525657,4510009,4579144,4517482,4562630,4531607,4565874
STAT,(NULL),nPushInit,22,3,1,1,1,0,0,0,0,0,0,0,0,0,0,0,0,0,0,0,0,0,0,0
==== BENCHMARK TOOK 19.485
==== BENCHMARK START ===
==== PARAMS kernel=4.9.5-64-net1 malloc=libc hostname=rack-mad-04 threads=22 delta=4 prog=sssp-klsm4096mq4  ===
ERROR: ld.so: object '/specific/disk1/home/adamx/malloc/lib64/libjemalloc.so' from LD_PRELOAD cannot be preloaded (cannot open shared object file): ignored.
Galois Benchmark Suite v2.2.1 (r0)
Copyright (C) 2014 The University of Texas at Austin
http://iss.ices.utexas.edu/galois/

application: Single Source Shortest Path
Computes the shortest path from a source node to all nodes in a directed graph using a modified chaotic iteration algorithm
http://iss.ices.utexas.edu/?p=projects/galois/benchmarks/single_source_shortest_path

INFO: CommandLine ./build/debug/apps/sssp/sssp -noverify -t 22 -delta 4 -wl klsm4096mq4 -startNode 0 /specific/disk1/home/mad/Galois-PQ/inputs/road/USA-road-t.USA.gr
INFO: Hostname rack-mad-04
Read 23947347 nodes
Running Asynchronous with CAS version
INFO: Using delta-step of 1
WARNING: Performance varies considerably due to delta parameter.
WARNING: Do not expect the default to be good for your graph.
Node 1 has distance 5062
STATTYPE,LOOP,CATEGORY,n,sum,T0,T1,T2,T3,T4,T5,T6,T7,T8,T9,T10,T11,T12,T13,T14,T15,T16,T17,T18,T19,T20,T21
STAT,(NULL),BadWork,22,121846440953,4158983889,5810406448,4846176244,5224014699,5960286986,5701055416,6109252633,5505890596,5391498244,5791012150,5311773930,5486259307,5175432058,5297581057,5531970422,6975788884,4801591983,5072645451,4751292289,5855465551,5621402827,7466659889
STAT,(NULL),BarrierTime,22,3640369,553465,275458,237891,207219,201213,218425,215767,136482,115587,344192,142168,120912,130989,144029,121887,241354,24861,59448,20950,53087,16304,58681
STAT,(NULL),ConflictTime,22,0,0,0,0,0,0,0,0,0,0,0,0,0,0,0,0,0,0,0,0,0,0,0
STAT,(NULL),Conflicts,22,0,0,0,0,0,0,0,0,0,0,0,0,0,0,0,0,0,0,0,0,0,0,0
STAT,(NULL),EmptyPopTime,22,190338962,9593466,6740714,9618440,9105770,10024767,9057769,7101553,7510668,9379598,6782110,9779713,10055468,8659698,9199543,10102853,6650957,8951121,9317158,8524308,7628611,9206449,7348228
STAT,(NULL),EmptyWork,22,2168274766,99580591,88329449,103571351,102591320,98005497,92379452,98036234,102915477,97635620,100352225,95526487,108271954,105650133,95527018,96623002,88622986,106537500,104541247,95831711,93063569,94549552,100132391
STAT,(NULL),GaloisTime,22,93609769762,4262753387,4251313098,4260821471,4254592687,4275075767,4270857860,4252660808,4246418859,4288590963,4260136387,4267337740,4268601139,4251386295,4256252595,4261119768,4225598381,4226013805,4218863550,4297426640,4219342320,4276303162,4218303080
STAT,(NULL),InitPushTime,22,822785,38756,11934,94995,37609,37655,37221,37224,36617,36147,35925,35179,35858,35604,34417,35698,35791,35063,33637,33470,34963,34438,34584
STAT,(NULL),Iterations,22,89703401,3293553,4135266,4122270,4112566,4104779,4110165,4094268,4106669,4112097,4113130,4132669,4118392,4128611,4118301,4105886,4093201,4121473,4134214,4111829,4141257,4122351,4070454
STAT,(NULL),LoopTime,22,29553905124,29553905124,0,0,0,0,0,0,0,0,0,0,0,0,0,0,0,0,0,0,0,0,0
STAT,(NULL),MeminfoPost,22,2222,101,101,101,101,101,101,101,101,101,101,101,101,101,101,101,101,101,101,101,101,101,101
STAT,(NULL),MeminfoPre,22,2222,101,101,101,101,101,101,101,101,101,101,101,101,101,101,101,101,101,101,101,101,101,101
STAT,(NULL),NumaPost,22,15004,13981,231,385,407,0,0,0,0,0,0,0,0,0,0,0,0,0,0,0,0,0,0
STAT,(NULL),PopTime,22,249362850354,11290047156,11365856026,11342634001,11325566785,11299201786,11351808952,11302845501,11364436402,11354320485,11332375748,11317613558,11339602221,11339348013,11341706902,11326499495,11324234029,11334741995,11383273653,11336064253,11344915349,11372319616,11273438428
STAT,(NULL),PushTime,22,119259257774,5575849188,5416347981,5400678451,5419669107,5401902971,5412109185,5433699078,5430678770,5390573897,5425668537,5417340072,5401038450,5423251201,5405695453,5391655820,5420929948,5434961378,5437522556,5370456759,5440734815,5401970316,5406523841
STAT,(NULL),RusageSys,22,4000,4000,0,0,0,0,0,0,0,0,0,0,0,0,0,0,0,0,0,0,0,0,0
STAT,(NULL),RusageUser,22,293168000,293168000,0,0,0,0,0,0,0,0,0,0,0,0,0,0,0,0,0,0,0,0,0
STAT,(NULL),Threads,22,22,22,0,0,0,0,0,0,0,0,0,0,0,0,0,0,0,0,0,0,0,0,0
STAT,(NULL),Time,22,29574154705,29574154705,0,0,0,0,0,0,0,0,0,0,0,0,0,0,0,0,0,0,0,0,0
STAT,(NULL),TotalTime,22,38853930204,38853930204,0,0,0,0,0,0,0,0,0,0,0,0,0,0,0,0,0,0,0,0,0
STAT,(NULL),UserTime,22,179603638322,8043723187,8152963474,8164227459,8170026635,8197340497,8145338316,8187209658,8129590636,8141050816,8156237001,8173953050,8153981534,8153256710,8173170068,8195548833,8215516267,8170346539,8128033285,8173248949,8175867149,8127202575,8275805684
STAT,(NULL),Work,22,644200527855,29281675396,29281879097,29281871824,29281873037,29281877340,29281861725,29281864313,29281858223,29281879164,29281650783,29281858068,29281874806,29281871781,29281862953,29281880253,29281683182,29281861236,29281865894,29281869754,29281873083,29281869463,29281866480
STAT,(NULL),nBad,22,141801736,4865427,6754130,5661821,6068176,6978934,6578040,7145276,6445687,6255537,6765453,6123333,6422576,6062733,6162496,6298061,8054257,5618966,5998571,5536256,6731442,6593676,8680888
STAT,(NULL),nEmpty,22,8176823,305359,332709,395914,390727,375583,354169,369771,392213,374569,384003,365944,414234,402183,364313,363255,335747,405758,397307,366316,353338,362349,371062
STAT,(NULL),nEmptyPop,22,65423,2409,2375,3315,3271,3030,3280,2406,2657,3309,2384,3501,3568,3040,3215,3452,2341,3112,3252,3046,2608,3233,2619
STAT,(NULL),nOverall,22,200135077,7384489,9088227,9231027,9208895,9168466,9120040,9157056,9242008,9167112,9207351,9182745,9237819,9250671,9178801,9129612,9083123,9204026,9244933,9178585,9161406,9165172,9143513
STAT,(NULL),nPop,22,89703401,3293553,4135266,4122270,4112566,4104779,4110165,4094268,4106669,4112097,4113130,4132669,4118392,4128611,4118301,4105886,4093201,4121473,4134214,4111829,4141257,4122351,4070454
STAT,(NULL),nPush,22,89703398,3293376,4134840,4124187,4112660,4103307,4106401,4097831,4107994,4108491,4113891,4131600,4118233,4126344,4120240,4105232,4092678,4123683,4135044,4112709,4142246,4118618,4073793
STAT,(NULL),nPushInit,22,3,1,1,1,0,0,0,0,0,0,0,0,0,0,0,0,0,0,0,0,0,0,0
==== BENCHMARK TOOK 18.602
==== BENCHMARK START ===
==== PARAMS kernel=4.9.5-64-net1 malloc=libc hostname=rack-mad-04 threads=22 delta=4 prog=sssp-klsm4096mq4  ===
ERROR: ld.so: object '/specific/disk1/home/adamx/malloc/lib64/libjemalloc.so' from LD_PRELOAD cannot be preloaded (cannot open shared object file): ignored.
Galois Benchmark Suite v2.2.1 (r0)
Copyright (C) 2014 The University of Texas at Austin
http://iss.ices.utexas.edu/galois/

application: Single Source Shortest Path
Computes the shortest path from a source node to all nodes in a directed graph using a modified chaotic iteration algorithm
http://iss.ices.utexas.edu/?p=projects/galois/benchmarks/single_source_shortest_path

INFO: CommandLine ./build/debug/apps/sssp/sssp -noverify -t 22 -delta 4 -wl klsm4096mq4 -startNode 0 /specific/disk1/home/mad/Galois-PQ/inputs/road/USA-road-t.USA.gr
INFO: Hostname rack-mad-04
Read 23947347 nodes
Running Asynchronous with CAS version
INFO: Using delta-step of 1
WARNING: Performance varies considerably due to delta parameter.
WARNING: Do not expect the default to be good for your graph.
Node 1 has distance 5062
STATTYPE,LOOP,CATEGORY,n,sum,T0,T1,T2,T3,T4,T5,T6,T7,T8,T9,T10,T11,T12,T13,T14,T15,T16,T17,T18,T19,T20,T21
STAT,(NULL),BadWork,22,129689993700,4373742346,6621013841,5982004547,6510776018,5591130883,7107117357,5627551133,5394139937,6271343713,6988556379,6482336869,5479638204,7101110926,4833229974,4359666257,6412744185,6189511253,5679218207,5320282428,6133232727,4969467357,6262179159
STAT,(NULL),BarrierTime,22,3690688,558760,509575,248615,213542,226248,176498,182764,132734,131770,140235,128859,183259,89775,177268,78775,315802,35116,22990,33962,35913,44607,23621
STAT,(NULL),ConflictTime,22,0,0,0,0,0,0,0,0,0,0,0,0,0,0,0,0,0,0,0,0,0,0,0
STAT,(NULL),Conflicts,22,0,0,0,0,0,0,0,0,0,0,0,0,0,0,0,0,0,0,0,0,0,0,0
STAT,(NULL),EmptyPopTime,22,123691795,7469649,4589615,4502224,4709443,7005684,3870147,7015858,5981177,4964340,4220730,4662296,5681681,4979190,6214386,6791759,5590913,5632502,6964932,5168468,5563148,7035347,5078306
STAT,(NULL),EmptyWork,22,2255027840,102136213,102615121,107606841,110729295,111773744,108645124,107759536,96776072,99936396,96649932,104271359,105213244,103869377,101479943,104789115,103657673,90722552,99308091,102311967,97552248,98735843,98488154
STAT,(NULL),GaloisTime,22,97357597106,4444441861,4383617554,4400823223,4393517521,4417608759,4432877414,4433010718,4439314470,4430537615,4389863821,4442475188,4427745334,4445902272,4424721553,4448851340,4415581332,4385008969,4455051704,4444022278,4439912108,4431675835,4431036237
STAT,(NULL),InitPushTime,22,838554,61192,10771,88826,39388,37245,36280,36790,36617,36275,35604,36041,34751,35519,34544,35652,35625,35100,35121,33519,34857,34520,34317
STAT,(NULL),Iterations,22,93345286,3399935,4226981,4275071,4283514,4310026,4304011,4309625,4294573,4253869,4253279,4280357,4294645,4285459,4274614,4286400,4278904,4280196,4297226,4292069,4295825,4292721,4275986
STAT,(NULL),LoopTime,22,29505250464,29505250464,0,0,0,0,0,0,0,0,0,0,0,0,0,0,0,0,0,0,0,0,0
STAT,(NULL),MeminfoPost,22,2222,101,101,101,101,101,101,101,101,101,101,101,101,101,101,101,101,101,101,101,101,101,101
STAT,(NULL),MeminfoPre,22,2222,101,101,101,101,101,101,101,101,101,101,101,101,101,101,101,101,101,101,101,101,101,101
STAT,(NULL),NumaPost,22,14994,13977,219,389,409,0,0,0,0,0,0,0,0,0,0,0,0,0,0,0,0,0,0
STAT,(NULL),PopTime,22,231900712584,10537867340,10468862997,10570229175,10525540434,10561580989,10564378522,10555954175,10552601103,10522079358,10511412225,10534695317,10566999240,10583428689,10524732044,10513923523,10530270680,10526089335,10573113176,10536818299,10548196115,10544650924,10547288924
STAT,(NULL),PushTime,22,124290140775,5787846206,5624599947,5660592965,5677831131,5653161132,5671772682,5655480875,5618306272,5628640101,5658922617,5661331087,5657722296,5670373899,5643599221,5626758861,5621917840,5623884647,5628890674,5612985880,5636918503,5643659366,5624944573
STAT,(NULL),RusageSys,22,0,0,0,0,0,0,0,0,0,0,0,0,0,0,0,0,0,0,0,0,0,0,0
STAT,(NULL),RusageUser,22,293164000,293164000,0,0,0,0,0,0,0,0,0,0,0,0,0,0,0,0,0,0,0,0,0
STAT,(NULL),Threads,22,22,22,0,0,0,0,0,0,0,0,0,0,0,0,0,0,0,0,0,0,0,0,0
STAT,(NULL),Time,22,29517116518,29517116518,0,0,0,0,0,0,0,0,0,0,0,0,0,0,0,0,0,0,0,0,0
STAT,(NULL),TotalTime,22,38103188978,38103188978,0,0,0,0,0,0,0,0,0,0,0,0,0,0,0,0,0,0,0,0,0
STAT,(NULL),UserTime,22,188239357882,8400534587,8696012079,8536541267,8567969489,8529166860,8498754332,8521074766,8567316698,8594137570,8619226406,8532861643,8516934164,8471743784,8579548909,8579183219,8603277557,8648959916,8516968420,8578989479,8552155780,8554540553,8573460404
STAT,(NULL),Work,22,644174273621,29280491557,29280463866,29280667486,29280684783,29280671529,29280676863,29280677251,29280672432,29280673644,29280668377,29280681984,29280681093,29280688929,29280687941,29280700791,29280397453,29280670904,29280692539,29280684196,29280679106,29280670852,29280690045
STAT,(NULL),nBad,22,149763958,4947863,7649726,6928360,7613741,6557707,8069746,6562604,6176421,7195935,7991615,7579653,6392886,8117913,5602021,5035569,7458671,7136663,6590033,6202751,7061749,5739080,7153251
STAT,(NULL),nEmpty,22,8514613,310513,385691,410076,426363,426816,414090,414270,363707,377731,363580,399168,401501,394922,389707,400364,396378,343844,381528,390921,374135,376176,373132
STAT,(NULL),nEmptyPop,22,40418,1892,1579,1585,1567,2260,1349,2245,1957,1777,1427,1486,1830,1673,2085,2182,1760,1892,2289,1727,1796,2305,1755
STAT,(NULL),nOverall,22,208097299,7539733,9457274,9557787,9624851,9629920,9632158,9646520,9515364,9465357,9490374,9578187,9609473,9585573,9519616,9566077,9550594,9427320,9581210,9547215,9552482,9535475,9484739
STAT,(NULL),nPop,22,93345286,3399935,4226981,4275071,4283514,4310026,4304011,4309625,4294573,4253869,4253279,4280357,4294645,4285459,4274614,4286400,4278904,4280196,4297226,4292069,4295825,4292721,4275986
STAT,(NULL),nPush,22,93345283,3397847,4230690,4277890,4281054,4310473,4308174,4308701,4291818,4251760,4254157,4279321,4295525,4285196,4279258,4282727,4279371,4279097,4296769,4288389,4297585,4294675,4274806
STAT,(NULL),nPushInit,22,3,1,1,1,0,0,0,0,0,0,0,0,0,0,0,0,0,0,0,0,0,0,0
==== BENCHMARK TOOK 18.231
==== BENCHMARK START ===
==== PARAMS kernel=4.9.5-64-net1 malloc=libc hostname=rack-mad-04 threads=22 delta=4 prog=sssp-klsm4096mq4  ===
ERROR: ld.so: object '/specific/disk1/home/adamx/malloc/lib64/libjemalloc.so' from LD_PRELOAD cannot be preloaded (cannot open shared object file): ignored.
Galois Benchmark Suite v2.2.1 (r0)
Copyright (C) 2014 The University of Texas at Austin
http://iss.ices.utexas.edu/galois/

application: Single Source Shortest Path
Computes the shortest path from a source node to all nodes in a directed graph using a modified chaotic iteration algorithm
http://iss.ices.utexas.edu/?p=projects/galois/benchmarks/single_source_shortest_path

INFO: CommandLine ./build/debug/apps/sssp/sssp -noverify -t 22 -delta 4 -wl klsm4096mq4 -startNode 0 /specific/disk1/home/mad/Galois-PQ/inputs/road/USA-road-t.USA.gr
INFO: Hostname rack-mad-04
Read 23947347 nodes
Running Asynchronous with CAS version
INFO: Using delta-step of 1
WARNING: Performance varies considerably due to delta parameter.
WARNING: Do not expect the default to be good for your graph.
Node 1 has distance 5062
STATTYPE,LOOP,CATEGORY,n,sum,T0,T1,T2,T3,T4,T5,T6,T7,T8,T9,T10,T11,T12,T13,T14,T15,T16,T17,T18,T19,T20,T21
STAT,(NULL),BadWork,22,138703771347,4485429207,6063253621,5289757541,6134547371,6601106287,7489158484,7180941477,6264351227,5273336995,5366683059,7912544605,5948259620,6295815037,6732382938,6491305410,6834399882,6946598883,6206413465,6132746107,6972120743,6262224159,5820395229
STAT,(NULL),BarrierTime,22,3360039,572228,295641,251771,235260,200236,230191,205289,146010,156134,125245,120726,148110,164026,109848,125203,48412,49857,50410,45323,22941,22057,35121
STAT,(NULL),ConflictTime,22,0,0,0,0,0,0,0,0,0,0,0,0,0,0,0,0,0,0,0,0,0,0,0
STAT,(NULL),Conflicts,22,0,0,0,0,0,0,0,0,0,0,0,0,0,0,0,0,0,0,0,0,0,0,0
STAT,(NULL),EmptyPopTime,22,155164195,9130114,7293315,7013293,7815501,7368068,6661451,6244275,6624352,7842171,7908045,4608805,7511607,7634274,5207260,7409168,6688168,5982367,7842322,7212455,6264940,7766159,7136085
STAT,(NULL),EmptyWork,22,2486760230,117230335,118348588,128770534,119852298,109568171,107932688,101868197,114320912,115803701,118777162,112980325,114691011,111118755,114963365,112582229,117301630,103591546,112128441,103126541,113347543,107036233,111420025
STAT,(NULL),GaloisTime,22,102553812820,4693993254,4644514599,4650276554,4671708153,4659559359,4650973425,4650672610,4634565032,4664739569,4660710269,4641806441,4665786009,4667835610,4636189141,4641543863,4643430781,4675052377,4676047793,4681806294,4663467080,4694710791,4684423816
STAT,(NULL),InitPushTime,22,837724,25392,10560,127009,37036,37618,36456,37224,36584,36298,35801,35500,34896,34836,34466,35598,35671,35249,33931,33801,35176,34323,34299
STAT,(NULL),Iterations,22,98412307,3495499,4512988,4542996,4545504,4525167,4525571,4526043,4535033,4530551,4535655,4512080,4522987,4518615,4492074,4533994,4505536,4480286,4519569,4532069,4490320,4527739,4502031
STAT,(NULL),LoopTime,22,31723358732,31723358732,0,0,0,0,0,0,0,0,0,0,0,0,0,0,0,0,0,0,0,0,0
STAT,(NULL),MeminfoPost,22,2222,101,101,101,101,101,101,101,101,101,101,101,101,101,101,101,101,101,101,101,101,101,101
STAT,(NULL),MeminfoPre,22,2222,101,101,101,101,101,101,101,101,101,101,101,101,101,101,101,101,101,101,101,101,101,101
STAT,(NULL),NumaPost,22,15056,14029,227,613,187,0,0,0,0,0,0,0,0,0,0,0,0,0,0,0,0,0,0
STAT,(NULL),PopTime,22,258686119632,11723760432,11773881553,11780723822,11792769239,11764727185,11741771250,11777011149,11780312737,11754074068,11782946687,11727639898,11752737802,11763996718,11720315947,11786782782,11786045954,11718595769,11744331533,11761449957,11735993827,11776270030,11739981293
STAT,(NULL),PushTime,22,131251976383,6150665590,5950338110,5998219420,5963980486,5939200739,5971070195,5971115321,5996038378,5941164655,5945333445,6017521696,5946640415,5959878486,6005821951,5954518100,5973076795,5921312676,5941445211,5921296095,5945653429,5917106956,5920578234
STAT,(NULL),RusageSys,22,12000,12000,0,0,0,0,0,0,0,0,0,0,0,0,0,0,0,0,0,0,0,0,0
STAT,(NULL),RusageUser,22,315084000,315084000,0,0,0,0,0,0,0,0,0,0,0,0,0,0,0,0,0,0,0,0,0
STAT,(NULL),Threads,22,22,22,0,0,0,0,0,0,0,0,0,0,0,0,0,0,0,0,0,0,0,0,0
STAT,(NULL),Time,22,31737042604,31737042604,0,0,0,0,0,0,0,0,0,0,0,0,0,0,0,0,0,0,0,0,0
STAT,(NULL),TotalTime,22,40338178940,40338178940,0,0,0,0,0,0,0,0,0,0,0,0,0,0,0,0,0,0,0,0,0
STAT,(NULL),UserTime,22,197228690787,8776242779,8976646238,8906020778,8914898435,8990599588,8992616071,8964112524,8939161884,8987400261,8955348222,8966468182,8983657796,8960559862,8988524782,8968187530,8944480098,9046490688,8989228290,8996131578,9006297503,8968134772,9007482926
STAT,(NULL),Work,22,692367906230,31471130072,31471272036,31471276890,31471263120,31471279227,31471269456,31471273158,31471276951,31471268840,31471263378,31471270127,31471282307,31471265715,31471285154,31471268876,31471285463,31471284844,31471286255,31471291668,31471276317,31471275735,31471260641
STAT,(NULL),nBad,22,161785128,5150401,7146705,6379290,7201464,7864730,8681347,8212559,7410661,6213882,6344666,9244881,6943966,7348020,7873358,7299098,7989804,8088058,7228872,7063680,8019452,7277968,6802266
STAT,(NULL),nEmpty,22,9370563,345659,450843,491338,448959,421137,411083,386943,436532,442782,454834,429907,440343,424475,437138,427760,445246,393112,424219,393557,431710,409548,423438
STAT,(NULL),nEmptyPop,22,54593,2626,2645,2647,2744,2578,2205,2249,2345,2876,2847,1661,2730,2723,1899,2606,2314,2054,2774,2608,2222,2752,2488
STAT,(NULL),nOverall,22,220118469,7771523,10117487,10233341,10150733,10205605,10058168,10010238,10110021,10144571,10143392,10077848,10123248,10162480,10074245,10133579,10155688,10013612,10107495,10071055,10099029,10098530,10056581
STAT,(NULL),nPop,22,98412307,3495499,4512988,4542996,4545504,4525167,4525571,4526043,4535033,4530551,4535655,4512080,4522987,4518615,4492074,4533994,4505536,4480286,4519569,4532069,4490320,4527739,4502031
STAT,(NULL),nPush,22,98412304,3490814,4511121,4545474,4543085,4522106,4527689,4523904,4535004,4524588,4531966,4517006,4526723,4521854,4499497,4532620,4511397,4480509,4519260,4531058,4490355,4522061,4504213
STAT,(NULL),nPushInit,22,3,1,1,1,0,0,0,0,0,0,0,0,0,0,0,0,0,0,0,0,0,0,0
==== BENCHMARK TOOK 19.194
==== BENCHMARK START ===
==== PARAMS kernel=4.9.5-64-net1 malloc=libc hostname=rack-mad-04 threads=22 delta=4 prog=sssp-klsm4096mq4  ===
ERROR: ld.so: object '/specific/disk1/home/adamx/malloc/lib64/libjemalloc.so' from LD_PRELOAD cannot be preloaded (cannot open shared object file): ignored.
Galois Benchmark Suite v2.2.1 (r0)
Copyright (C) 2014 The University of Texas at Austin
http://iss.ices.utexas.edu/galois/

application: Single Source Shortest Path
Computes the shortest path from a source node to all nodes in a directed graph using a modified chaotic iteration algorithm
http://iss.ices.utexas.edu/?p=projects/galois/benchmarks/single_source_shortest_path

INFO: CommandLine ./build/debug/apps/sssp/sssp -noverify -t 22 -delta 4 -wl klsm4096mq4 -startNode 0 /specific/disk1/home/mad/Galois-PQ/inputs/road/USA-road-t.USA.gr
INFO: Hostname rack-mad-04
Read 23947347 nodes
Running Asynchronous with CAS version
INFO: Using delta-step of 1
WARNING: Performance varies considerably due to delta parameter.
WARNING: Do not expect the default to be good for your graph.
Node 1 has distance 5062
STATTYPE,LOOP,CATEGORY,n,sum,T0,T1,T2,T3,T4,T5,T6,T7,T8,T9,T10,T11,T12,T13,T14,T15,T16,T17,T18,T19,T20,T21
STAT,(NULL),BadWork,22,142761080079,4643788127,6581842829,5248017774,6206394294,5410044658,7297214373,6435801064,7904010310,5945392504,6988493441,6358071067,6380410146,6059564268,6083497147,5863720028,5713239199,8188501494,7229129101,6014267154,7079049349,7911924338,7218707414
STAT,(NULL),BarrierTime,22,3140484,681284,275919,221469,200149,197108,191831,181468,149516,127278,112522,92522,105135,114967,112650,92959,53094,50045,66746,56712,25328,17096,14686
STAT,(NULL),ConflictTime,22,0,0,0,0,0,0,0,0,0,0,0,0,0,0,0,0,0,0,0,0,0,0,0
STAT,(NULL),Conflicts,22,0,0,0,0,0,0,0,0,0,0,0,0,0,0,0,0,0,0,0,0,0,0,0
STAT,(NULL),EmptyPopTime,22,149607019,9710022,6649412,7636634,5838999,7238870,5637530,7721521,6933093,8583426,6380022,6750623,8489752,6512238,6213390,6406690,5702931,4781135,6530549,6949293,6383457,6018912,6538520
STAT,(NULL),EmptyWork,22,2473880701,118582032,119301907,114735962,111881002,119522620,100622311,114759355,101063512,117650227,108069106,124043451,114561034,119523138,117080573,112341041,111645626,114208472,109136309,102010255,104780303,102838417,115524048
STAT,(NULL),GaloisTime,22,104373929401,4770184351,4759266089,4746644735,4765104480,4764709920,4734738770,4751360160,4726159913,4759828800,4755735850,4760689320,4748918205,4710531328,4718981220,4735642131,4747274769,4707461451,4770745611,4747983188,4734332178,4724743532,4732893400
STAT,(NULL),InitPushTime,22,813902,29340,10308,94158,37579,37269,36690,37157,37303,36654,36129,35835,35850,35270,35913,35867,35928,35276,34159,33771,34742,34405,34299
STAT,(NULL),Iterations,22,100243338,3746684,4599262,4600744,4591185,4626327,4597314,4584848,4605930,4611839,4622463,4626724,4596282,4597256,4577107,4569102,4560170,4568693,4623995,4620898,4564143,4605678,4546694
STAT,(NULL),LoopTime,22,31574142909,31574142909,0,0,0,0,0,0,0,0,0,0,0,0,0,0,0,0,0,0,0,0,0
STAT,(NULL),MeminfoPost,22,2222,101,101,101,101,101,101,101,101,101,101,101,101,101,101,101,101,101,101,101,101,101,101
STAT,(NULL),MeminfoPre,22,2222,101,101,101,101,101,101,101,101,101,101,101,101,101,101,101,101,101,101,101,101,101,101
STAT,(NULL),NumaPost,22,15045,14022,231,385,407,0,0,0,0,0,0,0,0,0,0,0,0,0,0,0,0,0,0
STAT,(NULL),PopTime,22,246828911569,11174510172,11212112949,11205666824,11200559094,11253159556,11238692989,11224084046,11252399071,11204068798,11294017415,11241860863,11245242031,11239912788,11204914744,11196160991,11168905153,11192178632,11264839156,11230095582,11190388790,11239573279,11155568646
STAT,(NULL),PushTime,22,133571306555,6226420075,6077073039,6061569494,6097522440,6052340824,6077040048,6029515826,6085060782,6039778394,6077776918,6067658060,6071836843,6073192260,6061242944,6049728777,6070307882,6052393700,6067012162,6057514835,6051850995,6088434488,6036035769
STAT,(NULL),RusageSys,22,8000,8000,0,0,0,0,0,0,0,0,0,0,0,0,0,0,0,0,0,0,0,0,0
STAT,(NULL),RusageUser,22,313504000,313504000,0,0,0,0,0,0,0,0,0,0,0,0,0,0,0,0,0,0,0,0,0
STAT,(NULL),Threads,22,22,22,0,0,0,0,0,0,0,0,0,0,0,0,0,0,0,0,0,0,0,0,0
STAT,(NULL),Time,22,31589088310,31589088310,0,0,0,0,0,0,0,0,0,0,0,0,0,0,0,0,0,0,0,0,0
STAT,(NULL),TotalTime,22,40292358050,40292358050,0,0,0,0,0,0,0,0,0,0,0,0,0,0,0,0,0,0,0,0,0
STAT,(NULL),UserTime,22,201489139115,9013626480,9138630629,9176781842,9132128229,9116063514,9156304138,9185593149,9141417721,9183124445,9071055622,9112032425,9123989087,9163364685,9204601422,9212755256,9209200000,9242012406,9094772489,9168483775,9225300364,9151426884,9266474553
STAT,(NULL),Work,22,688895106354,31313177050,31313426739,31313422275,31313436376,31313419861,31313424837,31313435517,31313412987,31313434915,31313410662,31313432232,31313422571,31313414200,31313415342,31313436193,31313430786,31313433704,31313417684,31313430773,31313418627,31313423693,31313429330
STAT,(NULL),nBad,22,165498725,5349735,7740877,6115513,7165587,6383538,8454694,7478659,8970184,6774049,8117564,7428932,7486314,7100802,7007679,6713162,6631954,9565892,8446940,7026371,8187716,9169046,8183517
STAT,(NULL),nEmpty,22,9313216,375116,455908,438567,421391,456823,382281,438073,385569,445506,412339,476337,436779,447149,442763,421479,424298,427000,414431,388353,396424,389501,437129
STAT,(NULL),nEmptyPop,22,51099,2454,2380,2700,2106,2560,1981,2651,2312,2987,2262,2376,2843,2263,2239,2248,2041,1572,2219,2346,2191,2082,2286
STAT,(NULL),nOverall,22,223832066,8405058,10338232,10295331,10274435,10345902,10133747,10270669,10178048,10302192,10227781,10395074,10301154,10291873,10242160,10193868,10192934,10215602,10286651,10273419,10224356,10234298,10209282
STAT,(NULL),nPop,22,100243338,3746684,4599262,4600744,4591185,4626327,4597314,4584848,4605930,4611839,4622463,4626724,4596282,4597256,4577107,4569102,4560170,4568693,4623995,4620898,4564143,4605678,4546694
STAT,(NULL),nPush,22,100243335,3743590,4603030,4597607,4592523,4626697,4599076,4583747,4606020,4612330,4615208,4627059,4594552,4602302,4578837,4571512,4560954,4568649,4620844,4620626,4565340,4606381,4546451
STAT,(NULL),nPushInit,22,3,1,1,1,0,0,0,0,0,0,0,0,0,0,0,0,0,0,0,0,0,0,0
==== BENCHMARK TOOK 19.118
==== BENCHMARK START ===
==== PARAMS kernel=4.9.5-64-net1 malloc=libc hostname=rack-mad-04 threads=22 delta=4 prog=sssp-klsm4096mq4  ===
ERROR: ld.so: object '/specific/disk1/home/adamx/malloc/lib64/libjemalloc.so' from LD_PRELOAD cannot be preloaded (cannot open shared object file): ignored.
Galois Benchmark Suite v2.2.1 (r0)
Copyright (C) 2014 The University of Texas at Austin
http://iss.ices.utexas.edu/galois/

application: Single Source Shortest Path
Computes the shortest path from a source node to all nodes in a directed graph using a modified chaotic iteration algorithm
http://iss.ices.utexas.edu/?p=projects/galois/benchmarks/single_source_shortest_path

INFO: CommandLine ./build/debug/apps/sssp/sssp -noverify -t 22 -delta 4 -wl klsm4096mq4 -startNode 0 /specific/disk1/home/mad/Galois-PQ/inputs/road/USA-road-t.USA.gr
INFO: Hostname rack-mad-04
Read 23947347 nodes
Running Asynchronous with CAS version
INFO: Using delta-step of 1
WARNING: Performance varies considerably due to delta parameter.
WARNING: Do not expect the default to be good for your graph.
Node 1 has distance 5062
STATTYPE,LOOP,CATEGORY,n,sum,T0,T1,T2,T3,T4,T5,T6,T7,T8,T9,T10,T11,T12,T13,T14,T15,T16,T17,T18,T19,T20,T21
STAT,(NULL),BadWork,22,124586957223,4276902094,5583062077,6082061682,5943644514,5980418982,5766021098,5244717568,5294301401,5689981764,6322498433,5908406181,6471898987,4168370297,5888247026,5544194667,5890144526,6044519584,5950114813,5213444578,6384423446,5775590195,5163993310
STAT,(NULL),BarrierTime,22,5016717,633821,370189,269398,436273,261338,239830,421204,172055,135781,364532,146402,164490,334211,162588,153532,80958,70749,196935,200673,79662,74973,47123
STAT,(NULL),ConflictTime,22,0,0,0,0,0,0,0,0,0,0,0,0,0,0,0,0,0,0,0,0,0,0,0
STAT,(NULL),Conflicts,22,0,0,0,0,0,0,0,0,0,0,0,0,0,0,0,0,0,0,0,0,0,0,0
STAT,(NULL),EmptyPopTime,22,190249957,12975029,8955067,9087230,8058352,8352895,8348543,9499387,9572586,7698266,8380045,9162151,8569380,9235586,8957207,9013648,8349599,6265630,7400335,9395949,8815965,6915922,7241185
STAT,(NULL),EmptyWork,22,2211814057,102052246,99372463,103417177,106677358,96282476,102895548,109971990,107184325,101248942,93829596,109593400,104701986,108527207,99309626,98719103,99790218,90711541,98680572,101198351,98098262,92215862,87335808
STAT,(NULL),GaloisTime,22,95106470335,4346973161,4328318878,4323869126,4300046206,4351298871,4313885397,4334981757,4317842016,4331037241,4331334375,4319930075,4329441883,4313788128,4343747171,4308847085,4315039051,4303716051,4320123412,4326333861,4313316671,4306751357,4325848562
STAT,(NULL),InitPushTime,22,873426,23732,11393,124468,40022,38975,36538,36960,36875,36463,35764,35692,35012,35862,34690,35940,35873,35246,33932,50120,34745,34742,50382
STAT,(NULL),Iterations,22,91301445,3405673,4170472,4192205,4188878,4167003,4174119,4196904,4187003,4169360,4184709,4206461,4195875,4193755,4201813,4195277,4184986,4185860,4183719,4181175,4144705,4207518,4183975
STAT,(NULL),LoopTime,22,29913491238,29913491238,0,0,0,0,0,0,0,0,0,0,0,0,0,0,0,0,0,0,0,0,0
STAT,(NULL),MeminfoPost,22,2222,101,101,101,101,101,101,101,101,101,101,101,101,101,101,101,101,101,101,101,101,101,101
STAT,(NULL),MeminfoPre,22,2222,101,101,101,101,101,101,101,101,101,101,101,101,101,101,101,101,101,101,101,101,101,101
STAT,(NULL),NumaPost,22,15030,13991,454,392,193,0,0,0,0,0,0,0,0,0,0,0,0,0,0,0,0,0,0
STAT,(NULL),PopTime,22,249056034930,11286926692,11316173788,11335029440,11332511914,11288051096,11323152407,11315917244,11363962208,11297356588,11300995909,11356580117,11314528383,11329901848,11331984063,11328534330,11311777935,11329925264,11326264907,11332548611,11284794703,11340482444,11308635039
STAT,(NULL),PushTime,22,121242961444,5636830045,5519489845,5529154049,5493000336,5502194996,5504868394,5507471734,5483779315,5534815405,5486841207,5511858946,5524006292,5507972081,5490240655,5527812680,5516506469,5503559100,5505875326,5485694186,5491865057,5480387133,5498738193
STAT,(NULL),RusageSys,22,4000,4000,0,0,0,0,0,0,0,0,0,0,0,0,0,0,0,0,0,0,0,0,0
STAT,(NULL),RusageUser,22,295720000,295720000,0,0,0,0,0,0,0,0,0,0,0,0,0,0,0,0,0,0,0,0,0
STAT,(NULL),Threads,22,22,22,0,0,0,0,0,0,0,0,0,0,0,0,0,0,0,0,0,0,0,0,0
STAT,(NULL),Time,22,29927497610,29927497610,0,0,0,0,0,0,0,0,0,0,0,0,0,0,0,0,0,0,0,0,0
STAT,(NULL),TotalTime,22,38546363654,38546363654,0,0,0,0,0,0,0,0,0,0,0,0,0,0,0,0,0,0,0,0,0
STAT,(NULL),UserTime,22,181992359017,8150600691,8264047541,8235799504,8296063504,8290177767,8283208435,8258515816,8254016942,8264203400,8314978346,8229233608,8255109396,8266934821,8262120217,8263431421,8284896230,8302181133,8278015400,8281188508,8339469221,8309606780,8308560336
STAT,(NULL),Work,22,649805287701,29536521452,29536656251,29536662714,29536472401,29536650880,29536656647,29536474554,29536659845,29536667183,29536479364,29536660607,29536649640,29536477224,29536650981,29536658796,29536655928,29536669699,29536478048,29536502969,29536661612,29536665714,29536655192
STAT,(NULL),nBad,22,145122870,4948563,6558342,7109318,7063795,6945493,6637209,6187457,6204899,6585541,7239642,6975275,7604576,4908032,6806369,6489711,6946877,6959435,6935444,6079452,7264162,6743377,5929901
STAT,(NULL),nEmpty,22,8333350,324235,376644,392549,408727,364945,390124,411062,403103,385587,358653,415641,401921,416696,377925,376111,375841,344100,371821,388046,369650,352027,327942
STAT,(NULL),nEmptyPop,22,65136,3212,3071,3196,2790,2946,2867,3307,3397,2725,2908,3244,3036,3239,3183,3083,2890,2148,2543,3381,3060,2379,2531
STAT,(NULL),nOverall,22,203456211,7602399,9298173,9336649,9387408,9266507,9358114,9416875,9347573,9319554,9267177,9428627,9393120,9389220,9342194,9335354,9341331,9234632,9298738,9338092,9264687,9272596,9217191
STAT,(NULL),nPop,22,91301445,3405673,4170472,4192205,4188878,4167003,4174119,4196904,4187003,4169360,4184709,4206461,4195875,4193755,4201813,4195277,4184986,4185860,4183719,4181175,4144705,4207518,4183975
STAT,(NULL),nPush,22,91301442,3404808,4169747,4192358,4191699,4167462,4175141,4197214,4184286,4172054,4183475,4204478,4200304,4193634,4199657,4194769,4184258,4186918,4184999,4178156,4148022,4204430,4183573
STAT,(NULL),nPushInit,22,3,1,1,1,0,0,0,0,0,0,0,0,0,0,0,0,0,0,0,0,0,0,0
==== BENCHMARK TOOK 18.358
==== BENCHMARK START ===
==== PARAMS kernel=4.9.5-64-net1 malloc=libc hostname=rack-mad-04 threads=22 delta=4 prog=sssp-klsm4096mq4  ===
ERROR: ld.so: object '/specific/disk1/home/adamx/malloc/lib64/libjemalloc.so' from LD_PRELOAD cannot be preloaded (cannot open shared object file): ignored.
Galois Benchmark Suite v2.2.1 (r0)
Copyright (C) 2014 The University of Texas at Austin
http://iss.ices.utexas.edu/galois/

application: Single Source Shortest Path
Computes the shortest path from a source node to all nodes in a directed graph using a modified chaotic iteration algorithm
http://iss.ices.utexas.edu/?p=projects/galois/benchmarks/single_source_shortest_path

INFO: CommandLine ./build/debug/apps/sssp/sssp -noverify -t 22 -delta 4 -wl klsm4096mq4 -startNode 0 /specific/disk1/home/mad/Galois-PQ/inputs/road/USA-road-t.USA.gr
INFO: Hostname rack-mad-04
Read 23947347 nodes
Running Asynchronous with CAS version
INFO: Using delta-step of 1
WARNING: Performance varies considerably due to delta parameter.
WARNING: Do not expect the default to be good for your graph.
Node 1 has distance 5062
STATTYPE,LOOP,CATEGORY,n,sum,T0,T1,T2,T3,T4,T5,T6,T7,T8,T9,T10,T11,T12,T13,T14,T15,T16,T17,T18,T19,T20,T21
STAT,(NULL),BadWork,22,119063863398,3797646116,4688052912,4636675422,6295782153,5255635054,5625283568,5330760449,5590157967,6319857640,4589966138,5402600541,5932902777,5353681426,6894721333,5277029510,5239734944,4839429314,4693367969,5581242864,5897896076,5679782062,6141657163
STAT,(NULL),BarrierTime,22,4299379,503850,377459,311550,218331,199888,288895,278302,220357,224749,103716,185998,109259,201137,149833,192119,139444,138294,133059,142915,10087,91684,78453
STAT,(NULL),ConflictTime,22,0,0,0,0,0,0,0,0,0,0,0,0,0,0,0,0,0,0,0,0,0,0,0
STAT,(NULL),Conflicts,22,0,0,0,0,0,0,0,0,0,0,0,0,0,0,0,0,0,0,0,0,0,0,0
STAT,(NULL),EmptyPopTime,22,157611097,8646374,6784767,7835029,7777592,6466085,6566442,6166652,7347654,7276461,6530338,7745029,6613563,7360246,5305070,7609058,7505483,7678005,7241853,6803811,7742690,6583350,8025545
STAT,(NULL),EmptyWork,22,2170718976,100561907,105538811,100639483,87762067,94109177,88534512,97653902,101822099,103198354,99977491,94134307,98933313,98336125,88723846,101406716,95704869,102597076,101090941,106371678,102176915,97270237,104175150
STAT,(NULL),GaloisTime,22,92417399142,4195363140,4191653740,4209174951,4216193110,4207962429,4220739745,4197307219,4205085817,4193742543,4198135217,4216739025,4204304512,4216362307,4183380795,4176793147,4219641134,4211694457,4175337060,4200519421,4202680396,4179392044,4195196933
STAT,(NULL),InitPushTime,22,816186,38625,10592,94534,37090,36708,36193,37564,36808,36123,35509,35288,35534,34791,34241,35509,35267,35753,33640,33346,34723,34195,34153
STAT,(NULL),Iterations,22,88620929,3151652,4040622,4087500,4071845,4068467,4074199,4031827,4055353,4092081,4067761,4084821,4087374,4094056,4062540,4069018,4079934,4067118,4056716,4078546,4050050,4076687,4072762
STAT,(NULL),LoopTime,22,29068447475,29068447475,0,0,0,0,0,0,0,0,0,0,0,0,0,0,0,0,0,0,0,0,0
STAT,(NULL),MeminfoPost,22,2222,101,101,101,101,101,101,101,101,101,101,101,101,101,101,101,101,101,101,101,101,101,101
STAT,(NULL),MeminfoPre,22,2222,101,101,101,101,101,101,101,101,101,101,101,101,101,101,101,101,101,101,101,101,101,101
STAT,(NULL),NumaPost,22,14976,13957,220,390,409,0,0,0,0,0,0,0,0,0,0,0,0,0,0,0,0,0,0
STAT,(NULL),PopTime,22,242905988777,10959170181,11019638687,11013738946,11067607933,11041725895,11077500316,11041559546,11037522851,11071080199,11028409599,11052859814,11055323067,11077213351,11031183922,11068130538,11042001212,11031503737,11037981655,11022379192,11013057042,11063236342,11053164752
STAT,(NULL),PushTime,22,117928268027,5559475425,5382231411,5355656200,5347941909,5350553573,5330763838,5339826886,5331358182,5381009792,5356617303,5342628559,5350242716,5329173441,5334187157,5354258291,5346697490,5358690502,5348136925,5345846659,5346487136,5364725751,5371758881
STAT,(NULL),RusageSys,22,0,0,0,0,0,0,0,0,0,0,0,0,0,0,0,0,0,0,0,0,0,0,0
STAT,(NULL),RusageUser,22,287792000,287792000,0,0,0,0,0,0,0,0,0,0,0,0,0,0,0,0,0,0,0,0,0
STAT,(NULL),Threads,22,22,22,0,0,0,0,0,0,0,0,0,0,0,0,0,0,0,0,0,0,0,0,0
STAT,(NULL),Time,22,29088652500,29088652500,0,0,0,0,0,0,0,0,0,0,0,0,0,0,0,0,0,0,0,0,0
STAT,(NULL),TotalTime,22,38340535302,38340535302,0,0,0,0,0,0,0,0,0,0,0,0,0,0,0,0,0,0,0,0,0
STAT,(NULL),UserTime,22,176789150152,7920830317,8038205640,8057007819,8016769132,8043233796,8019946518,8061539056,8060915320,7987743502,8054381206,8029944933,8028634000,8015607586,8101271491,8035854931,8032501695,8031887475,8074263327,8062130833,8071908255,8032843631,8011729689
STAT,(NULL),Work,22,632373235452,28744222038,28744209870,28744216169,28744302901,28744304031,28744215546,28744223176,28744222334,28744218897,28744300817,28744221303,28744301665,28744208515,28744262726,28744219071,28744207030,28744205698,28744219174,28744207778,28744299526,28744217071,28744230116
STAT,(NULL),nBad,22,139336655,4353404,5491189,5425442,7319621,6149855,6623712,6218482,6581782,7446780,5375638,6328693,6939651,6275305,8119288,6180303,6074168,5619177,5537440,6619706,6902775,6642603,7111641
STAT,(NULL),nEmpty,22,8166006,293845,400737,381831,336286,358556,333828,372467,388217,389707,381050,356721,378988,376897,339737,385167,362550,386527,385582,403500,388406,368782,396625
STAT,(NULL),nEmptyPop,22,55261,2249,2439,2861,2333,2335,2419,2249,2557,2637,2346,2766,2414,2604,1906,2738,2652,2739,2604,2542,2712,2324,2835
STAT,(NULL),nOverall,22,197669996,7035226,9088405,9108598,9062508,9047407,9020300,9048142,9077384,9156971,9054875,9060175,9135678,9111742,9056020,9100707,9045454,9056792,9042237,9125332,9077225,9061504,9097314
STAT,(NULL),nPop,22,88620929,3151652,4040622,4087500,4071845,4068467,4074199,4031827,4055353,4092081,4067761,4084821,4087374,4094056,4062540,4069018,4079934,4067118,4056716,4078546,4050050,4076687,4072762
STAT,(NULL),nPush,22,88620926,3151992,4042607,4088755,4073030,4068138,4075818,4034578,4057409,4094438,4067075,4082014,4085635,4092356,4063415,4067042,4080490,4068721,4053217,4077355,4048176,4073328,4075337
STAT,(NULL),nPushInit,22,3,1,1,1,0,0,0,0,0,0,0,0,0,0,0,0,0,0,0,0,0,0,0
==== BENCHMARK TOOK 18.254
==== BENCHMARK START ===
==== PARAMS kernel=4.9.5-64-net1 malloc=libc hostname=rack-mad-04 threads=22 delta=4 prog=sssp-klsm4096mq4  ===
ERROR: ld.so: object '/specific/disk1/home/adamx/malloc/lib64/libjemalloc.so' from LD_PRELOAD cannot be preloaded (cannot open shared object file): ignored.
Galois Benchmark Suite v2.2.1 (r0)
Copyright (C) 2014 The University of Texas at Austin
http://iss.ices.utexas.edu/galois/

application: Single Source Shortest Path
Computes the shortest path from a source node to all nodes in a directed graph using a modified chaotic iteration algorithm
http://iss.ices.utexas.edu/?p=projects/galois/benchmarks/single_source_shortest_path

INFO: CommandLine ./build/debug/apps/sssp/sssp -noverify -t 22 -delta 4 -wl klsm4096mq4 -startNode 0 /specific/disk1/home/mad/Galois-PQ/inputs/road/USA-road-t.USA.gr
INFO: Hostname rack-mad-04
Read 23947347 nodes
Running Asynchronous with CAS version
INFO: Using delta-step of 1
WARNING: Performance varies considerably due to delta parameter.
WARNING: Do not expect the default to be good for your graph.
Node 1 has distance 5062
STATTYPE,LOOP,CATEGORY,n,sum,T0,T1,T2,T3,T4,T5,T6,T7,T8,T9,T10,T11,T12,T13,T14,T15,T16,T17,T18,T19,T20,T21
STAT,(NULL),BadWork,22,124575896436,4917825868,4554434244,6189176449,6233236377,5979089548,4585348552,4684770554,5614427657,5380526323,6193664048,6537965301,7117508629,5198706350,6587657732,5806711918,6672146653,4981971785,6526486493,4415142517,5181710598,5443545144,5773843696
STAT,(NULL),BarrierTime,22,4475637,589760,379407,321816,214927,294026,195730,198324,243271,240525,194692,207924,148708,213564,216783,199120,137674,46855,51519,49786,105894,110559,114773
STAT,(NULL),ConflictTime,22,0,0,0,0,0,0,0,0,0,0,0,0,0,0,0,0,0,0,0,0,0,0,0
STAT,(NULL),Conflicts,22,0,0,0,0,0,0,0,0,0,0,0,0,0,0,0,0,0,0,0,0,0,0,0
STAT,(NULL),EmptyPopTime,22,178903241,8375079,9363268,7576574,8582665,8761275,7481005,8224952,7717331,8222467,8215302,7483794,7565183,8526264,5742632,9166673,7335833,7601911,9328063,8121117,8807455,8237441,8466957
STAT,(NULL),EmptyWork,22,2261874183,96765189,111619038,110393226,97380872,97065485,109493821,96106007,93664914,100394973,108390342,95330841,103606062,95100554,98601370,105208887,108884960,104280903,98455775,102127003,111178170,110323198,107502593
STAT,(NULL),GaloisTime,22,95073699587,4290597863,4324570559,4310952128,4348517177,4333163931,4333430206,4330617165,4324277718,4322987783,4310338235,4298829347,4351591200,4326536894,4339538087,4324895669,4302283490,4331560118,4319311344,4323861247,4307643543,4309800417,4308395466
STAT,(NULL),InitPushTime,22,800789,25024,10479,92188,37157,37029,36368,36702,36781,36283,35871,35419,35200,34982,34417,35676,35422,35012,33871,33647,34648,34402,34211
STAT,(NULL),Iterations,22,91284756,3302408,4173186,4184781,4213255,4184569,4182227,4195250,4179080,4184873,4211808,4200241,4182724,4170518,4169233,4199243,4187932,4194847,4178659,4229016,4187826,4193307,4179773
STAT,(NULL),LoopTime,22,29632193886,29632193886,0,0,0,0,0,0,0,0,0,0,0,0,0,0,0,0,0,0,0,0,0
STAT,(NULL),MeminfoPost,22,2222,101,101,101,101,101,101,101,101,101,101,101,101,101,101,101,101,101,101,101,101,101,101
STAT,(NULL),MeminfoPre,22,2222,101,101,101,101,101,101,101,101,101,101,101,101,101,101,101,101,101,101,101,101,101,101
STAT,(NULL),NumaPost,22,14985,13956,225,395,409,0,0,0,0,0,0,0,0,0,0,0,0,0,0,0,0,0,0
STAT,(NULL),PopTime,22,244348271092,11020567663,11079998348,11117216444,11143774508,11094065495,11113530553,11119340451,11100042005,11116077385,11095663692,11105327042,11117627780,11079040724,11109268740,11101646818,11121698026,11105065658,11095948884,11153290416,11106300298,11137623993,11115156169
STAT,(NULL),PushTime,22,121461271679,5719817907,5533154111,5528375062,5513521573,5517268370,5508538567,5517113648,5503050378,5491717951,5525005433,5555666925,5514055348,5494893740,5490870710,5513672934,5524244434,5483905373,5503063637,5487448568,5529407641,5513071481,5493407888
STAT,(NULL),RusageSys,22,0,0,0,0,0,0,0,0,0,0,0,0,0,0,0,0,0,0,0,0,0,0,0
STAT,(NULL),RusageUser,22,294044000,294044000,0,0,0,0,0,0,0,0,0,0,0,0,0,0,0,0,0,0,0,0,0
STAT,(NULL),Threads,22,22,22,0,0,0,0,0,0,0,0,0,0,0,0,0,0,0,0,0,0,0,0,0
STAT,(NULL),Time,22,29645808250,29645808250,0,0,0,0,0,0,0,0,0,0,0,0,0,0,0,0,0,0,0,0,0
STAT,(NULL),TotalTime,22,38095696521,38095696521,0,0,0,0,0,0,0,0,0,0,0,0,0,0,0,0,0,0,0,0,0
STAT,(NULL),UserTime,22,182783546771,8232400543,8309820658,8294011510,8256748203,8318201772,8296051365,8297124438,8339772264,8329124931,8320911825,8305887687,8274081007,8364428643,8324504167,8313934852,8304078647,8336113418,8342416956,8293677197,8305190447,8289468738,8335597503
STAT,(NULL),Work,22,646111476684,29368611376,29368683077,29368677997,29368777643,29368680464,29368778272,29368773438,29368672399,29368675627,29368685210,29368672283,29368735482,29368670982,29368667043,29368682470,29368684582,29368775850,29368772009,29368776633,29368680167,29368675005,29368668675
STAT,(NULL),nBad,22,145406877,5645932,5407745,7247567,7291073,6937120,5428750,5516747,6495776,6195424,7294320,7628247,8339721,5995650,7598031,6565271,7738240,5859753,7647306,5175298,6184393,6399189,6815324
STAT,(NULL),nEmpty,22,8496979,290215,421700,414419,368580,371444,405401,366983,357124,382393,409956,363498,386044,363774,363717,403138,409649,398532,373893,392104,424087,421148,409180
STAT,(NULL),nEmptyPop,22,59081,2193,3070,2520,2877,2928,2653,2802,2476,2759,2717,2397,2622,2903,1893,3025,2553,2577,2719,2871,2930,2786,2810
STAT,(NULL),nOverall,22,203740218,7362645,9366314,9389961,9343324,9358743,9387581,9343564,9235103,9328881,9398651,9321198,9370339,9288335,9261190,9408661,9348293,9351545,9322042,9373856,9437240,9381474,9361278
STAT,(NULL),nPop,22,91284756,3302408,4173186,4184781,4213255,4184569,4182227,4195250,4179080,4184873,4211808,4200241,4182724,4170518,4169233,4199243,4187932,4194847,4178659,4229016,4187826,4193307,4179773
STAT,(NULL),nPush,22,91284753,3302942,4170944,4188257,4213700,4182983,4182890,4196696,4182624,4180570,4207590,4204588,4182221,4170451,4170723,4199652,4189410,4190828,4177532,4224686,4189686,4195361,4180419
STAT,(NULL),nPushInit,22,3,1,1,1,0,0,0,0,0,0,0,0,0,0,0,0,0,0,0,0,0,0,0
==== BENCHMARK TOOK 18.199
