==== BENCHMARK START ===
==== PARAMS kernel=4.9.5-64-net1 malloc=libc hostname=rack-mad-04 threads=44 delta=4 prog=sssp-klsm64mq4  ===
ERROR: ld.so: object '/specific/disk1/home/adamx/malloc/lib64/libjemalloc.so' from LD_PRELOAD cannot be preloaded (cannot open shared object file): ignored.
Galois Benchmark Suite v2.2.1 (r0)
Copyright (C) 2014 The University of Texas at Austin
http://iss.ices.utexas.edu/galois/

application: Single Source Shortest Path
Computes the shortest path from a source node to all nodes in a directed graph using a modified chaotic iteration algorithm
http://iss.ices.utexas.edu/?p=projects/galois/benchmarks/single_source_shortest_path

INFO: CommandLine ./build/debug/apps/sssp/sssp -noverify -t 44 -delta 4 -wl klsm64mq4 -startNode 0 /specific/disk1/home/mad/Galois-PQ/inputs/planar10M.gr
INFO: Hostname rack-mad-04
Read 10000000 nodes
Running Asynchronous with CAS version
INFO: Using delta-step of 1
WARNING: Performance varies considerably due to delta parameter.
WARNING: Do not expect the default to be good for your graph.
Node 1 has distance 7300
STATTYPE,LOOP,CATEGORY,n,sum,T0,T1,T2,T3,T4,T5,T6,T7,T8,T9,T10,T11,T12,T13,T14,T15,T16,T17,T18,T19,T20,T21,T22,T23,T24,T25,T26,T27,T28,T29,T30,T31,T32,T33,T34,T35,T36,T37,T38,T39,T40,T41,T42,T43
STAT,(NULL),BadWork,44,25678131,422469,942774,472508,647483,317132,383602,702893,647237,586308,495026,975127,641773,215052,1118317,541007,333260,751255,526148,663596,478267,424981,353318,506025,400362,673962,2175053,492147,349220,531352,599954,637691,556619,367946,546435,559947,604919,571050,303210,295796,756471,403399,415402,435271,856367
STAT,(NULL),BarrierTime,44,10179174,650241,603315,603585,533246,507002,481465,458803,407545,407975,321022,330499,404267,407191,323358,282432,255702,250965,240128,256089,228972,232590,240760,83385,83198,86249,85571,83340,81864,83799,84502,84560,85275,84560,84163,83107,84236,85111,85861,85323,37002,81454,80364,80060,39038
STAT,(NULL),ConflictTime,44,0,0,0,0,0,0,0,0,0,0,0,0,0,0,0,0,0,0,0,0,0,0,0,0,0,0,0,0,0,0,0,0,0,0,0,0,0,0,0,0,0,0,0,0,0
STAT,(NULL),Conflicts,44,0,0,0,0,0,0,0,0,0,0,0,0,0,0,0,0,0,0,0,0,0,0,0,0,0,0,0,0,0,0,0,0,0,0,0,0,0,0,0,0,0,0,0,0,0
STAT,(NULL),EmptyPopTime,44,289181940,7094698,6834184,6688964,6552512,6848949,6811535,6697521,6939533,6968834,6857048,6790042,6781122,7062877,6480738,6704851,6839357,6737794,6946691,6552932,7043904,6942183,6653536,6352058,6306278,6224314,6101188,6348416,6342815,6474150,6285508,6114368,6475433,6406205,6334445,6295866,6155925,6247144,6254738,6397310,6532361,6600071,6292096,6344881,6466565
STAT,(NULL),EmptyWork,44,3360356342,81574447,78841847,76400645,76779584,78498912,75747418,76567188,74826471,72641943,75838394,76598043,77010445,77111976,75946082,78485437,74165614,74276770,77899733,76793537,77162416,78385325,74990732,74613747,75927212,77479261,75217938,76552997,75584929,78150458,76867891,76429789,75398956,75487269,74956849,75152818,77105342,75466122,74654061,77205371,76651395,76423309,74761382,78020090,75706197
STAT,(NULL),GaloisTime,44,14934508635,371339835,338573648,337698604,338536260,339787120,340300675,338613766,340325776,341787180,340419719,340853214,338593522,341223570,339632010,336485577,336629978,336674793,339120570,341692156,338199544,335301040,338143528,337801119,337992053,340030217,341365508,341569656,340014792,336569190,338281974,338647073,337979390,337603779,338388374,340425602,338604123,335373363,336625341,335739494,337872387,340191819,341327967,336381015,335792314
STAT,(NULL),InitPushTime,44,2774499,27620,26748,26508,23972,2796,80656,48716,43120,42592,42352,41376,40788,40992,40484,111874,44196,44736,49804,40608,44392,44672,42036,105864,115947,116204,115265,116116,105270,104441,104295,105534,77418,60294,75578,59217,77103,61064,76105,58908,57999,58168,57552,57633,57486
STAT,(NULL),Iterations,44,22155082,408396,504843,504695,508529,506691,506928,506593,504824,505585,505059,506907,507647,508859,508654,503030,500653,502616,508647,508666,503933,503325,504065,505393,505906,505847,508138,506737,507312,504629,505928,508361,506610,507477,507262,506014,506925,502969,501681,501794,506908,507782,508604,502733,500927
STAT,(NULL),LoopTime,44,5767522007,5767522007,0,0,0,0,0,0,0,0,0,0,0,0,0,0,0,0,0,0,0,0,0,0,0,0,0,0,0,0,0,0,0,0,0,0,0,0,0,0,0,0,0,0,0
STAT,(NULL),MeminfoPost,44,968,22,22,22,22,22,22,22,22,22,22,22,22,22,22,22,22,22,22,22,22,22,22,22,22,22,22,22,22,22,22,22,22,22,22,22,22,22,22,22,22,22,22,22,22
STAT,(NULL),MeminfoPre,44,968,22,22,22,22,22,22,22,22,22,22,22,22,22,22,22,22,22,22,22,22,22,22,22,22,22,22,22,22,22,22,22,22,22,22,22,22,22,22,22,22,22,22,22,22
STAT,(NULL),NumaPost,44,11655,9994,875,600,186,0,0,0,0,0,0,0,0,0,0,0,0,0,0,0,0,0,0,0,0,0,0,0,0,0,0,0,0,0,0,0,0,0,0,0,0,0,0,0,0
STAT,(NULL),PopTime,44,52008058026,1116728443,1180602405,1174106559,1181155922,1182053110,1177674214,1181717135,1180700647,1180934945,1176539949,1178649545,1183371706,1186003228,1180616184,1180994844,1176858734,1177772061,1182809368,1184534411,1183591197,1182087035,1183637717,1186717472,1187310691,1183350354,1184387481,1189043031,1186865680,1183383905,1184244943,1185165609,1189465420,1185053433,1185089205,1185905285,1187962071,1186950540,1187263425,1187140940,1187498610,1187387297,1182078397,1187259378,1185395500
STAT,(NULL),PushTime,44,110488954086,2571364178,2511497623,2519725473,2507678024,2505563238,2509158988,2508915584,2509354154,2508964512,2514006620,2507805157,2506075793,2497426287,2508268611,2514411487,2518668826,2517993004,2504015731,2503669667,2511578558,2515530176,2509455475,2514571890,2505240564,2511774861,2505771430,2508851758,2502023124,2513416939,2512466016,2505782566,2505524982,2505823556,2510752223,2507972021,2506709078,2510232871,2517127246,2513478648,2508800145,2506144098,2510727082,2511874955,2512760867
STAT,(NULL),RusageSys,44,40000,40000,0,0,0,0,0,0,0,0,0,0,0,0,0,0,0,0,0,0,0,0,0,0,0,0,0,0,0,0,0,0,0,0,0,0,0,0,0,0,0,0,0,0,0
STAT,(NULL),RusageUser,44,114384000,114384000,0,0,0,0,0,0,0,0,0,0,0,0,0,0,0,0,0,0,0,0,0,0,0,0,0,0,0,0,0,0,0,0,0,0,0,0,0,0,0,0,0,0,0
STAT,(NULL),Threads,44,44,44,0,0,0,0,0,0,0,0,0,0,0,0,0,0,0,0,0,0,0,0,0,0,0,0,0,0,0,0,0,0,0,0,0,0,0,0,0,0,0,0,0,0,0
STAT,(NULL),Time,44,5781798198,5781798198,0,0,0,0,0,0,0,0,0,0,0,0,0,0,0,0,0,0,0,0,0,0,0,0,0,0,0,0,0,0,0,0,0,0,0,0,0,0,0,0,0,0,0
STAT,(NULL),TotalTime,44,15884491142,15884491142,0,0,0,0,0,0,0,0,0,0,0,0,0,0,0,0,0,0,0,0,0,0,0,0,0,0,0,0,0,0,0,0,0,0,0,0,0,0,0,0,0,0,0
STAT,(NULL),UserTime,44,70319694614,1565546609,1597302369,1599030881,1602949345,1600900991,1603958057,1601140252,1601507530,1602353980,1599992953,1602956030,1601820326,1604823326,1602710125,1596569319,1600492376,1600198952,1602861774,1600408913,1596075789,1595406858,1600769987,1593596598,1600876961,1594794833,1600810898,1591290760,1602822706,1595661879,1595508112,1601514576,1598809845,1603280489,1598134515,1597905689,1597119103,1599385865,1591731326,1593695037,1596299104,1596905581,1598467991,1593773534,1597532470
STAT,(NULL),Work,44,251405776170,5713789355,5713759572,5713760875,5713771652,5713763474,5713757874,5713770985,5713773684,5713773034,5713775410,5713759679,5713778220,5713774460,5713763647,5713769150,5713768990,5713774514,5713773285,5713775288,5713766972,5713772413,5713767520,5713762998,5713764496,5713766364,5713766579,5713765034,5713766780,5713762887,5713766715,5713768540,5713764584,5713765898,5713765258,5713770861,5713767882,5713765801,5713762730,5713762845,5713763390,5713764325,5713765418,5713763480,5713763252
STAT,(NULL),nBad,44,45105,779,1620,854,1144,588,655,1178,1163,1013,846,1715,1027,378,1974,933,616,1380,949,1134,832,750,636,898,731,1138,3916,810,632,930,1042,1138,966,647,966,997,1049,992,549,503,1289,669,723,816,1540
STAT,(NULL),nEmpty,44,12151267,223695,276722,276342,278882,277869,277659,278173,276594,276960,276699,278035,279016,279883,279383,275923,273579,275065,279744,279452,276864,276278,277162,277941,277919,277446,278172,278106,278063,276326,277535,278839,277355,278221,278233,277256,277475,275802,275549,275061,277836,278671,279319,275711,274452
STAT,(NULL),nEmptyPop,44,168471,3545,3987,4011,3952,3961,3968,3915,4084,4139,3951,3967,3962,4059,3914,3900,3989,3953,4066,3886,3985,4006,3901,3702,3628,3667,3619,3670,3757,3774,3681,3635,3721,3719,3700,3684,3707,3620,3637,3742,3820,3751,3642,3688,3806
STAT,(NULL),nOverall,44,120044893,2216805,2737664,2740972,2755442,2743922,2749805,2740874,2737713,2744185,2742476,2747865,2744735,2746402,2750000,2725571,2724476,2728040,2745787,2749848,2725410,2723582,2722474,2730692,2735105,2740538,2757990,2744542,2750998,2737488,2740360,2754318,2752476,2750983,2749662,2745575,2752547,2727492,2714159,2722007,2748477,2749567,2753623,2723850,2718396
STAT,(NULL),nPop,44,22155082,408396,504843,504695,508529,506691,506928,506593,504824,505585,505059,506907,507647,508859,508654,503030,500653,502616,508647,508666,503933,503325,504065,505393,505906,505847,508138,506737,507312,504629,505928,508361,506610,507477,507262,506014,506925,502969,501681,501794,506908,507782,508604,502733,500927
STAT,(NULL),nPush,44,22155077,410259,505305,505772,507282,505675,507760,505024,506175,506548,509297,507032,507345,505027,507263,503136,503477,502303,505828,505766,504046,502264,502165,505648,504167,506269,507911,507485,507811,504901,505076,508583,508162,506756,507572,506531,508525,503774,502644,502173,507240,506099,508938,501551,502512
STAT,(NULL),nPushInit,44,5,1,1,1,1,0,1,0,0,0,0,0,0,0,0,0,0,0,0,0,0,0,0,0,0,0,0,0,0,0,0,0,0,0,0,0,0,0,0,0,0,0,0,0,0
==== BENCHMARK TOOK 8.086
==== BENCHMARK START ===
==== PARAMS kernel=4.9.5-64-net1 malloc=libc hostname=rack-mad-04 threads=44 delta=4 prog=sssp-klsm64mq4  ===
ERROR: ld.so: object '/specific/disk1/home/adamx/malloc/lib64/libjemalloc.so' from LD_PRELOAD cannot be preloaded (cannot open shared object file): ignored.
Galois Benchmark Suite v2.2.1 (r0)
Copyright (C) 2014 The University of Texas at Austin
http://iss.ices.utexas.edu/galois/

application: Single Source Shortest Path
Computes the shortest path from a source node to all nodes in a directed graph using a modified chaotic iteration algorithm
http://iss.ices.utexas.edu/?p=projects/galois/benchmarks/single_source_shortest_path

INFO: CommandLine ./build/debug/apps/sssp/sssp -noverify -t 44 -delta 4 -wl klsm64mq4 -startNode 0 /specific/disk1/home/mad/Galois-PQ/inputs/planar10M.gr
INFO: Hostname rack-mad-04
Read 10000000 nodes
Running Asynchronous with CAS version
INFO: Using delta-step of 1
WARNING: Performance varies considerably due to delta parameter.
WARNING: Do not expect the default to be good for your graph.
Node 1 has distance 7300
STATTYPE,LOOP,CATEGORY,n,sum,T0,T1,T2,T3,T4,T5,T6,T7,T8,T9,T10,T11,T12,T13,T14,T15,T16,T17,T18,T19,T20,T21,T22,T23,T24,T25,T26,T27,T28,T29,T30,T31,T32,T33,T34,T35,T36,T37,T38,T39,T40,T41,T42,T43
STAT,(NULL),BadWork,44,20604690,483291,452372,530537,209238,425610,795088,489029,582344,396353,635456,464029,730879,455994,317161,509114,676911,369354,466468,294925,512364,459438,542877,415562,386479,510323,376698,614026,402190,498619,323005,482296,515959,306124,571073,361145,415011,401463,491661,584553,284277,561658,389837,431829,482070
STAT,(NULL),BarrierTime,44,8623881,706521,550873,495321,510283,477430,359895,366950,363266,368084,347253,360462,264655,267175,262561,267282,263099,267272,268079,273713,247421,228042,231346,27512,45076,44737,28679,42401,44807,38990,42093,25866,41110,41566,42412,44105,38033,37986,45447,39917,42738,45257,38205,39420,40541
STAT,(NULL),ConflictTime,44,0,0,0,0,0,0,0,0,0,0,0,0,0,0,0,0,0,0,0,0,0,0,0,0,0,0,0,0,0,0,0,0,0,0,0,0,0,0,0,0,0,0,0,0,0
STAT,(NULL),Conflicts,44,0,0,0,0,0,0,0,0,0,0,0,0,0,0,0,0,0,0,0,0,0,0,0,0,0,0,0,0,0,0,0,0,0,0,0,0,0,0,0,0,0,0,0,0,0
STAT,(NULL),EmptyPopTime,44,288921078,6899972,6713632,6494859,6628272,6640052,6680695,6494071,6780525,6671987,6673530,6696330,6610664,6865932,6949734,6988377,6633787,6408602,6694793,6695965,7860296,6622470,6864698,6261315,6578538,6434097,6295103,6009552,6192169,6342574,6177421,6131765,6368576,6197788,6147654,6612899,7446050,6519708,6360374,6436897,6614735,6360272,6267267,6446738,6150343
STAT,(NULL),EmptyWork,44,3360347075,79606243,74918122,73529206,75631354,78014435,78096931,75389423,77014817,75685436,73935062,77002397,78559790,75831012,76685144,77961361,77097380,75974162,76132465,74914032,74232047,77898329,77050919,78823262,74294469,76677113,76332920,74661091,77278919,77721447,73152029,75338656,75048347,80027050,74903042,75999034,73284303,78454358,75559276,79576142,76709081,77180144,74441944,77966724,75757657
STAT,(NULL),GaloisTime,44,14950759391,360531899,338069334,337250221,339870683,339887349,339211660,336248782,340915862,341225702,339698471,339658037,343571650,340414713,342074458,336894007,336973110,335784840,339815448,338397832,340514108,335850714,340512869,340748824,337650131,338793373,340868110,343015135,339048822,339256814,339180017,340608206,339623436,339312170,340986625,337580100,339711684,336296873,337709588,338277030,339714889,343440132,339512361,335864950,340188372
STAT,(NULL),InitPushTime,44,2881035,21388,52024,53753,22072,2688,73484,53876,54068,53564,39732,39228,60436,59884,60012,60780,60644,59444,59316,59112,38308,38452,37668,118367,91116,91960,87831,86841,89085,88359,87487,90105,90611,89636,89760,88433,85624,88140,86578,86401,57259,56672,57097,57193,56547
STAT,(NULL),Iterations,44,22153374,427858,504790,504709,508988,507622,507246,504875,506032,507108,507115,507172,507517,506775,505826,501144,501575,503851,504334,507213,502885,501622,503187,505029,504361,504353,507596,506135,508889,504771,503917,508898,507366,506866,506804,505774,506132,503374,499078,500578,506651,504881,508121,502551,501805
STAT,(NULL),LoopTime,44,5743629147,5743629147,0,0,0,0,0,0,0,0,0,0,0,0,0,0,0,0,0,0,0,0,0,0,0,0,0,0,0,0,0,0,0,0,0,0,0,0,0,0,0,0,0,0,0
STAT,(NULL),MeminfoPost,44,968,22,22,22,22,22,22,22,22,22,22,22,22,22,22,22,22,22,22,22,22,22,22,22,22,22,22,22,22,22,22,22,22,22,22,22,22,22,22,22,22,22,22,22,22
STAT,(NULL),MeminfoPre,44,968,22,22,22,22,22,22,22,22,22,22,22,22,22,22,22,22,22,22,22,22,22,22,22,22,22,22,22,22,22,22,22,22,22,22,22,22,22,22,22,22,22,22,22,22
STAT,(NULL),NumaPost,44,11663,9999,877,601,186,0,0,0,0,0,0,0,0,0,0,0,0,0,0,0,0,0,0,0,0,0,0,0,0,0,0,0,0,0,0,0,0,0,0,0,0,0,0,0,0
STAT,(NULL),PopTime,44,51720742732,1115212223,1173928156,1172180293,1172763349,1172286439,1170488791,1177917544,1174146863,1176885040,1168668303,1176557922,1175038278,1171701494,1168723651,1169186133,1176980036,1180866999,1169788495,1173926514,1173221523,1170050051,1179759119,1180462552,1180467677,1178566057,1178727413,1180954871,1183654595,1181012704,1177374892,1183417336,1179015601,1180939031,1178999310,1176888915,1176288274,1180145760,1177012776,1177545710,1182346766,1176443609,1180490611,1186590119,1183120937
STAT,(NULL),PushTime,44,110261748489,2568445985,2510255756,2513242485,2504916156,2504113341,2506593762,2510721773,2505007661,2506018850,2509473265,2503045628,2499545551,2504165099,2501698752,2511923796,2503704919,2499221009,2506201113,2505019069,2510997373,2515234812,2503036953,2503009965,2505003353,2502467930,2501313730,2499243411,2497851525,2503830669,2506003024,2494033223,2501502522,2502599937,2500752244,2507384511,2501859067,2507865931,2513068682,2505561587,2501242611,2500967738,2498536308,2506562852,2498504561
STAT,(NULL),RusageSys,44,24000,24000,0,0,0,0,0,0,0,0,0,0,0,0,0,0,0,0,0,0,0,0,0,0,0,0,0,0,0,0,0,0,0,0,0,0,0,0,0,0,0,0,0,0,0
STAT,(NULL),RusageUser,44,113924000,113924000,0,0,0,0,0,0,0,0,0,0,0,0,0,0,0,0,0,0,0,0,0,0,0,0,0,0,0,0,0,0,0,0,0,0,0,0,0,0,0,0,0,0,0
STAT,(NULL),Threads,44,44,44,0,0,0,0,0,0,0,0,0,0,0,0,0,0,0,0,0,0,0,0,0,0,0,0,0,0,0,0,0,0,0,0,0,0,0,0,0,0,0,0,0,0,0
STAT,(NULL),Time,44,5754876593,5754876593,0,0,0,0,0,0,0,0,0,0,0,0,0,0,0,0,0,0,0,0,0,0,0,0,0,0,0,0,0,0,0,0,0,0,0,0,0,0,0,0,0,0,0
STAT,(NULL),TotalTime,44,15409830055,15409830055,0,0,0,0,0,0,0,0,0,0,0,0,0,0,0,0,0,0,0,0,0,0,0,0,0,0,0,0,0,0,0,0,0,0,0,0,0,0,0,0,0,0,0
STAT,(NULL),UserTime,44,69775325096,1559251008,1586065589,1587252925,1590140831,1589010596,1588878753,1583178734,1586083624,1583464603,1591501626,1586990696,1586625565,1590974463,1593820748,1586997874,1588563737,1591694291,1591316994,1590999163,1583129274,1584295630,1582725724,1580645492,1585956446,1587012511,1586415032,1586065390,1585926781,1581788134,1588064257,1590421480,1588391618,1580874073,1588160449,1585484760,1591360347,1580667385,1580239722,1582555481,1583323254,1585559479,1590704145,1576518251,1586228161
STAT,(NULL),Work,44,250362673915,5690063040,5690068129,5690062171,5690064822,5690062612,5690072627,5690068670,5690071717,5690065766,5690068307,5690048716,5690070626,5690065126,5690072343,5690065776,5690069770,5690067700,5690064113,5690060660,5690047068,5690070436,5690070480,5690058760,5690049715,5690049265,5690069230,5690049455,5690051844,5690059471,5690050811,5690053185,5690054280,5690057956,5690057573,5690052313,5690059769,5690060255,5690052896,5690062069,5690059362,5690050767,5690060237,5690057060,5690056967
STAT,(NULL),nBad,44,36578,756,787,984,383,767,1449,860,958,662,1145,839,1265,801,547,898,1212,682,850,528,952,825,921,770,712,916,685,1109,686,911,613,875,907,523,983,628,760,723,834,1092,511,891,682,827,869
STAT,(NULL),nEmpty,44,12150292,234277,276679,276510,279134,278491,277801,276642,277574,278619,278053,278065,278297,277803,276974,274289,274504,276915,276408,278844,276106,275238,276519,276958,276538,275981,278659,277447,280369,276908,276147,279335,278692,277614,277921,277303,277370,276703,273349,274144,278001,276501,279028,276198,275384
STAT,(NULL),nEmptyPop,44,169485,3643,4044,3920,3951,3982,4036,3887,3989,3969,3951,4036,3961,4038,4072,4084,3978,3845,3972,4054,4033,4017,4056,3640,3716,3749,3762,3611,3699,3747,3752,3726,3734,3629,3756,3856,3711,3766,3667,3720,3809,3702,3727,3801,3687
STAT,(NULL),nOverall,44,120036366,2323188,2738017,2737320,2757749,2751283,2754053,2739458,2742908,2739688,2751227,2749315,2748575,2746687,2745675,2722824,2726104,2720992,2736196,2740416,2722928,2716887,2719295,2736232,2732308,2741416,2748475,2744749,2742616,2734219,2732619,2753219,2742107,2748905,2746317,2740678,2747106,2719113,2708606,2717382,2742301,2741177,2750754,2717445,2717837
STAT,(NULL),nPop,44,22153374,427858,504790,504709,508988,507622,507246,504875,506032,507108,507115,507172,507517,506775,505826,501144,501575,503851,504334,507213,502885,501622,503187,505029,504361,504353,507596,506135,508889,504771,503917,508898,507366,506866,506804,505774,506132,503374,499078,500578,506651,504881,508121,502551,501805
STAT,(NULL),nPush,44,22153369,429998,505144,505678,506617,506673,507283,506198,505130,505603,509344,507856,504757,505953,507743,502573,501537,500824,505816,506200,503654,502000,501571,504882,504810,506120,508206,506051,507205,504504,504145,506784,506588,506615,505346,506450,507692,502094,502280,502146,506911,505118,508162,501714,501394
STAT,(NULL),nPushInit,44,5,1,1,1,1,0,1,0,0,0,0,0,0,0,0,0,0,0,0,0,0,0,0,0,0,0,0,0,0,0,0,0,0,0,0,0,0,0,0,0,0,0,0,0,0
==== BENCHMARK TOOK 7.793
==== BENCHMARK START ===
==== PARAMS kernel=4.9.5-64-net1 malloc=libc hostname=rack-mad-04 threads=44 delta=4 prog=sssp-klsm64mq4  ===
ERROR: ld.so: object '/specific/disk1/home/adamx/malloc/lib64/libjemalloc.so' from LD_PRELOAD cannot be preloaded (cannot open shared object file): ignored.
Galois Benchmark Suite v2.2.1 (r0)
Copyright (C) 2014 The University of Texas at Austin
http://iss.ices.utexas.edu/galois/

application: Single Source Shortest Path
Computes the shortest path from a source node to all nodes in a directed graph using a modified chaotic iteration algorithm
http://iss.ices.utexas.edu/?p=projects/galois/benchmarks/single_source_shortest_path

INFO: CommandLine ./build/debug/apps/sssp/sssp -noverify -t 44 -delta 4 -wl klsm64mq4 -startNode 0 /specific/disk1/home/mad/Galois-PQ/inputs/planar10M.gr
INFO: Hostname rack-mad-04
Read 10000000 nodes
Running Asynchronous with CAS version
INFO: Using delta-step of 1
WARNING: Performance varies considerably due to delta parameter.
WARNING: Do not expect the default to be good for your graph.
Node 1 has distance 7300
STATTYPE,LOOP,CATEGORY,n,sum,T0,T1,T2,T3,T4,T5,T6,T7,T8,T9,T10,T11,T12,T13,T14,T15,T16,T17,T18,T19,T20,T21,T22,T23,T24,T25,T26,T27,T28,T29,T30,T31,T32,T33,T34,T35,T36,T37,T38,T39,T40,T41,T42,T43
STAT,(NULL),BadWork,44,19052228,344442,297674,471909,220451,747459,388189,448305,293568,247484,442326,497151,385643,432370,669610,316571,608834,470697,441737,263246,307762,472383,550209,492637,330515,341800,447674,498984,601347,439899,332987,532341,344997,402675,425719,634139,571727,541771,315087,357032,430618,398282,372849,390433,530695
STAT,(NULL),BarrierTime,44,8115092,641530,484557,495491,436513,442524,416249,401234,292713,302007,290285,220153,348413,298056,298481,294123,193840,163877,194826,189755,195430,171743,173635,79269,75359,76017,77144,73233,77179,76124,79362,79057,60338,58158,21404,20584,63059,62220,16127,20183,44256,53342,20514,19332,17396
STAT,(NULL),ConflictTime,44,0,0,0,0,0,0,0,0,0,0,0,0,0,0,0,0,0,0,0,0,0,0,0,0,0,0,0,0,0,0,0,0,0,0,0,0,0,0,0,0,0,0,0,0,0
STAT,(NULL),Conflicts,44,0,0,0,0,0,0,0,0,0,0,0,0,0,0,0,0,0,0,0,0,0,0,0,0,0,0,0,0,0,0,0,0,0,0,0,0,0,0,0,0,0,0,0,0,0
STAT,(NULL),EmptyPopTime,44,287916614,7132649,6755349,6771026,6699284,6795732,6500322,6594612,6722187,6562930,6684294,6737723,6814196,6992269,6883983,6734910,6626935,6572074,6640132,6878572,8085903,6857478,6737391,6332268,6428705,6304252,6486650,6067553,6093049,6596969,6293076,6298736,6090631,6368726,6136644,6260452,6173182,6324807,6425015,6413699,6101579,6317898,6046915,6394308,6181549
STAT,(NULL),EmptyWork,44,3322435419,78728992,75667429,75351388,77535388,75542361,77639322,76467191,74035518,75484080,77154304,72953344,75173229,74832305,78119911,77865122,75831588,73355345,76562801,76126314,76518695,73690580,72505802,75008991,74459323,73596123,76009080,76706052,74712142,75085791,77603645,75687659,72842509,73139029,75814998,74690861,75228922,72981959,75757202,75657741,76009954,76336562,75633164,76445490,75887213
STAT,(NULL),GaloisTime,44,14783369005,356171404,335408615,333850318,335203160,337093980,335380783,333711996,335922033,335371158,335342364,334990143,338682451,335227390,335796687,331766189,335609852,334628242,336317896,337169505,336241331,334320948,333332227,334267039,336210396,334768659,336099673,336928095,337933383,334987820,334195134,335799325,337230447,337433189,336585904,338497615,337349535,332072067,333821558,333815305,338640913,336813805,336008015,333573645,332798811
STAT,(NULL),InitPushTime,44,2573687,27796,59371,59887,21390,2764,69207,43736,40468,39855,39036,77030,38207,38213,38213,38905,62019,47848,61952,47402,61922,46601,48018,68149,120846,120347,87282,64716,85616,64695,86064,63111,63279,62340,62832,63954,61322,61923,63617,61864,59524,59055,61644,61013,60654
STAT,(NULL),Iterations,44,22153733,438165,504086,503502,503149,506121,507075,504741,504628,503779,506437,505005,505706,505271,507510,502682,501949,500859,506764,506353,501908,503158,501212,506154,504625,504408,508509,508209,508735,504335,505097,507093,507686,507384,506362,506917,507322,502039,501507,501232,506911,507945,506985,502985,501233
STAT,(NULL),LoopTime,44,5727771666,5727771666,0,0,0,0,0,0,0,0,0,0,0,0,0,0,0,0,0,0,0,0,0,0,0,0,0,0,0,0,0,0,0,0,0,0,0,0,0,0,0,0,0,0,0
STAT,(NULL),MeminfoPost,44,968,22,22,22,22,22,22,22,22,22,22,22,22,22,22,22,22,22,22,22,22,22,22,22,22,22,22,22,22,22,22,22,22,22,22,22,22,22,22,22,22,22,22,22,22
STAT,(NULL),MeminfoPre,44,968,22,22,22,22,22,22,22,22,22,22,22,22,22,22,22,22,22,22,22,22,22,22,22,22,22,22,22,22,22,22,22,22,22,22,22,22,22,22,22,22,22,22,22,22
STAT,(NULL),NumaPost,44,11679,10020,883,376,400,0,0,0,0,0,0,0,0,0,0,0,0,0,0,0,0,0,0,0,0,0,0,0,0,0,0,0,0,0,0,0,0,0,0,0,0,0,0,0,0
STAT,(NULL),PopTime,44,51696519284,1136766048,1175151100,1170016662,1160960439,1171070468,1169344376,1175355298,1172208646,1169605363,1173553098,1172110505,1166198365,1173006908,1173294140,1170419509,1177129506,1167819763,1174148640,1176004721,1169999903,1174361789,1172072240,1180486157,1176897314,1176526087,1178636616,1182622974,1180343834,1176808426,1179474250,1172857878,1176636419,1177340514,1179482003,1178984493,1177754229,1180100436,1182234387,1181522830,1183967632,1185789365,1178328876,1186555756,1182571321
STAT,(NULL),PushTime,44,109686014941,2535862974,2497973542,2501675287,2515353285,2489787374,2494935627,2497885343,2497840393,2503323712,2492558886,2493315292,2490659578,2493198486,2484254207,2501127095,2489238164,2504375718,2488391557,2490905450,2496416190,2494468092,2500895234,2489332207,2493590088,2494342221,2484116043,2484555372,2481217188,2492945156,2490588308,2493660744,2487141989,2482964746,2487763085,2487047418,2485281211,2494570096,2491299293,2492335243,2477815815,2476619075,2488891192,2486646659,2488850306
STAT,(NULL),RusageSys,44,0,0,0,0,0,0,0,0,0,0,0,0,0,0,0,0,0,0,0,0,0,0,0,0,0,0,0,0,0,0,0,0,0,0,0,0,0,0,0,0,0,0,0,0,0
STAT,(NULL),RusageUser,44,113616000,113616000,0,0,0,0,0,0,0,0,0,0,0,0,0,0,0,0,0,0,0,0,0,0,0,0,0,0,0,0,0,0,0,0,0,0,0,0,0,0,0,0,0,0,0
STAT,(NULL),Threads,44,44,44,0,0,0,0,0,0,0,0,0,0,0,0,0,0,0,0,0,0,0,0,0,0,0,0,0,0,0,0,0,0,0,0,0,0,0,0,0,0,0,0,0,0,0
STAT,(NULL),Time,44,5743269844,5743269844,0,0,0,0,0,0,0,0,0,0,0,0,0,0,0,0,0,0,0,0,0,0,0,0,0,0,0,0,0,0,0,0,0,0,0,0,0,0,0,0,0,0,0
STAT,(NULL),TotalTime,44,14181370048,14181370048,0,0,0,0,0,0,0,0,0,0,0,0,0,0,0,0,0,0,0,0,0,0,0,0,0,0,0,0,0,0,0,0,0,0,0,0,0,0,0,0,0,0,0
STAT,(NULL),UserTime,44,69864737833,1558994416,1582702738,1585993803,1577909284,1593371413,1589858176,1583644445,1586932561,1583312109,1588367366,1593551334,1596131038,1590404140,1595310533,1585748462,1589223620,1586910588,1591598748,1586573878,1586396539,1589959943,1588118428,1588230291,1586071695,1588122515,1592310284,1586777625,1593360755,1587233209,1585505714,1589353627,1593715647,1596410845,1587878260,1588178076,1591871959,1587608083,1584119891,1583913065,1591121803,1591782394,1588748843,1584041442,1587368248
STAT,(NULL),Work,44,249645963364,5673756330,5673752570,5673771386,5673775453,5673774084,5673765802,5673772893,5673776026,5673767447,5673779416,5673769345,5673775448,5673771666,5673771859,5673774394,5673771644,5673773156,5673773242,5673755124,5673772597,5673774986,5673774400,5673770346,5673775248,5673773820,5673773463,5673778098,5673773505,5673774074,5673768327,5673770558,5673773666,5673774999,5673773729,5673774889,5673769477,5673771382,5673773885,5673771397,5673772482,5673777031,5673773716,5673774396,5673775608
STAT,(NULL),nBad,44,34670,623,602,846,449,1227,719,823,593,480,701,983,702,793,1029,602,1051,861,843,521,599,890,905,737,606,687,832,933,1057,842,640,899,644,773,769,1139,1134,1018,569,672,779,718,700,727,953
STAT,(NULL),nEmpty,44,12150782,239856,276594,276320,276065,277242,278779,277396,276750,275957,277756,276851,277316,277170,278482,276036,275406,274768,278358,277836,274780,276388,275044,278149,276747,276222,279070,279025,279292,276711,277331,277571,278345,278106,277399,278253,277888,275029,275316,274815,277828,278632,277745,275773,274385
STAT,(NULL),nEmptyPop,44,168056,3719,3964,3968,3992,4005,3907,3892,3945,3884,3917,3988,4020,4031,4058,3991,3894,3880,3923,4029,4064,4039,3917,3733,3686,3675,3728,3646,3699,3743,3659,3755,3598,3657,3652,3709,3657,3624,3627,3737,3589,3780,3616,3690,3769
STAT,(NULL),nOverall,44,120034458,2378603,2729228,2727096,2725949,2745081,2740043,2729183,2733465,2734238,2744721,2739901,2740476,2736171,2747527,2720494,2717617,2714791,2740391,2741975,2726745,2720436,2713835,2735971,2734272,2739571,2753698,2750333,2754539,2733302,2733154,2754239,2750382,2748851,2747591,2744375,2752692,2723676,2714181,2717762,2748769,2750210,2752384,2723737,2722803
STAT,(NULL),nPop,44,22153733,438165,504086,503502,503149,506121,507075,504741,504628,503779,506437,505005,505706,505271,507510,502682,501949,500859,506764,506353,501908,503158,501212,506154,504625,504408,508509,508209,508735,504335,505097,507093,507686,507384,506362,506917,507322,502039,501507,501232,506911,507945,506985,502985,501233
STAT,(NULL),nPush,44,22153728,439671,503851,504780,503273,505466,507145,504362,504552,505900,506931,507000,506339,505153,505628,500872,500438,503121,503606,505827,502862,500413,502106,504814,504939,506957,507972,507125,506881,505227,504675,508870,507824,506188,507598,506732,508071,502930,501199,502338,505797,506013,509106,501055,502121
STAT,(NULL),nPushInit,44,5,1,1,1,1,0,1,0,0,0,0,0,0,0,0,0,0,0,0,0,0,0,0,0,0,0,0,0,0,0,0,0,0,0,0,0,0,0,0,0,0,0,0,0,0
==== BENCHMARK TOOK 7.266
==== BENCHMARK START ===
==== PARAMS kernel=4.9.5-64-net1 malloc=libc hostname=rack-mad-04 threads=44 delta=4 prog=sssp-klsm64mq4  ===
ERROR: ld.so: object '/specific/disk1/home/adamx/malloc/lib64/libjemalloc.so' from LD_PRELOAD cannot be preloaded (cannot open shared object file): ignored.
Galois Benchmark Suite v2.2.1 (r0)
Copyright (C) 2014 The University of Texas at Austin
http://iss.ices.utexas.edu/galois/

application: Single Source Shortest Path
Computes the shortest path from a source node to all nodes in a directed graph using a modified chaotic iteration algorithm
http://iss.ices.utexas.edu/?p=projects/galois/benchmarks/single_source_shortest_path

INFO: CommandLine ./build/debug/apps/sssp/sssp -noverify -t 44 -delta 4 -wl klsm64mq4 -startNode 0 /specific/disk1/home/mad/Galois-PQ/inputs/planar10M.gr
INFO: Hostname rack-mad-04
Read 10000000 nodes
Running Asynchronous with CAS version
INFO: Using delta-step of 1
WARNING: Performance varies considerably due to delta parameter.
WARNING: Do not expect the default to be good for your graph.
Node 1 has distance 7300
STATTYPE,LOOP,CATEGORY,n,sum,T0,T1,T2,T3,T4,T5,T6,T7,T8,T9,T10,T11,T12,T13,T14,T15,T16,T17,T18,T19,T20,T21,T22,T23,T24,T25,T26,T27,T28,T29,T30,T31,T32,T33,T34,T35,T36,T37,T38,T39,T40,T41,T42,T43
STAT,(NULL),BadWork,44,22538580,321355,263479,344705,619347,466495,602157,664857,409226,552017,550718,270614,769735,443423,605512,439357,548832,547573,629616,412950,410754,297594,524604,788822,756280,657424,252029,464843,700206,564967,570196,445678,557082,389369,783335,350915,408715,427690,483341,294032,382902,597970,682630,376217,909017
STAT,(NULL),BarrierTime,44,8376834,661647,511486,487496,474005,468839,402525,395894,355702,353575,352480,350200,308652,306377,317030,310197,235858,243854,242501,243884,237906,240531,176322,32513,23213,33523,26466,32909,33989,32114,33741,31685,31982,37447,33464,25212,33326,33263,30857,34740,33367,37373,34155,33571,20963
STAT,(NULL),ConflictTime,44,0,0,0,0,0,0,0,0,0,0,0,0,0,0,0,0,0,0,0,0,0,0,0,0,0,0,0,0,0,0,0,0,0,0,0,0,0,0,0,0,0,0,0,0,0
STAT,(NULL),Conflicts,44,0,0,0,0,0,0,0,0,0,0,0,0,0,0,0,0,0,0,0,0,0,0,0,0,0,0,0,0,0,0,0,0,0,0,0,0,0,0,0,0,0,0,0,0,0
STAT,(NULL),EmptyPopTime,44,284158488,6941924,6712739,6348197,6382979,6793664,6644896,6991596,6640139,6488592,6680241,6470383,6448944,6910610,6758296,6599852,6838178,6762217,6427298,6792612,6538822,6571190,6659154,6217823,6088886,7380019,6339831,6134337,6345261,6380095,5894835,6356998,6430086,6245196,6166501,6375960,6231246,6120986,6125886,6421803,6137992,5959093,6099319,6219981,6083831
STAT,(NULL),EmptyWork,44,3316796062,74920674,77931698,73290002,73347541,75794659,74706624,74109871,77252786,76727481,73903933,77313760,75154074,74498870,74511778,76131489,74843960,75728403,74251386,73838942,75258821,76603708,76488971,73598090,78059481,75557343,74517346,74706814,76671101,76509987,76336789,74628812,76265350,76266618,74524555,74130809,72261239,76111397,74542520,75381969,73713829,78612677,76416069,76222817,75151019
STAT,(NULL),GaloisTime,44,14780989685,350083355,336442177,336315891,332855067,335820329,335302576,334852664,337028875,336353004,339332196,336596638,335619113,336671251,337989078,333828246,333234934,334395247,335500609,336843423,333225758,332132609,334097654,333241374,334336069,333225459,335320010,336724376,339279743,336154074,334947236,337973027,338482474,335436913,339308320,336341055,338925463,331552176,332823158,332808263,338072865,335122606,337407505,333603441,335383384
STAT,(NULL),InitPushTime,44,2692328,37671,60041,95957,20992,2977,69687,49298,38668,38356,37154,37552,36651,36632,36098,37084,37202,36778,35637,36869,36001,36232,65802,109707,109450,109626,107763,108614,107676,108644,108401,107764,62670,60133,62385,64071,62143,61974,62143,62751,60999,56650,60610,60970,57845
STAT,(NULL),Iterations,44,22153631,452757,506965,505474,502946,504999,506816,504476,505392,505932,506494,507284,507326,505840,506825,502842,502814,501522,505639,505789,503543,502354,502661,503403,504163,503896,507470,505186,506491,503034,504323,506870,505567,507017,506857,504910,505340,502641,499446,500048,506120,504704,506578,502220,500657
STAT,(NULL),LoopTime,44,5769424562,5769424562,0,0,0,0,0,0,0,0,0,0,0,0,0,0,0,0,0,0,0,0,0,0,0,0,0,0,0,0,0,0,0,0,0,0,0,0,0,0,0,0,0,0,0
STAT,(NULL),MeminfoPost,44,968,22,22,22,22,22,22,22,22,22,22,22,22,22,22,22,22,22,22,22,22,22,22,22,22,22,22,22,22,22,22,22,22,22,22,22,22,22,22,22,22,22,22,22,22
STAT,(NULL),MeminfoPre,44,968,22,22,22,22,22,22,22,22,22,22,22,22,22,22,22,22,22,22,22,22,22,22,22,22,22,22,22,22,22,22,22,22,22,22,22,22,22,22,22,22,22,22,22,22
STAT,(NULL),NumaPost,44,11649,9994,1088,381,186,0,0,0,0,0,0,0,0,0,0,0,0,0,0,0,0,0,0,0,0,0,0,0,0,0,0,0,0,0,0,0,0,0,0,0,0,0,0,0,0
STAT,(NULL),PopTime,44,51650360395,1134961871,1177584677,1177430928,1159712623,1167733626,1169538089,1170526630,1171113008,1174429887,1171627063,1171216168,1174868934,1172892867,1173874922,1172510391,1178802091,1172741773,1175082242,1167129863,1171824779,1172357010,1175591039,1176482205,1174816093,1173566543,1180811669,1175039106,1176941000,1174771764,1174960420,1174833494,1177549841,1177462184,1178162421,1176246827,1175917127,1180942176,1181444196,1178614894,1179491729,1175432084,1173286151,1179724494,1180313496
STAT,(NULL),PushTime,44,109685969229,2536490760,2490497553,2488790808,2510095247,2495735061,2495230736,2497798697,2488849898,2485376333,2484911864,2489185235,2482183541,2490610527,2482329886,2493846725,2492775526,2489581698,2484264610,2490496909,2493358693,2498109486,2489712427,2493991115,2499337343,2498660053,2485776803,2491515542,2486510419,2493486902,2491742322,2494297188,2485935418,2485647371,2488812267,2490416854,2492625167,2499166150,2497565788,2501436289,2484442035,2495494986,2489324200,2495209328,2494343469
STAT,(NULL),RusageSys,44,0,0,0,0,0,0,0,0,0,0,0,0,0,0,0,0,0,0,0,0,0,0,0,0,0,0,0,0,0,0,0,0,0,0,0,0,0,0,0,0,0,0,0,0,0
STAT,(NULL),RusageUser,44,113588000,113588000,0,0,0,0,0,0,0,0,0,0,0,0,0,0,0,0,0,0,0,0,0,0,0,0,0,0,0,0,0,0,0,0,0,0,0,0,0,0,0,0,0,0,0
STAT,(NULL),Threads,44,44,44,0,0,0,0,0,0,0,0,0,0,0,0,0,0,0,0,0,0,0,0,0,0,0,0,0,0,0,0,0,0,0,0,0,0,0,0,0,0,0,0,0,0,0
STAT,(NULL),Time,44,5790020044,5790020044,0,0,0,0,0,0,0,0,0,0,0,0,0,0,0,0,0,0,0,0,0,0,0,0,0,0,0,0,0,0,0,0,0,0,0,0,0,0,0,0,0,0,0
STAT,(NULL),TotalTime,44,15063801116,15063801116,0,0,0,0,0,0,0,0,0,0,0,0,0,0,0,0,0,0,0,0,0,0,0,0,0,0,0,0,0,0,0,0,0,0,0,0,0,0,0,0,0,0,0
STAT,(NULL),UserTime,44,69852586325,1568661257,1582896234,1589890996,1589675011,1590188731,1590643526,1587788779,1591182056,1592690485,1595610260,1591286284,1597792413,1590481810,1596604759,1589150150,1585569723,1592859099,1596539071,1596964931,1591858122,1586291589,1589516213,1588533289,1579426302,1583674903,1589298325,1587943704,1586314998,1584761086,1588181016,1583973508,1587402241,1591004866,1585089237,1588551271,1586104327,1578170038,1579562347,1577401585,1590204580,1581441486,1589529715,1581085504,1580790498
STAT,(NULL),Work,44,249575384550,5672165939,5672167303,5672168475,5672165201,5672173897,5672172226,5672172541,5672173697,5672174393,5672174380,5672175716,5672176003,5672167056,5672171221,5672174696,5672171390,5672164042,5672165667,5672163191,5672171201,5672167709,5672161345,5672171729,5672172026,5672167234,5672170662,5672166931,5672161342,5672166983,5672164107,5672163819,5672164550,5672161722,5672161477,5672176411,5672167879,5672167062,5672171368,5672161503,5672160966,5672162698,5672161622,5672162595,5672162575
STAT,(NULL),nBad,44,40177,567,476,635,1171,826,998,1235,779,890,1053,536,1410,778,1057,790,1042,1021,1174,789,864,572,981,1286,1335,1106,528,765,1032,850,972,782,911,733,1404,598,760,804,896,552,582,1106,1243,693,1595
STAT,(NULL),nEmpty,44,12150223,248066,278594,277327,275611,276153,277873,276334,277160,277551,277481,278358,278286,277612,277523,275653,275690,274761,277092,277372,275932,275573,275654,275723,277221,276788,278601,276840,277718,275711,276512,278617,276969,278437,278123,276644,277009,276121,274149,274287,277805,276762,277394,276198,274938
STAT,(NULL),nEmptyPop,44,168177,3809,4066,3933,3921,3945,4048,4122,4017,3917,3995,3889,4007,4082,4036,3918,4031,4004,3920,4103,3922,3944,4009,3667,3657,3713,3676,3640,3765,3665,3570,3616,3747,3653,3661,3667,3617,3620,3659,3745,3641,3593,3725,3630,3612
STAT,(NULL),nOverall,44,120039965,2457313,2737238,2737717,2729679,2744584,2749364,2736593,2738839,2740414,2748585,2746472,2746624,2738720,2752331,2725256,2724408,2721623,2742364,2741589,2729434,2723138,2722553,2733692,2723305,2726272,2746412,2741397,2745968,2728580,2733842,2741208,2744247,2743291,2742270,2738622,2739518,2717104,2702858,2710800,2739628,2737384,2748459,2711093,2709177
STAT,(NULL),nPop,44,22153631,452757,506965,505474,502946,504999,506816,504476,505392,505932,506494,507284,507326,505840,506825,502842,502814,501522,505639,505789,503543,502354,502661,503403,504163,503896,507470,505186,506491,503034,504323,506870,505567,507017,506857,504910,505340,502641,499446,500048,506120,504704,506578,502220,500657
STAT,(NULL),nPush,44,22153626,453503,503061,505120,503294,506681,506507,504650,504697,505342,507232,506411,506034,506103,507511,502193,501295,501663,505351,506686,503784,502750,502685,504470,503268,505710,506548,507028,506829,504005,504232,507146,506960,505780,505468,505814,507140,500899,499164,501117,505477,505764,506862,500442,500950
STAT,(NULL),nPushInit,44,5,1,1,1,1,0,1,0,0,0,0,0,0,0,0,0,0,0,0,0,0,0,0,0,0,0,0,0,0,0,0,0,0,0,0,0,0,0,0,0,0,0,0,0,0
==== BENCHMARK TOOK 7.735
==== BENCHMARK START ===
==== PARAMS kernel=4.9.5-64-net1 malloc=libc hostname=rack-mad-04 threads=44 delta=4 prog=sssp-klsm64mq4  ===
ERROR: ld.so: object '/specific/disk1/home/adamx/malloc/lib64/libjemalloc.so' from LD_PRELOAD cannot be preloaded (cannot open shared object file): ignored.
Galois Benchmark Suite v2.2.1 (r0)
Copyright (C) 2014 The University of Texas at Austin
http://iss.ices.utexas.edu/galois/

application: Single Source Shortest Path
Computes the shortest path from a source node to all nodes in a directed graph using a modified chaotic iteration algorithm
http://iss.ices.utexas.edu/?p=projects/galois/benchmarks/single_source_shortest_path

INFO: CommandLine ./build/debug/apps/sssp/sssp -noverify -t 44 -delta 4 -wl klsm64mq4 -startNode 0 /specific/disk1/home/mad/Galois-PQ/inputs/planar10M.gr
INFO: Hostname rack-mad-04
Read 10000000 nodes
Running Asynchronous with CAS version
INFO: Using delta-step of 1
WARNING: Performance varies considerably due to delta parameter.
WARNING: Do not expect the default to be good for your graph.
Node 1 has distance 7300
STATTYPE,LOOP,CATEGORY,n,sum,T0,T1,T2,T3,T4,T5,T6,T7,T8,T9,T10,T11,T12,T13,T14,T15,T16,T17,T18,T19,T20,T21,T22,T23,T24,T25,T26,T27,T28,T29,T30,T31,T32,T33,T34,T35,T36,T37,T38,T39,T40,T41,T42,T43
STAT,(NULL),BadWork,44,18714828,489709,407130,426416,590707,519041,481066,459398,597699,343162,875407,415528,355149,276888,568564,534695,313580,289941,437002,273444,226475,509283,448805,340622,408050,334354,338298,390985,353262,455570,366449,259991,329169,419750,434478,547220,339700,383813,665448,386999,412255,574536,431490,231334,471966
STAT,(NULL),BarrierTime,44,10663355,695776,569317,572661,526959,534581,446444,453377,417761,382235,421516,369736,383464,382097,362205,382558,328609,314429,285990,292245,326652,320384,291461,72279,72170,49541,79077,77525,75606,77371,73514,73826,78011,76360,38942,75235,71892,76233,79198,75770,76463,75042,78507,76100,74236
STAT,(NULL),ConflictTime,44,0,0,0,0,0,0,0,0,0,0,0,0,0,0,0,0,0,0,0,0,0,0,0,0,0,0,0,0,0,0,0,0,0,0,0,0,0,0,0,0,0,0,0,0,0
STAT,(NULL),Conflicts,44,0,0,0,0,0,0,0,0,0,0,0,0,0,0,0,0,0,0,0,0,0,0,0,0,0,0,0,0,0,0,0,0,0,0,0,0,0,0,0,0,0,0,0,0,0
STAT,(NULL),EmptyPopTime,44,292693765,7250704,6678083,7024245,6709201,6919589,6378378,6683752,6834924,6858497,6820592,6779261,6894777,6678972,6789569,6774935,6837069,6879817,6691193,6985038,6751488,6820584,7025499,6556422,6290864,6561787,6624042,6346485,6582714,6318774,7526845,6496538,6559503,6563148,6196860,6613268,6567796,6473206,6265160,6486732,6094920,5954156,6514856,6561223,6472299
STAT,(NULL),EmptyWork,44,3349740332,79825083,73294959,76348079,75401992,74376628,75155996,75526939,76273003,77400367,75372615,78893986,77011908,75902287,77426634,77033868,74882412,76879231,77928249,76267210,75642852,74453695,73568654,73242744,74461113,74839774,75381940,78402595,73904360,75193428,79392105,74468818,76020251,75543664,77858416,79618052,75271469,73266300,79787755,76385047,76600939,75666743,80128520,76822320,72617332
STAT,(NULL),GaloisTime,44,14938493162,361051272,336685421,339998934,340217400,339192820,341507088,340750547,339133614,337552574,341886516,340702156,340569036,339321348,339532455,338125070,338464220,337974303,340985217,339511900,336469610,337689685,338551372,338887744,337952121,339940781,341125475,338292555,338392470,340809462,337255477,338909586,338529274,340606478,339031762,341380415,339936477,336573654,336298717,335742556,338130202,338608664,340609146,336766507,338841081
STAT,(NULL),InitPushTime,44,2726267,24454,53440,45776,21288,2872,73464,53808,41472,40088,39800,39552,39136,39392,38908,39372,39268,38564,37700,37388,37960,38028,37712,109179,109369,108930,109876,108644,108812,108372,108694,107800,74763,75093,74287,73810,58594,59774,60522,59231,73568,74624,72431,73714,56738
STAT,(NULL),Iterations,44,22152638,437684,501759,506047,506980,506041,506337,504798,505712,504814,506200,506883,507521,507106,508357,502382,502118,501192,506926,507065,503818,501720,502890,505235,502683,503418,507367,506242,507815,504188,505323,508317,507210,506759,507050,505049,507207,502041,501239,501406,504961,507040,508284,500186,499268
STAT,(NULL),LoopTime,44,5770819733,5770819733,0,0,0,0,0,0,0,0,0,0,0,0,0,0,0,0,0,0,0,0,0,0,0,0,0,0,0,0,0,0,0,0,0,0,0,0,0,0,0,0,0,0,0
STAT,(NULL),MeminfoPost,44,968,22,22,22,22,22,22,22,22,22,22,22,22,22,22,22,22,22,22,22,22,22,22,22,22,22,22,22,22,22,22,22,22,22,22,22,22,22,22,22,22,22,22,22,22
STAT,(NULL),MeminfoPre,44,968,22,22,22,22,22,22,22,22,22,22,22,22,22,22,22,22,22,22,22,22,22,22,22,22,22,22,22,22,22,22,22,22,22,22,22,22,22,22,22,22,22,22,22,22
STAT,(NULL),NumaPost,44,11667,10005,884,377,401,0,0,0,0,0,0,0,0,0,0,0,0,0,0,0,0,0,0,0,0,0,0,0,0,0,0,0,0,0,0,0,0,0,0,0,0,0,0,0,0
STAT,(NULL),PopTime,44,52027732969,1131275505,1169020957,1178857413,1178969364,1183022759,1177466638,1182922917,1182005746,1180407488,1181264893,1181237655,1182295467,1187787264,1183591108,1179727747,1178580772,1174181805,1180956370,1180809367,1180516355,1179990282,1184789247,1189210249,1182837877,1183718574,1183939691,1190309393,1191264149,1187869626,1186369655,1187796278,1186501973,1184620478,1187651267,1180736972,1184495142,1190667411,1192621465,1193243873,1184188133,1186000877,1187329098,1185119071,1181564598
STAT,(NULL),PushTime,44,110605351887,2564941633,2548255523,2517501703,2508531596,2508168577,2512655247,2507546138,2505049342,2514269683,2506410742,2506596514,2509306462,2504140052,2504285476,2513070837,2521614274,2523331374,2509917380,2510218147,2518872637,2515749284,2513330365,2514597178,2514244232,2516940827,2510134126,2514685442,2507396752,2510138868,2512284604,2508900847,2510607059,2512521954,2507682829,2514327555,2508130504,2514016411,2507856214,2509727498,2513139062,2508600635,2502228547,2518284712,2525143045
STAT,(NULL),RusageSys,44,0,0,0,0,0,0,0,0,0,0,0,0,0,0,0,0,0,0,0,0,0,0,0,0,0,0,0,0,0,0,0,0,0,0,0,0,0,0,0,0,0,0,0,0,0
STAT,(NULL),RusageUser,44,114492000,114492000,0,0,0,0,0,0,0,0,0,0,0,0,0,0,0,0,0,0,0,0,0,0,0,0,0,0,0,0,0,0,0,0,0,0,0,0,0,0,0,0,0,0,0
STAT,(NULL),Threads,44,44,44,0,0,0,0,0,0,0,0,0,0,0,0,0,0,0,0,0,0,0,0,0,0,0,0,0,0,0,0,0,0,0,0,0,0,0,0,0,0,0,0,0,0,0
STAT,(NULL),Time,44,5782567058,5782567058,0,0,0,0,0,0,0,0,0,0,0,0,0,0,0,0,0,0,0,0,0,0,0,0,0,0,0,0,0,0,0,0,0,0,0,0,0,0,0,0,0,0,0
STAT,(NULL),TotalTime,44,15733521148,15733521148,0,0,0,0,0,0,0,0,0,0,0,0,0,0,0,0,0,0,0,0,0,0,0,0,0,0,0,0,0,0,0,0,0,0,0,0,0,0,0,0,0,0,0
STAT,(NULL),UserTime,44,70339204903,1572772199,1583184936,1597388190,1607289196,1605439983,1603957608,1603688330,1607822978,1600630836,1605365732,1602909512,1601043144,1603288231,1605494731,1602386513,1596740094,1597871999,1600640554,1603328368,1598867797,1602414617,1599854604,1594622578,1601331411,1595114473,1599912855,1589081465,1599577178,1596787820,1594289567,1600543875,1598900083,1597260746,1598697144,1594440444,1602718200,1596119800,1594286612,1595532910,1598966522,1602286869,1600307876,1593564229,1592482094
STAT,(NULL),Work,44,251557962693,5717255839,5717230111,5717223265,5717226335,5717223837,5717230430,5717227991,5717225189,5717222636,5717225631,5717232347,5717218438,5717219581,5717232247,5717217493,5717218246,5717233774,5717227459,5717217858,5717220429,5717227952,5717221216,5717229358,5717228501,5717227117,5717223157,5717227341,5717225431,5717228679,5717228102,5717227505,5717230680,5717223855,5717223456,5717223820,5717229764,5717224726,5717224492,5717226148,5717228756,5717225513,5717226631,5717223503,5717227854
STAT,(NULL),nBad,44,32822,842,745,758,1020,894,827,778,993,578,1438,748,628,492,1020,949,577,524,799,465,404,963,820,602,715,616,649,720,603,864,633,451,611,702,779,1025,521,565,1131,684,688,1017,714,424,846
STAT,(NULL),nEmpty,44,12149838,240285,275328,277176,277856,276937,277525,276290,276958,276653,276984,277960,278814,278545,279069,275711,276067,274848,278069,278624,276339,274665,276105,277631,274771,275957,278547,278048,279365,276333,277503,279030,278194,277928,278312,276479,278697,275510,274943,274987,276536,277790,279045,274174,273250
STAT,(NULL),nEmptyPop,44,168567,3726,4024,4055,4026,4117,3841,3958,4002,3952,4017,4005,4049,3904,4002,3909,4022,3963,3918,4043,3965,4032,4020,3659,3652,3721,3801,3686,3697,3621,3635,3710,3759,3726,3634,3712,3733,3663,3586,3696,3610,3535,3715,3760,3706
STAT,(NULL),nOverall,44,120032610,2369116,2719043,2745414,2750426,2748316,2746645,2740552,2743701,2738060,2750216,2746908,2744348,2742226,2752042,2720651,2713959,2718758,2743579,2742563,2729662,2725021,2720834,2731360,2734705,2729726,2746637,2738444,2742061,2733716,2734357,2750053,2747215,2744402,2745247,2742907,2742045,2720617,2715421,2715764,2740666,2749129,2750962,2711450,2713686
STAT,(NULL),nPop,44,22152638,437684,501759,506047,506980,506041,506337,504798,505712,504814,506200,506883,507521,507106,508357,502382,502118,501192,506926,507065,503818,501720,502890,505235,502683,503418,507367,506242,507815,504188,505323,508317,507210,506759,507050,505049,507207,502041,501239,501406,504961,507040,508284,500186,499268
STAT,(NULL),nPush,44,22152633,437462,502116,506554,507372,506774,508023,504698,504724,506692,506396,506662,506392,505598,506570,502409,502804,503973,505966,507236,503719,502430,501800,503464,504451,504979,507715,506851,506721,503323,503899,507395,506207,507027,505976,506025,506709,502165,500266,500726,507104,505326,507241,501161,501532
STAT,(NULL),nPushInit,44,5,1,1,1,1,0,1,0,0,0,0,0,0,0,0,0,0,0,0,0,0,0,0,0,0,0,0,0,0,0,0,0,0,0,0,0,0,0,0,0,0,0,0,0,0
==== BENCHMARK TOOK 7.919
==== BENCHMARK START ===
==== PARAMS kernel=4.9.5-64-net1 malloc=libc hostname=rack-mad-04 threads=44 delta=4 prog=sssp-klsm64mq4  ===
ERROR: ld.so: object '/specific/disk1/home/adamx/malloc/lib64/libjemalloc.so' from LD_PRELOAD cannot be preloaded (cannot open shared object file): ignored.
Galois Benchmark Suite v2.2.1 (r0)
Copyright (C) 2014 The University of Texas at Austin
http://iss.ices.utexas.edu/galois/

application: Single Source Shortest Path
Computes the shortest path from a source node to all nodes in a directed graph using a modified chaotic iteration algorithm
http://iss.ices.utexas.edu/?p=projects/galois/benchmarks/single_source_shortest_path

INFO: CommandLine ./build/debug/apps/sssp/sssp -noverify -t 44 -delta 4 -wl klsm64mq4 -startNode 0 /specific/disk1/home/mad/Galois-PQ/inputs/planar10M.gr
INFO: Hostname rack-mad-04
Read 10000000 nodes
Running Asynchronous with CAS version
INFO: Using delta-step of 1
WARNING: Performance varies considerably due to delta parameter.
WARNING: Do not expect the default to be good for your graph.
Node 1 has distance 7300
STATTYPE,LOOP,CATEGORY,n,sum,T0,T1,T2,T3,T4,T5,T6,T7,T8,T9,T10,T11,T12,T13,T14,T15,T16,T17,T18,T19,T20,T21,T22,T23,T24,T25,T26,T27,T28,T29,T30,T31,T32,T33,T34,T35,T36,T37,T38,T39,T40,T41,T42,T43
STAT,(NULL),BadWork,44,20575490,410278,267483,693026,507041,558525,396467,508495,267213,493781,491444,506174,368928,452397,582243,621419,408727,880520,213571,352525,1253878,516536,272347,397073,318833,403800,280022,439537,739373,310447,379542,467647,681258,480893,484363,483260,415268,470012,463312,379692,430710,295214,485775,296104,450337
STAT,(NULL),BarrierTime,44,8026747,570928,530365,501700,456837,458399,363874,357037,331257,332068,328367,333985,293025,289915,288793,288696,227846,223428,232201,230871,226453,225623,223234,29406,33735,30377,33141,32616,33456,30362,33216,30698,32802,32517,32751,31930,31679,30950,35062,32978,31702,32577,35164,31507,33219
STAT,(NULL),ConflictTime,44,0,0,0,0,0,0,0,0,0,0,0,0,0,0,0,0,0,0,0,0,0,0,0,0,0,0,0,0,0,0,0,0,0,0,0,0,0,0,0,0,0,0,0,0,0
STAT,(NULL),Conflicts,44,0,0,0,0,0,0,0,0,0,0,0,0,0,0,0,0,0,0,0,0,0,0,0,0,0,0,0,0,0,0,0,0,0,0,0,0,0,0,0,0,0,0,0,0,0
STAT,(NULL),EmptyPopTime,44,293213536,7398305,7153336,6815766,6737892,6680640,6926133,6743996,7029744,6926010,6962201,7001411,6902427,7118088,6677655,7012171,6869295,8173894,6866024,6687622,7120395,6967526,6861509,6290261,6471250,6446916,6426955,6516508,6131410,6076374,6349565,6179595,6308326,6276623,6254191,6267627,6497455,6109104,6479695,6239231,6603944,6479070,6445492,6448088,6283816
STAT,(NULL),EmptyWork,44,3331338269,79128514,76591540,73390220,77398870,80916591,75877687,77154243,74333490,77222947,78330607,77382289,77133246,75442180,77140693,74069686,75627016,72439698,74839779,76007279,74737586,74459953,76396884,77673019,75741060,74732333,73703514,77222972,75734221,75409912,77363780,73551508,78085490,75968686,72743113,76744379,75355192,74205627,72550727,75647599,76576597,73346866,74227925,72499566,76233185
STAT,(NULL),GaloisTime,44,14851825975,369009595,336137032,334356006,337311164,337057872,336097314,337317607,335022744,335676041,339596486,340324951,337651672,339266250,337759059,335480491,336999963,334775978,335877255,336175131,338499219,332737294,334677105,337742056,337108188,336206691,339930493,337679188,337064866,335977537,336684494,336531892,338055068,338502775,336706229,340256775,337718768,339237381,336691961,335339675,336825568,336835333,335841786,333451405,333631617
STAT,(NULL),InitPushTime,44,2492164,28156,27172,24548,23060,3056,77368,57812,43208,42612,41808,41344,41020,41160,40464,41508,43036,42204,41532,40716,41796,41332,40644,120677,93734,93698,93464,91813,91865,92855,92708,94431,60383,59936,59796,60229,58931,59532,59400,58806,57119,57002,56232,57163,56834
STAT,(NULL),Iterations,44,22153824,409310,506281,504630,508057,506808,509596,505313,503927,507313,509559,506124,508489,506954,508036,502313,502016,503832,507664,507624,503753,502680,503961,504674,504342,503917,508585,508027,507318,505696,505057,508266,506834,507160,506475,507597,506788,502502,502709,501976,504589,506631,506833,500778,502830
STAT,(NULL),LoopTime,44,5781254296,5781254296,0,0,0,0,0,0,0,0,0,0,0,0,0,0,0,0,0,0,0,0,0,0,0,0,0,0,0,0,0,0,0,0,0,0,0,0,0,0,0,0,0,0,0
STAT,(NULL),MeminfoPost,44,968,22,22,22,22,22,22,22,22,22,22,22,22,22,22,22,22,22,22,22,22,22,22,22,22,22,22,22,22,22,22,22,22,22,22,22,22,22,22,22,22,22,22,22,22
STAT,(NULL),MeminfoPre,44,968,22,22,22,22,22,22,22,22,22,22,22,22,22,22,22,22,22,22,22,22,22,22,22,22,22,22,22,22,22,22,22,22,22,22,22,22,22,22,22,22,22,22,22,22
STAT,(NULL),NumaPost,44,11656,9995,1091,384,186,0,0,0,0,0,0,0,0,0,0,0,0,0,0,0,0,0,0,0,0,0,0,0,0,0,0,0,0,0,0,0,0,0,0,0,0,0,0,0,0
STAT,(NULL),PopTime,44,51855151444,1109084508,1177653962,1173524047,1180002833,1176275993,1181530921,1179999927,1176252570,1180125628,1178961337,1176579394,1176351035,1174769545,1173626858,1175743033,1174442596,1177870186,1178515748,1176555908,1176429431,1176306504,1179360614,1183111652,1180142684,1175319190,1181508935,1184607557,1181526515,1189590624,1183339182,1181997205,1184033992,1182707540,1184583532,1186086224,1182401538,1188569662,1187477147,1181006218,1177080810,1182275309,1179210407,1179268342,1189344601
STAT,(NULL),PushTime,44,109741529150,2556450957,2489490890,2497043444,2493046910,2492455677,2488174426,2492540929,2494137075,2486411677,2482754806,2486614810,2487100398,2485402258,2489971819,2500585824,2497806870,2490821972,2487997518,2487468895,2493117663,2495614321,2489729464,2498894963,2502835242,2498717607,2494161037,2486166530,2489678027,2487195322,2498790076,2492426784,2487871477,2490445713,2493599322,2491567116,2490360684,2490297990,2493805148,2500753138,2499747729,2492960626,2497985642,2503607235,2494923139
STAT,(NULL),RusageSys,44,8000,8000,0,0,0,0,0,0,0,0,0,0,0,0,0,0,0,0,0,0,0,0,0,0,0,0,0,0,0,0,0,0,0,0,0,0,0,0,0,0,0,0,0,0,0
STAT,(NULL),RusageUser,44,113848000,113848000,0,0,0,0,0,0,0,0,0,0,0,0,0,0,0,0,0,0,0,0,0,0,0,0,0,0,0,0,0,0,0,0,0,0,0,0,0,0,0,0,0,0,0
STAT,(NULL),Threads,44,44,44,0,0,0,0,0,0,0,0,0,0,0,0,0,0,0,0,0,0,0,0,0,0,0,0,0,0,0,0,0,0,0,0,0,0,0,0,0,0,0,0,0,0,0
STAT,(NULL),Time,44,5799725712,5799725712,0,0,0,0,0,0,0,0,0,0,0,0,0,0,0,0,0,0,0,0,0,0,0,0,0,0,0,0,0,0,0,0,0,0,0,0,0,0,0,0,0,0,0
STAT,(NULL),TotalTime,44,15909079714,15909079714,0,0,0,0,0,0,0,0,0,0,0,0,0,0,0,0,0,0,0,0,0,0,0,0,0,0,0,0,0,0,0,0,0,0,0,0,0,0,0,0,0,0,0
STAT,(NULL),UserTime,44,70084983077,1564336406,1598384560,1600280290,1590912264,1592025452,1596802732,1591654503,1598637008,1599049529,1598806718,1597508900,1600273743,1603413583,1600236507,1592518438,1593663936,1601328022,1601315475,1602515179,1595505293,1599324445,1598386824,1581697547,1583110141,1593985363,1589677383,1593217621,1595274174,1591159683,1582881318,1594721425,1591054125,1591509200,1591522438,1584487390,1593074419,1586989721,1588405139,1586424785,1588574106,1593510722,1591698964,1590135466,1584992140
STAT,(NULL),Work,44,250162230104,5685529238,5685502790,5685501740,5685497745,5685501594,5685497670,5685509219,5685499486,5685503695,5685498434,5685498679,5685500091,5685503081,5685504928,5685497103,5685503174,5685507338,5685498206,5685499744,5685501073,5685506586,5685509417,5685506911,5685507611,5685510733,5685508692,5685511743,5685508697,5685509501,5685504814,5685509888,5685510348,5685504267,5685506601,5685509357,5685504309,5685505886,5685504470,5685505565,5685507323,5685505669,5685504744,5685507003,5685504941
STAT,(NULL),nBad,44,36236,742,516,1231,913,873,728,883,492,916,900,862,683,799,1030,1086,668,1401,374,630,2269,932,476,759,542,715,498,753,1275,540,658,825,1196,844,907,842,723,834,803,617,797,502,896,552,754
STAT,(NULL),nEmpty,44,12150769,224040,277621,276533,278694,277685,280323,276985,275857,278779,279561,277181,279174,278135,278266,274647,274697,276252,278531,278381,276603,275811,276384,276876,276794,276056,279338,278897,278103,277298,276973,278826,278007,277834,277905,279437,277730,275913,276298,275626,276292,277900,277965,274170,276391
STAT,(NULL),nEmptyPop,44,168857,3543,4091,4035,3964,3983,4082,3929,4055,4051,4013,4077,4012,4117,3977,3924,4039,4136,3983,3914,4093,4051,3971,3729,3663,3656,3732,3773,3562,3593,3634,3557,3725,3705,3712,3690,3701,3577,3715,3584,3712,3727,3695,3675,3700
STAT,(NULL),nOverall,44,120036024,2222718,2741736,2736545,2753543,2749307,2751368,2741075,2738210,2742334,2759082,2748366,2751985,2746193,2758198,2731050,2727740,2731155,2747442,2751012,2725975,2722528,2728016,2734251,2728420,2736827,2749248,2750619,2750975,2740990,2736606,2751953,2749262,2751094,2742979,2738552,2745521,2719540,2717875,2716093,2741231,2743652,2746960,2719668,2718130
STAT,(NULL),nPop,44,22153824,409310,506281,504630,508057,506808,509596,505313,503927,507313,509559,506124,508489,506954,508036,502313,502016,503832,507664,507624,503753,502680,503961,504674,504342,503917,508585,508027,507318,505696,505057,508266,506834,507160,506475,507597,506788,502502,502709,501976,504589,506631,506833,500778,502830
STAT,(NULL),nPush,44,22153819,410807,504930,506172,508111,507492,506032,506178,506843,505845,507210,507069,506858,506299,507794,504538,504009,502675,506678,507451,503771,503869,503085,504335,504237,505868,507651,506695,507977,503917,504886,507568,507688,506937,508271,506742,506425,501339,500385,501870,508466,506965,508339,502251,501291
STAT,(NULL),nPushInit,44,5,1,1,1,1,0,1,0,0,0,0,0,0,0,0,0,0,0,0,0,0,0,0,0,0,0,0,0,0,0,0,0,0,0,0,0,0,0,0,0,0,0,0,0,0
==== BENCHMARK TOOK 8.077
==== BENCHMARK START ===
==== PARAMS kernel=4.9.5-64-net1 malloc=libc hostname=rack-mad-04 threads=44 delta=4 prog=sssp-klsm64mq4  ===
ERROR: ld.so: object '/specific/disk1/home/adamx/malloc/lib64/libjemalloc.so' from LD_PRELOAD cannot be preloaded (cannot open shared object file): ignored.
Galois Benchmark Suite v2.2.1 (r0)
Copyright (C) 2014 The University of Texas at Austin
http://iss.ices.utexas.edu/galois/

application: Single Source Shortest Path
Computes the shortest path from a source node to all nodes in a directed graph using a modified chaotic iteration algorithm
http://iss.ices.utexas.edu/?p=projects/galois/benchmarks/single_source_shortest_path

INFO: CommandLine ./build/debug/apps/sssp/sssp -noverify -t 44 -delta 4 -wl klsm64mq4 -startNode 0 /specific/disk1/home/mad/Galois-PQ/inputs/planar10M.gr
INFO: Hostname rack-mad-04
Read 10000000 nodes
Running Asynchronous with CAS version
INFO: Using delta-step of 1
WARNING: Performance varies considerably due to delta parameter.
WARNING: Do not expect the default to be good for your graph.
Node 1 has distance 7300
STATTYPE,LOOP,CATEGORY,n,sum,T0,T1,T2,T3,T4,T5,T6,T7,T8,T9,T10,T11,T12,T13,T14,T15,T16,T17,T18,T19,T20,T21,T22,T23,T24,T25,T26,T27,T28,T29,T30,T31,T32,T33,T34,T35,T36,T37,T38,T39,T40,T41,T42,T43
STAT,(NULL),BadWork,44,21337603,709975,521791,431948,585824,631839,536652,401420,802707,440693,392324,326265,630630,483710,397141,417457,456941,481420,536219,534364,494172,330963,454613,578526,442519,426496,343531,587009,361906,597741,502441,403998,421888,388593,392666,497387,443356,254643,423091,625838,218244,597756,853981,452909,524016
STAT,(NULL),BarrierTime,44,8918067,655964,591776,560521,523590,488619,424003,427562,387624,390386,346951,342940,347540,341742,354510,347696,311217,244021,312183,305400,249252,254175,251087,16038,24956,19943,21222,18702,24337,22915,20362,19724,23641,16198,22306,23144,17564,21316,20914,22219,17399,23675,19890,22929,19914
STAT,(NULL),ConflictTime,44,0,0,0,0,0,0,0,0,0,0,0,0,0,0,0,0,0,0,0,0,0,0,0,0,0,0,0,0,0,0,0,0,0,0,0,0,0,0,0,0,0,0,0,0,0
STAT,(NULL),Conflicts,44,0,0,0,0,0,0,0,0,0,0,0,0,0,0,0,0,0,0,0,0,0,0,0,0,0,0,0,0,0,0,0,0,0,0,0,0,0,0,0,0,0,0,0,0,0
STAT,(NULL),EmptyPopTime,44,297186080,7371582,6615183,6787494,6845232,6742650,6630208,6992215,6771993,7147314,6891017,6795777,6740587,6936166,6836371,6687162,6714813,6761510,7227541,8132966,6614980,7079159,7056831,6616564,6488205,6542406,6799956,6393719,6363018,6565947,6414925,6680737,6568052,6524063,6476996,6571444,6346404,6612999,6622049,6530969,6524233,6535680,6492948,7602559,6533456
STAT,(NULL),EmptyWork,44,3350640902,80041078,76315138,76560501,75929546,74160876,78918587,78866445,73438329,76788678,76978445,73919091,78361427,75811561,76053224,77835220,76488720,78200950,76903749,75817608,74436513,76696990,74146491,75205934,75085890,73967214,74580830,73184775,79744003,75945690,74272034,75883805,74728042,76099162,75319148,77473546,77373312,77501397,76830275,75977790,73058506,79682794,75753122,73704777,76599689
STAT,(NULL),GaloisTime,44,14946704854,366705571,334247512,337586625,342374803,339893254,337879735,338795708,336982116,338695066,339017285,338805117,338180343,340537243,339725852,336852249,340304349,340260142,339136585,341333994,336376596,336387384,336647567,339796001,340522217,341247088,340363280,339335056,340349679,337212189,340318834,339986773,343444003,340516814,339131389,339623053,340622868,336581558,336063738,338902468,339457054,341541998,340277156,336259653,338426889
STAT,(NULL),InitPushTime,44,2790130,28248,25828,23844,22620,2896,80700,61092,43196,42560,41652,41500,41084,40992,40652,41540,41900,66741,40224,39328,40092,40204,40464,112281,112376,110961,110616,110154,110132,110110,110044,109442,109347,60383,58968,58945,108724,59165,108958,58564,57134,56760,56284,57053,56372
STAT,(NULL),Iterations,44,22154021,422406,501189,503844,507162,506159,506061,505255,504927,505293,509216,505280,506554,505766,507793,502496,502765,503542,506016,506155,504386,503221,501951,506258,504799,506225,508043,507234,508606,504919,505927,508674,507227,508444,508405,505574,506361,502895,501531,502831,506334,507285,506288,501973,500751
STAT,(NULL),LoopTime,44,5780530728,5780530728,0,0,0,0,0,0,0,0,0,0,0,0,0,0,0,0,0,0,0,0,0,0,0,0,0,0,0,0,0,0,0,0,0,0,0,0,0,0,0,0,0,0,0
STAT,(NULL),MeminfoPost,44,968,22,22,22,22,22,22,22,22,22,22,22,22,22,22,22,22,22,22,22,22,22,22,22,22,22,22,22,22,22,22,22,22,22,22,22,22,22,22,22,22,22,22,22,22
STAT,(NULL),MeminfoPre,44,968,22,22,22,22,22,22,22,22,22,22,22,22,22,22,22,22,22,22,22,22,22,22,22,22,22,22,22,22,22,22,22,22,22,22,22,22,22,22,22,22,22,22,22,22
STAT,(NULL),NumaPost,44,11672,10003,881,390,398,0,0,0,0,0,0,0,0,0,0,0,0,0,0,0,0,0,0,0,0,0,0,0,0,0,0,0,0,0,0,0,0,0,0,0,0,0,0,0,0
STAT,(NULL),PopTime,44,52151897678,1130042335,1177390888,1180038502,1179928059,1181320299,1181980547,1186847107,1184083519,1184457178,1188469777,1185195299,1184123786,1183474829,1184537083,1185284187,1184434875,1184197579,1182058514,1186526356,1187106927,1186601977,1183906425,1192674340,1191037104,1187475204,1188407684,1185913926,1189977315,1191514786,1192333503,1187746825,1185170000,1190467169,1192831106,1187055639,1184019516,1196252150,1191096035,1195949806,1185208546,1186670030,1182723203,1187639895,1187727848
STAT,(NULL),PushTime,44,110781897296,2552670321,2544610500,2527485561,2515490272,2520728603,2516668302,2516147087,2523105488,2521366477,2512950864,2518249920,2512315642,2520471070,2517202188,2524561700,2516701148,2520460952,2516275520,2507787411,2516188681,2520474341,2521407304,2513002113,2512891225,2511308839,2514482212,2516934365,2508638221,2515938389,2509818914,2512351928,2514094439,2508355943,2510766796,2513983877,2516509249,2515017576,2515665860,2515534674,2518645710,2511793619,2517445434,2527875811,2517522750
STAT,(NULL),RusageSys,44,4000,4000,0,0,0,0,0,0,0,0,0,0,0,0,0,0,0,0,0,0,0,0,0,0,0,0,0,0,0,0,0,0,0,0,0,0,0,0,0,0,0,0,0,0,0
STAT,(NULL),RusageUser,44,114680000,114680000,0,0,0,0,0,0,0,0,0,0,0,0,0,0,0,0,0,0,0,0,0,0,0,0,0,0,0,0,0,0,0,0,0,0,0,0,0,0,0,0,0,0,0
STAT,(NULL),Threads,44,44,44,0,0,0,0,0,0,0,0,0,0,0,0,0,0,0,0,0,0,0,0,0,0,0,0,0,0,0,0,0,0,0,0,0,0,0,0,0,0,0,0,0,0,0
STAT,(NULL),Time,44,5794687420,5794687420,0,0,0,0,0,0,0,0,0,0,0,0,0,0,0,0,0,0,0,0,0,0,0,0,0,0,0,0,0,0,0,0,0,0,0,0,0,0,0,0,0,0,0
STAT,(NULL),TotalTime,44,16142154204,16142154204,0,0,0,0,0,0,0,0,0,0,0,0,0,0,0,0,0,0,0,0,0,0,0,0,0,0,0,0,0,0,0,0,0,0,0,0,0,0,0,0,0,0,0
STAT,(NULL),UserTime,44,70446262357,1589861469,1587516915,1598238054,1606128526,1603851068,1604618541,1599048324,1602314288,1598241671,1602388383,1603732542,1606975754,1599466778,1602340854,1595475198,1602052706,1596811500,1605094609,1607097074,1605973509,1599455892,1603533152,1599399457,1600670466,1606152337,1602061666,1604933001,1601623595,1599517724,1603536747,1604044217,1602690273,1604730297,1602169084,1601987338,1601821388,1594727158,1600415308,1593797713,1603799511,1600469370,1604004018,1593610673,1599884209
STAT,(NULL),Work,44,251979409833,5726797844,5726799543,5726806482,5726805874,5726797722,5726796537,5726795818,5726808027,5726814470,5726804727,5726807434,5726804034,5726810714,5726797065,5726802455,5726796000,5726800927,5726796732,5726807383,5726808901,5726803731,5726807774,5726813165,5726804006,5726802966,5726809561,5726810700,5726808054,5726804013,5726806075,5726809202,5726806554,5726810349,5726804358,5726802833,5726810023,5726805418,5726806029,5726802838,5726803980,5726805814,5726804417,5726802861,5726806423
STAT,(NULL),nBad,44,37426,1264,821,763,1051,1158,953,766,1357,801,680,540,1176,847,718,783,815,822,929,894,844,576,745,1028,785,721,623,982,628,1094,847,704,642,685,701,909,804,447,739,1125,410,976,1518,819,936
STAT,(NULL),nEmpty,44,12150860,231055,275237,275918,278396,277686,277141,277596,277009,277285,280046,276795,278140,277659,278901,275168,275789,276539,277052,276954,276919,276548,274911,278073,276715,277460,278959,278518,279073,277180,277610,279203,278417,278778,279350,276666,277604,275821,274559,276252,277387,278233,276583,275520,274155
STAT,(NULL),nEmptyPop,44,169173,3661,3901,3996,4104,3880,3937,4105,3976,4149,4043,3954,3916,4017,3934,3904,3843,3925,4124,4047,3854,4046,4018,3802,3741,3690,3829,3712,3646,3730,3624,3715,3755,3787,3720,3745,3634,3738,3693,3661,3705,3797,3743,3644,3728
STAT,(NULL),nOverall,44,120037214,2295050,2710741,2735039,2745389,2742444,2746625,2732934,2735583,2736971,2748128,2743214,2741154,2739605,2746626,2728091,2722615,2723320,2747209,2749804,2729052,2720322,2724709,2739202,2738183,2744001,2749175,2746478,2755028,2735444,2739851,2753898,2746422,2754155,2746187,2746141,2746596,2722691,2722803,2717867,2747222,2749144,2755592,2717117,2719392
STAT,(NULL),nPop,44,22154021,422406,501189,503844,507162,506159,506061,505255,504927,505293,509216,505280,506554,505766,507793,502496,502765,503542,506016,506155,504386,503221,501951,506258,504799,506225,508043,507234,508606,504919,505927,508674,507227,508444,508405,505574,506361,502895,501531,502831,506334,507285,506288,501973,500751
STAT,(NULL),nPush,44,22154016,423771,500023,505490,507531,506781,507410,503662,505276,505760,506120,506773,507238,505963,507794,503013,501941,501618,507194,506152,502834,501858,502049,504850,504735,505591,508430,507288,506802,504534,505653,508355,508285,506583,506912,506542,507992,501976,501622,501697,508273,506792,509223,502786,502844
STAT,(NULL),nPushInit,44,5,1,1,1,1,0,1,0,0,0,0,0,0,0,0,0,0,0,0,0,0,0,0,0,0,0,0,0,0,0,0,0,0,0,0,0,0,0,0,0,0,0,0,0,0
==== BENCHMARK TOOK 8.322
==== BENCHMARK START ===
==== PARAMS kernel=4.9.5-64-net1 malloc=libc hostname=rack-mad-04 threads=44 delta=4 prog=sssp-klsm64mq4  ===
ERROR: ld.so: object '/specific/disk1/home/adamx/malloc/lib64/libjemalloc.so' from LD_PRELOAD cannot be preloaded (cannot open shared object file): ignored.
Galois Benchmark Suite v2.2.1 (r0)
Copyright (C) 2014 The University of Texas at Austin
http://iss.ices.utexas.edu/galois/

application: Single Source Shortest Path
Computes the shortest path from a source node to all nodes in a directed graph using a modified chaotic iteration algorithm
http://iss.ices.utexas.edu/?p=projects/galois/benchmarks/single_source_shortest_path

INFO: CommandLine ./build/debug/apps/sssp/sssp -noverify -t 44 -delta 4 -wl klsm64mq4 -startNode 0 /specific/disk1/home/mad/Galois-PQ/inputs/planar10M.gr
INFO: Hostname rack-mad-04
Read 10000000 nodes
Running Asynchronous with CAS version
INFO: Using delta-step of 1
WARNING: Performance varies considerably due to delta parameter.
WARNING: Do not expect the default to be good for your graph.
Node 1 has distance 7300
STATTYPE,LOOP,CATEGORY,n,sum,T0,T1,T2,T3,T4,T5,T6,T7,T8,T9,T10,T11,T12,T13,T14,T15,T16,T17,T18,T19,T20,T21,T22,T23,T24,T25,T26,T27,T28,T29,T30,T31,T32,T33,T34,T35,T36,T37,T38,T39,T40,T41,T42,T43
STAT,(NULL),BadWork,44,20656975,507115,331943,423216,369139,290875,545836,432510,474701,1052696,507626,363312,360961,405535,728825,681358,453385,663524,392995,487445,480402,259583,446936,494333,636943,487751,481602,257205,327907,401677,442599,420281,411343,386060,571404,641477,493499,297265,674970,310378,519121,466602,416032,273618,584990
STAT,(NULL),BarrierTime,44,8820182,696623,523469,511030,471471,479687,417809,417544,375380,371442,379270,327211,344894,327379,345094,324874,263985,272223,262161,267659,265806,254181,236508,33856,29770,32407,32947,30650,29277,30248,27730,28944,31744,29954,34983,32106,36640,34602,32647,34158,26581,33684,23792,28648,29114
STAT,(NULL),ConflictTime,44,0,0,0,0,0,0,0,0,0,0,0,0,0,0,0,0,0,0,0,0,0,0,0,0,0,0,0,0,0,0,0,0,0,0,0,0,0,0,0,0,0,0,0,0,0
STAT,(NULL),Conflicts,44,0,0,0,0,0,0,0,0,0,0,0,0,0,0,0,0,0,0,0,0,0,0,0,0,0,0,0,0,0,0,0,0,0,0,0,0,0,0,0,0,0,0,0,0,0
STAT,(NULL),EmptyPopTime,44,283476539,7201218,6408597,6396681,6476383,6614481,6614284,6744019,6466745,6630327,6519570,6526383,6976225,6685195,6597474,6567761,6580454,6874198,6535419,6622814,6599439,6755012,6864202,6575094,6201583,6491425,6063424,6492955,6066505,6256176,5889832,6219676,6082022,6444940,6094857,6017961,6139031,6332337,6069986,6250137,6476180,6317473,6220654,6312537,6204873
STAT,(NULL),EmptyWork,44,3337824781,79294561,76160998,77368150,81430943,74305985,72816077,77518359,73912762,75768145,75926544,77024993,77485876,73905773,77309158,76591544,73002213,73583034,77321112,79322077,74944557,76956167,78630305,75748663,73858827,73722384,74630752,75183547,75517403,76872836,77671880,76311905,75002819,74182628,75316821,74871837,76135279,77957494,75214165,74293864,73153122,74766128,73296469,77675999,75860626
STAT,(NULL),GaloisTime,44,14790617375,355163963,334104704,335065588,336581948,337234272,339903800,335013781,334964326,334588629,338076162,337890699,338601551,335633730,338364633,334619793,335428834,332412254,334004003,335872439,334171493,337008114,335577029,336320954,337029757,335452295,336264489,338511636,336283431,334815213,335003371,336711274,337378499,334643811,337186317,335651971,335880010,334005337,331114194,332024513,336914366,335594043,335905149,335580472,332064528
STAT,(NULL),InitPushTime,44,2764195,27676,59837,96357,21235,2616,65256,47286,38447,38010,37882,36845,36174,36371,35753,36793,36829,36150,35537,35464,35580,35677,35464,110916,110741,110822,110286,110051,110286,109289,110066,110000,73033,72270,70414,71354,70862,68808,69806,70759,70591,68933,71104,69769,56796
STAT,(NULL),Iterations,44,22153822,440027,502732,506089,507170,505925,507022,504488,504382,506958,506481,506809,506274,505242,507367,503065,500610,502863,504558,507274,503838,503332,502029,504911,504212,505223,508008,506786,507634,504729,504614,506791,505121,505488,506088,505205,506562,502718,500624,501778,505809,506823,507209,501526,501428
STAT,(NULL),LoopTime,44,5730703620,5730703620,0,0,0,0,0,0,0,0,0,0,0,0,0,0,0,0,0,0,0,0,0,0,0,0,0,0,0,0,0,0,0,0,0,0,0,0,0,0,0,0,0,0,0
STAT,(NULL),MeminfoPost,44,968,22,22,22,22,22,22,22,22,22,22,22,22,22,22,22,22,22,22,22,22,22,22,22,22,22,22,22,22,22,22,22,22,22,22,22,22,22,22,22,22,22,22,22,22
STAT,(NULL),MeminfoPre,44,968,22,22,22,22,22,22,22,22,22,22,22,22,22,22,22,22,22,22,22,22,22,22,22,22,22,22,22,22,22,22,22,22,22,22,22,22,22,22,22,22,22,22,22,22
STAT,(NULL),NumaPost,44,11646,9993,871,596,186,0,0,0,0,0,0,0,0,0,0,0,0,0,0,0,0,0,0,0,0,0,0,0,0,0,0,0,0,0,0,0,0,0,0,0,0,0,0,0,0
STAT,(NULL),PopTime,44,51739872613,1127788408,1173745119,1173807358,1172600567,1175163880,1175567946,1173086721,1173040237,1178680150,1171154220,1170821077,1172226150,1174836546,1177457059,1173652558,1171376825,1172937741,1170209734,1172906320,1175936197,1174677617,1174427983,1180840459,1182859188,1179969530,1178539669,1177024076,1182572752,1182424319,1180896529,1178338283,1174725324,1177205997,1182077253,1178761635,1180586845,1183381696,1183823643,1182126304,1182496037,1179823474,1175192548,1178906545,1181200094
STAT,(NULL),PushTime,44,109763347814,2543410997,2501806543,2496310183,2493789285,2496506261,2491126550,2493388920,2494903039,2489608028,2489349247,2492712614,2490505619,2492033998,2486848995,2496477236,2502510466,2498475498,2501256329,2493985241,2490351304,2492764404,2493039179,2493719515,2487784934,2496575809,2484362931,2494372524,2488174506,2491606255,2494041393,2495819267,2496611778,2498232483,2489095897,2494925194,2488712440,2494195895,2501499431,2498220094,2490709170,2484330414,2485877423,2494025511,2499295014
STAT,(NULL),RusageSys,44,0,0,0,0,0,0,0,0,0,0,0,0,0,0,0,0,0,0,0,0,0,0,0,0,0,0,0,0,0,0,0,0,0,0,0,0,0,0,0,0,0,0,0,0,0
STAT,(NULL),RusageUser,44,113668000,113668000,0,0,0,0,0,0,0,0,0,0,0,0,0,0,0,0,0,0,0,0,0,0,0,0,0,0,0,0,0,0,0,0,0,0,0,0,0,0,0,0,0,0,0
STAT,(NULL),Threads,44,44,44,0,0,0,0,0,0,0,0,0,0,0,0,0,0,0,0,0,0,0,0,0,0,0,0,0,0,0,0,0,0,0,0,0,0,0,0,0,0,0,0,0,0,0
STAT,(NULL),Time,44,5744534962,5744534962,0,0,0,0,0,0,0,0,0,0,0,0,0,0,0,0,0,0,0,0,0,0,0,0,0,0,0,0,0,0,0,0,0,0,0,0,0,0,0,0,0,0,0
STAT,(NULL),TotalTime,44,15507732182,15507732182,0,0,0,0,0,0,0,0,0,0,0,0,0,0,0,0,0,0,0,0,0,0,0,0,0,0,0,0,0,0,0,0,0,0,0,0,0,0,0,0,0,0,0
STAT,(NULL),UserTime,44,69830264676,1563168055,1583804263,1587082492,1585151049,1586206158,1590003216,1590278243,1592744254,1590759020,1595008651,1591055886,1590236754,1592934989,1589453592,1588122497,1587132703,1591749083,1586705810,1587321163,1594030087,1587868898,1587494330,1582825944,1588297883,1583822291,1596169929,1584446836,1587418448,1584057417,1582529492,1582632740,1586233693,1585322141,1586261177,1585804919,1588580048,1580158417,1578310486,1583119246,1586283186,1595200189,1599541031,1583532548,1581405422
STAT,(NULL),Work,44,249750419724,5676137508,5676141677,5676140728,5676148056,5676151737,5676148847,5676151334,5676146207,5676152392,5676145439,5676156961,5676134883,5676141345,5676133499,5676155933,5676151232,5676142293,5676156502,5676151575,5676152275,5676161147,5676150991,5676141074,5676147158,5676144987,5676137949,5676143308,5676146347,5676145485,5676149668,5676146899,5676146162,5676144618,5676142013,5676141944,5676135469,5676140548,5676142024,5676136321,5676149381,5676141810,5676150489,5676148372,5676145137
STAT,(NULL),nBad,44,39397,954,707,838,701,533,1087,779,882,2127,985,663,716,706,1433,1317,870,1215,764,965,861,512,854,942,1203,920,901,478,609,772,832,828,719,755,1072,1188,972,552,1293,570,975,901,821,518,1107
STAT,(NULL),nEmpty,44,12150503,241417,275560,278163,278147,277487,278133,276455,276216,278536,277621,278381,277305,276787,278655,276661,273775,276200,276343,278581,276440,276518,275277,276878,276656,276714,278555,278051,278910,277233,276839,277635,276646,276915,277732,276583,277251,275429,274801,275468,277655,277840,277575,275163,275316
STAT,(NULL),nEmptyPop,44,167021,3803,3835,3889,3926,3871,3960,3877,3867,3857,3848,3884,4096,3969,3973,3902,3891,4009,3870,3982,3954,4025,3982,3720,3722,3798,3636,3769,3615,3632,3470,3665,3640,3771,3694,3591,3606,3740,3661,3693,3757,3748,3636,3607,3580
STAT,(NULL),nOverall,44,120039185,2384402,2727349,2734816,2748069,2739565,2746045,2735691,2737930,2739951,2744747,2741489,2747476,2741604,2744347,2719465,2722154,2720121,2738938,2743081,2728191,2721082,2721578,2736030,2729679,2743248,2752521,2743276,2745109,2731030,2730684,2748822,2742549,2743455,2742062,2744456,2752004,2728070,2711835,2715862,2740689,2745849,2754255,2715624,2713985
STAT,(NULL),nPop,44,22153822,440027,502732,506089,507170,505925,507022,504488,504382,506958,506481,506809,506274,505242,507367,503065,500610,502863,504558,507274,503838,503332,502029,504911,504212,505223,508008,506786,507634,504729,504614,506791,505121,505488,506088,505205,506562,502718,500624,501778,505809,506823,507209,501526,501428
STAT,(NULL),nPush,44,22153817,440882,504991,504875,506965,506698,506704,504689,504980,504734,506731,506431,506032,505629,507405,502314,503102,502343,506598,505970,503074,500924,502794,504034,503881,505369,507466,506128,506968,504205,504382,507919,506509,507063,506663,506685,506892,501235,501277,501096,506446,505236,507955,500154,501389
STAT,(NULL),nPushInit,44,5,1,1,1,1,0,1,0,0,0,0,0,0,0,0,0,0,0,0,0,0,0,0,0,0,0,0,0,0,0,0,0,0,0,0,0,0,0,0,0,0,0,0,0,0
==== BENCHMARK TOOK 7.917
==== BENCHMARK START ===
==== PARAMS kernel=4.9.5-64-net1 malloc=libc hostname=rack-mad-04 threads=44 delta=4 prog=sssp-klsm64mq4  ===
ERROR: ld.so: object '/specific/disk1/home/adamx/malloc/lib64/libjemalloc.so' from LD_PRELOAD cannot be preloaded (cannot open shared object file): ignored.
Galois Benchmark Suite v2.2.1 (r0)
Copyright (C) 2014 The University of Texas at Austin
http://iss.ices.utexas.edu/galois/

application: Single Source Shortest Path
Computes the shortest path from a source node to all nodes in a directed graph using a modified chaotic iteration algorithm
http://iss.ices.utexas.edu/?p=projects/galois/benchmarks/single_source_shortest_path

INFO: CommandLine ./build/debug/apps/sssp/sssp -noverify -t 44 -delta 4 -wl klsm64mq4 -startNode 0 /specific/disk1/home/mad/Galois-PQ/inputs/planar10M.gr
INFO: Hostname rack-mad-04
Read 10000000 nodes
Running Asynchronous with CAS version
INFO: Using delta-step of 1
WARNING: Performance varies considerably due to delta parameter.
WARNING: Do not expect the default to be good for your graph.
Node 1 has distance 7300
STATTYPE,LOOP,CATEGORY,n,sum,T0,T1,T2,T3,T4,T5,T6,T7,T8,T9,T10,T11,T12,T13,T14,T15,T16,T17,T18,T19,T20,T21,T22,T23,T24,T25,T26,T27,T28,T29,T30,T31,T32,T33,T34,T35,T36,T37,T38,T39,T40,T41,T42,T43
STAT,(NULL),BadWork,44,23360947,259717,520041,513035,395328,521115,428173,488393,525720,503792,928587,537873,857879,527859,344497,576502,752280,373740,849083,621876,379981,336637,580639,493255,509103,467117,690057,444397,530479,437085,388360,528639,426966,589802,387861,411198,582724,569060,768349,564180,605605,486297,556998,517560,583108
STAT,(NULL),BarrierTime,44,7975568,565762,506935,488334,441253,450131,333186,344065,324975,324345,335897,320234,275462,271337,282753,272099,215297,224385,226253,225419,216627,212945,213830,40086,41918,45971,43618,43611,42797,44869,39992,45401,43510,45573,26743,41483,42895,44494,44345,27223,40683,28826,43632,41455,44919
STAT,(NULL),ConflictTime,44,0,0,0,0,0,0,0,0,0,0,0,0,0,0,0,0,0,0,0,0,0,0,0,0,0,0,0,0,0,0,0,0,0,0,0,0,0,0,0,0,0,0,0,0,0
STAT,(NULL),Conflicts,44,0,0,0,0,0,0,0,0,0,0,0,0,0,0,0,0,0,0,0,0,0,0,0,0,0,0,0,0,0,0,0,0,0,0,0,0,0,0,0,0,0,0,0,0,0
STAT,(NULL),EmptyPopTime,44,306453698,8114726,7142216,6953631,7030605,7363397,7197349,7254930,7243219,7225317,6780273,7158220,7043483,7042166,6832955,7081557,7354622,7190206,7036650,7114607,7335480,7558659,7051735,6996993,7043199,7747582,6680130,6677289,6539876,6699019,6803360,6472158,6672119,6758762,6806389,6523977,6696663,6892161,6784054,6837182,6450861,6535278,6469634,6800226,6460783
STAT,(NULL),EmptyWork,44,3446443162,81239566,77528083,82352073,80219000,76491378,77200548,78340958,76575788,78411539,77315292,78374857,80187361,77150027,79934316,78916676,77533764,79877082,82178421,81808489,79334355,80893763,77921944,78761109,76735371,75832464,78277602,77964143,77691186,77849939,78069110,77528285,77181116,76999410,77978762,76957186,78308391,77211240,78442421,77562888,77082668,74772186,78517397,76209933,80725075
STAT,(NULL),GaloisTime,44,15353677901,385119998,348870104,349000200,349901167,350578446,346170281,346898197,350037693,349469924,348888755,349877995,350066438,347424597,347696699,347799030,346378656,346155116,349163010,348373218,345993223,346952338,344658548,348943838,348658633,347770386,350384385,350634324,350644752,348609431,346949379,348796581,349597960,348804191,350798541,347424722,349635915,345812525,344269054,344371334,347675968,346842561,351843356,345996509,343739923
STAT,(NULL),InitPushTime,44,2381950,36478,27784,22976,24604,3108,83348,61696,43140,42428,41948,41764,41276,41360,41436,41980,44548,44048,42312,41548,43580,42848,42776,115683,73407,73510,76047,77301,77118,74748,75364,76941,60676,60412,59693,59342,59605,59664,59686,59158,57845,56694,56613,57743,57714
STAT,(NULL),Iterations,44,22154907,396984,504289,504597,507933,507183,502459,505135,504983,507685,506631,507969,507605,507288,508629,502804,501517,503056,507352,507808,504686,503944,503219,506143,506383,506979,509473,506395,509389,505329,504841,508161,509338,507391,507330,507628,509803,505057,502442,502743,507517,506295,508699,501577,502238
STAT,(NULL),LoopTime,44,5976796864,5976796864,0,0,0,0,0,0,0,0,0,0,0,0,0,0,0,0,0,0,0,0,0,0,0,0,0,0,0,0,0,0,0,0,0,0,0,0,0,0,0,0,0,0,0
STAT,(NULL),MeminfoPost,44,968,22,22,22,22,22,22,22,22,22,22,22,22,22,22,22,22,22,22,22,22,22,22,22,22,22,22,22,22,22,22,22,22,22,22,22,22,22,22,22,22,22,22,22,22
STAT,(NULL),MeminfoPre,44,968,22,22,22,22,22,22,22,22,22,22,22,22,22,22,22,22,22,22,22,22,22,22,22,22,22,22,22,22,22,22,22,22,22,22,22,22,22,22,22,22,22,22,22,22
STAT,(NULL),NumaPost,44,11655,10206,885,378,186,0,0,0,0,0,0,0,0,0,0,0,0,0,0,0,0,0,0,0,0,0,0,0,0,0,0,0,0,0,0,0,0,0,0,0,0,0,0,0,0
STAT,(NULL),PopTime,44,53747584342,1145087915,1219338135,1218913209,1213299722,1222713926,1207461193,1217275265,1217504500,1224347062,1221117040,1221220916,1220988826,1222071175,1221937481,1214515246,1221775399,1219083095,1216188518,1217377031,1218297223,1220183654,1224496660,1225917762,1229127446,1230537483,1228931782,1222771998,1228353122,1229379431,1224023387,1227003488,1230179770,1221101490,1226546050,1224293254,1229472730,1239222435,1233707786,1226527054,1224875588,1224652669,1225961792,1224092599,1225712035
STAT,(NULL),PushTime,44,113969922333,2660918694,2592440214,2594166969,2589484903,2584726641,2616304750,2590877776,2596417108,2586145466,2588525146,2589604234,2587510401,2589187692,2584585826,2592026120,2592612308,2591398255,2584680701,2584163603,2589953799,2589606906,2587743313,2589576780,2589772421,2588124245,2582589397,2589078661,2580355241,2590674566,2590758957,2587759455,2582869558,2592478831,2581298766,2587823701,2575153201,2579552803,2584893129,2596093631,2580347532,2589929331,2580059739,2593190905,2594460658
STAT,(NULL),RusageSys,44,0,0,0,0,0,0,0,0,0,0,0,0,0,0,0,0,0,0,0,0,0,0,0,0,0,0,0,0,0,0,0,0,0,0,0,0,0,0,0,0,0,0,0,0,0
STAT,(NULL),RusageUser,44,117912000,117912000,0,0,0,0,0,0,0,0,0,0,0,0,0,0,0,0,0,0,0,0,0,0,0,0,0,0,0,0,0,0,0,0,0,0,0,0,0,0,0,0,0,0,0
STAT,(NULL),Threads,44,44,44,0,0,0,0,0,0,0,0,0,0,0,0,0,0,0,0,0,0,0,0,0,0,0,0,0,0,0,0,0,0,0,0,0,0,0,0,0,0,0,0,0,0,0
STAT,(NULL),Time,44,5996425446,5996425446,0,0,0,0,0,0,0,0,0,0,0,0,0,0,0,0,0,0,0,0,0,0,0,0,0,0,0,0,0,0,0,0,0,0,0,0,0,0,0,0,0,0,0
STAT,(NULL),TotalTime,44,15342742761,15342742761,0,0,0,0,0,0,0,0,0,0,0,0,0,0,0,0,0,0,0,0,0,0,0,0,0,0,0,0,0,0,0,0,0,0,0,0,0,0,0,0,0,0,0
STAT,(NULL),UserTime,44,72251514102,1607596149,1642765293,1636694427,1648146065,1646207757,1633747702,1647432995,1640305526,1642484668,1645458026,1641848837,1642284392,1645203991,1647096192,1647744345,1642426711,1644378833,1648834481,1649245616,1647168352,1642887195,1646209873,1637885055,1636744003,1638069431,1641218003,1640956206,1644496147,1634870204,1641475697,1640520386,1641579629,1641937819,1644653978,1645059757,1648813407,1639392259,1639986774,1636688377,1651650123,1645348683,1645228220,1641790669,1636981849
STAT,(NULL),Work,44,259080071671,5888180800,5888187208,5888181095,5888186924,5888182854,5888194409,5888185158,5888188746,5888184792,5888175484,5888192266,5888188546,5888184463,5888174718,5888186804,5888184908,5888173962,5888174576,5888179739,5888183897,5888191589,5888181616,5888184411,5888183268,5888178894,5888184230,5888180881,5888182455,5888182006,5888184404,5888178293,5888178857,5888182567,5888184363,5888186634,5888181622,5888180556,5888179069,5888198677,5888186014,5888182922,5888184400,5888184301,5888178293
STAT,(NULL),nBad,44,39566,450,897,913,706,887,708,739,860,820,1643,808,1380,938,625,984,1308,600,1466,1072,624,626,906,862,808,854,1156,798,911,784,659,870,775,1026,658,715,1013,917,1249,957,994,869,896,914,921
STAT,(NULL),nEmpty,44,12151555,217859,276666,276567,278190,277781,275287,276279,276725,278857,277190,279045,278752,278790,279211,275456,274593,276462,277711,278586,277106,276763,275888,277556,278405,278841,280130,277458,279791,277295,276248,278707,279746,278332,277696,278348,279678,277820,275446,275825,278538,276829,278951,274978,275173
STAT,(NULL),nEmptyPop,44,171455,3739,4068,4047,4116,4174,4101,4125,4098,4053,3962,4029,4035,4057,3928,3966,4118,4013,4000,3994,4157,4274,3999,3804,3814,3730,3753,3749,3686,3786,3814,3697,3805,3866,3751,3691,3782,3849,3708,3691,3692,3668,3675,3736,3655
STAT,(NULL),nOverall,44,120039354,2148518,2731399,2737415,2754884,2753271,2727636,2745403,2737900,2746580,2753395,2747582,2746378,2741150,2752203,2728710,2721894,2719544,2755226,2749652,2731792,2727042,2727696,2739178,2736650,2738760,2753224,2748156,2753937,2737382,2744387,2753606,2754391,2750748,2756726,2750639,2759861,2726297,2724011,2723547,2749336,2752871,2756230,2719830,2724317
STAT,(NULL),nPop,44,22154907,396984,504289,504597,507933,507183,502459,505135,504983,507685,506631,507969,507605,507288,508629,502804,501517,503056,507352,507808,504686,503944,503219,506143,506383,506979,509473,506395,509389,505329,504841,508161,509338,507391,507330,507628,509803,505057,502442,502743,507517,506295,508699,501577,502238
STAT,(NULL),nPush,44,22154902,396801,504582,504721,507491,506708,504415,505075,506502,505245,508610,506895,507638,506196,507901,503696,503675,504084,506915,507313,504102,502608,503871,505221,505025,505576,508096,508584,507843,505518,506754,509819,508376,509513,508573,507911,507154,502778,501198,502338,508066,507507,508703,503289,502016
STAT,(NULL),nPushInit,44,5,1,1,1,1,0,1,0,0,0,0,0,0,0,0,0,0,0,0,0,0,0,0,0,0,0,0,0,0,0,0,0,0,0,0,0,0,0,0,0,0,0,0,0,0
==== BENCHMARK TOOK 7.855
==== BENCHMARK START ===
==== PARAMS kernel=4.9.5-64-net1 malloc=libc hostname=rack-mad-04 threads=44 delta=4 prog=sssp-klsm64mq4  ===
ERROR: ld.so: object '/specific/disk1/home/adamx/malloc/lib64/libjemalloc.so' from LD_PRELOAD cannot be preloaded (cannot open shared object file): ignored.
Galois Benchmark Suite v2.2.1 (r0)
Copyright (C) 2014 The University of Texas at Austin
http://iss.ices.utexas.edu/galois/

application: Single Source Shortest Path
Computes the shortest path from a source node to all nodes in a directed graph using a modified chaotic iteration algorithm
http://iss.ices.utexas.edu/?p=projects/galois/benchmarks/single_source_shortest_path

INFO: CommandLine ./build/debug/apps/sssp/sssp -noverify -t 44 -delta 4 -wl klsm64mq4 -startNode 0 /specific/disk1/home/mad/Galois-PQ/inputs/planar10M.gr
INFO: Hostname rack-mad-04
Read 10000000 nodes
Running Asynchronous with CAS version
INFO: Using delta-step of 1
WARNING: Performance varies considerably due to delta parameter.
WARNING: Do not expect the default to be good for your graph.
Node 1 has distance 7300
STATTYPE,LOOP,CATEGORY,n,sum,T0,T1,T2,T3,T4,T5,T6,T7,T8,T9,T10,T11,T12,T13,T14,T15,T16,T17,T18,T19,T20,T21,T22,T23,T24,T25,T26,T27,T28,T29,T30,T31,T32,T33,T34,T35,T36,T37,T38,T39,T40,T41,T42,T43
STAT,(NULL),BadWork,44,19172799,477921,442206,530702,328635,591004,341555,618407,445329,522341,321869,452020,457555,447539,655275,270509,384367,363802,402803,563162,456939,502354,350370,665303,401913,366528,359964,325182,299024,358425,430919,466626,409930,286637,451206,565146,517146,371869,558146,395302,326630,379525,451526,480678,378510
STAT,(NULL),BarrierTime,44,8839741,598308,559002,522181,486669,485797,395668,403111,358566,357141,349276,352654,320560,318057,324602,309321,247676,247103,259184,258256,256179,247050,259786,46222,43824,44549,43996,46513,46858,44811,43180,43323,44563,15671,43243,41417,36750,46393,43494,44932,44059,36678,39824,41100,42194
STAT,(NULL),ConflictTime,44,0,0,0,0,0,0,0,0,0,0,0,0,0,0,0,0,0,0,0,0,0,0,0,0,0,0,0,0,0,0,0,0,0,0,0,0,0,0,0,0,0,0,0,0,0
STAT,(NULL),Conflicts,44,0,0,0,0,0,0,0,0,0,0,0,0,0,0,0,0,0,0,0,0,0,0,0,0,0,0,0,0,0,0,0,0,0,0,0,0,0,0,0,0,0,0,0,0,0
STAT,(NULL),EmptyPopTime,44,287845452,7045767,6646725,6477158,6782807,6855963,6791923,6857621,6967827,7005191,6875489,6691349,6631811,6891874,6736646,6450159,6773342,7023568,6729668,7058650,6550082,6532074,6995380,6150401,6213146,6044495,6606457,6180552,6616788,6472644,6284650,6355932,6279139,6285823,6356159,6141709,6462544,6219103,6382034,6341691,6110670,6121857,6365290,6132679,6350615
STAT,(NULL),EmptyWork,44,3328642569,76850518,75927206,76736977,76987700,75499457,75897612,74633500,73856878,75070788,76566410,77898474,73900902,76246699,74796021,73880716,75888439,76116526,73915273,74001963,76269492,74352748,74346087,73998865,77686948,75880314,80028932,75123998,75190066,74508336,75229822,76455050,77691371,75233433,74100412,73596033,78531897,76131381,76228636,76444622,75346797,74428124,76370552,76746581,74050013
STAT,(NULL),GaloisTime,44,14842058100,366179572,336404746,334643520,337970034,337069361,336545449,337263281,336853792,335657255,339216241,337345078,338614118,338058001,339188625,338177943,334928850,335553397,337198705,338029758,336230017,335780973,336091035,335873910,336321637,339360205,338495466,336517296,336154436,335836420,334713484,337400461,336064694,335709601,336576461,336535523,339415866,334267342,333770448,333337550,337841467,339485148,336595445,334810775,333974714
STAT,(NULL),InitPushTime,44,2738054,38280,25588,23312,22532,2852,75704,55776,43696,42712,41656,41612,40988,41236,40340,41668,41732,41352,39728,40088,40300,40532,40928,117312,117091,116849,116769,116329,115977,115434,115632,115749,60573,59928,81488,60053,81657,59422,80021,58880,57838,56210,57361,57456,57413
STAT,(NULL),Iterations,44,22152662,406803,503708,506117,506716,507642,506831,506200,505146,506053,509086,506549,505738,506024,508747,503017,502432,502468,507136,507214,504727,501817,502689,505565,502537,505614,507144,508827,509336,505493,507159,507952,507709,506426,506801,506069,506889,502833,502483,502666,506041,507707,508288,502638,503625
STAT,(NULL),LoopTime,44,5785258264,5785258264,0,0,0,0,0,0,0,0,0,0,0,0,0,0,0,0,0,0,0,0,0,0,0,0,0,0,0,0,0,0,0,0,0,0,0,0,0,0,0,0,0,0,0
STAT,(NULL),MeminfoPost,44,968,22,22,22,22,22,22,22,22,22,22,22,22,22,22,22,22,22,22,22,22,22,22,22,22,22,22,22,22,22,22,22,22,22,22,22,22,22,22,22,22,22,22,22,22
STAT,(NULL),MeminfoPre,44,968,22,22,22,22,22,22,22,22,22,22,22,22,22,22,22,22,22,22,22,22,22,22,22,22,22,22,22,22,22,22,22,22,22,22,22,22,22,22,22,22,22,22,22,22
STAT,(NULL),NumaPost,44,11643,9978,889,590,186,0,0,0,0,0,0,0,0,0,0,0,0,0,0,0,0,0,0,0,0,0,0,0,0,0,0,0,0,0,0,0,0,0,0,0,0,0,0,0,0
STAT,(NULL),PopTime,44,51763415700,1107644937,1169481335,1176938515,1169228461,1174644878,1169237048,1175954564,1180540490,1173131650,1175998773,1176305702,1171869229,1174691274,1175987868,1174689420,1170603790,1174053254,1175451426,1175383478,1177011434,1172610211,1175098211,1181810841,1177533718,1177184782,1176078423,1187905147,1179606785,1183372526,1185838630,1179146764,1179520204,1180271707,1181628652,1176376230,1185761966,1183838722,1186818337,1185634601,1177164794,1182638696,1180423128,1181071259,1187233840
STAT,(NULL),PushTime,44,110033987947,2565563249,2507469246,2505579887,2501821335,2497862151,2500557135,2497133892,2497034806,2500470884,2495143663,2502153710,2501819833,2499402739,2493336364,2503776174,2506661323,2502514350,2493319637,2499036821,2501119733,2507387770,2504212969,2501736148,2505981036,2502393796,2494220108,2491392337,2494036542,2496392141,2497770873,2495714035,2499488326,2497993103,2494719299,2500088905,2491514972,2499424897,2498289517,2506107115,2500033452,2491593874,2493429683,2500355024,2497935093
STAT,(NULL),RusageSys,44,0,0,0,0,0,0,0,0,0,0,0,0,0,0,0,0,0,0,0,0,0,0,0,0,0,0,0,0,0,0,0,0,0,0,0,0,0,0,0,0,0,0,0,0,0
STAT,(NULL),RusageUser,44,113904000,113904000,0,0,0,0,0,0,0,0,0,0,0,0,0,0,0,0,0,0,0,0,0,0,0,0,0,0,0,0,0,0,0,0,0,0,0,0,0,0,0,0,0,0,0
STAT,(NULL),Threads,44,44,44,0,0,0,0,0,0,0,0,0,0,0,0,0,0,0,0,0,0,0,0,0,0,0,0,0,0,0,0,0,0,0,0,0,0,0,0,0,0,0,0,0,0,0
STAT,(NULL),Time,44,5806092251,5806092251,0,0,0,0,0,0,0,0,0,0,0,0,0,0,0,0,0,0,0,0,0,0,0,0,0,0,0,0,0,0,0,0,0,0,0,0,0,0,0,0,0,0,0
STAT,(NULL),TotalTime,44,15557800522,15557800522,0,0,0,0,0,0,0,0,0,0,0,0,0,0,0,0,0,0,0,0,0,0,0,0,0,0,0,0,0,0,0,0,0,0,0,0,0,0,0,0,0,0,0
STAT,(NULL),UserTime,44,70007271409,1564506585,1591869638,1587425720,1595009709,1595866235,1598771071,1595958546,1592544627,1596469561,1593998251,1587407610,1594965575,1592507981,1597752907,1590825362,1592941925,1592537352,1601186989,1594289759,1590617960,1591135101,1591059728,1588232199,1584062435,1586935484,1592369364,1590680807,1596197221,1591219720,1587964636,1592726869,1588757151,1592309679,1594422704,1595062201,1586115022,1587920036,1586314143,1579933175,1591303490,1593534003,1594619438,1588686976,1588256464
STAT,(NULL),Work,44,250268051220,5687912914,5687910627,5687925444,5687906060,5687911992,5687906232,5687903728,5687901595,5687910699,5687918362,5687914476,5687908458,5687908251,5687900848,5687915510,5687914314,5687915786,5687909154,5687910653,5687908472,5687914940,5687904116,5687907754,5687904365,5687904446,5687908912,5687907012,5687904468,5687907618,5687908789,5687909365,5687910589,5687919557,5687911582,5687912645,5687916978,5687909467,5687906749,5687904082,5687907676,5687916927,5687915494,5687913364,5687910750
STAT,(NULL),nBad,44,32517,668,781,921,488,1024,577,1046,775,899,586,768,818,760,1142,458,631,648,690,955,758,864,601,1134,699,667,643,561,513,598,745,793,731,512,782,864,902,645,905,557,552,687,710,798,661
STAT,(NULL),nEmpty,44,12149892,222782,276017,277892,277519,278525,277637,277832,276770,277725,279717,277859,277117,277311,279214,276070,275222,275524,278146,278256,277324,275292,275738,277303,274774,277121,278083,278990,279867,277684,278793,278394,278691,277602,277804,277563,278049,275424,275636,276371,277238,278339,278777,275476,276424
STAT,(NULL),nEmptyPop,44,167714,3519,4029,3954,3956,4007,4040,4085,4074,4011,4031,3850,3917,4032,3988,3793,3933,4011,3999,4009,3843,3835,4024,3729,3693,3523,3770,3646,3779,3691,3655,3663,3668,3646,3718,3584,3736,3701,3714,3591,3685,3616,3690,3584,3692
STAT,(NULL),nOverall,44,120032305,2210772,2732449,2736515,2752544,2748796,2751111,2739408,2740627,2742499,2752808,2744226,2743864,2743054,2754524,2724556,2724749,2724664,2747716,2746687,2728484,2718954,2723045,2740140,2733137,2742173,2751855,2754317,2751623,2733800,2739491,2753815,2748957,2747812,2747950,2742438,2744186,2729781,2721571,2716549,2746612,2750879,2755230,2724110,2723827
STAT,(NULL),nPop,44,22152662,406803,503708,506117,506716,507642,506831,506200,505146,506053,509086,506549,505738,506024,508747,503017,502432,502468,507136,507214,504727,501817,502689,505565,502537,505614,507144,508827,509336,505493,507159,507952,507709,506426,506801,506069,506889,502833,502483,502666,506041,507707,508288,502638,503625
STAT,(NULL),nPush,44,22152657,410212,505707,505699,508455,506420,507125,504735,505274,506523,507167,507508,508213,505477,507153,502942,503039,503122,506222,506930,504291,503528,503278,504995,505306,505510,508210,506066,506832,504227,504508,507920,507947,508104,507479,507727,507567,502791,501423,501337,507570,506731,508268,502375,500744
STAT,(NULL),nPushInit,44,5,1,1,1,1,0,1,0,0,0,0,0,0,0,0,0,0,0,0,0,0,0,0,0,0,0,0,0,0,0,0,0,0,0,0,0,0,0,0,0,0,0,0,0,0
==== BENCHMARK TOOK 7.992
