==== BENCHMARK START ===
==== PARAMS kernel=4.9.5-64-net1 malloc=libc hostname=rack-castor threads=176 delta=4 prog=sssp-capq  ===
Galois Benchmark Suite v2.2.1 (r0)
Copyright (C) 2014 The University of Texas at Austin
http://iss.ices.utexas.edu/galois/

application: Single Source Shortest Path
Computes the shortest path from a source node to all nodes in a directed graph using a modified chaotic iteration algorithm
http://iss.ices.utexas.edu/?p=projects/galois/benchmarks/single_source_shortest_path

INFO: CommandLine ./build/debug/apps/sssp/sssp -noverify -t 176 -delta 4 -wl capq -startNode 0 /specific/disk1/home/mad/Galois-PQ/inputs/random/r4-2e26.gr
INFO: Hostname rack-castor
Read 67108864 nodes
Running Asynchronous with CAS version
INFO: Using delta-step of 1
WARNING: Performance varies considerably due to delta parameter.
WARNING: Do not expect the default to be good for your graph.
INVALID RUN?  Loop (null) possible co-runner, execution took 1.192 than expected (systime=9480000 usertime=945784000 measured=6468157
Node 1 has distance 8445
STATTYPE,LOOP,CATEGORY,n,sum,T0,T1,T2,T3,T4,T5,T6,T7,T8,T9,T10,T11,T12,T13,T14,T15,T16,T17,T18,T19,T20,T21,T22,T23,T24,T25,T26,T27,T28,T29,T30,T31,T32,T33,T34,T35,T36,T37,T38,T39,T40,T41,T42,T43,T44,T45,T46,T47,T48,T49,T50,T51,T52,T53,T54,T55,T56,T57,T58,T59,T60,T61,T62,T63,T64,T65,T66,T67,T68,T69,T70,T71,T72,T73,T74,T75,T76,T77,T78,T79,T80,T81,T82,T83,T84,T85,T86,T87,T88,T89,T90,T91,T92,T93,T94,T95,T96,T97,T98,T99,T100,T101,T102,T103,T104,T105,T106,T107,T108,T109,T110,T111,T112,T113,T114,T115,T116,T117,T118,T119,T120,T121,T122,T123,T124,T125,T126,T127,T128,T129,T130,T131,T132,T133,T134,T135,T136,T137,T138,T139,T140,T141,T142,T143,T144,T145,T146,T147,T148,T149,T150,T151,T152,T153,T154,T155,T156,T157,T158,T159,T160,T161,T162,T163,T164,T165,T166,T167,T168,T169,T170,T171,T172,T173,T174,T175
STAT,(NULL),BadWork,176,10914481903,61712626,62954335,65325089,62296618,67584746,70194498,63242958,61042871,53180487,66252953,53304340,59242081,64819424,58184075,58605783,66279314,60031745,59385536,64706967,57622889,54864278,63914220,53983772,54002953,62619838,65046764,63832468,61351727,63995288,71428202,63232200,58996349,68052040,57946362,62817741,64289512,59629706,63735453,62242497,57888583,64763817,70586445,71235061,68658963,57447862,60935211,62455582,64024649,68091843,60041120,59983899,59852837,60568587,63870532,62876384,61637342,61280610,61794287,62784312,59360193,58669571,61158087,63018106,67089898,57843961,62126203,61413175,55555615,65418239,63628512,57547121,64181038,67406325,67269340,62950984,60710305,62394545,63880948,62849370,57207014,62550987,57416814,63628106,54592969,63003267,67373280,57650847,58200041,60631687,62068029,56560347,71133262,61539368,69812648,63914619,59927105,53486489,58063444,54599504,69093432,65199609,56376255,57956142,65315046,67725810,58201299,66088373,67259233,55238318,55034184,52609668,52831760,62081496,62519577,61607033,63071440,62802337,71987565,70891074,59812719,65282275,66051476,62532593,64320886,59421154,65520860,61890607,58727524,60048994,62677008,63901927,59378809,59222546,59532295,62004027,63119635,66319434,61716066,61629763,59546485,59432046,64067914,63667707,69315585,62247233,60624040,71324974,60925891,61175941,61127056,69455317,66178762,58664214,59667681,63691860,54391658,64305907,62627000,58936814,62563203,64960043,66571567,64359508,59568877,62862051,64340025,62693124,57592677,61386125,55375157,63491513,54759066,63003597,59059060,64193441,58768541
STAT,(NULL),BarrierTime,176,239063028,2088664,1884047,1162648,1877173,1909072,1883667,1879840,1771750,1773604,1825552,1714315,1691041,1774471,1107992,1515518,1698140,1646290,1536107,1372672,1707370,1163916,1719290,1411117,1456442,736256,535978,1461281,1461821,1473224,1472015,969427,1431738,1456208,1472496,959056,1477642,1381612,1469351,1435082,1445095,1445081,1458696,1488496,458222,1176251,1471554,1454847,1494089,1172825,1488869,1221036,1308354,1464711,1445315,1151399,1492335,1488305,997432,1356954,1493318,1371183,1339684,1415055,1139087,1045656,1439204,1346532,1344453,1268994,1342576,1309434,1349736,1337857,1329656,1351347,624852,1327826,1312464,1328472,1320437,871714,1264827,1335931,1309968,1280735,1327790,1230456,815382,1507116,1503635,1545416,1493383,1533816,1417990,1426153,1470300,1529328,1409660,1315684,1470274,1482790,1479236,1467512,1515128,1499347,1516496,1443648,1529468,1465464,1388612,1321833,888242,1439260,1473742,1455273,764983,1452490,1395157,1394896,1431712,1456156,1387839,1399524,1473114,1422721,1401913,1059097,1370157,1339612,1389940,1390266,820335,1456880,1391971,1480236,977577,1415580,1450577,882773,1443482,1476832,1449479,747390,1487862,1473244,851922,1468599,1230289,998239,1442648,1447931,100006,1364088,1467713,1398875,1349189,1328240,1401063,997157,1388481,1400881,1396691,1401597,1165780,1378717,1384144,915034,1371323,1401070,1367242,817737,1301776,1337267,1330126,1367289,1200936
STAT,(NULL),ConflictTime,176,0,0,0,0,0,0,0,0,0,0,0,0,0,0,0,0,0,0,0,0,0,0,0,0,0,0,0,0,0,0,0,0,0,0,0,0,0,0,0,0,0,0,0,0,0,0,0,0,0,0,0,0,0,0,0,0,0,0,0,0,0,0,0,0,0,0,0,0,0,0,0,0,0,0,0,0,0,0,0,0,0,0,0,0,0,0,0,0,0,0,0,0,0,0,0,0,0,0,0,0,0,0,0,0,0,0,0,0,0,0,0,0,0,0,0,0,0,0,0,0,0,0,0,0,0,0,0,0,0,0,0,0,0,0,0,0,0,0,0,0,0,0,0,0,0,0,0,0,0,0,0,0,0,0,0,0,0,0,0,0,0,0,0,0,0,0,0,0,0,0,0,0,0,0,0,0,0
STAT,(NULL),Conflicts,176,0,0,0,0,0,0,0,0,0,0,0,0,0,0,0,0,0,0,0,0,0,0,0,0,0,0,0,0,0,0,0,0,0,0,0,0,0,0,0,0,0,0,0,0,0,0,0,0,0,0,0,0,0,0,0,0,0,0,0,0,0,0,0,0,0,0,0,0,0,0,0,0,0,0,0,0,0,0,0,0,0,0,0,0,0,0,0,0,0,0,0,0,0,0,0,0,0,0,0,0,0,0,0,0,0,0,0,0,0,0,0,0,0,0,0,0,0,0,0,0,0,0,0,0,0,0,0,0,0,0,0,0,0,0,0,0,0,0,0,0,0,0,0,0,0,0,0,0,0,0,0,0,0,0,0,0,0,0,0,0,0,0,0,0,0,0,0,0,0,0,0,0,0,0,0,0,0
STAT,(NULL),EmptyPopTime,176,6867346143,38585424,42381756,38450284,38884028,42483912,38610271,38520809,39046551,38719568,38682152,30469836,40008847,39775843,41650228,30609986,38406260,42663142,38635925,29781760,39451344,38673220,38436344,39301899,38819028,40037900,41006487,45460244,38622336,42542888,38557394,39410865,38533572,38657748,40017248,38932984,38781622,38525256,38775705,38711608,39851658,38393940,39478998,38576448,39401811,38847807,40104052,38558146,39039823,42603306,39312888,42574304,38347927,42652731,31416423,38422946,42283720,38038911,38635341,36773396,38700668,39362316,39490825,38627104,38699336,39423412,38533131,39910646,38552652,38837611,42273924,39956944,38813297,38754255,38632765,38504662,38834552,40971087,42467606,38631822,39799496,38539608,38724940,41626796,38431311,42613261,42869068,41001020,42541234,42658928,38675909,42552804,30623693,38497827,38626344,39465913,39884297,38797560,38827436,38393561,40928769,38529365,38534512,37997200,38406916,36785227,39066287,41602404,38687661,42626908,37805424,38496929,38650528,38847420,39829753,38621660,38421456,38623516,38600272,39386500,38498096,42293412,38652612,39020128,38623614,38552112,38802786,38785997,38596204,38489336,39726379,38786260,38579865,42343510,30497348,38824814,38539066,38670228,38539464,38631174,38843904,39367140,38462882,38374649,38518819,42583578,40110615,38499429,38536063,42387992,38744976,41742172,38647660,38502886,38684544,39023638,40913448,39011128,38750406,38323299,40053252,26571063,36811460,38434094,39824668,24460803,41020328,42556070,38802428,38392888,39820712,39501376,38256865,38692570,38868604,38558400,42723751
STAT,(NULL),EmptyWork,176,18614574059,101467676,105006028,104101353,100773136,98087924,98082819,107875467,105377787,116597710,103582707,115529020,106094597,103517584,109967199,106961804,106516332,105067501,106852535,106316660,109183968,115645959,108380570,125706369,115414277,105672346,100764999,105898005,107923159,105415906,98486580,101801466,109563912,107256442,111093272,105480407,103804218,105772087,109191906,102266762,110677246,112400143,99381823,103799233,97305339,109159029,110407587,101609119,103992169,99974355,103758957,102411666,103913604,103002387,103273121,104149917,102436598,103916484,101033869,105153260,101824458,103888060,100684708,103635140,98902814,110435993,104652456,107408873,110006387,101398741,101153267,110318333,103268193,98031155,101176817,102576520,108790993,109253288,109149303,104078998,113092895,101694479,113017126,104608278,115354091,102478672,106376775,109647031,111943403,104754235,100240782,110485520,98367058,104082218,101667128,109279179,105875564,115770811,105922053,115645489,102453276,105881624,104293632,108216789,109565122,100830810,106429155,104905604,109820111,115100343,113787580,123232548,113361963,102677065,102084670,106267226,106161045,106039317,100944290,97102777,113352586,105267425,110195688,104138941,103418511,105527109,106969259,103729611,109034933,113361414,100453909,105496612,104156391,110190726,108126152,102094970,102347053,101196700,103699946,103230187,103603353,104086901,101980576,101620069,96590299,102133515,102579080,97242757,103875970,102849111,102051720,98975668,101927018,108560311,105181951,108229307,111974343,102742628,102313412,111611901,101561725,98963860,99242408,101386342,108434627,104865053,108934389,102836975,112709659,101265723,110686933,104902673,117857968,104372333,107218895,106417766,112452131
STAT,(NULL),GaloisTime,176,120215393043,685647862,628836259,807945236,628784026,788789069,740933724,785966733,648526244,702509616,801037035,689099502,644302619,799819507,659615143,655472343,733876503,638768557,664315051,780784432,666907161,680890342,809271488,691642802,693841398,636317875,643042139,653028194,635762123,632082203,755109880,630914581,653659253,799725071,669110692,622895217,629706220,658402742,774897298,628286357,669071568,774232614,751086566,716538613,859628153,709554508,670918687,630518357,643216889,629299873,713543702,708544365,713432489,712625720,628220161,638159196,713589436,638314503,710314451,631261549,709614950,709695581,708444064,703587188,628240724,659607633,703196537,646173766,707917144,626000348,633024554,661006206,638370488,609133308,627426092,629715288,679824860,651678005,622354976,643764702,689882023,641574266,680155098,631326075,687134852,640812485,753626216,665048890,678570534,625233153,624675057,678238483,748214037,652703599,743581484,785956666,635790200,703680350,680893446,688744133,762528200,794828592,643739391,654379741,733851728,745904501,667854606,777132644,785562065,679386917,685298423,691104746,686569643,636787923,637546562,645510988,631245838,629819958,758471978,740097093,657146170,783655836,781886368,619097752,623516137,656317775,776008142,628128085,662895226,658076318,638401524,609869469,700424055,708439962,669764384,628775703,645124302,626920626,715435715,709073028,710082319,710689208,624198246,633633562,853536603,633913709,712382692,742478287,704396189,705098527,711389753,852567058,624714881,653947142,702159278,649306432,703372747,622392069,630952032,664376395,631006989,615657640,631358068,634837753,675663622,646736297,624156285,640249266,683848965,638325555,669861854,632995718,684326473,640720512,651470634,762289498,672511313
STAT,(NULL),InitPushTime,176,10073832,30580,149682,66204,36678,36514,36150,37085,40508,39184,39316,65905,38556,38400,38140,39228,39396,38792,37460,37120,36820,38168,34442,105504,116043,111818,112604,108563,114554,111027,104317,103979,69329,64262,58110,57559,67496,65216,57435,56437,55228,55294,54611,55022,54640,126957,81042,57066,80622,53352,83026,79464,79366,79299,78768,51043,78032,77005,77468,52057,76910,47487,76315,49119,64564,53552,41375,155708,158672,155203,154675,154902,145398,150326,148053,146219,150033,155430,145838,154851,155078,155005,154953,148632,146102,155298,148815,154300,150502,55768,62784,61616,27535,27226,34732,32472,30052,28996,29020,61989,27364,27580,27104,27400,27332,26592,25680,25556,24916,25428,23026,45995,66946,63727,63851,66220,61072,62282,37804,36645,63874,59180,37510,33741,57119,53584,36300,35648,31115,31548,32656,34012,29084,15903,16696,17894,13722,22113,17952,17266,17818,12493,12126,19311,13312,17925,10879,19524,16046,19172,16286,18804,14988,19304,16407,21245,17989,15825,26847,22147,16133,13714,18150,15686,17695,13831,11404,9284,8866,8331,12841,6607,7363,5287,8661,5126,3520
STAT,(NULL),Iterations,176,95767976,559929,552438,559198,547014,590638,598984,564321,526405,492666,571403,493761,531772,572068,518622,524140,581828,529699,522241,569940,525840,500769,549201,487886,499491,551218,556461,540009,551604,537646,599399,552776,517826,574510,520294,546255,554036,528873,570017,538144,530865,585212,603873,598481,579454,525236,518340,551598,556690,557320,537786,533750,535983,537304,565648,557323,534831,558869,533337,551451,526094,534904,531485,537756,549657,525548,533365,542397,492880,558757,556085,530681,559100,559145,560974,559700,517422,541631,546252,553210,511123,543119,520154,546688,510222,553005,583511,517371,507763,533667,546059,507116,605652,539821,605484,567672,525750,493787,519717,493624,582831,571537,508798,527029,585204,577742,525524,568289,583446,502325,499690,484213,499379,551544,556690,538551,546669,537341,603818,602736,523522,571663,572593,546647,554187,528011,569947,544290,527513,527051,551670,543014,532967,523650,519141,554760,555644,565037,538004,535798,534709,538034,560831,553726,581575,556577,537296,594023,530217,532008,537199,586815,550589,522418,536179,539207,491528,558975,559142,535323,553142,564552,560537,557023,512433,534974,545894,557545,508492,543847,515321,550731,510456,560237,532369,569151,505415
STAT,(NULL),LoopTime,176,14446673678,14446673678,0,0,0,0,0,0,0,0,0,0,0,0,0,0,0,0,0,0,0,0,0,0,0,0,0,0,0,0,0,0,0,0,0,0,0,0,0,0,0,0,0,0,0,0,0,0,0,0,0,0,0,0,0,0,0,0,0,0,0,0,0,0,0,0,0,0,0,0,0,0,0,0,0,0,0,0,0,0,0,0,0,0,0,0,0,0,0,0,0,0,0,0,0,0,0,0,0,0,0,0,0,0,0,0,0,0,0,0,0,0,0,0,0,0,0,0,0,0,0,0,0,0,0,0,0,0,0,0,0,0,0,0,0,0,0,0,0,0,0,0,0,0,0,0,0,0,0,0,0,0,0,0,0,0,0,0,0,0,0,0,0,0,0,0,0,0,0,0,0,0,0,0,0,0,0
STAT,(NULL),MeminfoPost,176,6336,36,36,36,36,36,36,36,36,36,36,36,36,36,36,36,36,36,36,36,36,36,36,36,36,36,36,36,36,36,36,36,36,36,36,36,36,36,36,36,36,36,36,36,36,36,36,36,36,36,36,36,36,36,36,36,36,36,36,36,36,36,36,36,36,36,36,36,36,36,36,36,36,36,36,36,36,36,36,36,36,36,36,36,36,36,36,36,36,36,36,36,36,36,36,36,36,36,36,36,36,36,36,36,36,36,36,36,36,36,36,36,36,36,36,36,36,36,36,36,36,36,36,36,36,36,36,36,36,36,36,36,36,36,36,36,36,36,36,36,36,36,36,36,36,36,36,36,36,36,36,36,36,36,36,36,36,36,36,36,36,36,36,36,36,36,36,36,36,36,36,36,36,36,36,36,36
STAT,(NULL),MeminfoPre,176,6336,36,36,36,36,36,36,36,36,36,36,36,36,36,36,36,36,36,36,36,36,36,36,36,36,36,36,36,36,36,36,36,36,36,36,36,36,36,36,36,36,36,36,36,36,36,36,36,36,36,36,36,36,36,36,36,36,36,36,36,36,36,36,36,36,36,36,36,36,36,36,36,36,36,36,36,36,36,36,36,36,36,36,36,36,36,36,36,36,36,36,36,36,36,36,36,36,36,36,36,36,36,36,36,36,36,36,36,36,36,36,36,36,36,36,36,36,36,36,36,36,36,36,36,36,36,36,36,36,36,36,36,36,36,36,36,36,36,36,36,36,36,36,36,36,36,36,36,36,36,36,36,36,36,36,36,36,36,36,36,36,36,36,36,36,36,36,36,36,36,36,36,36,36,36,36,36
STAT,(NULL),NumaPost,176,658523,179781,175173,149799,153770,0,0,0,0,0,0,0,0,0,0,0,0,0,0,0,0,0,0,0,0,0,0,0,0,0,0,0,0,0,0,0,0,0,0,0,0,0,0,0,0,0,0,0,0,0,0,0,0,0,0,0,0,0,0,0,0,0,0,0,0,0,0,0,0,0,0,0,0,0,0,0,0,0,0,0,0,0,0,0,0,0,0,0,0,0,0,0,0,0,0,0,0,0,0,0,0,0,0,0,0,0,0,0,0,0,0,0,0,0,0,0,0,0,0,0,0,0,0,0,0,0,0,0,0,0,0,0,0,0,0,0,0,0,0,0,0,0,0,0,0,0,0,0,0,0,0,0,0,0,0,0,0,0,0,0,0,0,0,0,0,0,0,0,0,0,0,0,0,0,0,0,0
STAT,(NULL),PopTime,176,694986706719,2845790641,4277423678,2681104197,4267594689,2782932049,2807934683,2716340871,4252818540,4093977011,2712940730,4184284399,4221912001,2751440241,4268111211,4297592714,2750668789,4223049792,4217837076,2661913959,4179890000,4175935367,2676718099,4216271783,4249335652,4232629879,4355761122,4322764232,4357279017,4227562644,2724266765,4399299403,4351500362,2712066727,4231602361,4300844387,4292658764,4283009675,2736194367,4296043667,4183620697,2707999960,2833907425,2746004898,2736400221,4212634286,4288369352,4342571961,4262146391,4290936428,4143986251,4177869299,4110670764,4136602061,4323153827,4247776616,4234374555,4337269912,4089328444,4311147393,4168870268,4102295471,4262896785,4173044901,4324789059,4276482077,4121943494,4348280043,4194736241,4360748209,4447629896,4326939890,4329083593,4418861183,4258984533,4352759287,4251759583,4373470995,4379465521,4298347230,4262208090,4298693713,4200731988,4283412626,4206984375,4384151329,2744995220,4319295140,4217778442,4318443187,4300451625,4194023469,2774702768,4263111819,2734442185,2785241340,4195637454,4225503811,4203657067,4266724016,2717918768,2708365344,4264092559,4199062829,2728439452,2752071686,4251178153,2693990517,2736190181,4188593844,4116308926,4244506061,4270950345,4276155421,4394323691,4239820004,4259281921,4231020688,2781447631,2812027767,4369170965,2773235132,2735085740,4261186634,4323855534,4273572418,2707508523,4380605056,4242515930,4247907558,4317117711,4317506459,4175319025,4263396884,4259826429,4337188080,4238946187,4271937055,4131377959,4137825695,4094567910,4113878979,4237136231,4305282154,2735208753,4259798685,4123360927,2701615526,4142298500,4139513828,4132488036,2736281047,4369939364,4217251190,4199281107,4340799271,4217285427,4334531184,4296201072,4294241588,4255312215,4348705150,4279116460,4426224519,4269900665,4360070370,4283884039,4259332425,4224870004,4380630601,4183076070,4253936906,4309530959,4244598954,4318397205,2726332227,4235346201
STAT,(NULL),PushTime,176,1238460608506,8142486396,6861886449,7907535478,6877579277,7818615196,7928784185,7940392719,6879997867,6919925321,7873594804,6889931212,6888718548,7849264630,6829998113,6810368695,8023931178,6904134083,6860978998,8005053550,6902794078,6869043838,7916763152,6827796893,6791581952,6890149161,6745354627,6748141911,6771125654,6905149638,7973179319,6740030940,6761302377,7918464979,6834314667,6862569901,6849359302,6790524018,7924695212,6860154675,6873356924,7942729838,7857170948,8042006047,7647117855,6712091283,6766126630,6783997607,6838826037,6828679625,6755600202,6750267257,6798798442,6766869865,6803491162,6859453493,6663664639,6770757559,6824580077,6816109078,6741305259,6805065152,6662014433,6757622930,6817681294,6820294809,6812015336,6751218818,6789704683,6786746777,6671300947,6755679873,6776851078,6762939217,6866406376,6771118682,6778625965,6724183111,6786556613,6812379529,6755256561,6811072680,6839534652,6840989817,6832978908,6730115404,7981974897,6764518370,6828361554,6834865847,6849094262,6863664814,7929114565,6825486195,7992188538,7860362390,6961287935,6791827505,6833455904,6785203794,7961700752,7892969944,6881798509,6897093948,8051263209,7989357078,6805155280,7965581985,7880128559,6846250687,6932490997,6802451500,6766391430,6841996870,6708118934,6853180280,6881263584,6911612172,7883610333,7915742813,6730727909,7878690872,7901606712,6895859758,6814970945,6801392267,7964557484,6770150441,6832865651,6847773545,6798941056,6878049752,6765876280,6666402359,6797692107,6788230230,6854732030,6842965326,6758877928,6771846001,6817617066,6794884909,6903225111,6819113384,7674102184,6841753619,6778148386,8019066799,6785841177,6774940874,6764136666,7662131432,6785284268,6861352050,6729400434,6751010566,6780243079,6808688584,6819865709,6773484891,6869832242,6814105792,6840558682,6703954467,6787501486,6766212983,6871696269,6825570703,6807097974,6725599239,6879054620,6847936292,6739543204,6846630357,6781888507,7980524039,6839809910
STAT,(NULL),RusageSys,176,9480000,9480000,0,0,0,0,0,0,0,0,0,0,0,0,0,0,0,0,0,0,0,0,0,0,0,0,0,0,0,0,0,0,0,0,0,0,0,0,0,0,0,0,0,0,0,0,0,0,0,0,0,0,0,0,0,0,0,0,0,0,0,0,0,0,0,0,0,0,0,0,0,0,0,0,0,0,0,0,0,0,0,0,0,0,0,0,0,0,0,0,0,0,0,0,0,0,0,0,0,0,0,0,0,0,0,0,0,0,0,0,0,0,0,0,0,0,0,0,0,0,0,0,0,0,0,0,0,0,0,0,0,0,0,0,0,0,0,0,0,0,0,0,0,0,0,0,0,0,0,0,0,0,0,0,0,0,0,0,0,0,0,0,0,0,0,0,0,0,0,0,0,0,0,0,0,0,0
STAT,(NULL),RusageUser,176,945784000,945784000,0,0,0,0,0,0,0,0,0,0,0,0,0,0,0,0,0,0,0,0,0,0,0,0,0,0,0,0,0,0,0,0,0,0,0,0,0,0,0,0,0,0,0,0,0,0,0,0,0,0,0,0,0,0,0,0,0,0,0,0,0,0,0,0,0,0,0,0,0,0,0,0,0,0,0,0,0,0,0,0,0,0,0,0,0,0,0,0,0,0,0,0,0,0,0,0,0,0,0,0,0,0,0,0,0,0,0,0,0,0,0,0,0,0,0,0,0,0,0,0,0,0,0,0,0,0,0,0,0,0,0,0,0,0,0,0,0,0,0,0,0,0,0,0,0,0,0,0,0,0,0,0,0,0,0,0,0,0,0,0,0,0,0,0,0,0,0,0,0,0,0,0,0,0,0
STAT,(NULL),Threads,176,176,176,0,0,0,0,0,0,0,0,0,0,0,0,0,0,0,0,0,0,0,0,0,0,0,0,0,0,0,0,0,0,0,0,0,0,0,0,0,0,0,0,0,0,0,0,0,0,0,0,0,0,0,0,0,0,0,0,0,0,0,0,0,0,0,0,0,0,0,0,0,0,0,0,0,0,0,0,0,0,0,0,0,0,0,0,0,0,0,0,0,0,0,0,0,0,0,0,0,0,0,0,0,0,0,0,0,0,0,0,0,0,0,0,0,0,0,0,0,0,0,0,0,0,0,0,0,0,0,0,0,0,0,0,0,0,0,0,0,0,0,0,0,0,0,0,0,0,0,0,0,0,0,0,0,0,0,0,0,0,0,0,0,0,0,0,0,0,0,0,0,0,0,0,0,0,0
STAT,(NULL),Time,176,14448601278,14448601278,0,0,0,0,0,0,0,0,0,0,0,0,0,0,0,0,0,0,0,0,0,0,0,0,0,0,0,0,0,0,0,0,0,0,0,0,0,0,0,0,0,0,0,0,0,0,0,0,0,0,0,0,0,0,0,0,0,0,0,0,0,0,0,0,0,0,0,0,0,0,0,0,0,0,0,0,0,0,0,0,0,0,0,0,0,0,0,0,0,0,0,0,0,0,0,0,0,0,0,0,0,0,0,0,0,0,0,0,0,0,0,0,0,0,0,0,0,0,0,0,0,0,0,0,0,0,0,0,0,0,0,0,0,0,0,0,0,0,0,0,0,0,0,0,0,0,0,0,0,0,0,0,0,0,0,0,0,0,0,0,0,0,0,0,0,0,0,0,0,0,0,0,0,0,0
STAT,(NULL),TotalTime,176,40037698600,40037698600,0,0,0,0,0,0,0,0,0,0,0,0,0,0,0,0,0,0,0,0,0,0,0,0,0,0,0,0,0,0,0,0,0,0,0,0,0,0,0,0,0,0,0,0,0,0,0,0,0,0,0,0,0,0,0,0,0,0,0,0,0,0,0,0,0,0,0,0,0,0,0,0,0,0,0,0,0,0,0,0,0,0,0,0,0,0,0,0,0,0,0,0,0,0,0,0,0,0,0,0,0,0,0,0,0,0,0,0,0,0,0,0,0,0,0,0,0,0,0,0,0,0,0,0,0,0,0,0,0,0,0,0,0,0,0,0,0,0,0,0,0,0,0,0,0,0,0,0,0,0,0,0,0,0,0,0,0,0,0,0,0,0,0,0,0,0,0,0,0,0,0,0,0,0,0
STAT,(NULL),UserTime,176,421972020241,2396868907,2295394283,2671795980,2297293088,2679938069,2596563159,2621832196,2285156033,2339199364,2681058366,2301548241,2309893848,2667040102,2301584762,2309921832,2557508042,2297243160,2322288241,2627073389,2312662710,2330720086,2661340074,2310135315,2321885916,2306097056,2324949668,2335589035,2300178116,2298110071,2621296539,2299432096,2296365650,2634704265,2324739156,2280127679,2296540881,2334686361,2627138756,2285390083,2334313579,2635156291,2629829348,2563928066,2831063246,2428614485,2334977109,2313649440,2323668646,2319383495,2454671475,2429203713,2445713869,2449121412,2321352785,2322965564,2454511377,2322578633,2447029971,2310459431,2450535831,2450604550,2437345541,2434400480,2302600196,2304628612,2430531774,2317883932,2369957295,2297171474,2315475701,2316948169,2324476029,2283198326,2318259081,2316188052,2353049515,2311327891,2270918771,2313658028,2350648657,2319275048,2338733479,2308920145,2329980324,2310748585,2581082699,2311405220,2331717747,2284977036,2297791543,2321917318,2629905389,2326964840,2600408048,2630604102,2272447375,2335284265,2348140092,2316194721,2625381628,2670356843,2278468417,2314114333,2549380661,2585914528,2341224306,2627694556,2660500037,2338958457,2325155963,2311100780,2334969133,2314438819,2328976635,2327485805,2294505378,2293748748,2647821293,2606519551,2302029460,2627709333,2643463263,2291547361,2306466082,2335559193,2617032658,2289452715,2324968060,2305303433,2316213875,2261145340,2426561805,2420100647,2344965342,2315758479,2331183993,2329204086,2462974280,2450263988,2446161563,2447995193,2305903156,2312903362,2812904720,2330702804,2454340987,2611972087,2435904078,2446120131,2462066555,2819220931,2290400626,2331288819,2436191959,2322491307,2357070663,2303536986,2322800704,2328810600,2313116409,2306853842,2323775277,2306025903,2329536867,2308512812,2281220289,2340340968,2343559190,2326635566,2328397205,2331648112,2321375995,2335905396,2313082373,2596794414,2308044737
STAT,(NULL),Work,176,2501157437055,14211054386,14211058131,14211823168,14211049135,14211002470,14211023575,14211029103,14211067769,14211066974,14211014710,14211059574,14211109901,14211020380,14211692704,14211280962,14211032588,14211084200,14211198658,14211364642,14211026557,14211568592,14211014935,14211039202,14211015104,14211713897,14211928241,14211007615,14210995706,14210981402,14210987880,14211504575,14211026054,14210973461,14210993298,14211515766,14210974091,14211079542,14210979575,14211015087,14211028732,14211011618,14210973856,14210979983,14212017707,14211298235,14210997158,14210979542,14210967999,14211240562,14210974724,14211252703,14211162785,14211006101,14211025660,14211279167,14210967870,14210967829,14211474459,14211075143,14210968107,14211043938,14211135955,14211001993,14211249389,14211367272,14210976604,14210975989,14210981876,14211065708,14210981544,14211021910,14210980635,14210995475,14211005448,14210975888,14211706832,14211008121,14211020897,14211004535,14211010275,14211458148,14211071192,14211001585,14211018125,14211048689,14211008574,14211103035,14211498596,14211093866,14211097564,14211049552,14211049020,14211002476,14211023375,14211012571,14211069823,14211010974,14211023486,14211054793,14211079624,14211066121,14211070320,14211079698,14211032364,14211033979,14211033651,14211098570,14211013864,14211084076,14211064776,14211039004,14211565050,14211006926,14210973535,14211010676,14211682696,14210991583,14210986960,14210973356,14211026024,14210973498,14210985128,14210974194,14210975671,14211036068,14210976177,14211326902,14211009349,14211036676,14210997050,14210973826,14211563493,14210967780,14211079188,14210967847,14211495632,14211029159,14211017704,14211591166,14211026683,14210990859,14211021636,14211701501,14210967867,14210977087,14211619231,14210974674,14211224069,14211449251,14211006805,14210995311,14212304111,14211072914,14210977129,14210975954,14211034323,14211017682,14210976222,14211386200,14210997054,14210976091,14210988875,14210979574,14211221758,14211009524,14211000900,14211471194,14211015762,14210976340,14211018774,14211569939,14211082981,14211048639,14211058513,14211016984,14211186005
STAT,(NULL),nBad,176,6921821,39476,40142,41638,39835,43049,44739,40093,38925,33702,41438,33793,37729,41332,36943,37342,42088,38252,36683,41239,36607,34956,40528,33769,34354,39872,40584,40712,39063,40535,45201,40749,37473,42193,36557,40152,40826,38072,40617,39556,36998,41210,44936,45423,43987,36530,38051,39910,39935,43078,38220,38172,38085,38671,40899,40362,38494,39140,38471,39814,38015,37393,39115,38858,42906,36745,38814,38928,35273,41688,40493,36335,40137,42909,42616,40075,38392,39444,40857,40052,36495,39069,35621,39891,34639,40068,42995,36252,36366,38515,39661,36037,45313,38243,44362,40523,38153,32933,36992,34733,44080,41205,35845,37001,41568,43260,37018,41804,42080,35243,35079,33355,33788,39620,39740,39354,39524,40077,44942,44887,37745,41833,41722,39925,39725,38064,40974,39085,36879,36481,39929,40734,37821,37740,38003,39648,40117,41865,39383,38693,37960,37822,41045,40495,44274,39478,38653,45333,38773,38353,39059,44212,41928,37535,37763,40138,34557,40693,40177,37407,39902,41159,42456,40958,37762,39787,40617,39820,36517,39088,35479,40542,33999,40016,37656,41056,36410
STAT,(NULL),nEmpty,176,26928484,149036,161557,141243,154718,153053,149795,145060,149346,147796,147345,145798,152407,147198,149694,151651,147922,153443,151368,145041,153967,144321,139930,143595,148763,159512,158834,149253,158167,149061,153364,158326,145442,147239,146607,153625,159157,151454,149677,153192,155592,153063,155220,148827,151104,157285,145659,155964,160765,153159,157635,157102,158705,158697,160298,161379,157453,161717,155201,162539,152595,157990,155211,159621,150615,153874,159345,156977,142740,157912,156956,155306,161799,154588,158627,159192,145894,156467,151877,159114,144650,156000,157062,154525,151206,158385,151533,149348,143934,153212,155978,148894,152037,160537,157361,147442,149982,148059,150900,143808,147768,147202,142627,154376,152284,148003,153158,143315,151872,143803,147601,140344,146243,157800,159385,149680,154824,149471,155274,151550,150792,145415,142432,151864,158123,150957,150576,159582,155946,152428,157083,152549,160994,155328,144487,157920,159260,160315,158312,157623,157714,160166,156758,159083,150772,157971,159119,149700,157443,156686,157771,153937,153827,147987,160372,155225,144628,159103,159690,158021,156525,155269,156841,157130,145914,150193,150381,159050,143474,154850,154497,154876,153801,162737,150883,146642,145008
STAT,(NULL),nEmptyPop,176,65589,386,397,379,390,394,385,388,398,394,387,306,380,387,391,310,382,387,396,312,391,391,388,356,363,378,374,357,363,371,372,365,375,362,370,373,368,363,364,366,371,369,377,369,367,370,358,362,355,351,356,348,360,359,296,357,357,356,353,345,348,354,353,351,366,335,356,394,389,402,394,393,393,394,408,394,389,421,403,398,393,389,392,397,380,398,423,395,395,390,398,383,318,387,382,391,404,394,385,378,382,372,389,379,384,359,400,392,395,385,379,357,368,366,370,359,364,369,375,371,365,361,364,366,372,355,366,366,375,373,370,371,366,367,286,361,348,352,353,350,358,358,355,353,360,362,363,358,359,357,360,356,363,335,358,394,392,399,395,397,396,271,380,391,393,270,393,402,400,386,393,399,381,406,419,383,390
STAT,(NULL),nOverall,176,275357275,1642452,1563190,1670985,1569261,1749263,1796899,1677386,1506969,1380708,1697027,1392586,1518469,1699912,1476644,1490417,1736989,1504522,1484349,1699972,1487298,1425566,1636578,1377052,1402487,1565532,1590636,1562858,1571287,1553655,1783684,1576278,1489754,1710597,1493881,1569654,1578359,1510334,1682758,1541402,1500027,1728392,1797546,1799860,1712289,1470805,1492967,1584429,1583254,1616668,1519131,1506754,1509288,1514251,1621763,1584948,1509018,1588715,1512166,1554885,1494162,1506763,1504775,1512260,1596186,1486550,1495829,1540284,1399539,1604267,1595553,1504301,1588539,1618182,1609811,1603269,1485132,1540207,1578051,1576716,1465203,1547940,1452153,1570416,1436470,1579627,1728442,1471830,1455199,1520432,1561171,1431556,1816092,1518915,1792414,1682425,1503410,1380974,1474730,1399181,1740318,1700566,1464896,1491292,1731601,1717258,1488815,1699692,1726018,1433817,1407930,1375803,1413394,1574548,1589528,1555787,1568462,1549809,1793368,1804164,1492241,1705669,1721399,1578801,1585922,1507298,1677545,1537641,1486017,1496807,1576065,1563914,1487005,1473740,1498451,1584799,1586584,1620257,1520059,1511980,1508185,1512937,1616649,1580128,1721140,1593670,1513013,1776791,1489602,1501566,1519999,1731530,1587021,1497853,1502507,1535421,1386677,1599047,1599837,1508678,1585622,1636421,1615746,1598043,1465090,1538570,1582089,1592222,1461239,1556090,1442163,1584033,1427825,1590287,1525401,1688759,1442402
STAT,(NULL),nPop,176,95767976,559929,552438,559198,547014,590638,598984,564321,526405,492666,571403,493761,531772,572068,518622,524140,581828,529699,522241,569940,525840,500769,549201,487886,499491,551218,556461,540009,551604,537646,599399,552776,517826,574510,520294,546255,554036,528873,570017,538144,530865,585212,603873,598481,579454,525236,518340,551598,556690,557320,537786,533750,535983,537304,565648,557323,534831,558869,533337,551451,526094,534904,531485,537756,549657,525548,533365,542397,492880,558757,556085,530681,559100,559145,560974,559700,517422,541631,546252,553210,511123,543119,520154,546688,510222,553005,583511,517371,507763,533667,546059,507116,605652,539821,605484,567672,525750,493787,519717,493624,582831,571537,508798,527029,585204,577742,525524,568289,583446,502325,499690,484213,499379,551544,556690,538551,546669,537341,603818,602736,523522,571663,572593,546647,554187,528011,569947,544290,527513,527051,551670,543014,532967,523650,519141,554760,555644,565037,538004,535798,534709,538034,560831,553726,581575,556577,537296,594023,530217,532008,537199,586815,550589,522418,536179,539207,491528,558975,559142,535323,553142,564552,560537,557023,512433,534974,545894,557545,508492,543847,515321,550731,510456,560237,532369,569151,505415
STAT,(NULL),nPush,176,95767974,629820,524356,638216,526627,642567,675859,640918,522237,482994,634730,491829,511284,642602,516338,507536,671594,505671,504009,648837,501680,503247,625694,494603,495011,523841,536754,533653,540555,529597,660105,532333,527190,656023,527533,545866,534761,517060,650177,522376,516049,667901,673052,694180,608089,476942,513194,535916,529788,542025,490054,485992,484869,488844,555240,535158,486747,533806,484443,518940,482462,484653,484412,486741,543644,509889,485932,518271,493566,541368,534604,515342,542766,550677,539926,546126,514965,526067,556811,533857,517080,525002,502467,534900,510331,528619,656029,510779,507417,527304,526168,493874,676903,502038,671038,642557,514284,479265,499372,493424,657975,640390,502650,509750,666264,642737,509386,644377,649802,501783,488081,492453,491999,528695,539073,527539,535058,533338,664433,673288,528744,654231,674708,548430,536610,514627,647837,521545,513291,521552,527411,544477,477336,477078,516301,534354,533293,542572,488325,489367,484398,484158,545360,528862,606266,535867,486257,662082,477805,484430,492471,612137,542859,511189,486331,519674,486864,547911,541429,518240,533058,558090,543036,545624,506896,531004,559284,537503,515955,527040,497747,544386,509575,535887,529115,638270,501512
STAT,(NULL),nPushInit,176,2,1,1,0,0,0,0,0,0,0,0,0,0,0,0,0,0,0,0,0,0,0,0,0,0,0,0,0,0,0,0,0,0,0,0,0,0,0,0,0,0,0,0,0,0,0,0,0,0,0,0,0,0,0,0,0,0,0,0,0,0,0,0,0,0,0,0,0,0,0,0,0,0,0,0,0,0,0,0,0,0,0,0,0,0,0,0,0,0,0,0,0,0,0,0,0,0,0,0,0,0,0,0,0,0,0,0,0,0,0,0,0,0,0,0,0,0,0,0,0,0,0,0,0,0,0,0,0,0,0,0,0,0,0,0,0,0,0,0,0,0,0,0,0,0,0,0,0,0,0,0,0,0,0,0,0,0,0,0,0,0,0,0,0,0,0,0,0,0,0,0,0,0,0,0,0,0
==== BENCHMARK TOOK 19.302
