==== BENCHMARK START ===
==== PARAMS kernel=4.9.5-64-net1 malloc=libc hostname=rack-mad-04 threads=44 delta=4 prog=sssp-klsm64mq4  ===
ERROR: ld.so: object '/specific/disk1/home/adamx/malloc/lib64/libjemalloc.so' from LD_PRELOAD cannot be preloaded (cannot open shared object file): ignored.
Galois Benchmark Suite v2.2.1 (r0)
Copyright (C) 2014 The University of Texas at Austin
http://iss.ices.utexas.edu/galois/

application: Single Source Shortest Path
Computes the shortest path from a source node to all nodes in a directed graph using a modified chaotic iteration algorithm
http://iss.ices.utexas.edu/?p=projects/galois/benchmarks/single_source_shortest_path

INFO: CommandLine ./build/debug/apps/sssp/sssp -noverify -t 44 -delta 4 -wl klsm64mq4 -startNode 0 /specific/disk1/home/mad/Galois-PQ/inputs/road/USA-road-d.USA.gr
INFO: Hostname rack-mad-04
Read 23947347 nodes
Running Asynchronous with CAS version
INFO: Using delta-step of 1
WARNING: Performance varies considerably due to delta parameter.
WARNING: Do not expect the default to be good for your graph.
Node 1 has distance 2025
STATTYPE,LOOP,CATEGORY,n,sum,T0,T1,T2,T3,T4,T5,T6,T7,T8,T9,T10,T11,T12,T13,T14,T15,T16,T17,T18,T19,T20,T21,T22,T23,T24,T25,T26,T27,T28,T29,T30,T31,T32,T33,T34,T35,T36,T37,T38,T39,T40,T41,T42,T43
STAT,(NULL),BadWork,44,3131911356,71410211,67886004,66513736,70527197,71665440,65660229,75714801,72396221,70513026,70844962,74055774,76425097,72027062,67374222,70668389,70055501,71596484,73203719,66927196,75576881,69617175,75443708,71534285,67027662,71229435,71174570,75032032,71559502,78376188,73645628,74505716,69440126,71812215,70903512,70301048,63055359,76615542,72933025,71579515,71340901,67465523,68681236,68114273,69481028
STAT,(NULL),BarrierTime,44,6777668,536366,446002,420190,279194,349402,394656,389686,239712,243953,243741,279892,295249,294930,297191,287733,103236,107111,111693,112504,116928,111918,242157,49329,49155,49792,49960,50150,50102,49775,49349,50247,24619,21089,23660,19442,49622,49158,20471,23186,49495,47618,28224,20158,49623
STAT,(NULL),ConflictTime,44,0,0,0,0,0,0,0,0,0,0,0,0,0,0,0,0,0,0,0,0,0,0,0,0,0,0,0,0,0,0,0,0,0,0,0,0,0,0,0,0,0,0,0,0,0
STAT,(NULL),Conflicts,44,0,0,0,0,0,0,0,0,0,0,0,0,0,0,0,0,0,0,0,0,0,0,0,0,0,0,0,0,0,0,0,0,0,0,0,0,0,0,0,0,0,0,0,0,0
STAT,(NULL),EmptyPopTime,44,693389678,15414664,15326521,16444060,15457122,15674356,15667097,15692434,16386891,15573088,15687127,15480615,15766743,17408722,15806795,16791435,16351753,16205830,15912262,16889670,15259527,16009108,16171210,16024170,16112106,14961666,15492639,15601005,15146263,14441233,15072557,14386175,16142872,15777448,16021683,15945354,15586323,15353887,15385606,15893822,15743443,15419241,15381188,16433959,15690008
STAT,(NULL),EmptyWork,44,961172878,20820290,21797771,22990253,21595136,21750199,21826181,21646265,21805023,22138195,21622614,21760942,21856685,22889556,21686690,21731043,21791830,21872523,21758560,21717952,21830751,21617276,21944566,21518682,21975940,21853771,21612738,21659769,21710628,21725981,21419486,21688095,22696315,23781913,21508540,21614493,21873453,21713478,21821300,21630815,21700429,21806644,21591910,21784111,22034086
STAT,(NULL),GaloisTime,44,29071234528,703133197,658795749,658778611,660900640,660670125,659273653,661807346,660166217,657735970,660346431,661175907,659702376,658022963,660391148,658210084,654805939,657280359,657167998,660131479,655529879,659926819,656369088,658488019,664244499,656790508,660899831,658283174,664267223,661573719,660965038,663690304,661619027,664380389,662086717,663102204,660780152,660278535,655618925,655628659,661442446,661703851,660340539,658030917,656697874
STAT,(NULL),InitPushTime,44,2416546,25336,46509,93412,69278,37164,37294,37455,37203,36763,36086,65502,35361,35561,34897,35868,41239,40675,63936,41573,58954,40911,34624,123821,123308,68370,123071,122900,122895,122896,123875,67408,32706,32299,33185,33073,30645,31768,33604,33306,30178,30093,31844,31786,47914
STAT,(NULL),Iterations,44,27233610,530966,619673,620040,621430,621253,620874,619822,619058,621425,621582,622360,621793,620948,621125,618557,616890,618856,621472,620980,619413,617621,618706,620426,620271,621411,622991,622357,624642,621051,620785,624065,622930,622565,622351,622293,622357,620107,619259,619916,623553,623425,623943,619651,618417
STAT,(NULL),LoopTime,44,5618060098,5618060098,0,0,0,0,0,0,0,0,0,0,0,0,0,0,0,0,0,0,0,0,0,0,0,0,0,0,0,0,0,0,0,0,0,0,0,0,0,0,0,0,0,0,0
STAT,(NULL),MeminfoPost,44,2244,51,51,51,51,51,51,51,51,51,51,51,51,51,51,51,51,51,51,51,51,51,51,51,51,51,51,51,51,51,51,51,51,51,51,51,51,51,51,51,51,51,51,51,51
STAT,(NULL),MeminfoPre,44,2244,51,51,51,51,51,51,51,51,51,51,51,51,51,51,51,51,51,51,51,51,51,51,51,51,51,51,51,51,51,51,51,51,51,51,51,51,51,51,51,51,51,51,51,51
STAT,(NULL),NumaPost,44,12971,10646,1525,397,403,0,0,0,0,0,0,0,0,0,0,0,0,0,0,0,0,0,0,0,0,0,0,0,0,0,0,0,0,0,0,0,0,0,0,0,0,0,0,0,0
STAT,(NULL),PopTime,44,57543390087,1282308027,1307587280,1304850076,1303985601,1307582577,1311090648,1307584327,1305249566,1311353828,1308970626,1304278551,1308093368,1307949222,1305710249,1312928072,1313535082,1312715825,1309060501,1305988352,1315811489,1310921461,1312591457,1307314498,1305018960,1306187450,1299697355,1304927937,1306040769,1304732381,1306395391,1303153271,1309373040,1302177928,1307239984,1307479441,1303793601,1310613476,1316777740,1316787012,1309696655,1311240436,1307304610,1311796651,1315495316
STAT,(NULL),PushTime,44,79944262676,1815486493,1818586007,1822521586,1817311752,1819416932,1816047282,1812945439,1819813218,1816216152,1814823922,1816603102,1816182761,1815598441,1821027082,1813533694,1815241885,1811222605,1817167260,1819840585,1812497610,1816873520,1810822731,1825754285,1820624517,1820719837,1821105012,1818631019,1814029296,1818008893,1819122248,1819094465,1814226218,1818128067,1816876329,1817361371,1824176052,1815916378,1813471799,1809644390,1811385703,1815086983,1817354668,1815758370,1818006717
STAT,(NULL),RusageSys,44,0,0,0,0,0,0,0,0,0,0,0,0,0,0,0,0,0,0,0,0,0,0,0,0,0,0,0,0,0,0,0,0,0,0,0,0,0,0,0,0,0,0,0,0,0
STAT,(NULL),RusageUser,44,109948000,109948000,0,0,0,0,0,0,0,0,0,0,0,0,0,0,0,0,0,0,0,0,0,0,0,0,0,0,0,0,0,0,0,0,0,0,0,0,0,0,0,0,0,0,0
STAT,(NULL),Threads,44,44,44,0,0,0,0,0,0,0,0,0,0,0,0,0,0,0,0,0,0,0,0,0,0,0,0,0,0,0,0,0,0,0,0,0,0,0,0,0,0,0,0,0,0,0
STAT,(NULL),Time,44,5631480480,5631480480,0,0,0,0,0,0,0,0,0,0,0,0,0,0,0,0,0,0,0,0,0,0,0,0,0,0,0,0,0,0,0,0,0,0,0,0,0,0,0,0,0,0,0
STAT,(NULL),TotalTime,44,12997495914,12997495914,0,0,0,0,0,0,0,0,0,0,0,0,0,0,0,0,0,0,0,0,0,0,0,0,0,0,0,0,0,0,0,0,0,0,0,0,0,0,0,0,0,0,0
STAT,(NULL),UserTime,44,73361950375,1653184457,1668257763,1664761387,1671097303,1665254502,1666446346,1670672868,1666928037,1667332056,1668898936,1671048712,1668747969,1668482117,1665729698,1667155535,1668624490,1671054047,1669282246,1665782983,1669420919,1665001120,1672450571,1661250454,1662372709,1669838136,1671541574,1671247116,1669156475,1669869510,1667375078,1668339479,1666294563,1666104293,1666616776,1664849685,1664139999,1666474296,1667276016,1670765902,1670380370,1665092528,1668376437,1666547305,1662427612
STAT,(NULL),Work,44,241579881011,5490464975,5490458017,5490457444,5490454283,5490460739,5490452413,5490457702,5490456661,5490451578,5490453724,5490449517,5490459104,5490456385,5490453408,5490453290,5490453478,5490459975,5490455265,5490451654,5490455802,5490451718,5490457874,5490447566,5490451344,5490447478,5490446568,5490446299,5490448434,5490447903,5490446586,5490447618,5490451199,5490448635,5490446523,5490447928,5490447909,5490447916,5490446887,5490447861,5490446587,5490453954,5490447631,5490446717,5490446462
STAT,(NULL),nBad,44,3218742,73550,69833,68868,72569,73395,67624,78104,74810,72887,73049,75247,77930,72806,69453,72960,72203,73832,75397,68521,78107,72002,77785,73539,68969,73296,73137,77584,73911,80672,75653,77083,71524,73836,71873,72346,64854,78285,72784,73989,72560,69385,70600,70199,71731
STAT,(NULL),nEmpty,44,2069832,40048,47140,47313,47043,47330,47384,46922,47136,48053,47016,47277,47546,47160,47033,47022,46654,47147,47199,47079,46930,46762,47133,46820,47537,47459,47381,47186,47490,47366,46576,47342,47061,47473,47034,47187,47588,47129,47225,46824,47364,47645,47335,47087,47396
STAT,(NULL),nEmptyPop,44,227345,4780,5095,5322,5073,5232,5228,5144,5395,5206,5295,5279,5244,5316,5268,5359,5295,5339,5292,5394,5239,5346,5302,5244,5115,4945,4969,5092,4932,4908,5014,4911,5155,5119,5220,5183,5145,4980,5130,5141,5188,5139,5003,5286,5083
STAT,(NULL),nOverall,44,61552083,1199383,1400357,1401840,1405590,1404086,1402550,1401557,1399424,1402942,1406415,1405838,1404979,1403383,1404114,1397902,1394922,1398585,1406349,1403014,1397675,1397749,1398104,1402446,1401138,1404246,1407921,1406550,1411619,1404317,1405929,1410990,1409655,1408140,1407289,1406861,1405799,1402879,1398257,1399914,1409569,1406980,1409002,1399809,1396015
STAT,(NULL),nPop,44,27233610,530966,619673,620040,621430,621253,620874,619822,619058,621425,621582,622360,621793,620948,621125,618557,616890,618856,621472,620980,619413,617621,618706,620426,620271,621411,622991,622357,624642,621051,620785,624065,622930,622565,622351,622293,622357,620107,619259,619916,623553,623425,623943,619651,618417
STAT,(NULL),nPush,44,27233607,530057,620737,619753,622309,621658,621489,620474,619737,620290,621605,621597,621940,620833,621327,618528,617217,618250,621302,621234,619143,618726,618145,620759,620378,621771,623002,622611,623644,621425,622433,623690,623293,623028,622880,621832,622425,619975,618891,618546,623248,622409,624084,619200,617732
STAT,(NULL),nPushInit,44,3,1,1,1,0,0,0,0,0,0,0,0,0,0,0,0,0,0,0,0,0,0,0,0,0,0,0,0,0,0,0,0,0,0,0,0,0,0,0,0,0,0,0,0,0
==== BENCHMARK TOOK 6.768
==== BENCHMARK START ===
==== PARAMS kernel=4.9.5-64-net1 malloc=libc hostname=rack-mad-04 threads=44 delta=4 prog=sssp-klsm64mq4  ===
ERROR: ld.so: object '/specific/disk1/home/adamx/malloc/lib64/libjemalloc.so' from LD_PRELOAD cannot be preloaded (cannot open shared object file): ignored.
Galois Benchmark Suite v2.2.1 (r0)
Copyright (C) 2014 The University of Texas at Austin
http://iss.ices.utexas.edu/galois/

application: Single Source Shortest Path
Computes the shortest path from a source node to all nodes in a directed graph using a modified chaotic iteration algorithm
http://iss.ices.utexas.edu/?p=projects/galois/benchmarks/single_source_shortest_path

INFO: CommandLine ./build/debug/apps/sssp/sssp -noverify -t 44 -delta 4 -wl klsm64mq4 -startNode 0 /specific/disk1/home/mad/Galois-PQ/inputs/road/USA-road-d.USA.gr
INFO: Hostname rack-mad-04
Read 23947347 nodes
Running Asynchronous with CAS version
INFO: Using delta-step of 1
WARNING: Performance varies considerably due to delta parameter.
WARNING: Do not expect the default to be good for your graph.
Node 1 has distance 2025
STATTYPE,LOOP,CATEGORY,n,sum,T0,T1,T2,T3,T4,T5,T6,T7,T8,T9,T10,T11,T12,T13,T14,T15,T16,T17,T18,T19,T20,T21,T22,T23,T24,T25,T26,T27,T28,T29,T30,T31,T32,T33,T34,T35,T36,T37,T38,T39,T40,T41,T42,T43
STAT,(NULL),BadWork,44,3136293683,82012255,72654470,65874098,73070219,71016159,71682248,72098225,75679490,74063783,68140505,71896510,64701920,70324403,68982757,72583344,71468018,65837552,70070314,66694355,73018620,71724706,71465882,71202257,73267550,69352124,74319942,74193283,67515564,73919785,72650229,71721924,70014437,74733250,75108422,69299153,70983106,70561772,70172604,70228600,73094141,70048831,68358015,69517633,70971228
STAT,(NULL),BarrierTime,44,7834669,584376,490557,445862,410608,400931,416549,400831,335001,337702,305918,302377,330788,338584,302611,302726,231091,231028,230842,234469,181617,188535,186099,29521,29166,29047,29252,29376,28304,29605,29790,28878,29157,29519,29887,29477,29328,30345,28986,29177,29528,29457,28961,29610,29196
STAT,(NULL),ConflictTime,44,0,0,0,0,0,0,0,0,0,0,0,0,0,0,0,0,0,0,0,0,0,0,0,0,0,0,0,0,0,0,0,0,0,0,0,0,0,0,0,0,0,0,0,0,0
STAT,(NULL),Conflicts,44,0,0,0,0,0,0,0,0,0,0,0,0,0,0,0,0,0,0,0,0,0,0,0,0,0,0,0,0,0,0,0,0,0,0,0,0,0,0,0,0,0,0,0,0,0
STAT,(NULL),EmptyPopTime,44,703756155,14908137,15945210,16857409,16207513,15617736,16486250,16386838,15899682,15976993,15824829,16461733,15801278,16391688,16246902,16443439,16643498,16282183,15875152,15179792,16304365,16180125,16200896,15747026,15435339,15151306,16798241,16352394,16121330,14796877,15666857,15314798,16019248,15754401,15488306,16065112,15491755,16510452,17329330,16050275,15740292,15592107,16104286,15899889,16204886
STAT,(NULL),EmptyWork,44,960183785,20681592,21793801,21852600,21739830,21655980,21862124,21928465,21904102,21704839,21833788,21924172,22034609,21984575,21756223,21913955,21901112,21725490,21737979,21853847,21844493,21936507,21646424,21856848,21559850,21941676,21519050,22903654,21639335,21810186,23094440,21579560,21824771,22019566,21794179,21573220,21584622,21904673,21696030,21860404,21606828,21863569,21860979,21816844,21656994
STAT,(NULL),GaloisTime,44,29024105051,688126880,659318401,654513072,659436850,660064334,660069240,658564413,656115621,655920726,655971674,660204059,661490829,659508315,659705535,656153188,656719725,657815022,657596103,660090511,657575155,660185863,654665179,660678879,659753181,657416327,664268715,661291296,658366615,659158901,660704209,661773786,662948543,660565552,660642052,658223648,661123194,657089118,657214881,659066087,661758869,659064041,659480087,658425871,655280504
STAT,(NULL),InitPushTime,44,2684138,58660,11437,132916,41739,36775,42258,36936,36966,36493,35713,35231,35197,35351,34697,35874,35880,35334,34062,33652,36123,36438,35804,107279,107206,106979,106443,106898,105813,106216,106326,105739,70121,70004,68604,69088,69447,68801,68325,69131,56136,55572,55220,55822,55432
STAT,(NULL),Iterations,44,27228335,563123,618938,619383,621163,620497,621581,617793,618834,619573,619757,619685,620256,619883,621787,617729,616491,616827,619836,621437,618902,617790,617128,621172,620074,620391,623450,622615,621361,621153,621759,623493,622801,622725,622144,621320,621424,618539,617429,618601,621901,620415,620907,619032,617236
STAT,(NULL),LoopTime,44,5607001900,5607001900,0,0,0,0,0,0,0,0,0,0,0,0,0,0,0,0,0,0,0,0,0,0,0,0,0,0,0,0,0,0,0,0,0,0,0,0,0,0,0,0,0,0,0
STAT,(NULL),MeminfoPost,44,2244,51,51,51,51,51,51,51,51,51,51,51,51,51,51,51,51,51,51,51,51,51,51,51,51,51,51,51,51,51,51,51,51,51,51,51,51,51,51,51,51,51,51,51,51
STAT,(NULL),MeminfoPre,44,2244,51,51,51,51,51,51,51,51,51,51,51,51,51,51,51,51,51,51,51,51,51,51,51,51,51,51,51,51,51,51,51,51,51,51,51,51,51,51,51,51,51,51,51,51
STAT,(NULL),NumaPost,44,12980,10649,1527,399,405,0,0,0,0,0,0,0,0,0,0,0,0,0,0,0,0,0,0,0,0,0,0,0,0,0,0,0,0,0,0,0,0,0,0,0,0,0,0,0,0
STAT,(NULL),PopTime,44,57726780299,1297718326,1311592800,1312870798,1310475635,1311421494,1311065513,1310351182,1311568673,1311516782,1312737094,1305641317,1312835062,1311996453,1310223977,1317285960,1312153833,1315281297,1310347811,1316100261,1314068560,1313929012,1314983479,1311131941,1310139144,1311809845,1308001989,1311407862,1309327913,1312629922,1310929850,1307170367,1310247971,1313952487,1314443948,1311420025,1307736358,1315538550,1319969123,1316928391,1311187360,1313439205,1309182586,1319036636,1314983507
STAT,(NULL),PushTime,44,79784224291,1809063501,1816524338,1817185923,1813830358,1815189360,1807527623,1818231831,1818192186,1814859036,1813814758,1816830961,1813090675,1812304415,1814480443,1809758465,1814038281,1810932290,1813022429,1810732230,1810520580,1809612030,1814149927,1814473901,1814703779,1816215904,1808532107,1810468473,1818936024,1817720155,1810407122,1813515310,1810459781,1808467866,1812958918,1813362063,1818596792,1815617632,1808881071,1810890959,1814456974,1815134569,1815636439,1807558702,1813338110
STAT,(NULL),RusageSys,44,0,0,0,0,0,0,0,0,0,0,0,0,0,0,0,0,0,0,0,0,0,0,0,0,0,0,0,0,0,0,0,0,0,0,0,0,0,0,0,0,0,0,0,0,0
STAT,(NULL),RusageUser,44,110028000,110028000,0,0,0,0,0,0,0,0,0,0,0,0,0,0,0,0,0,0,0,0,0,0,0,0,0,0,0,0,0,0,0,0,0,0,0,0,0,0,0,0,0,0,0
STAT,(NULL),Threads,44,44,44,0,0,0,0,0,0,0,0,0,0,0,0,0,0,0,0,0,0,0,0,0,0,0,0,0,0,0,0,0,0,0,0,0,0,0,0,0,0,0,0,0,0,0
STAT,(NULL),Time,44,5618498598,5618498598,0,0,0,0,0,0,0,0,0,0,0,0,0,0,0,0,0,0,0,0,0,0,0,0,0,0,0,0,0,0,0,0,0,0,0,0,0,0,0,0,0,0,0
STAT,(NULL),TotalTime,44,13908693376,13908693376,0,0,0,0,0,0,0,0,0,0,0,0,0,0,0,0,0,0,0,0,0,0,0,0,0,0,0,0,0,0,0,0,0,0,0,0,0,0,0,0,0,0,0
STAT,(NULL),UserTime,44,73556903138,1663951918,1669280992,1671173133,1672763311,1670505017,1677443742,1668991104,1670772932,1674477545,1674271948,1673391088,1669201820,1672267687,1672039946,1672898183,1672997245,1672417879,1675875157,1670496834,1674140908,1672610205,1672809278,1670564043,1672860794,1671917294,1675333567,1672030752,1670062047,1668336316,1673651230,1675099641,1672954620,1673694552,1669126720,1673810818,1669919309,1667791571,1669362258,1669656327,1669702014,1669359834,1672189077,1671714571,1672987911
STAT,(NULL),Work,44,241759840924,5494562305,5494537394,5494537591,5494538535,5494538905,5494537175,5494539081,5494544106,5494539133,5494537451,5494538705,5494541594,5494537977,5494536675,5494537449,5494538535,5494541260,5494538908,5494537846,5494537727,5494541597,5494541812,5494545422,5494545113,5494542835,5494543328,5494543005,5494545626,5494543372,5494542841,5494543601,5494542985,5494543231,5494543128,5494543488,5494542804,5494542933,5494545232,5494542715,5494543356,5494542667,5494543133,5494543637,5494544711
STAT,(NULL),nBad,44,3214310,84033,73609,68026,75037,73195,73979,74405,77808,76035,69749,74414,66700,72054,71014,74710,71518,66748,71646,68770,75109,74040,73534,72949,74763,71246,75602,75060,69499,74841,74723,74061,71663,75588,74765,71464,71886,72522,72252,72749,75095,72318,70323,71673,73135
STAT,(NULL),nEmpty,44,2070334,41685,46936,47166,47311,46927,47337,47275,47294,46835,47278,47513,47467,47422,46952,47019,47015,46673,47118,47206,47183,47156,46455,47395,46714,47580,46891,47338,47175,47307,47622,47186,47538,47910,47281,46944,46995,47286,46748,47303,47240,47525,47344,47179,46610
STAT,(NULL),nEmptyPop,44,227403,4644,5220,5425,5331,5261,5279,5299,5282,5238,5171,5357,5169,5302,5329,5386,5357,5342,5204,5141,5302,5239,5294,4990,5063,4934,5244,5138,5158,4831,5050,4948,5093,5101,5023,5111,4986,5148,5322,5157,5088,5112,5206,5020,5108
STAT,(NULL),nOverall,44,61547651,1273680,1398179,1400187,1404322,1402986,1404224,1398260,1398632,1399469,1401936,1402326,1401592,1400930,1404762,1396036,1394586,1394894,1402796,1404204,1399245,1396964,1396836,1402552,1401705,1401228,1409691,1407799,1405234,1402458,1403467,1408721,1406351,1406224,1406024,1405490,1405957,1396437,1395418,1397109,1406439,1402810,1403720,1399166,1396605
STAT,(NULL),nPop,44,27228335,563123,618938,619383,621163,620497,621581,617793,618834,619573,619757,619685,620256,619883,621787,617729,616491,616827,619836,621437,618902,617790,617128,621172,620074,620391,623450,622615,621361,621153,621759,623493,622801,622725,622144,621320,621424,618539,617429,618601,621901,620415,620907,619032,617236
STAT,(NULL),nPush,44,27228332,562180,618727,619660,621362,620972,620681,618916,619261,619209,620586,620541,619914,619616,621884,617230,617359,617074,620462,621678,619021,617465,618070,620142,620891,620186,623474,622030,621700,619961,620717,622416,622038,621415,621944,621906,623302,618397,616699,617580,622243,620770,621998,618649,618006
STAT,(NULL),nPushInit,44,3,1,1,1,0,0,0,0,0,0,0,0,0,0,0,0,0,0,0,0,0,0,0,0,0,0,0,0,0,0,0,0,0,0,0,0,0,0,0,0,0,0,0,0,0
==== BENCHMARK TOOK 7.093
==== BENCHMARK START ===
==== PARAMS kernel=4.9.5-64-net1 malloc=libc hostname=rack-mad-04 threads=44 delta=4 prog=sssp-klsm64mq4  ===
ERROR: ld.so: object '/specific/disk1/home/adamx/malloc/lib64/libjemalloc.so' from LD_PRELOAD cannot be preloaded (cannot open shared object file): ignored.
Galois Benchmark Suite v2.2.1 (r0)
Copyright (C) 2014 The University of Texas at Austin
http://iss.ices.utexas.edu/galois/

application: Single Source Shortest Path
Computes the shortest path from a source node to all nodes in a directed graph using a modified chaotic iteration algorithm
http://iss.ices.utexas.edu/?p=projects/galois/benchmarks/single_source_shortest_path

INFO: CommandLine ./build/debug/apps/sssp/sssp -noverify -t 44 -delta 4 -wl klsm64mq4 -startNode 0 /specific/disk1/home/mad/Galois-PQ/inputs/road/USA-road-d.USA.gr
INFO: Hostname rack-mad-04
Read 23947347 nodes
Running Asynchronous with CAS version
INFO: Using delta-step of 1
WARNING: Performance varies considerably due to delta parameter.
WARNING: Do not expect the default to be good for your graph.
Node 1 has distance 2025
STATTYPE,LOOP,CATEGORY,n,sum,T0,T1,T2,T3,T4,T5,T6,T7,T8,T9,T10,T11,T12,T13,T14,T15,T16,T17,T18,T19,T20,T21,T22,T23,T24,T25,T26,T27,T28,T29,T30,T31,T32,T33,T34,T35,T36,T37,T38,T39,T40,T41,T42,T43
STAT,(NULL),BadWork,44,3221756990,83264805,74922481,71333043,73044361,77033904,69672100,72139333,76686887,71844027,72328095,69795307,79653312,71762453,75653258,71334619,73158969,71328859,68904528,69731581,70546258,69466983,75319808,69854651,75158025,71281577,69833118,74690104,79980752,74102026,67859728,75588590,68896814,81036015,70078669,73304422,79014792,68273224,71618717,72804408,75199569,71964752,68886363,77562565,75843138
STAT,(NULL),BarrierTime,44,7926065,582878,476435,433018,409354,393412,408019,394040,339208,300004,300143,299146,339001,338763,299774,298311,239869,239754,202148,200861,201165,201492,201827,37832,37442,38344,38444,36764,37307,36624,37924,37040,38111,38339,37624,37957,34057,37372,38143,38412,38137,38173,37842,37704,37851
STAT,(NULL),ConflictTime,44,0,0,0,0,0,0,0,0,0,0,0,0,0,0,0,0,0,0,0,0,0,0,0,0,0,0,0,0,0,0,0,0,0,0,0,0,0,0,0,0,0,0,0,0,0
STAT,(NULL),Conflicts,44,0,0,0,0,0,0,0,0,0,0,0,0,0,0,0,0,0,0,0,0,0,0,0,0,0,0,0,0,0,0,0,0,0,0,0,0,0,0,0,0,0,0,0,0,0
STAT,(NULL),EmptyPopTime,44,691602250,13809491,15593475,15357363,15180608,16200616,16260263,16710649,17291011,15996324,16852741,17771981,15570024,16307580,15853634,16459777,16564744,16069363,16255666,15760038,16238737,17204625,15768069,14616359,15232421,15349604,14873979,14024553,14864615,15362428,15592591,15256500,15408180,15620033,15099135,15141524,15049014,15028232,15844513,15154495,15343758,16449194,15221271,15876711,16116361
STAT,(NULL),EmptyWork,44,964151630,20001666,21841054,21975510,21906787,21992467,21896335,23002933,21743373,21809911,21811324,21811403,21983587,23066080,21823831,21740243,21966136,22042319,21784979,21892415,22096472,22131124,21956871,21931445,21882934,21845441,21812465,22009293,21973556,22813703,21774873,21906160,21682234,21705512,21693803,21778044,21708164,21820603,21713223,21992338,21633503,21780230,21682580,22987941,21746765
STAT,(NULL),GaloisTime,44,29141190908,722452756,658828449,660624892,659754512,659458960,659770916,661308484,660871414,661325027,662727639,660437700,662087106,658184587,660509424,658410093,657317124,659895464,663051370,661190989,655053208,658052045,657698463,666072134,660934504,660201126,662053713,662821388,665124314,662945420,662037363,662262720,665033133,665166324,662836212,662849980,661654078,659427822,659977129,656725630,662179297,660804697,662592820,659672565,658807917
STAT,(NULL),InitPushTime,44,2660826,39776,11157,134069,40838,36550,41542,36993,36392,35983,35391,35266,34972,34948,34323,35510,35664,35176,35852,35767,36034,36724,35685,111877,111613,111335,111547,110286,110359,110667,110638,110264,71141,71074,70481,71016,56349,57464,57948,57214,55073,54655,54267,55073,55873
STAT,(NULL),Iterations,44,27256172,501264,620967,622535,623457,623590,622146,621618,621203,623160,622239,621870,623309,621615,622867,619078,619259,620741,620917,622159,620413,619062,619781,622084,623888,622976,624449,624354,624448,622004,622053,624172,622541,623756,624504,624699,624677,621129,619875,619608,622696,623293,625492,620535,619689
STAT,(NULL),LoopTime,44,5745132650,5745132650,0,0,0,0,0,0,0,0,0,0,0,0,0,0,0,0,0,0,0,0,0,0,0,0,0,0,0,0,0,0,0,0,0,0,0,0,0,0,0,0,0,0,0
STAT,(NULL),MeminfoPost,44,2244,51,51,51,51,51,51,51,51,51,51,51,51,51,51,51,51,51,51,51,51,51,51,51,51,51,51,51,51,51,51,51,51,51,51,51,51,51,51,51,51,51,51,51,51
STAT,(NULL),MeminfoPre,44,2244,51,51,51,51,51,51,51,51,51,51,51,51,51,51,51,51,51,51,51,51,51,51,51,51,51,51,51,51,51,51,51,51,51,51,51,51,51,51,51,51,51,51,51,51
STAT,(NULL),NumaPost,44,12963,10641,1521,608,193,0,0,0,0,0,0,0,0,0,0,0,0,0,0,0,0,0,0,0,0,0,0,0,0,0,0,0,0,0,0,0,0,0,0,0,0,0,0,0,0
STAT,(NULL),PopTime,44,57893702410,1293103294,1316502803,1321920251,1316911303,1318535381,1318427670,1320088339,1314310972,1321936501,1314431148,1314003534,1314273399,1315838722,1316195920,1315850733,1320326398,1319220463,1315060721,1314279426,1320071031,1317410707,1314898239,1315142344,1317127039,1313776752,1310331991,1313171687,1312807834,1314279827,1317010785,1314018011,1308249659,1310311995,1317939625,1319607999,1314217065,1319321100,1320174811,1318705293,1315724928,1313023578,1315470826,1319264272,1320428034
STAT,(NULL),PushTime,44,80128872804,1803202121,1822327230,1821464029,1820874943,1820113825,1816028129,1817504392,1820003565,1819211527,1819021404,1825090002,1817991332,1819102167,1820195092,1821798013,1817808384,1816614178,1822082151,1827373039,1820475682,1823251386,1817647082,1821435239,1823293795,1823423669,1823726451,1822532976,1823224863,1821424260,1821907936,1824206447,1827207216,1827963523,1822279388,1819288837,1825043431,1824661825,1818990293,1823279987,1820275013,1827747155,1819990375,1818303956,1819486496
STAT,(NULL),RusageSys,44,0,0,0,0,0,0,0,0,0,0,0,0,0,0,0,0,0,0,0,0,0,0,0,0,0,0,0,0,0,0,0,0,0,0,0,0,0,0,0,0,0,0,0,0,0
STAT,(NULL),RusageUser,44,110436000,110436000,0,0,0,0,0,0,0,0,0,0,0,0,0,0,0,0,0,0,0,0,0,0,0,0,0,0,0,0,0,0,0,0,0,0,0,0,0,0,0,0,0,0,0
STAT,(NULL),Threads,44,44,44,0,0,0,0,0,0,0,0,0,0,0,0,0,0,0,0,0,0,0,0,0,0,0,0,0,0,0,0,0,0,0,0,0,0,0,0,0,0,0,0,0,0,0
STAT,(NULL),Time,44,5765563442,5765563442,0,0,0,0,0,0,0,0,0,0,0,0,0,0,0,0,0,0,0,0,0,0,0,0,0,0,0,0,0,0,0,0,0,0,0,0,0,0,0,0,0,0,0
STAT,(NULL),TotalTime,44,14336654148,14336654148,0,0,0,0,0,0,0,0,0,0,0,0,0,0,0,0,0,0,0,0,0,0,0,0,0,0,0,0,0,0,0,0,0,0,0,0,0,0,0,0,0,0,0
STAT,(NULL),UserTime,44,73829426887,1662171695,1679656208,1673407680,1680119473,1678447317,1682364510,1676132814,1680528435,1674470305,1679903612,1675632587,1682842436,1682249740,1680171840,1680488691,1680766354,1680905571,1676513606,1674253181,1680814322,1676698403,1686777715,1675552321,1676278270,1680154424,1681950388,1680188899,1676755286,1677922553,1676427589,1677098460,1677167932,1673983384,1674903144,1676083028,1677076236,1674491212,1678051059,1678891205,1679591932,1674943249,1679790814,1678644235,1678164772
STAT,(NULL),Work,44,242653144761,5514859934,5514852500,5514850907,5514848510,5514849906,5514848674,5514851223,5514849869,5514851851,5514850749,5514848677,5514852336,5514848374,5514849527,5514849617,5514852379,5514850795,5514850683,5514853326,5514851854,5514849597,5514848334,5514837904,5514837549,5514837295,5514839290,5514837790,5514836410,5514835663,5514839564,5514837799,5514837996,5514839295,5514837326,5514835864,5514837699,5514839045,5514836986,5514835844,5514835917,5514835845,5514837831,5514838593,5514837634
STAT,(NULL),nBad,44,3272615,84004,73793,73294,74957,79473,70590,74097,77459,74316,74593,72298,81343,71434,77914,73223,75166,72027,70788,71619,72379,71264,76733,72097,74939,73029,71497,76829,78075,74122,69691,76563,68858,82197,70977,72769,78707,69209,73460,74989,72831,73326,70641,77138,77907
STAT,(NULL),nEmpty,44,2071861,36636,47196,47452,47443,47867,47216,47462,46968,47203,47112,47324,47634,47362,47118,46854,47117,47450,47075,47394,47540,47318,46933,47545,47563,47474,47636,47857,47829,47140,47166,47486,47213,47377,47335,47506,47240,47175,46864,47496,47099,47512,47498,47312,46864
STAT,(NULL),nEmptyPop,44,223970,4185,5086,5003,5076,5274,5276,5166,5250,5247,5397,5310,5124,5390,5250,5364,5339,5277,5265,5262,5205,5477,5208,4822,4939,5024,4938,4723,4929,5024,5083,4918,5028,4995,4957,5019,4958,4845,5076,4959,5097,4983,4908,5100,5214
STAT,(NULL),nOverall,44,61605956,1133911,1404842,1405693,1409972,1408036,1405693,1403971,1406512,1408915,1407177,1406451,1409509,1405006,1407680,1399456,1400808,1400849,1402922,1404546,1400769,1399929,1400420,1406121,1407989,1407139,1411213,1411818,1410493,1407242,1405136,1411231,1408945,1411472,1411166,1410840,1412953,1402543,1402109,1399619,1409218,1409942,1410726,1403609,1401365
STAT,(NULL),nPop,44,27256172,501264,620967,622535,623457,623590,622146,621618,621203,623160,622239,621870,623309,621615,622867,619078,619259,620741,620917,622159,620413,619062,619781,622084,623888,622976,624449,624354,624448,622004,622053,624172,622541,623756,624504,624699,624677,621129,619875,619608,622696,623293,625492,620535,619689
STAT,(NULL),nPush,44,27256169,499012,621518,622007,624065,622417,621210,621217,622252,623166,623228,622579,622833,621760,623002,619506,620039,620104,621130,622110,619551,619066,619248,621958,622588,623020,624849,623904,623522,622937,621973,624444,624265,624448,623828,624187,625015,620926,620204,619605,623721,624330,624421,621152,619852
STAT,(NULL),nPushInit,44,3,1,1,1,0,0,0,0,0,0,0,0,0,0,0,0,0,0,0,0,0,0,0,0,0,0,0,0,0,0,0,0,0,0,0,0,0,0,0,0,0,0,0,0,0
==== BENCHMARK TOOK 7.415
==== BENCHMARK START ===
==== PARAMS kernel=4.9.5-64-net1 malloc=libc hostname=rack-mad-04 threads=44 delta=4 prog=sssp-klsm64mq4  ===
ERROR: ld.so: object '/specific/disk1/home/adamx/malloc/lib64/libjemalloc.so' from LD_PRELOAD cannot be preloaded (cannot open shared object file): ignored.
Galois Benchmark Suite v2.2.1 (r0)
Copyright (C) 2014 The University of Texas at Austin
http://iss.ices.utexas.edu/galois/

application: Single Source Shortest Path
Computes the shortest path from a source node to all nodes in a directed graph using a modified chaotic iteration algorithm
http://iss.ices.utexas.edu/?p=projects/galois/benchmarks/single_source_shortest_path

INFO: CommandLine ./build/debug/apps/sssp/sssp -noverify -t 44 -delta 4 -wl klsm64mq4 -startNode 0 /specific/disk1/home/mad/Galois-PQ/inputs/road/USA-road-d.USA.gr
INFO: Hostname rack-mad-04
Read 23947347 nodes
Running Asynchronous with CAS version
INFO: Using delta-step of 1
WARNING: Performance varies considerably due to delta parameter.
WARNING: Do not expect the default to be good for your graph.
Node 1 has distance 2025
STATTYPE,LOOP,CATEGORY,n,sum,T0,T1,T2,T3,T4,T5,T6,T7,T8,T9,T10,T11,T12,T13,T14,T15,T16,T17,T18,T19,T20,T21,T22,T23,T24,T25,T26,T27,T28,T29,T30,T31,T32,T33,T34,T35,T36,T37,T38,T39,T40,T41,T42,T43
STAT,(NULL),BadWork,44,3199786181,82657959,71966404,76481986,74403089,75131863,70024219,72921786,68337166,69229051,69368106,70374508,71081211,72102915,71857106,69843729,68800431,73134618,69381246,72322136,70092876,71567868,69901480,74500590,65028154,75303041,71733564,79574872,75783890,72291188,74422030,71369296,76668110,73849221,73276976,72250604,71111657,70747223,73218534,74806524,73729583,72359483,80618292,73386677,72774919
STAT,(NULL),BarrierTime,44,9132207,698741,578501,489829,473310,455846,455200,452399,400977,401726,364918,290331,361959,359128,362915,360636,305135,305533,308355,307800,244736,242546,240125,30251,29984,31228,29493,31064,30239,31173,31245,30299,31422,30679,30603,30175,30156,30493,30445,30150,30830,30792,29917,31322,29601
STAT,(NULL),ConflictTime,44,0,0,0,0,0,0,0,0,0,0,0,0,0,0,0,0,0,0,0,0,0,0,0,0,0,0,0,0,0,0,0,0,0,0,0,0,0,0,0,0,0,0,0,0,0
STAT,(NULL),Conflicts,44,0,0,0,0,0,0,0,0,0,0,0,0,0,0,0,0,0,0,0,0,0,0,0,0,0,0,0,0,0,0,0,0,0,0,0,0,0,0,0,0,0,0,0,0,0
STAT,(NULL),EmptyPopTime,44,670049020,12690413,15420847,14823587,15769145,14594881,15957231,14690509,15589846,15375011,15402989,15248039,16009287,15569810,15000541,15417567,16226522,15491453,15429776,15280753,16183703,16376349,15897537,16154475,16256086,15523543,15815176,14993073,14745210,15376168,15151149,14391459,14628411,14432891,16450119,15028934,14349116,14365568,14631089,14428649,14788603,14214548,15703189,15022827,15152941
STAT,(NULL),EmptyWork,44,966188419,20141171,21936853,21944780,22082412,21730713,21841314,21903075,21548846,21903805,21855997,23030242,21853718,23222673,21596363,21854231,22176941,21876866,21914265,23135952,23026324,21825587,22292058,21665714,21893863,21773687,21761053,21635866,21764767,21696313,21723538,21761466,22889482,21701071,22912603,21810815,21511651,22157722,21766869,21761524,21819442,22098181,21784510,21634459,21969637
STAT,(NULL),GaloisTime,44,29109659097,712655557,660856030,660665678,662302161,659392981,659747474,657840364,663393363,659287283,660870550,662929724,657718364,659270152,662683975,658754380,656419748,659064286,660437689,658297452,656560551,657857420,658661125,660566538,659304350,662920995,663365968,663067198,663455339,659001839,658322824,662454822,661407353,662548494,660342751,660174774,661820797,660550834,657350180,662215497,663617643,662000756,665219354,656568807,657715677
STAT,(NULL),InitPushTime,44,2555685,23276,10302,126710,37163,36681,36189,36911,37203,36199,35561,66000,35112,35088,35085,35967,36047,35306,34105,33747,36502,36663,36502,102887,102813,103209,102124,101816,101779,100966,101412,101046,59524,61593,62583,62788,59342,60346,59451,61248,56100,55667,54707,55586,56379
STAT,(NULL),Iterations,44,27252122,512025,621408,621756,624331,622135,621304,620122,619517,620243,622625,622904,622036,621530,623134,619325,618867,619929,622011,621239,620047,618621,619364,621895,621516,622999,623587,624486,625063,621509,621643,624067,624704,624315,624430,624112,623538,619905,619410,618773,623944,623524,624991,619629,619609
STAT,(NULL),LoopTime,44,5693186005,5693186005,0,0,0,0,0,0,0,0,0,0,0,0,0,0,0,0,0,0,0,0,0,0,0,0,0,0,0,0,0,0,0,0,0,0,0,0,0,0,0,0,0,0,0
STAT,(NULL),MeminfoPost,44,2244,51,51,51,51,51,51,51,51,51,51,51,51,51,51,51,51,51,51,51,51,51,51,51,51,51,51,51,51,51,51,51,51,51,51,51,51,51,51,51,51,51,51,51,51
STAT,(NULL),MeminfoPre,44,2244,51,51,51,51,51,51,51,51,51,51,51,51,51,51,51,51,51,51,51,51,51,51,51,51,51,51,51,51,51,51,51,51,51,51,51,51,51,51,51,51,51,51,51,51
STAT,(NULL),NumaPost,44,12974,10645,1524,396,409,0,0,0,0,0,0,0,0,0,0,0,0,0,0,0,0,0,0,0,0,0,0,0,0,0,0,0,0,0,0,0,0,0,0,0,0,0,0,0,0
STAT,(NULL),PopTime,44,57705690337,1281074342,1315027121,1314853056,1311393833,1314954215,1309464771,1313317375,1313015729,1314405776,1311712709,1308004127,1311002060,1308625396,1312604112,1310257299,1312325784,1317609532,1310082793,1310268875,1315140124,1313103900,1314258305,1309746714,1312043961,1309786924,1307996051,1308669713,1308916093,1311552844,1312455280,1309363616,1309329545,1310402443,1314835025,1313228024,1310536002,1314291219,1319039591,1315935568,1310900171,1309043330,1310999507,1317526746,1316590736
STAT,(NULL),PushTime,44,80379769004,1825130297,1825462848,1824691173,1821985751,1824377106,1831730132,1828617590,1828062936,1831030017,1824373459,1826517582,1831790042,1827980990,1826760471,1824618963,1827180939,1825483680,1826271027,1827127887,1821962231,1827233895,1823804928,1826593472,1827813974,1827590089,1826477824,1829475456,1825599028,1831848905,1827888008,1831067979,1829082500,1825095519,1824810644,1826342097,1829980925,1828765739,1825309631,1825823353,1820546908,1832389450,1825210608,1824988715,1824874236
STAT,(NULL),RusageSys,44,20000,20000,0,0,0,0,0,0,0,0,0,0,0,0,0,0,0,0,0,0,0,0,0,0,0,0,0,0,0,0,0,0,0,0,0,0,0,0,0,0,0,0,0,0,0
STAT,(NULL),RusageUser,44,110408000,110408000,0,0,0,0,0,0,0,0,0,0,0,0,0,0,0,0,0,0,0,0,0,0,0,0,0,0,0,0,0,0,0,0,0,0,0,0,0,0,0,0,0,0,0
STAT,(NULL),Threads,44,44,44,0,0,0,0,0,0,0,0,0,0,0,0,0,0,0,0,0,0,0,0,0,0,0,0,0,0,0,0,0,0,0,0,0,0,0,0,0,0,0,0,0,0,0
STAT,(NULL),Time,44,5704879193,5704879193,0,0,0,0,0,0,0,0,0,0,0,0,0,0,0,0,0,0,0,0,0,0,0,0,0,0,0,0,0,0,0,0,0,0,0,0,0,0,0,0,0,0,0
STAT,(NULL),TotalTime,44,13843031224,13843031224,0,0,0,0,0,0,0,0,0,0,0,0,0,0,0,0,0,0,0,0,0,0,0,0,0,0,0,0,0,0,0,0,0,0,0,0,0,0,0,0,0,0,0
STAT,(NULL),UserTime,44,73795898070,1662560079,1675551673,1677277180,1680721360,1679204617,1675513026,1677885643,1672646136,1672252011,1680038436,1678525609,1675881318,1679587850,1675608590,1683351967,1679923838,1674729337,1680119024,1680143697,1681381838,1677859180,1679340536,1679530880,1676943760,1676662525,1678842547,1676416427,1679778033,1674780013,1678715283,1675217608,1676919401,1680075624,1674905240,1677672706,1676058629,1674124566,1676158512,1674091075,1682584750,1674510336,1675338498,1678514070,1677954642
STAT,(NULL),Work,44,242631004544,5514361158,5514348707,5514341791,5514342628,5514341108,5514346576,5514347265,5514344352,5514338811,5514339891,5514340510,5514346346,5514347256,5514343053,5514340689,5514341606,5514341597,5514338750,5514341502,5514341202,5514345317,5514345702,5514338553,5514337819,5514337163,5514339300,5514336902,5514338902,5514339236,5514339388,5514337151,5514336751,5514337018,5514336832,5514337792,5514336848,5514338252,5514339891,5514337048,5514339263,5514337700,5514338477,5514336963,5514341478
STAT,(NULL),nBad,44,3269927,83347,73970,77726,76917,77387,71713,74698,68940,71107,71291,72170,71926,73916,73770,71526,70411,75063,71087,74550,72378,73744,71298,76402,66890,77393,72508,79595,77876,72924,75275,72856,76195,75846,75231,74377,72771,72344,74171,76469,75588,74074,82840,74675,74692
STAT,(NULL),nEmpty,44,2069980,37436,47292,47176,48083,47108,47111,47205,46462,47244,47384,47492,47132,47636,46941,46853,47410,46933,47368,47339,47015,46851,47565,47009,47349,47290,47142,47080,47705,47122,47112,47427,47527,47285,47594,47589,46929,47718,46964,46798,47533,47928,47711,46773,47359
STAT,(NULL),nEmptyPop,44,221279,4027,5167,4990,5145,5003,5256,4991,5139,5183,5274,5154,5278,5052,5101,5184,5228,5158,5099,5109,5304,5339,5309,4946,5216,5078,5161,4980,4889,5055,5032,4778,4971,4823,4993,4948,4874,4838,4866,4823,4945,4797,4870,4986,4920
STAT,(NULL),nOverall,44,61603268,1161031,1405106,1403566,1410367,1406787,1405724,1402112,1400464,1402176,1406490,1407670,1406126,1403485,1409414,1400004,1397192,1401595,1404415,1403828,1401281,1399038,1398508,1405982,1404481,1407168,1409899,1412594,1413722,1405637,1405775,1410143,1413233,1412449,1410440,1410245,1410022,1400446,1402476,1398979,1409677,1409162,1413204,1401533,1399622
STAT,(NULL),nPop,44,27252122,512025,621408,621756,624331,622135,621304,620122,619517,620243,622625,622904,622036,621530,623134,619325,618867,619929,622011,621239,620047,618621,619364,621895,621516,622999,623587,624486,625063,621509,621643,624067,624704,624315,624430,624112,623538,619905,619410,618773,623944,623524,624991,619629,619609
STAT,(NULL),nPush,44,27252119,511668,621242,621576,623205,622251,622616,619757,620172,620978,622247,622177,622844,621585,624511,619168,618406,619365,620938,621268,619645,618956,618572,622044,621199,622211,623828,623718,625419,622021,622324,624251,624618,624541,624657,623059,624001,620164,620345,619309,623323,623752,624765,620296,619127
STAT,(NULL),nPushInit,44,3,1,1,1,0,0,0,0,0,0,0,0,0,0,0,0,0,0,0,0,0,0,0,0,0,0,0,0,0,0,0,0,0,0,0,0,0,0,0,0,0,0,0,0,0
==== BENCHMARK TOOK 7.120
==== BENCHMARK START ===
==== PARAMS kernel=4.9.5-64-net1 malloc=libc hostname=rack-mad-04 threads=44 delta=4 prog=sssp-klsm64mq4  ===
ERROR: ld.so: object '/specific/disk1/home/adamx/malloc/lib64/libjemalloc.so' from LD_PRELOAD cannot be preloaded (cannot open shared object file): ignored.
Galois Benchmark Suite v2.2.1 (r0)
Copyright (C) 2014 The University of Texas at Austin
http://iss.ices.utexas.edu/galois/

application: Single Source Shortest Path
Computes the shortest path from a source node to all nodes in a directed graph using a modified chaotic iteration algorithm
http://iss.ices.utexas.edu/?p=projects/galois/benchmarks/single_source_shortest_path

INFO: CommandLine ./build/debug/apps/sssp/sssp -noverify -t 44 -delta 4 -wl klsm64mq4 -startNode 0 /specific/disk1/home/mad/Galois-PQ/inputs/road/USA-road-d.USA.gr
INFO: Hostname rack-mad-04
Read 23947347 nodes
Running Asynchronous with CAS version
INFO: Using delta-step of 1
WARNING: Performance varies considerably due to delta parameter.
WARNING: Do not expect the default to be good for your graph.
Node 1 has distance 2025
STATTYPE,LOOP,CATEGORY,n,sum,T0,T1,T2,T3,T4,T5,T6,T7,T8,T9,T10,T11,T12,T13,T14,T15,T16,T17,T18,T19,T20,T21,T22,T23,T24,T25,T26,T27,T28,T29,T30,T31,T32,T33,T34,T35,T36,T37,T38,T39,T40,T41,T42,T43
STAT,(NULL),BadWork,44,3179335682,80248212,66267471,72948855,73163727,71912343,71258338,72032511,71070236,74494739,70788177,77134594,70485170,72797885,64269156,68588097,67218632,70755134,77761295,72824241,72191746,67976173,72368854,71729956,73720910,76005169,72370521,70543645,78739911,72688134,66394178,72734119,72655534,74869972,73141287,73175656,73234771,71013247,73796255,72956717,75833438,71561396,73105325,68338198,72171757
STAT,(NULL),BarrierTime,44,7064991,585530,451664,401304,387212,369709,370040,369593,313656,302711,267253,264175,269328,269586,271802,269956,204309,210420,208739,210362,169321,174359,175311,25996,26081,24940,25975,25778,26555,24975,26030,25501,26191,26237,26194,25566,25847,25953,26376,25029,26320,15964,22870,18550,25723
STAT,(NULL),ConflictTime,44,0,0,0,0,0,0,0,0,0,0,0,0,0,0,0,0,0,0,0,0,0,0,0,0,0,0,0,0,0,0,0,0,0,0,0,0,0,0,0,0,0,0,0,0,0
STAT,(NULL),Conflicts,44,0,0,0,0,0,0,0,0,0,0,0,0,0,0,0,0,0,0,0,0,0,0,0,0,0,0,0,0,0,0,0,0,0,0,0,0,0,0,0,0,0,0,0,0,0
STAT,(NULL),EmptyPopTime,44,649753284,12944595,15147424,15776307,15229451,15123733,14396906,15660761,14981202,14698093,14585645,15619322,14503684,15906906,15339235,15492190,15814872,14615537,15015005,16286040,14928493,16019817,15788898,14445604,15626013,14042396,14621335,14168156,13695333,14851800,14386954,13853032,13500594,13989019,14008241,14311559,14381192,14397300,15408326,13884828,14115977,14217372,14196681,14849280,14928176
STAT,(NULL),EmptyWork,44,960672161,21568490,22164462,21830958,21702934,21750862,21642352,21912497,21993576,21865451,21691269,21917025,21985960,21732492,22051426,21946734,21974217,21894670,21842461,21757301,22016424,21914970,21783227,21695568,22894142,21648231,21617294,21912356,21851091,21890358,21719259,21626882,21669183,21725915,21688824,21557738,21694903,21689295,21862103,21866661,21670005,21761284,21796507,21955717,21939087
STAT,(NULL),GaloisTime,44,29056762780,695989606,659453218,657031743,662954921,662926916,657558650,658405856,659827458,660682536,657872020,661075951,656791512,662133455,660196425,655177805,656442871,658628139,659428951,660847685,656866128,656404107,657140037,657771092,660351900,660944080,661138528,657893553,662440656,658092277,662267983,661105857,664049349,663629402,662733462,662891153,659538044,656205165,657226271,657041112,663643455,661922689,659968798,656481137,655590827
STAT,(NULL),InitPushTime,44,1985243,38742,10274,126520,39072,36587,36001,36784,36605,36165,35349,35816,35904,34948,34493,35779,35716,35227,34466,34141,34696,34520,34414,81707,80932,81470,81112,81670,81115,81075,81188,80942,32102,31665,30979,30502,30685,31464,31832,30754,30654,30866,29128,31304,29878
STAT,(NULL),Iterations,44,27249422,535716,619856,620542,622789,622088,621344,619439,618977,620703,620534,621825,621628,621303,621216,617806,617683,617877,621991,622001,618785,617082,618348,621561,621784,622822,623083,623114,623600,620854,621889,624259,623995,623936,623868,622242,624054,620737,619452,620182,623616,622566,623753,619853,618669
STAT,(NULL),LoopTime,44,5650248616,5650248616,0,0,0,0,0,0,0,0,0,0,0,0,0,0,0,0,0,0,0,0,0,0,0,0,0,0,0,0,0,0,0,0,0,0,0,0,0,0,0,0,0,0,0
STAT,(NULL),MeminfoPost,44,2244,51,51,51,51,51,51,51,51,51,51,51,51,51,51,51,51,51,51,51,51,51,51,51,51,51,51,51,51,51,51,51,51,51,51,51,51,51,51,51,51,51,51,51,51
STAT,(NULL),MeminfoPre,44,2244,51,51,51,51,51,51,51,51,51,51,51,51,51,51,51,51,51,51,51,51,51,51,51,51,51,51,51,51,51,51,51,51,51,51,51,51,51,51,51,51,51,51,51,51
STAT,(NULL),NumaPost,44,12953,10639,1517,389,408,0,0,0,0,0,0,0,0,0,0,0,0,0,0,0,0,0,0,0,0,0,0,0,0,0,0,0,0,0,0,0,0,0,0,0,0,0,0,0,0
STAT,(NULL),PopTime,44,57517956845,1283379741,1308871430,1307188503,1301732750,1306158116,1310291061,1303932729,1309857219,1307856784,1302831462,1304462018,1311532056,1306849920,1304668869,1306911033,1311883433,1309095503,1306320409,1308475634,1310151435,1309410713,1310754819,1308122552,1307169449,1304238178,1302671304,1304045833,1306511938,1305454474,1305187823,1303669144,1305619867,1307473726,1305722156,1306477103,1309021033,1312808149,1313629199,1315886839,1309167473,1304543122,1313855909,1313439169,1310626768
STAT,(NULL),PushTime,44,79968900273,1818939226,1816191912,1818843857,1816835848,1816767283,1816964005,1819172222,1818278187,1818546219,1823549569,1818875178,1816623291,1813055306,1820131043,1823932472,1817133117,1815183060,1814980570,1814124225,1819840715,1816811989,1813455463,1815961323,1816732240,1819280812,1822704321,1824784779,1819756637,1821814446,1817123151,1820033198,1814840078,1816213692,1815589350,1818309004,1817303398,1818294226,1813139943,1811568746,1812647821,1822452521,1815319653,1815962697,1810833480
STAT,(NULL),RusageSys,44,0,0,0,0,0,0,0,0,0,0,0,0,0,0,0,0,0,0,0,0,0,0,0,0,0,0,0,0,0,0,0,0,0,0,0,0,0,0,0,0,0,0,0,0,0
STAT,(NULL),RusageUser,44,110048000,110048000,0,0,0,0,0,0,0,0,0,0,0,0,0,0,0,0,0,0,0,0,0,0,0,0,0,0,0,0,0,0,0,0,0,0,0,0,0,0,0,0,0,0,0
STAT,(NULL),Threads,44,44,44,0,0,0,0,0,0,0,0,0,0,0,0,0,0,0,0,0,0,0,0,0,0,0,0,0,0,0,0,0,0,0,0,0,0,0,0,0,0,0,0,0,0,0
STAT,(NULL),Time,44,5670654618,5670654618,0,0,0,0,0,0,0,0,0,0,0,0,0,0,0,0,0,0,0,0,0,0,0,0,0,0,0,0,0,0,0,0,0,0,0,0,0,0,0,0,0,0,0
STAT,(NULL),TotalTime,44,12948617242,12948617242,0,0,0,0,0,0,0,0,0,0,0,0,0,0,0,0,0,0,0,0,0,0,0,0,0,0,0,0,0,0,0,0,0,0,0,0,0,0,0,0,0,0,0
STAT,(NULL),UserTime,44,73667693906,1663120557,1674119400,1675276985,1677491338,1673222687,1675095479,1676863265,1671008908,1672297619,1675417095,1673998003,1674513148,1676271578,1673560001,1672488890,1672701041,1676530876,1678360792,1674458824,1672145045,1675385406,1677024218,1677951397,1673176790,1675795259,1673197112,1673143821,1671694321,1673845489,1675264400,1675660233,1676272182,1672917057,1676207989,1672404123,1674012068,1672556314,1674684337,1675701963,1674703770,1671052375,1670813566,1673258110,1682030075
STAT,(NULL),Work,44,241825597726,5496046510,5496034772,5496033797,5496032356,5496032483,5496032432,5496032301,5496034022,5496037120,5496039866,5496036948,5496033369,5496032356,5496032153,5496033227,5496037384,5496034529,5496033588,5496034662,5496037836,5496034235,5496032869,5496037291,5496037958,5496037551,5496040212,5496039764,5496035970,5496037272,5496037087,5496036322,5496038046,5496037985,5496036559,5496038092,5496037269,5496036774,5496036383,5496040046,5496037433,5496039011,5496037439,5496034204,5496040243
STAT,(NULL),nBad,44,3255098,81013,68027,74442,75061,74182,72797,73914,73473,75896,71324,79785,72575,73337,65539,70445,69097,72787,80242,74901,74044,69624,74611,72575,75621,77030,74009,72611,79680,74778,68207,74449,75130,76972,74844,75019,75255,73184,75831,74013,77761,73416,75013,70217,72367
STAT,(NULL),nEmpty,44,2070308,39871,47432,47145,47135,47082,46913,47282,47214,47120,46860,47556,47607,47124,47503,47095,46979,47113,47166,47225,47091,47022,46754,46976,47221,47337,47329,47700,47595,47462,47063,47039,47380,47390,47354,47067,47342,46980,47230,47126,46968,47265,47591,47513,47091
STAT,(NULL),nEmptyPop,44,216602,4144,5096,5153,5018,5048,4990,5133,5007,4838,4857,5118,4892,5221,5107,5132,5195,4975,5116,5307,5017,5137,5209,4893,5015,4780,4841,4753,4659,4898,4850,4688,4663,4705,4827,4847,4855,4845,4919,4644,4793,4833,4764,4879,4941
STAT,(NULL),nOverall,44,61588439,1213037,1399057,1401843,1406697,1406161,1405241,1400445,1398679,1402072,1404656,1405399,1404956,1403979,1403911,1396966,1395611,1396607,1405230,1405888,1396575,1395552,1399013,1404713,1403284,1407753,1409991,1408510,1408870,1403084,1405898,1410384,1410706,1410781,1411099,1407741,1410578,1403242,1399964,1400531,1408396,1406909,1410391,1400212,1397827
STAT,(NULL),nPop,44,27249422,535716,619856,620542,622789,622088,621344,619439,618977,620703,620534,621825,621628,621303,621216,617806,617683,617877,621991,622001,618785,617082,618348,621561,621784,622822,623083,623114,623600,620854,621889,624259,623995,623936,623868,622242,624054,620737,619452,620182,623616,622566,623753,619853,618669
STAT,(NULL),nPush,44,27249419,534965,618711,620509,623341,621239,621999,619919,618779,620512,621581,621301,621225,620816,621102,618818,617702,618255,621351,622099,618648,617970,619143,621375,620581,623019,624173,622799,624140,621372,622624,623547,624507,624060,623817,623029,624302,620484,618818,619787,622981,622377,623923,619442,618277
STAT,(NULL),nPushInit,44,3,1,1,1,0,0,0,0,0,0,0,0,0,0,0,0,0,0,0,0,0,0,0,0,0,0,0,0,0,0,0,0,0,0,0,0,0,0,0,0,0,0,0,0,0
==== BENCHMARK TOOK 6.775
==== BENCHMARK START ===
==== PARAMS kernel=4.9.5-64-net1 malloc=libc hostname=rack-mad-04 threads=44 delta=4 prog=sssp-klsm64mq4  ===
ERROR: ld.so: object '/specific/disk1/home/adamx/malloc/lib64/libjemalloc.so' from LD_PRELOAD cannot be preloaded (cannot open shared object file): ignored.
Galois Benchmark Suite v2.2.1 (r0)
Copyright (C) 2014 The University of Texas at Austin
http://iss.ices.utexas.edu/galois/

application: Single Source Shortest Path
Computes the shortest path from a source node to all nodes in a directed graph using a modified chaotic iteration algorithm
http://iss.ices.utexas.edu/?p=projects/galois/benchmarks/single_source_shortest_path

INFO: CommandLine ./build/debug/apps/sssp/sssp -noverify -t 44 -delta 4 -wl klsm64mq4 -startNode 0 /specific/disk1/home/mad/Galois-PQ/inputs/road/USA-road-d.USA.gr
INFO: Hostname rack-mad-04
Read 23947347 nodes
Running Asynchronous with CAS version
INFO: Using delta-step of 1
WARNING: Performance varies considerably due to delta parameter.
WARNING: Do not expect the default to be good for your graph.
Node 1 has distance 2025
STATTYPE,LOOP,CATEGORY,n,sum,T0,T1,T2,T3,T4,T5,T6,T7,T8,T9,T10,T11,T12,T13,T14,T15,T16,T17,T18,T19,T20,T21,T22,T23,T24,T25,T26,T27,T28,T29,T30,T31,T32,T33,T34,T35,T36,T37,T38,T39,T40,T41,T42,T43
STAT,(NULL),BadWork,44,3140946726,80142204,68888153,74551120,74229216,74328743,69134863,76352879,67039992,68662096,78243597,66600110,72630596,70368396,71157380,67777290,72537076,68067159,69363250,68628125,73183141,75527471,65205344,68478753,73305637,68144463,72699712,70430057,72264426,68296459,71011976,71167744,75628127,76039465,72224831,69941987,73880568,67932163,72217946,69502900,74553317,73985661,71662484,66751513,68208336
STAT,(NULL),BarrierTime,44,7105560,612007,457482,391257,382448,382236,362899,369813,305433,303300,309387,311574,264686,269262,267222,259561,198589,196037,197454,201365,203747,201295,204506,21046,19698,20683,21422,21045,20538,21152,21352,20949,20746,21124,21162,20335,20522,20358,21026,18381,20584,20774,20687,20262,20154
STAT,(NULL),ConflictTime,44,0,0,0,0,0,0,0,0,0,0,0,0,0,0,0,0,0,0,0,0,0,0,0,0,0,0,0,0,0,0,0,0,0,0,0,0,0,0,0,0,0,0,0,0,0
STAT,(NULL),Conflicts,44,0,0,0,0,0,0,0,0,0,0,0,0,0,0,0,0,0,0,0,0,0,0,0,0,0,0,0,0,0,0,0,0,0,0,0,0,0,0,0,0,0,0,0,0,0
STAT,(NULL),EmptyPopTime,44,681890311,14159948,14935166,16069032,15617111,15982644,15644838,15676230,16093675,16311151,15144158,15776507,15949837,15489013,17161391,15841034,17521694,16039933,15233001,15058174,15406783,15913345,16048140,15068941,15354802,15145168,15736389,15371401,15057056,16363031,15106369,14447348,14135118,15124924,15226014,14647912,14842688,15136494,15298987,16846943,15923014,14673232,14390588,15333806,15587281
STAT,(NULL),EmptyWork,44,959964596,20229170,21950962,21767668,21844357,21996723,21892082,21853026,21883921,21774872,21780808,22073493,21711081,21862021,21929632,22139470,21675552,22080167,21866263,22019829,21779970,22773670,21944605,21584475,21826180,21753531,21828177,21760000,21844757,21910485,21501636,21521294,21453465,21860939,21768306,21856126,21768949,21757634,21870047,21866936,21746203,21740088,22004853,22013611,21897562
STAT,(NULL),GaloisTime,44,29076519007,708652917,656234871,663100168,661559263,657898222,659717186,657095868,661275401,659770589,662080749,660213446,660993540,657408146,662070651,655931691,656891840,660071428,663361420,661620585,657497191,659754733,655916620,657197792,660599609,661426290,660726111,663588694,660892290,657078096,662405587,660987300,660048133,661035919,662745366,661264012,661291945,657583624,656076030,655628036,659797479,662300923,661378137,657329608,656021501
STAT,(NULL),InitPushTime,44,2553215,26504,11362,136455,42200,41175,36114,36863,36832,36423,35843,35219,34863,34754,34429,35564,36004,35234,34790,34615,34584,34742,34514,105585,105960,105336,104625,104661,104632,104390,104353,103312,59444,58740,59290,58131,58762,57830,57574,56694,58542,55096,58051,55433,57691
STAT,(NULL),Iterations,44,27228463,514788,619338,620847,622208,621854,621782,620808,620038,621269,622210,621292,621084,620755,622822,619863,617990,619198,620457,622010,620317,619127,618342,620024,621965,621774,624485,622870,622366,620633,622174,624017,624293,622147,624458,624050,623725,618407,618615,618367,621593,622689,623415,619334,618663
STAT,(NULL),LoopTime,44,5632414146,5632414146,0,0,0,0,0,0,0,0,0,0,0,0,0,0,0,0,0,0,0,0,0,0,0,0,0,0,0,0,0,0,0,0,0,0,0,0,0,0,0,0,0,0,0
STAT,(NULL),MeminfoPost,44,2244,51,51,51,51,51,51,51,51,51,51,51,51,51,51,51,51,51,51,51,51,51,51,51,51,51,51,51,51,51,51,51,51,51,51,51,51,51,51,51,51,51,51,51,51
STAT,(NULL),MeminfoPre,44,2244,51,51,51,51,51,51,51,51,51,51,51,51,51,51,51,51,51,51,51,51,51,51,51,51,51,51,51,51,51,51,51,51,51,51,51,51,51,51,51,51,51,51,51,51
STAT,(NULL),NumaPost,44,12956,10639,1734,390,193,0,0,0,0,0,0,0,0,0,0,0,0,0,0,0,0,0,0,0,0,0,0,0,0,0,0,0,0,0,0,0,0,0,0,0,0,0,0,0,0
STAT,(NULL),PopTime,44,57757164340,1283255375,1316207020,1314636936,1312218862,1318363549,1312394659,1313813194,1315657211,1311806863,1315078841,1311786888,1312189739,1309613081,1312120939,1317945769,1315102746,1316099186,1305990203,1314223073,1317087973,1314929465,1320471010,1310954032,1312910644,1308979430,1313857468,1311709198,1311445426,1312397388,1307734577,1305750885,1312182647,1311446723,1313636673,1312925338,1311106101,1314964290,1316260491,1315327916,1312150400,1311275044,1316314872,1317386073,1315456142
STAT,(NULL),PushTime,44,80080143114,1816455596,1820242300,1815382590,1818812211,1816437858,1820854744,1818119004,1815766588,1822513457,1818141943,1820145443,1820604547,1826238063,1817333796,1816942938,1817910162,1817477333,1824788021,1819637802,1816648416,1815382683,1815240486,1826999995,1818046717,1823684494,1815372826,1822009981,1822514025,1826469589,1821146097,1822842111,1819236113,1822211514,1818355309,1817654525,1823676645,1824892646,1818191583,1821690000,1822140279,1821980151,1816974585,1819750856,1823227092
STAT,(NULL),RusageSys,44,0,0,0,0,0,0,0,0,0,0,0,0,0,0,0,0,0,0,0,0,0,0,0,0,0,0,0,0,0,0,0,0,0,0,0,0,0,0,0,0,0,0,0,0,0
STAT,(NULL),RusageUser,44,110252000,110252000,0,0,0,0,0,0,0,0,0,0,0,0,0,0,0,0,0,0,0,0,0,0,0,0,0,0,0,0,0,0,0,0,0,0,0,0,0,0,0,0,0,0,0
STAT,(NULL),Threads,44,44,44,0,0,0,0,0,0,0,0,0,0,0,0,0,0,0,0,0,0,0,0,0,0,0,0,0,0,0,0,0,0,0,0,0,0,0,0,0,0,0,0,0,0,0
STAT,(NULL),Time,44,5646215328,5646215328,0,0,0,0,0,0,0,0,0,0,0,0,0,0,0,0,0,0,0,0,0,0,0,0,0,0,0,0,0,0,0,0,0,0,0,0,0,0,0,0,0,0,0
STAT,(NULL),TotalTime,44,13725052930,13725052930,0,0,0,0,0,0,0,0,0,0,0,0,0,0,0,0,0,0,0,0,0,0,0,0,0,0,0,0,0,0,0,0,0,0,0,0,0,0,0,0,0,0,0
STAT,(NULL),UserTime,44,73685907998,1662736464,1675921664,1674536812,1675439205,1674811527,1674988959,1678935947,1674815518,1673314656,1673266868,1675497835,1674041837,1674879851,1674876739,1676691484,1676390119,1673723963,1674253631,1672931042,1677070105,1676737328,1675871407,1673685037,1676750705,1674499702,1677967809,1671049911,1673735823,1671270759,1677594798,1679940227,1678433792,1673810760,1673757538,1677141389,1672802838,1671156811,1677792968,1674129396,1673732661,1673519788,1674426234,1673676514,1673299577
STAT,(NULL),Work,44,242245770185,5505599997,5505582747,5505588200,5505585345,5505584152,5505592130,5505583718,5505588282,5505591235,5505586042,5505582571,5505591911,5505581054,5505588895,5505593547,5505585272,5505590267,5505589784,5505584003,5505585557,5505585363,5505585315,5505583152,5505583440,5505583947,5505583085,5505584113,5505583721,5505583968,5505583693,5505583940,5505584087,5505583875,5505584120,5505583709,5505583642,5505584166,5505583462,5505583832,5505583813,5505583534,5505584236,5505583370,5505585893
STAT,(NULL),nBad,44,3214100,80917,70793,75188,75955,75061,70283,78941,68792,70930,80105,68854,73622,72059,73007,68132,74468,70325,71093,70699,74340,77174,67003,69718,75268,70617,74427,72083,74070,69465,72705,72680,77149,78060,73617,71683,76105,69683,74458,70645,76751,75612,72977,68640,69946
STAT,(NULL),nEmpty,44,2068911,38013,47340,47119,47329,47403,47261,47222,47118,47260,47046,47560,47010,47278,47593,47475,46571,47505,47373,47566,46844,46650,47010,46856,47311,47203,47535,47386,47521,47421,46756,46927,46890,47454,47307,47482,47518,46784,47075,47098,47211,47277,47908,47422,47023
STAT,(NULL),nEmptyPop,44,222108,4365,5000,5264,5126,5139,5181,5177,5192,5308,5105,5220,5265,5134,5256,5177,5245,5237,5120,4987,5068,5258,5293,4982,5037,4978,5105,4976,4932,5024,4898,4831,4631,4912,4916,4859,4929,4838,5066,5276,5116,4795,4870,4940,5080
STAT,(NULL),nOverall,44,61547441,1165186,1400744,1404135,1405287,1403720,1406159,1402845,1401987,1405471,1406040,1403626,1404881,1402558,1407555,1398857,1397707,1399836,1404097,1404700,1402540,1400207,1397582,1403332,1405954,1404905,1409889,1408030,1407318,1402251,1407287,1411010,1410395,1407506,1410173,1408723,1408911,1398652,1398924,1397830,1406658,1407806,1408701,1397931,1399535
STAT,(NULL),nPop,44,27228463,514788,619338,620847,622208,621854,621782,620808,620038,621269,622210,621292,621084,620755,622822,619863,617990,619198,620457,622010,620317,619127,618342,620024,621965,621774,624485,622870,622366,620633,622174,624017,624293,622147,624458,624050,623725,618407,618615,618367,621593,622689,623415,619334,618663
STAT,(NULL),nPush,44,27228460,514049,619717,621076,622566,620872,621375,620765,620416,620769,621926,621743,621954,620973,622342,618650,618286,619170,621826,621217,619258,619952,618482,621486,622269,621746,623532,623640,623680,620960,622361,624083,624154,622384,622639,622189,623068,619156,619129,618010,622837,622955,623075,618304,619419
STAT,(NULL),nPushInit,44,3,1,1,1,0,0,0,0,0,0,0,0,0,0,0,0,0,0,0,0,0,0,0,0,0,0,0,0,0,0,0,0,0,0,0,0,0,0,0,0,0,0,0,0,0
==== BENCHMARK TOOK 6.994
==== BENCHMARK START ===
==== PARAMS kernel=4.9.5-64-net1 malloc=libc hostname=rack-mad-04 threads=44 delta=4 prog=sssp-klsm64mq4  ===
ERROR: ld.so: object '/specific/disk1/home/adamx/malloc/lib64/libjemalloc.so' from LD_PRELOAD cannot be preloaded (cannot open shared object file): ignored.
Galois Benchmark Suite v2.2.1 (r0)
Copyright (C) 2014 The University of Texas at Austin
http://iss.ices.utexas.edu/galois/

application: Single Source Shortest Path
Computes the shortest path from a source node to all nodes in a directed graph using a modified chaotic iteration algorithm
http://iss.ices.utexas.edu/?p=projects/galois/benchmarks/single_source_shortest_path

INFO: CommandLine ./build/debug/apps/sssp/sssp -noverify -t 44 -delta 4 -wl klsm64mq4 -startNode 0 /specific/disk1/home/mad/Galois-PQ/inputs/road/USA-road-d.USA.gr
INFO: Hostname rack-mad-04
Read 23947347 nodes
Running Asynchronous with CAS version
INFO: Using delta-step of 1
WARNING: Performance varies considerably due to delta parameter.
WARNING: Do not expect the default to be good for your graph.
Node 1 has distance 2025
STATTYPE,LOOP,CATEGORY,n,sum,T0,T1,T2,T3,T4,T5,T6,T7,T8,T9,T10,T11,T12,T13,T14,T15,T16,T17,T18,T19,T20,T21,T22,T23,T24,T25,T26,T27,T28,T29,T30,T31,T32,T33,T34,T35,T36,T37,T38,T39,T40,T41,T42,T43
STAT,(NULL),BadWork,44,3081776317,72734610,67638561,67032680,68159832,66522237,72550390,67401190,65699577,64175698,69169911,73908121,71088978,69919671,70475451,71443739,69507762,79263076,68309348,71598532,71810445,68417289,68732368,64317503,71095796,69820646,72001362,68674524,73862238,68963958,72030293,68286036,66665335,70037136,68901269,75469431,69128527,72170209,71329022,72708049,74239646,69903224,74249300,65131157,67232190
STAT,(NULL),BarrierTime,44,8947091,592870,513777,452720,456180,436559,438046,434580,379195,380575,339122,334367,337646,336385,337862,334151,270782,269247,274497,276575,227878,125499,230221,53522,52945,53427,53861,52688,53198,53756,53557,53310,52377,53706,53689,53630,52864,53089,49781,53111,53282,53980,52889,52424,53271
STAT,(NULL),ConflictTime,44,0,0,0,0,0,0,0,0,0,0,0,0,0,0,0,0,0,0,0,0,0,0,0,0,0,0,0,0,0,0,0,0,0,0,0,0,0,0,0,0,0,0,0,0,0
STAT,(NULL),Conflicts,44,0,0,0,0,0,0,0,0,0,0,0,0,0,0,0,0,0,0,0,0,0,0,0,0,0,0,0,0,0,0,0,0,0,0,0,0,0,0,0,0,0,0,0,0,0
STAT,(NULL),EmptyPopTime,44,690495446,14791332,16735497,15921248,15458477,16092184,17252991,16237796,16246190,17197953,15641450,15786368,15535586,16622941,16524592,16038823,16134638,14630360,16287222,15539840,17195689,15888203,17128469,16413998,15724181,14120483,14658971,15811700,14854334,14890597,15921737,14986584,15511770,14761560,14886423,14789516,14403591,16086115,15158502,16160995,14582506,15905536,15238401,15843970,14896127
STAT,(NULL),EmptyWork,44,966122021,20380888,21915586,21956398,22822519,21840725,21760738,21950683,21835367,21837703,22133731,21814066,21848388,23133723,22716006,21990897,21926755,21523002,21892115,21694308,22080337,22027439,22010067,24197387,23205163,21885373,21902556,21851529,21635896,21796453,21873605,21910652,21814957,21744505,21675782,21777360,21631097,21763938,21763254,21679560,21823375,21620052,21675789,21931445,21870852
STAT,(NULL),GaloisTime,44,29069714984,706513790,661069616,657798759,659683381,657879792,658914775,658685645,656852479,660194012,660554652,661860288,663191580,660085863,660540664,655090034,658005438,658060820,660317096,659221216,656619454,654780441,655425493,663890051,662533824,660189830,662381204,657891486,661290847,658941155,660564553,661942974,660582884,663115029,665394303,659630995,663877340,656587941,658432208,655912791,658988021,659869038,664904673,656219125,655229424
STAT,(NULL),InitPushTime,44,2691390,41191,48495,93915,36878,36748,36951,36742,36575,36050,35603,36666,36080,35100,34553,35843,35886,35416,34678,33759,34721,93954,34672,104830,103855,103913,104713,103723,103012,103561,103407,102857,70848,72124,68398,70620,68325,69659,68494,69395,56364,55807,55000,56092,55917
STAT,(NULL),Iterations,44,27202561,515210,618615,618679,621577,620130,621673,619319,619805,619782,621240,620456,620710,619898,620509,619194,618083,619745,620832,621891,619080,617990,617842,621664,621335,622573,623518,622599,624152,620940,620449,623405,622730,621811,621548,622370,623086,617906,617089,619069,622674,621283,623796,618460,617844
STAT,(NULL),LoopTime,44,5708900251,5708900251,0,0,0,0,0,0,0,0,0,0,0,0,0,0,0,0,0,0,0,0,0,0,0,0,0,0,0,0,0,0,0,0,0,0,0,0,0,0,0,0,0,0,0
STAT,(NULL),MeminfoPost,44,2244,51,51,51,51,51,51,51,51,51,51,51,51,51,51,51,51,51,51,51,51,51,51,51,51,51,51,51,51,51,51,51,51,51,51,51,51,51,51,51,51,51,51,51,51
STAT,(NULL),MeminfoPre,44,2244,51,51,51,51,51,51,51,51,51,51,51,51,51,51,51,51,51,51,51,51,51,51,51,51,51,51,51,51,51,51,51,51,51,51,51,51,51,51,51,51,51,51,51,51
STAT,(NULL),NumaPost,44,12987,10667,1529,385,406,0,0,0,0,0,0,0,0,0,0,0,0,0,0,0,0,0,0,0,0,0,0,0,0,0,0,0,0,0,0,0,0,0,0,0,0,0,0,0,0
STAT,(NULL),PopTime,44,57638912620,1277291588,1310458159,1308882261,1306964379,1310480675,1308285995,1307635881,1313855169,1310191988,1315524927,1310375007,1309367698,1305181243,1304627042,1314829188,1313674101,1312434779,1307518149,1309347238,1311697112,1315867740,1321976286,1308542635,1307149097,1310131661,1309220825,1309071042,1311207372,1308898152,1314650137,1309626357,1311786889,1304462552,1309458873,1312435694,1309281601,1312835002,1310747807,1311981111,1313721161,1306154605,1311079995,1313208168,1316795279
STAT,(NULL),PushTime,44,80073202338,1820868021,1822481531,1820109105,1821963918,1821644586,1821078206,1821298890,1820191357,1822288637,1818065290,1821297607,1815436942,1822654919,1820251353,1818785264,1816311379,1812907456,1820471340,1820698512,1816846273,1814181262,1813881947,1815565563,1818121087,1818853399,1822851635,1821882034,1815972380,1821099174,1817729457,1820838310,1821675860,1824993462,1819197500,1821562241,1820773793,1825233337,1820186206,1820683500,1820772568,1823532633,1815977464,1821381938,1820605002
STAT,(NULL),RusageSys,44,0,0,0,0,0,0,0,0,0,0,0,0,0,0,0,0,0,0,0,0,0,0,0,0,0,0,0,0,0,0,0,0,0,0,0,0,0,0,0,0,0,0,0,0,0
STAT,(NULL),RusageUser,44,110172000,110172000,0,0,0,0,0,0,0,0,0,0,0,0,0,0,0,0,0,0,0,0,0,0,0,0,0,0,0,0,0,0,0,0,0,0,0,0,0,0,0,0,0,0,0
STAT,(NULL),Threads,44,44,44,0,0,0,0,0,0,0,0,0,0,0,0,0,0,0,0,0,0,0,0,0,0,0,0,0,0,0,0,0,0,0,0,0,0,0,0,0,0,0,0,0,0,0
STAT,(NULL),Time,44,5729649265,5729649265,0,0,0,0,0,0,0,0,0,0,0,0,0,0,0,0,0,0,0,0,0,0,0,0,0,0,0,0,0,0,0,0,0,0,0,0,0,0,0,0,0,0,0
STAT,(NULL),TotalTime,44,13198034252,13198034252,0,0,0,0,0,0,0,0,0,0,0,0,0,0,0,0,0,0,0,0,0,0,0,0,0,0,0,0,0,0,0,0,0,0,0,0,0,0,0,0,0,0,0
STAT,(NULL),UserTime,44,73625146366,1661595456,1668786009,1676778640,1674551734,1673509040,1674153712,1675637628,1672466207,1669738357,1669527896,1670314546,1676066793,1673767927,1676786947,1674709859,1675394166,1681889994,1674960734,1674944566,1677008635,1678698066,1671025354,1672836236,1674710159,1676263309,1670428465,1674935649,1676482695,1675819986,1670706425,1672139386,1670071286,1672368208,1670832845,1671247792,1671478873,1668938375,1675155891,1675025787,1671556391,1674362705,1672567573,1672859113,1672046951
STAT,(NULL),Work,44,242067515824,5501572175,5501536620,5501539132,5501531288,5501533871,5501535791,5501539281,5501533840,5501536580,5501534896,5501538510,5501537399,5501535734,5501534083,5501530800,5501539360,5501539242,5501536953,5501531085,5501534426,5501534602,5501534908,5501528798,5501528411,5501534042,5501533856,5501531957,5501531265,5501529400,5501528485,5501532060,5501534998,5501531039,5501528502,5501531341,5501534151,5501533718,5501536771,5501531678,5501531802,5501529902,5501529334,5501532312,5501531426
STAT,(NULL),nBad,44,3157902,72764,69543,68740,70087,68125,74245,68683,67360,65964,70637,75735,73468,71767,71577,72970,71627,81002,69969,73335,73107,70292,70600,66165,73455,71792,73115,70473,74725,71274,74670,70387,68911,72684,70813,77502,70951,72250,72825,74455,76669,70963,76381,67008,68837
STAT,(NULL),nEmpty,44,2067435,38520,47181,47213,47217,47136,47299,47274,46868,47088,47671,47273,47102,47221,46886,47073,46967,46314,47293,46936,47260,47137,47114,47347,47142,47457,47773,47469,47183,47359,47152,47979,47460,47198,47006,47328,47094,46795,46775,46727,47530,47002,47217,47304,47095
STAT,(NULL),nEmptyPop,44,223719,4325,5396,5244,5145,5263,5267,5316,5244,5445,5164,5154,5055,5313,5334,5233,5253,4990,5270,5107,5287,5237,5431,5199,5084,4660,4858,5055,4917,4894,5058,4923,5017,4845,4896,4904,4793,5019,4901,5101,4869,5101,5027,5130,4995
STAT,(NULL),nOverall,44,61491243,1167021,1397766,1398332,1405414,1402421,1405260,1399837,1400235,1401756,1402963,1404068,1404177,1402412,1405001,1398507,1398659,1402804,1403813,1405255,1398653,1395713,1397236,1404103,1406239,1405092,1407353,1407125,1410017,1403586,1401341,1409225,1407563,1406612,1405056,1405693,1408287,1397873,1394574,1399422,1407243,1404783,1410257,1397358,1395138
STAT,(NULL),nPop,44,27202561,515210,618615,618679,621577,620130,621673,619319,619805,619782,621240,620456,620710,619898,620509,619194,618083,619745,620832,621891,619080,617990,617842,621664,621335,622573,623518,622599,624152,620940,620449,623405,622730,621811,621548,622370,623086,617906,617089,619069,622674,621283,623796,618460,617844
STAT,(NULL),nPush,44,27202558,514555,618715,618898,621899,620727,621669,619295,619443,619495,620971,621183,620924,620764,622296,617963,619331,620174,621543,621636,618631,617304,618144,620604,621591,621383,623110,621923,623634,620591,619376,623558,622043,622042,621804,621701,623811,619485,617825,618457,622652,622556,623152,618470,617230
STAT,(NULL),nPushInit,44,3,1,1,1,0,0,0,0,0,0,0,0,0,0,0,0,0,0,0,0,0,0,0,0,0,0,0,0,0,0,0,0,0,0,0,0,0,0,0,0,0,0,0,0,0
==== BENCHMARK TOOK 6.886
==== BENCHMARK START ===
==== PARAMS kernel=4.9.5-64-net1 malloc=libc hostname=rack-mad-04 threads=44 delta=4 prog=sssp-klsm64mq4  ===
ERROR: ld.so: object '/specific/disk1/home/adamx/malloc/lib64/libjemalloc.so' from LD_PRELOAD cannot be preloaded (cannot open shared object file): ignored.
Galois Benchmark Suite v2.2.1 (r0)
Copyright (C) 2014 The University of Texas at Austin
http://iss.ices.utexas.edu/galois/

application: Single Source Shortest Path
Computes the shortest path from a source node to all nodes in a directed graph using a modified chaotic iteration algorithm
http://iss.ices.utexas.edu/?p=projects/galois/benchmarks/single_source_shortest_path

INFO: CommandLine ./build/debug/apps/sssp/sssp -noverify -t 44 -delta 4 -wl klsm64mq4 -startNode 0 /specific/disk1/home/mad/Galois-PQ/inputs/road/USA-road-d.USA.gr
INFO: Hostname rack-mad-04
Read 23947347 nodes
Running Asynchronous with CAS version
INFO: Using delta-step of 1
WARNING: Performance varies considerably due to delta parameter.
WARNING: Do not expect the default to be good for your graph.
Node 1 has distance 2025
STATTYPE,LOOP,CATEGORY,n,sum,T0,T1,T2,T3,T4,T5,T6,T7,T8,T9,T10,T11,T12,T13,T14,T15,T16,T17,T18,T19,T20,T21,T22,T23,T24,T25,T26,T27,T28,T29,T30,T31,T32,T33,T34,T35,T36,T37,T38,T39,T40,T41,T42,T43
STAT,(NULL),BadWork,44,3186221414,71433379,73167959,83605719,73291278,69923462,67697612,76166582,67143272,75689794,71956611,76380009,72516134,75715334,67898319,71783746,67021557,74519643,72358010,71336128,67485850,75782262,76242331,72814755,69708686,68412450,77628469,70065657,70863141,79480409,66270911,72180963,71704395,76265008,71829684,75850202,76389293,71440913,69050405,69506641,71797731,67992485,71544151,74007416,72302658
STAT,(NULL),BarrierTime,44,7658457,596427,469507,408888,399065,400691,381583,379535,319272,317113,322073,317856,278990,283448,281048,282198,219090,221943,222479,228296,224731,223656,228524,28129,30612,30105,29780,28490,29349,29689,29842,29636,29870,29151,29683,30245,29655,30510,29693,29790,30040,29837,30143,28142,29653
STAT,(NULL),ConflictTime,44,0,0,0,0,0,0,0,0,0,0,0,0,0,0,0,0,0,0,0,0,0,0,0,0,0,0,0,0,0,0,0,0,0,0,0,0,0,0,0,0,0,0,0,0,0
STAT,(NULL),Conflicts,44,0,0,0,0,0,0,0,0,0,0,0,0,0,0,0,0,0,0,0,0,0,0,0,0,0,0,0,0,0,0,0,0,0,0,0,0,0,0,0,0,0,0,0,0,0
STAT,(NULL),EmptyPopTime,44,683539555,13945218,15290297,15164676,15383637,16032514,15630057,15635526,17297654,15228063,16944553,15628711,15384811,15292172,15818876,16448399,16424723,14845242,15723749,16174887,15805203,15406076,15873912,15691214,15721481,15931734,14977006,15131640,15138864,15161301,15574157,14579198,15119308,15252487,14964565,15469874,15567968,14918456,16204496,15420034,15900240,15302097,15273425,15188307,15672747
STAT,(NULL),EmptyWork,44,965477040,20580342,22012161,21760369,21867093,22134043,22856949,21683936,22202543,21838317,21775835,21763522,22095834,21927535,23039014,21945004,22078822,21951105,21884910,21878944,22101252,22084762,21966960,21836159,21790862,21733359,21885332,21878802,21767420,21666563,21702950,21791442,21872072,21865474,21903035,21948624,21750698,21741124,22679047,21792322,21812244,21932148,21753663,21735226,23209222
STAT,(NULL),GaloisTime,44,29084282220,708330020,658778501,663075522,661865347,660399268,659810163,659473946,657555759,666501866,659635673,659165394,659584182,657514697,659668691,655556132,659230185,657189384,660559138,659066437,656082572,659971513,656124040,660623837,660682364,661160291,663210166,660436386,660558378,660685882,658270439,662334130,661468576,663497336,661166282,661728923,664460026,660330908,656061391,654446842,663725352,659596302,661304648,657072319,656323012
STAT,(NULL),InitPushTime,44,2631724,37048,10925,131204,37252,37527,36308,37045,36866,36502,36253,35470,35091,35048,34618,35677,35570,35546,35039,33725,34448,35042,34244,108650,108255,107829,107544,106634,107360,107308,107756,106949,67686,58410,67063,57941,67562,58242,65442,57120,66513,55272,65509,56093,64138
STAT,(NULL),Iterations,44,27247444,513529,621508,621835,622577,623321,622515,620335,620235,621643,622616,620679,622003,621298,622194,618937,619559,618930,621602,622149,619616,619567,619771,621665,621195,622462,625014,623885,622924,621325,621549,624485,623591,624689,622909,623335,624835,621894,617499,619052,623318,623069,622097,620308,619925
STAT,(NULL),LoopTime,44,5743348907,5743348907,0,0,0,0,0,0,0,0,0,0,0,0,0,0,0,0,0,0,0,0,0,0,0,0,0,0,0,0,0,0,0,0,0,0,0,0,0,0,0,0,0,0,0
STAT,(NULL),MeminfoPost,44,2244,51,51,51,51,51,51,51,51,51,51,51,51,51,51,51,51,51,51,51,51,51,51,51,51,51,51,51,51,51,51,51,51,51,51,51,51,51,51,51,51,51,51,51,51
STAT,(NULL),MeminfoPre,44,2244,51,51,51,51,51,51,51,51,51,51,51,51,51,51,51,51,51,51,51,51,51,51,51,51,51,51,51,51,51,51,51,51,51,51,51,51,51,51,51,51,51,51,51,51
STAT,(NULL),NumaPost,44,12959,10624,1535,391,409,0,0,0,0,0,0,0,0,0,0,0,0,0,0,0,0,0,0,0,0,0,0,0,0,0,0,0,0,0,0,0,0,0,0,0,0,0,0,0,0
STAT,(NULL),PopTime,44,57841107822,1286840619,1320568581,1318862952,1314207438,1318628710,1314891407,1318633276,1316306549,1315978754,1317074563,1312530837,1315263451,1315012788,1314637424,1318365946,1319056162,1315572907,1315286792,1310207403,1317949056,1317405544,1318141894,1315915475,1315310958,1308802904,1312266000,1316478925,1312875708,1314739524,1311791771,1316356570,1310927982,1311940907,1310591833,1310224679,1314674108,1316400252,1316353526,1320305639,1312360186,1317183433,1308513100,1318901236,1316770053
STAT,(NULL),PushTime,44,80188317834,1819693160,1816621109,1820887304,1824544834,1820627000,1819536157,1820805610,1822652819,1817299696,1819238613,1821116574,1819401655,1822226551,1823972901,1824165004,1821215142,1822237226,1824475803,1827304709,1826355764,1821888235,1822380754,1826875229,1824872900,1826327523,1820438933,1821825443,1820491093,1822778867,1826505665,1822528585,1828932178,1815858323,1822900907,1827259310,1822102731,1821976298,1825552077,1820240520,1818952768,1825329001,1829542044,1819075100,1819305719
STAT,(NULL),RusageSys,44,0,0,0,0,0,0,0,0,0,0,0,0,0,0,0,0,0,0,0,0,0,0,0,0,0,0,0,0,0,0,0,0,0,0,0,0,0,0,0,0,0,0,0,0,0
STAT,(NULL),RusageUser,44,110384000,110384000,0,0,0,0,0,0,0,0,0,0,0,0,0,0,0,0,0,0,0,0,0,0,0,0,0,0,0,0,0,0,0,0,0,0,0,0,0,0,0,0,0,0,0
STAT,(NULL),Threads,44,44,44,0,0,0,0,0,0,0,0,0,0,0,0,0,0,0,0,0,0,0,0,0,0,0,0,0,0,0,0,0,0,0,0,0,0,0,0,0,0,0,0,0,0,0
STAT,(NULL),Time,44,5763843528,5763843528,0,0,0,0,0,0,0,0,0,0,0,0,0,0,0,0,0,0,0,0,0,0,0,0,0,0,0,0,0,0,0,0,0,0,0,0,0,0,0,0,0,0,0
STAT,(NULL),TotalTime,44,13745142220,13745142220,0,0,0,0,0,0,0,0,0,0,0,0,0,0,0,0,0,0,0,0,0,0,0,0,0,0,0,0,0,0,0,0,0,0,0,0,0,0,0,0,0,0,0
STAT,(NULL),UserTime,44,73767375214,1662652785,1678777798,1672299239,1674180441,1674227064,1679323759,1675816657,1676032425,1675201800,1677379195,1681843516,1680318238,1680076877,1674911817,1675568496,1674043182,1680254352,1674117797,1677417093,1673755468,1675292032,1677562850,1671103548,1673668101,1678090483,1679268805,1676293638,1681215380,1677014053,1678201257,1674456171,1673729067,1683632304,1680520003,1675416224,1673490888,1676678476,1675196270,1679843864,1679295920,1672705204,1675661717,1680076603,1680764357
STAT,(NULL),Work,44,242533869410,5512149041,5512136034,5512138405,5512136301,5512135139,5512135595,5512135482,5512133055,5512143578,5512135609,5512134712,5512143053,5512132818,5512137882,5512136477,5512143120,5512137658,5512133631,5512132757,5512133012,5512135528,5512133264,5512134456,5512130845,5512128592,5512128799,5512132682,5512128486,5512128402,5512128463,5512131882,5512128074,5512128191,5512128544,5512132034,5512130033,5512128758,5512128511,5512131780,5512132085,5512128158,5512129971,5512129927,5512128586
STAT,(NULL),nBad,44,3257848,72334,75301,85487,75140,72060,69280,76936,68993,78181,74075,78705,74576,78014,69635,73818,68712,75436,74045,72297,69496,77481,77883,74812,71201,70090,79498,71851,72611,80645,68278,72813,72997,77773,70179,78054,77507,73008,70955,71626,73986,70339,73275,75832,72633
STAT,(NULL),nEmpty,44,2073207,38300,47230,47239,47192,47843,47134,46788,47787,47243,46935,46919,47761,47508,47309,47059,47342,47022,47300,47355,47432,47438,47169,47420,47158,47254,47763,47633,47361,46994,47092,47580,47610,47781,47327,47559,47617,47124,46759,47030,47305,47663,47368,47154,47350
STAT,(NULL),nEmptyPop,44,223419,4200,5094,5117,5160,5262,5117,5141,5326,5152,5307,5124,5110,5043,5162,5338,5281,5055,5200,5346,5145,5165,5290,5072,5078,5137,4936,5065,4985,4926,5060,4847,4999,4985,4914,5046,5056,4930,5198,5016,4978,5009,5032,4942,5073
STAT,(NULL),nOverall,44,61591189,1160856,1404518,1406566,1407343,1406399,1406763,1403940,1400693,1406092,1408458,1404622,1405959,1407459,1406631,1398647,1399331,1398992,1404156,1406188,1400367,1400194,1400216,1405216,1403347,1405216,1412941,1408147,1409020,1406031,1405361,1410893,1409560,1411498,1408294,1409160,1411138,1406869,1398224,1399888,1409304,1407200,1407330,1401532,1400630
STAT,(NULL),nPop,44,27247444,513529,621508,621835,622577,623321,622515,620335,620235,621643,622616,620679,622003,621298,622194,618937,619559,618930,621602,622149,619616,619567,619771,621665,621195,622462,625014,623885,622924,621325,621549,624485,623591,624689,622909,623335,624835,621894,617499,619052,623318,623069,622097,620308,619925
STAT,(NULL),nPush,44,27247441,511726,620849,621531,622944,622034,622425,621177,620067,621407,622894,622284,621895,622634,622078,618559,619305,618784,621249,622581,618888,619157,619851,621430,620933,622213,624717,622961,623317,622536,621918,624351,623719,624029,623347,623592,623581,621868,619630,619028,623580,623017,623749,620590,619016
STAT,(NULL),nPushInit,44,3,1,1,1,0,0,0,0,0,0,0,0,0,0,0,0,0,0,0,0,0,0,0,0,0,0,0,0,0,0,0,0,0,0,0,0,0,0,0,0,0,0,0,0,0
==== BENCHMARK TOOK 6.977
==== BENCHMARK START ===
==== PARAMS kernel=4.9.5-64-net1 malloc=libc hostname=rack-mad-04 threads=44 delta=4 prog=sssp-klsm64mq4  ===
ERROR: ld.so: object '/specific/disk1/home/adamx/malloc/lib64/libjemalloc.so' from LD_PRELOAD cannot be preloaded (cannot open shared object file): ignored.
Galois Benchmark Suite v2.2.1 (r0)
Copyright (C) 2014 The University of Texas at Austin
http://iss.ices.utexas.edu/galois/

application: Single Source Shortest Path
Computes the shortest path from a source node to all nodes in a directed graph using a modified chaotic iteration algorithm
http://iss.ices.utexas.edu/?p=projects/galois/benchmarks/single_source_shortest_path

INFO: CommandLine ./build/debug/apps/sssp/sssp -noverify -t 44 -delta 4 -wl klsm64mq4 -startNode 0 /specific/disk1/home/mad/Galois-PQ/inputs/road/USA-road-d.USA.gr
INFO: Hostname rack-mad-04
Read 23947347 nodes
Running Asynchronous with CAS version
INFO: Using delta-step of 1
WARNING: Performance varies considerably due to delta parameter.
WARNING: Do not expect the default to be good for your graph.
Node 1 has distance 2025
STATTYPE,LOOP,CATEGORY,n,sum,T0,T1,T2,T3,T4,T5,T6,T7,T8,T9,T10,T11,T12,T13,T14,T15,T16,T17,T18,T19,T20,T21,T22,T23,T24,T25,T26,T27,T28,T29,T30,T31,T32,T33,T34,T35,T36,T37,T38,T39,T40,T41,T42,T43
STAT,(NULL),BadWork,44,3123242080,74216677,66456786,67782336,70819607,74540906,71649219,73626794,75518296,71160112,67434232,68831085,66972488,66298024,71727302,70816402,71785595,69464511,73224448,69232776,70167712,69290733,66661103,73495650,64995604,72302212,72049454,74828197,70153311,73062532,74313853,70664752,72824302,67691717,75088141,68068310,71705642,66232645,69800627,75562710,71258281,71814087,75670739,67442597,76539573
STAT,(NULL),BarrierTime,44,6289522,541583,414195,356591,346612,346129,325342,325573,269753,267408,270852,266522,231201,231586,230499,160008,164459,161486,166393,171400,165743,165418,167354,24998,24749,24880,25008,24206,25059,24479,24285,25126,24464,24647,24913,24598,24637,24594,24586,24919,25168,24713,24045,24489,24852
STAT,(NULL),ConflictTime,44,0,0,0,0,0,0,0,0,0,0,0,0,0,0,0,0,0,0,0,0,0,0,0,0,0,0,0,0,0,0,0,0,0,0,0,0,0,0,0,0,0,0,0,0,0
STAT,(NULL),Conflicts,44,0,0,0,0,0,0,0,0,0,0,0,0,0,0,0,0,0,0,0,0,0,0,0,0,0,0,0,0,0,0,0,0,0,0,0,0,0,0,0,0,0,0,0,0,0
STAT,(NULL),EmptyPopTime,44,658232244,15271091,15426121,15130990,15504380,14169127,14803280,14437585,15673718,15189165,14898367,14873466,14692024,14964434,15145908,15076931,15643480,15167804,15375988,15558357,14776119,15804469,17641487,14884176,14558481,13920730,14364023,14980352,14777057,14940881,14944979,14766959,14417089,14782186,14458797,15409241,14386059,14506944,14133401,14728453,14677861,14041468,14528111,15695148,15105557
STAT,(NULL),EmptyWork,44,961689821,20304888,21859884,22045993,22147047,21916759,21935826,21653147,21895633,21819700,21957022,21911250,21751524,21992274,21774850,22054973,22123885,21796173,22085390,23278122,21996332,21909473,21840956,21743901,21992643,21755289,21725268,21777046,21628227,21935904,21880809,21712403,21830836,21745569,21790698,21772528,21674836,22001159,21946043,21640690,21824529,21796506,21721038,21842386,21900412
STAT,(NULL),GaloisTime,44,29060641066,710842183,656923963,659586853,661590512,657915457,658858780,656808021,655589857,658791947,660121582,657798466,663134205,660032854,661942133,656307073,655805113,658265459,657147699,659067119,659258670,653855461,656152794,659242795,658792452,659621530,663061112,664206778,661086536,659337453,661123327,662832170,662223047,662555232,660245435,660059337,659807663,657204023,656667980,655931737,664014923,660557947,664436339,655894653,655942396
STAT,(NULL),InitPushTime,44,1913398,39365,11073,129070,36948,36653,36016,36878,36739,36128,35524,35294,35601,35103,34723,65700,35855,35574,34493,33504,34645,34696,34460,80335,80083,79689,80463,79822,79831,79776,32942,31471,32160,32718,31346,31428,31316,31555,31611,31240,31501,29544,30014,30154,30357
STAT,(NULL),Iterations,44,27214302,507295,618838,621093,621492,623153,622465,619447,620444,620329,620742,621163,621410,621862,622305,618890,618597,617735,621562,621409,618457,617617,618050,621044,621573,622543,622225,622351,621918,621470,621585,623844,623722,622357,622826,622878,623942,619270,619310,620155,622233,623383,624210,617922,619186
STAT,(NULL),LoopTime,44,5733790256,5733790256,0,0,0,0,0,0,0,0,0,0,0,0,0,0,0,0,0,0,0,0,0,0,0,0,0,0,0,0,0,0,0,0,0,0,0,0,0,0,0,0,0,0,0
STAT,(NULL),MeminfoPost,44,2244,51,51,51,51,51,51,51,51,51,51,51,51,51,51,51,51,51,51,51,51,51,51,51,51,51,51,51,51,51,51,51,51,51,51,51,51,51,51,51,51,51,51,51,51
STAT,(NULL),MeminfoPre,44,2244,51,51,51,51,51,51,51,51,51,51,51,51,51,51,51,51,51,51,51,51,51,51,51,51,51,51,51,51,51,51,51,51,51,51,51,51,51,51,51,51,51,51,51,51
STAT,(NULL),NumaPost,44,12976,10648,1526,398,404,0,0,0,0,0,0,0,0,0,0,0,0,0,0,0,0,0,0,0,0,0,0,0,0,0,0,0,0,0,0,0,0,0,0,0,0,0,0,0,0
STAT,(NULL),PopTime,44,57516989014,1282031858,1305442689,1311177484,1305899508,1308234408,1308814106,1308396496,1306344388,1307347451,1302987609,1305779427,1303406208,1307447979,1303468346,1307701598,1308434641,1305727052,1309152191,1306799131,1308677301,1309421951,1314429461,1308396252,1310764793,1308087793,1304688233,1303940394,1305252926,1306945428,1305053532,1302378405,1309464422,1304941722,1303911386,1309113795,1308176529,1312086004,1315510534,1317086153,1306491579,1310537164,1306960244,1306242734,1313837709
STAT,(NULL),PushTime,44,80262371709,1813021522,1825143749,1822368857,1824688147,1822692235,1821996246,1830065704,1825482555,1825566506,1827881141,1828201917,1824286164,1824503269,1822359205,1827190213,1818725928,1825644228,1818151067,1824593208,1822796724,1823125761,1820388297,1826549619,1824174223,1825164849,1826932232,1826233273,1826429040,1826621267,1828794908,1827757625,1819984008,1825206135,1827098245,1823187590,1824590482,1823209681,1821566052,1816609576,1823316497,1824132586,1820332496,1833216325,1822392357
STAT,(NULL),RusageSys,44,4000,4000,0,0,0,0,0,0,0,0,0,0,0,0,0,0,0,0,0,0,0,0,0,0,0,0,0,0,0,0,0,0,0,0,0,0,0,0,0,0,0,0,0,0,0
STAT,(NULL),RusageUser,44,110188000,110188000,0,0,0,0,0,0,0,0,0,0,0,0,0,0,0,0,0,0,0,0,0,0,0,0,0,0,0,0,0,0,0,0,0,0,0,0,0,0,0,0,0,0,0
STAT,(NULL),Threads,44,44,44,0,0,0,0,0,0,0,0,0,0,0,0,0,0,0,0,0,0,0,0,0,0,0,0,0,0,0,0,0,0,0,0,0,0,0,0,0,0,0,0,0,0,0
STAT,(NULL),Time,44,5754324090,5754324090,0,0,0,0,0,0,0,0,0,0,0,0,0,0,0,0,0,0,0,0,0,0,0,0,0,0,0,0,0,0,0,0,0,0,0,0,0,0,0,0,0,0,0
STAT,(NULL),TotalTime,44,14103895426,14103895426,0,0,0,0,0,0,0,0,0,0,0,0,0,0,0,0,0,0,0,0,0,0,0,0,0,0,0,0,0,0,0,0,0,0,0,0,0,0,0,0,0,0,0
STAT,(NULL),UserTime,44,73652019418,1661065639,1677746603,1672233542,1672713989,1677615584,1676135433,1671182478,1677557592,1673828686,1674697950,1673978356,1675273184,1673602366,1677851827,1674211891,1681809234,1675942539,1680632616,1673248476,1675038661,1678427657,1672090011,1671728493,1672261145,1673996322,1671774135,1671406480,1673369882,1672763836,1670749863,1673097085,1674628265,1673314720,1675039565,1673001407,1673910538,1673537064,1672721636,1676548229,1672221983,1671478190,1674566723,1669654018,1673365525
STAT,(NULL),Work,44,242115810941,5502644302,5502632016,5502631525,5502632496,5502629346,5502633779,5502632180,5502631179,5502636820,5502633397,5502630991,5502632205,5502632041,5502635460,5502632325,5502633597,5502635217,5502635603,5502633846,5502635791,5502632483,5502630481,5502629261,5502629716,5502630748,5502631452,5502630578,5502629971,5502631652,5502633348,5502631273,5502631263,5502631306,5502630568,5502629971,5502630281,5502629983,5502629616,5502631667,5502630135,5502630041,5502630439,5502630648,5502629944
STAT,(NULL),nBad,44,3186912,74368,65890,69754,72724,76360,73877,75122,76285,72812,69044,70789,68843,68277,72182,72804,73176,69912,72921,71404,71732,70950,68449,74190,66864,74252,74479,74094,72274,74011,76349,72771,73662,69739,77498,69235,73757,68277,71835,76417,72925,73366,76732,67997,78513
STAT,(NULL),nEmpty,44,2069807,37726,47041,47617,47919,47520,47351,46642,47023,46994,47392,47154,47053,47589,47025,47375,47295,46689,47643,47877,47283,46920,46732,47164,47309,47064,47011,47349,47192,47661,47345,47407,47492,47243,47552,47333,47165,47449,47215,46701,47476,47444,47176,46969,47230
STAT,(NULL),nEmptyPop,44,218662,4225,5087,5046,5192,4906,4946,4953,5273,5110,5093,5016,5089,5050,5063,5110,5248,5057,5179,5138,5097,5180,5089,4972,4876,4722,4761,4914,4796,5019,4916,4953,4847,4847,4786,5037,4838,4846,4840,4887,4992,4696,4890,5104,4976
STAT,(NULL),nOverall,44,61520253,1149869,1398663,1403655,1404903,1407384,1406290,1401501,1402918,1402093,1402844,1403849,1404626,1403243,1408094,1397610,1398339,1397904,1405341,1403682,1398023,1396115,1396427,1404710,1405017,1406462,1407151,1407975,1405553,1404677,1406731,1410531,1409221,1408026,1408968,1406944,1409282,1399092,1399064,1402551,1407211,1407738,1412329,1397125,1400522
STAT,(NULL),nPop,44,27214302,507295,618838,621093,621492,623153,622465,619447,620444,620329,620742,621163,621410,621862,622305,618890,618597,617735,621562,621409,618457,617617,618050,621044,621573,622543,622225,622351,621918,621470,621585,623844,623722,622357,622826,622878,623942,619270,619310,620155,622233,623383,624210,617922,619186
STAT,(NULL),nPush,44,27214299,506239,619192,620937,621567,622313,622680,620937,620485,620996,621056,621110,621702,620074,622910,618992,618604,618949,620763,620655,618859,617664,618461,621118,620855,622291,623451,622873,621636,621658,622323,624126,622636,623022,623442,622015,622885,618799,619073,620053,622543,623155,623597,618396,619207
STAT,(NULL),nPushInit,44,3,1,1,1,0,0,0,0,0,0,0,0,0,0,0,0,0,0,0,0,0,0,0,0,0,0,0,0,0,0,0,0,0,0,0,0,0,0,0,0,0,0,0,0,0
==== BENCHMARK TOOK 7.220
==== BENCHMARK START ===
==== PARAMS kernel=4.9.5-64-net1 malloc=libc hostname=rack-mad-04 threads=44 delta=4 prog=sssp-klsm64mq4  ===
ERROR: ld.so: object '/specific/disk1/home/adamx/malloc/lib64/libjemalloc.so' from LD_PRELOAD cannot be preloaded (cannot open shared object file): ignored.
Galois Benchmark Suite v2.2.1 (r0)
Copyright (C) 2014 The University of Texas at Austin
http://iss.ices.utexas.edu/galois/

application: Single Source Shortest Path
Computes the shortest path from a source node to all nodes in a directed graph using a modified chaotic iteration algorithm
http://iss.ices.utexas.edu/?p=projects/galois/benchmarks/single_source_shortest_path

INFO: CommandLine ./build/debug/apps/sssp/sssp -noverify -t 44 -delta 4 -wl klsm64mq4 -startNode 0 /specific/disk1/home/mad/Galois-PQ/inputs/road/USA-road-d.USA.gr
INFO: Hostname rack-mad-04
Read 23947347 nodes
Running Asynchronous with CAS version
INFO: Using delta-step of 1
WARNING: Performance varies considerably due to delta parameter.
WARNING: Do not expect the default to be good for your graph.
Node 1 has distance 2025
STATTYPE,LOOP,CATEGORY,n,sum,T0,T1,T2,T3,T4,T5,T6,T7,T8,T9,T10,T11,T12,T13,T14,T15,T16,T17,T18,T19,T20,T21,T22,T23,T24,T25,T26,T27,T28,T29,T30,T31,T32,T33,T34,T35,T36,T37,T38,T39,T40,T41,T42,T43
STAT,(NULL),BadWork,44,3047157305,74746965,69499879,68086008,70880058,73011072,73249734,67569937,68886269,68206775,63407747,63535039,66347086,72959899,68454626,77898141,67175911,70344147,73424056,68266375,66595580,67075564,71195505,66633852,67887771,75798961,70552128,69326076,70438611,70210591,70018161,67342547,69225814,72807007,67407850,67344994,64822259,68842778,68544720,70596318,65741463,65201788,69975654,65611328,72010261
STAT,(NULL),BarrierTime,44,7992477,577601,474836,434371,406162,388490,401278,385780,326569,327527,276912,277103,326571,323670,276217,270545,216668,214083,217666,214944,122019,121355,99656,69483,66508,68904,70069,70224,68907,69514,69323,67997,59534,25555,69942,70197,24372,22135,69226,69708,69914,46947,70051,47471,46473
STAT,(NULL),ConflictTime,44,0,0,0,0,0,0,0,0,0,0,0,0,0,0,0,0,0,0,0,0,0,0,0,0,0,0,0,0,0,0,0,0,0,0,0,0,0,0,0,0,0,0,0,0,0
STAT,(NULL),Conflicts,44,0,0,0,0,0,0,0,0,0,0,0,0,0,0,0,0,0,0,0,0,0,0,0,0,0,0,0,0,0,0,0,0,0,0,0,0,0,0,0,0,0,0,0,0,0
STAT,(NULL),EmptyPopTime,44,685123539,15346800,15544192,15847330,14884028,15327487,15463877,15193671,15623734,15537251,15928041,16084886,16173336,15599242,15567471,15115632,15844427,15335395,16016616,15346196,16197113,16194218,16199131,15842856,16054842,14712886,14860480,14821257,14337079,14218423,15295923,15575646,14886352,15272679,16180397,15581624,15284291,15620109,16049256,15074445,16905588,18383300,15533273,15379905,14882854
STAT,(NULL),EmptyWork,44,960549551,20444979,21944693,21521113,21675117,21837367,21647846,21983544,21775883,21851288,21890404,21778551,21821264,21685171,21900902,21790191,21693985,21984968,22905246,21965690,21946241,21830481,21807672,21671176,21747687,21870662,21895933,21447691,21725927,21641638,21954534,21638491,22734801,21714156,21837874,21646145,21825862,21993075,23083857,21745476,21657903,21840011,21560215,21810467,21823374
STAT,(NULL),GaloisTime,44,29004829184,703896308,655825450,657098763,660834819,657043766,657956363,656377288,655221780,656927693,660981251,655414316,660478657,659096438,659942711,657480568,656030219,654982509,660768504,657188510,657314546,652346333,654445571,658053679,657621845,660456260,658504766,660143279,663056381,658469504,655002674,661662424,662696134,658551443,661280189,657909030,659646893,660009453,656075767,654336724,659938263,661966094,661963494,653838546,655993979
STAT,(NULL),InitPushTime,44,2390911,59110,11437,127899,36818,36432,36019,36672,36563,36004,35355,35175,35467,35801,34456,35552,38611,39026,38052,37731,89162,89226,89303,82896,116813,102602,102232,101776,80833,83564,83233,85430,31549,61284,32891,30851,60177,60823,31513,31646,29820,33919,29107,33895,34186
STAT,(NULL),Iterations,44,27182702,528264,618510,618725,621333,619905,620809,619033,619533,619951,620803,619034,619761,618977,620128,618960,616874,617450,621310,621573,618149,617194,617489,620693,620564,621329,623051,621856,621812,620251,619199,622824,622165,621576,619895,621717,621252,618057,617255,617530,619958,620503,621670,618009,617771
STAT,(NULL),LoopTime,44,5614702649,5614702649,0,0,0,0,0,0,0,0,0,0,0,0,0,0,0,0,0,0,0,0,0,0,0,0,0,0,0,0,0,0,0,0,0,0,0,0,0,0,0,0,0,0,0
STAT,(NULL),MeminfoPost,44,2244,51,51,51,51,51,51,51,51,51,51,51,51,51,51,51,51,51,51,51,51,51,51,51,51,51,51,51,51,51,51,51,51,51,51,51,51,51,51,51,51,51,51,51,51
STAT,(NULL),MeminfoPre,44,2244,51,51,51,51,51,51,51,51,51,51,51,51,51,51,51,51,51,51,51,51,51,51,51,51,51,51,51,51,51,51,51,51,51,51,51,51,51,51,51,51,51,51,51,51
STAT,(NULL),NumaPost,44,12962,10640,1736,393,193,0,0,0,0,0,0,0,0,0,0,0,0,0,0,0,0,0,0,0,0,0,0,0,0,0,0,0,0,0,0,0,0,0,0,0,0,0,0,0,0
STAT,(NULL),PopTime,44,57693095793,1286988958,1315421894,1313671094,1309474862,1312336236,1314261418,1311668468,1317587309,1312320566,1311795543,1308783326,1309869745,1309106739,1309797309,1314561493,1312732245,1314270082,1311498831,1312370182,1311520445,1312859605,1316066402,1313172195,1313585882,1308203261,1312790555,1310321569,1307513735,1310759306,1310880088,1306677671,1305401363,1313578139,1309792421,1315340346,1311171439,1311164702,1320880192,1312023382,1307061867,1304289348,1306248142,1316480581,1316796857
STAT,(NULL),PushTime,44,80202528235,1818852250,1824628622,1820109943,1822687000,1822887102,1822012842,1819880603,1820464774,1823338475,1822582417,1829086944,1819132476,1825567071,1826409050,1819674458,1822002562,1825304021,1818066985,1823440260,1819987405,1823900313,1818293610,1818615245,1824887008,1824397754,1821150711,1825487602,1825658550,1828477460,1831030941,1821771524,1825555359,1823045283,1822985589,1823285548,1821904277,1822585394,1817272836,1822461985,1821842263,1825256246,1824087063,1824320002,1818140412
STAT,(NULL),RusageSys,44,4000,4000,0,0,0,0,0,0,0,0,0,0,0,0,0,0,0,0,0,0,0,0,0,0,0,0,0,0,0,0,0,0,0,0,0,0,0,0,0,0,0,0,0,0,0
STAT,(NULL),RusageUser,44,110184000,110184000,0,0,0,0,0,0,0,0,0,0,0,0,0,0,0,0,0,0,0,0,0,0,0,0,0,0,0,0,0,0,0,0,0,0,0,0,0,0,0,0,0,0,0
STAT,(NULL),Threads,44,44,44,0,0,0,0,0,0,0,0,0,0,0,0,0,0,0,0,0,0,0,0,0,0,0,0,0,0,0,0,0,0,0,0,0,0,0,0,0,0,0,0,0,0,0
STAT,(NULL),Time,44,5627495010,5627495010,0,0,0,0,0,0,0,0,0,0,0,0,0,0,0,0,0,0,0,0,0,0,0,0,0,0,0,0,0,0,0,0,0,0,0,0,0,0,0,0,0,0,0
STAT,(NULL),TotalTime,44,13148017700,13148017700,0,0,0,0,0,0,0,0,0,0,0,0,0,0,0,0,0,0,0,0,0,0,0,0,0,0,0,0,0,0,0,0,0,0,0,0,0,0,0,0,0,0,0
STAT,(NULL),UserTime,44,73551185131,1656680956,1668845788,1673963346,1672655302,1672779618,1670869473,1677108267,1671540427,1672236307,1669034901,1671063563,1674737898,1671158800,1668593997,1673588027,1673908066,1670335084,1672955601,1671899576,1675245897,1675081249,1675400644,1674856929,1668312413,1672571209,1673009116,1669990986,1669920211,1668645233,1668047632,1674885180,1670937064,1670048996,1670134882,1668448146,1672376881,1670839655,1668849231,1676569412,1674804952,1670477964,1672821508,1670381532,1674573212
STAT,(NULL),Work,44,242101065632,5502312942,5502299443,5502299625,5502299085,5502296211,5502304826,5502294998,5502297887,5502299037,5502294664,5502298175,5502295768,5502300032,5502295853,5502299225,5502296858,5502300548,5502299218,5502300308,5502297904,5502299239,5502305017,5502298530,5502291348,5502298721,5502295046,5502296776,5502295179,5502293938,5502293601,5502294900,5502293775,5502291155,5502294773,5502293790,5502291175,5502293274,5502298320,5502293963,5502294045,5502293580,5502293832,5502295319,5502293729
STAT,(NULL),nBad,44,3108807,75528,70306,69889,73099,74779,74108,68290,69406,69877,65233,65029,68155,74730,70803,79996,69160,72301,74399,69330,68477,68884,73068,68237,70069,76338,71582,70971,72520,70896,72025,68913,69788,74118,69445,68268,66401,69193,69149,72383,66228,66922,70772,67205,72537
STAT,(NULL),nEmpty,44,2064975,39041,47378,46376,47001,47075,47004,47493,46980,47060,47286,46927,47112,46746,47237,46818,46654,47185,47189,47620,47082,46901,46701,46824,47276,47503,47641,46622,47242,46842,47589,47205,46875,47388,47507,47131,47423,47468,47164,46902,47112,47509,46869,47061,46956
STAT,(NULL),nEmptyPop,44,223630,4690,5104,5284,5022,5152,5171,5045,5211,5142,5263,5342,5346,5169,5225,5134,5118,5186,5155,5105,5287,5256,5345,5085,4892,4867,4875,4849,4740,4809,5078,5074,4875,4983,5181,5149,5027,5110,5221,4898,5031,5097,5081,5006,4950
STAT,(NULL),nOverall,44,61442148,1193613,1397224,1399907,1403985,1401232,1404040,1399955,1400569,1399873,1402114,1399637,1401276,1398605,1400745,1399174,1396037,1395714,1404701,1402748,1397175,1396068,1395594,1403442,1403455,1402859,1408790,1406039,1405592,1402678,1399750,1405983,1406764,1405014,1402851,1404922,1404660,1395465,1393869,1396962,1401168,1403375,1405456,1396593,1396475
STAT,(NULL),nPop,44,27182702,528264,618510,618725,621333,619905,620809,619033,619533,619951,620803,619034,619761,618977,620128,618960,616874,617450,621310,621573,618149,617194,617489,620693,620564,621329,623051,621856,621812,620251,619199,622824,622165,621576,619895,621717,621252,618057,617255,617530,619958,620503,621670,618009,617771
STAT,(NULL),nPush,44,27182699,526947,618908,618731,620994,619723,621199,619546,618921,619367,620973,619440,620472,619676,619875,618248,617342,617126,620141,620278,618077,617496,617338,620514,620354,621059,623097,622873,622396,620743,619846,621971,622678,621200,620823,621324,621142,617851,616551,618198,620208,621114,622337,617954,617648
STAT,(NULL),nPushInit,44,3,1,1,1,0,0,0,0,0,0,0,0,0,0,0,0,0,0,0,0,0,0,0,0,0,0,0,0,0,0,0,0,0,0,0,0,0,0,0,0,0,0,0,0,0
==== BENCHMARK TOOK 6.790
