==== BENCHMARK START ===
==== PARAMS kernel=4.9.5-64-net1 malloc=libc hostname=rack-castor threads=22 delta=4 prog=sssp-klsm256mq  ===
ERROR: ld.so: object '/specific/disk1/home/adamx/malloc/lib64/libjemalloc.so' from LD_PRELOAD cannot be preloaded (cannot open shared object file): ignored.
Galois Benchmark Suite v2.2.1 (r0)
Copyright (C) 2014 The University of Texas at Austin
http://iss.ices.utexas.edu/galois/

application: Single Source Shortest Path
Computes the shortest path from a source node to all nodes in a directed graph using a modified chaotic iteration algorithm
http://iss.ices.utexas.edu/?p=projects/galois/benchmarks/single_source_shortest_path

INFO: CommandLine ./build/debug/apps/sssp/sssp -noverify -t 22 -delta 4 -wl klsm256mq -startNode 0 /specific/disk1/home/mad/Galois-PQ/inputs/ljournal-2008.gr
INFO: Hostname rack-castor
Read 5363260 nodes
Running Asynchronous with CAS version
INFO: Using delta-step of 1
WARNING: Performance varies considerably due to delta parameter.
WARNING: Do not expect the default to be good for your graph.
Node 1 has distance 126
STATTYPE,LOOP,CATEGORY,n,sum,T0,T1,T2,T3,T4,T5,T6,T7,T8,T9,T10,T11,T12,T13,T14,T15,T16,T17,T18,T19,T20,T21
STAT,(NULL),BadWork,22,5830904,61558,186873,337477,660496,187248,138927,181798,158067,138134,26404,270982,324915,271819,419801,195472,154624,255262,843255,523103,102802,160623,231264
STAT,(NULL),BarrierTime,22,3276693,443576,246880,321332,272267,227908,216797,223799,165388,167076,124824,133888,115528,114232,129436,130868,32758,32495,9408,94920,41740,16422,15151
STAT,(NULL),ConflictTime,22,0,0,0,0,0,0,0,0,0,0,0,0,0,0,0,0,0,0,0,0,0,0,0
STAT,(NULL),Conflicts,22,0,0,0,0,0,0,0,0,0,0,0,0,0,0,0,0,0,0,0,0,0,0,0
STAT,(NULL),EmptyPopTime,22,553156750,23755467,21665179,27236552,20959371,21231046,21053992,24100093,29498844,27903321,26221891,23740571,24381713,26100449,26441034,27188071,27387434,26315838,27042116,23162580,23433102,26188118,28149968
STAT,(NULL),EmptyWork,22,1583642884,71232570,71435684,72799977,71656928,71879107,72502940,71119613,71879514,70696703,71501132,72765454,72080051,71441560,71914993,70683504,72916314,72310322,72352682,72030803,72041417,72206126,74195490
STAT,(NULL),GaloisTime,22,5932365083,262013211,255922572,272933295,256226262,256162268,259332719,265746811,276599103,274766289,278742232,280672888,266183119,273661646,276156559,274388405,273010881,271079344,277920291,268377338,267412581,266944320,278112949
STAT,(NULL),InitPushTime,22,1018071,3676,154531,57352,40192,36028,39832,36687,45904,35203,39156,35752,34475,38312,39168,39288,64819,64328,62780,36836,37952,38032,37768
STAT,(NULL),Iterations,22,9360602,436004,478892,403274,481083,481033,481757,433203,385220,408352,402422,408527,439806,407752,406635,397816,401917,418175,394239,441434,445964,415713,391384
STAT,(NULL),LoopTime,22,5664233408,5664233408,0,0,0,0,0,0,0,0,0,0,0,0,0,0,0,0,0,0,0,0,0
STAT,(NULL),MeminfoPost,22,528,24,24,24,24,24,24,24,24,24,24,24,24,24,24,24,24,24,24,24,24,24,24
STAT,(NULL),MeminfoPre,22,528,24,24,24,24,24,24,24,24,24,24,24,24,24,24,24,24,24,24,24,24,24,24
STAT,(NULL),NumaPost,22,10988,9896,389,603,100,0,0,0,0,0,0,0,0,0,0,0,0,0,0,0,0,0,0
STAT,(NULL),PopTime,22,17491970160,797630141,794843136,798196499,794135350,790286606,787838408,797578567,802272308,796535803,800677940,789679368,789293045,795426953,792936251,796826416,799120660,790911349,795545397,794943686,797584760,793354891,796352626
STAT,(NULL),PushTime,22,50229920417,2291830001,2251565484,2316525967,2245042394,2242534569,2248153872,2265273635,2305938028,2280100237,2305922257,2315682430,2259328681,2288032842,2300103988,2291309364,2282178050,2312799621,2297871223,2278390636,2265986864,2287336424,2298013850
STAT,(NULL),RusageSys,22,0,0,0,0,0,0,0,0,0,0,0,0,0,0,0,0,0,0,0,0,0,0,0
STAT,(NULL),RusageUser,22,55400000,55400000,0,0,0,0,0,0,0,0,0,0,0,0,0,0,0,0,0,0,0,0,0
STAT,(NULL),Threads,22,22,22,0,0,0,0,0,0,0,0,0,0,0,0,0,0,0,0,0,0,0,0,0
STAT,(NULL),Time,22,5678628560,5678628560,0,0,0,0,0,0,0,0,0,0,0,0,0,0,0,0,0,0,0,0,0
STAT,(NULL),TotalTime,22,12300984816,12300984816,0,0,0,0,0,0,0,0,0,0,0,0,0,0,0,0,0,0,0,0,0
STAT,(NULL),UserTime,22,45940668318,2086798406,2137827687,2045566950,2145239464,2151166641,2144377694,2109442602,2047071469,2083258901,2050195002,2050719132,2121996185,2078597286,2065708157,2072865230,2078644749,2059841459,2062525684,2096354928,2106802115,2087231052,2058437525
STAT,(NULL),Work,22,121733656955,5533364140,5533340493,5533342220,5533340269,5533340132,5533340172,5533341099,5533340238,5533363008,5533340850,5533343066,5533366439,5533359020,5533341202,5533342130,5533339287,5533337664,5533363286,5533340156,5533340614,5533365414,5533366056
STAT,(NULL),nBad,22,8228,111,300,522,951,321,200,345,196,238,62,336,415,430,697,199,221,297,1025,659,101,186,416
STAT,(NULL),nEmpty,22,4544396,212935,232501,195246,233650,234067,234160,208792,182383,198097,195809,203614,212866,196723,196643,190780,193878,203814,192791,215207,217037,202124,191279
STAT,(NULL),nEmptyPop,22,447596,20298,20484,20445,20000,20292,20069,20268,20642,20198,20357,19772,20245,19974,20423,20509,20761,20631,20184,20185,20367,20675,20817
STAT,(NULL),nOverall,22,77887986,3445597,3928649,3251644,3947794,3974780,3942870,3759413,3382406,3587986,3253453,3151733,3738630,3425462,3375587,3548590,3523297,3167120,3368964,3478740,3626826,3567376,3441069
STAT,(NULL),nPop,22,9360602,436004,478892,403274,481083,481033,481757,433203,385220,408352,402422,408527,439806,407752,406635,397816,401917,418175,394239,441434,445964,415713,391384
STAT,(NULL),nPush,22,9360601,410875,471209,396201,467567,475146,468962,454587,410715,432031,394161,391570,446095,398934,410329,430240,420628,376430,400517,418041,434007,433390,418966
STAT,(NULL),nPushInit,22,1,0,1,0,0,0,0,0,0,0,0,0,0,0,0,0,0,0,0,0,0,0,0
==== BENCHMARK TOOK 6.368
==== BENCHMARK START ===
==== PARAMS kernel=4.9.5-64-net1 malloc=libc hostname=rack-castor threads=22 delta=4 prog=sssp-klsm256mq  ===
ERROR: ld.so: object '/specific/disk1/home/adamx/malloc/lib64/libjemalloc.so' from LD_PRELOAD cannot be preloaded (cannot open shared object file): ignored.
Galois Benchmark Suite v2.2.1 (r0)
Copyright (C) 2014 The University of Texas at Austin
http://iss.ices.utexas.edu/galois/

application: Single Source Shortest Path
Computes the shortest path from a source node to all nodes in a directed graph using a modified chaotic iteration algorithm
http://iss.ices.utexas.edu/?p=projects/galois/benchmarks/single_source_shortest_path

INFO: CommandLine ./build/debug/apps/sssp/sssp -noverify -t 22 -delta 4 -wl klsm256mq -startNode 0 /specific/disk1/home/mad/Galois-PQ/inputs/ljournal-2008.gr
INFO: Hostname rack-castor
Read 5363260 nodes
Running Asynchronous with CAS version
INFO: Using delta-step of 1
WARNING: Performance varies considerably due to delta parameter.
WARNING: Do not expect the default to be good for your graph.
Node 1 has distance 126
STATTYPE,LOOP,CATEGORY,n,sum,T0,T1,T2,T3,T4,T5,T6,T7,T8,T9,T10,T11,T12,T13,T14,T15,T16,T17,T18,T19,T20,T21
STAT,(NULL),BadWork,22,5107161,269779,254883,555262,411225,275999,31113,274096,296818,103910,152311,22555,96826,259993,88056,501952,95481,288406,384348,309976,165028,15281,253863
STAT,(NULL),BarrierTime,22,3266304,389777,246124,271900,235385,235348,235960,234102,136128,130488,159450,67249,173444,134468,134702,142291,30500,33161,44754,35328,90104,90122,15519
STAT,(NULL),ConflictTime,22,0,0,0,0,0,0,0,0,0,0,0,0,0,0,0,0,0,0,0,0,0,0,0
STAT,(NULL),Conflicts,22,0,0,0,0,0,0,0,0,0,0,0,0,0,0,0,0,0,0,0,0,0,0,0
STAT,(NULL),EmptyPopTime,22,527933996,23421071,21538870,24620377,21068669,21380641,20745397,21995733,23806776,23216784,24552486,22601599,23335513,23714850,24122359,29159136,25856495,23572966,29327334,24773368,22857661,24140389,28125522
STAT,(NULL),EmptyWork,22,1539157128,69495964,68921305,69534981,69826487,69860603,69313889,69737085,69276406,70009543,70210378,71654332,71469797,70660318,69674916,70543863,68703674,69804511,71250279,69673889,69472627,68304662,71757619
STAT,(NULL),GaloisTime,22,5833859967,261685484,250350839,271933877,253853084,251794703,255716098,261090552,268215096,268409337,269456186,267906592,267510894,268414984,264321272,274445565,267041633,257250804,270370901,271568884,267270432,270161888,275090862
STAT,(NULL),InitPushTime,22,950955,2508,125072,79344,40104,40040,39784,40604,36338,39008,39096,65274,38784,38284,37996,35346,39148,38732,34111,36752,36384,34308,33938
STAT,(NULL),Iterations,22,9360541,429609,467725,406797,471123,470217,472219,448950,413956,421120,408446,427442,421234,419817,432808,381288,406221,448467,398774,407015,423730,401695,381888
STAT,(NULL),LoopTime,22,5696004322,5696004322,0,0,0,0,0,0,0,0,0,0,0,0,0,0,0,0,0,0,0,0,0
STAT,(NULL),MeminfoPost,22,528,24,24,24,24,24,24,24,24,24,24,24,24,24,24,24,24,24,24,24,24,24,24
STAT,(NULL),MeminfoPre,22,528,24,24,24,24,24,24,24,24,24,24,24,24,24,24,24,24,24,24,24,24,24,24
STAT,(NULL),NumaPost,22,10959,9901,181,777,100,0,0,0,0,0,0,0,0,0,0,0,0,0,0,0,0,0,0
STAT,(NULL),PopTime,22,17064722545,775109344,778163474,777420160,774163854,773373684,771459949,773207994,780846414,781122507,780785224,773688003,773072510,774966079,773005025,781577207,775166522,769285184,777854069,773847630,774267665,775101678,777238369
STAT,(NULL),PushTime,22,50658917689,2297184510,2275134730,2331490644,2258636955,2269190149,2262466570,2303937956,2314995564,2303089868,2315037844,2311759941,2308020712,2304746723,2302111781,2309544058,2325314014,2307328156,2288345565,2312616164,2312886688,2336144415,2308934682
STAT,(NULL),RusageSys,22,0,0,0,0,0,0,0,0,0,0,0,0,0,0,0,0,0,0,0,0,0,0,0
STAT,(NULL),RusageUser,22,55352000,55352000,0,0,0,0,0,0,0,0,0,0,0,0,0,0,0,0,0,0,0,0,0
STAT,(NULL),Threads,22,22,22,0,0,0,0,0,0,0,0,0,0,0,0,0,0,0,0,0,0,0,0,0
STAT,(NULL),Time,22,5708363256,5708363256,0,0,0,0,0,0,0,0,0,0,0,0,0,0,0,0,0,0,0,0,0
STAT,(NULL),TotalTime,22,11766325888,11766325888,0,0,0,0,0,0,0,0,0,0,0,0,0,0,0,0,0,0,0,0,0
STAT,(NULL),UserTime,22,46008475556,2101879325,2134666015,2053775279,2151226265,2143175656,2149073165,2098806096,2071635610,2082928039,2068733709,2081162339,2085366096,2086272680,2095540825,2063507555,2066694786,2101534518,2091627953,2076295407,2082021143,2054923033,2067630062
STAT,(NULL),Work,22,121634838236,5528877782,5528851710,5528856678,5528851726,5528851551,5528851401,5528851619,5528855965,5528854354,5528862020,5528849523,5528853634,5528854126,5528851869,5528855397,5528856520,5528851733,5528855880,5528854194,5528852304,5528858760,5528879490
STAT,(NULL),nBad,22,7879,399,429,828,595,493,40,425,409,157,329,34,235,536,117,537,220,338,562,557,271,27,341
STAT,(NULL),nEmpty,22,4544323,206960,226492,199017,227298,228349,228620,220302,202411,205280,199638,210190,206057,204612,211174,178734,199068,220290,186142,196401,207805,197029,182454
STAT,(NULL),nEmptyPop,22,446042,20338,20503,20395,20135,20460,19921,20414,20171,19884,20011,20046,20275,20320,20240,20611,20516,20665,20623,20010,19955,20091,20458
STAT,(NULL),nOverall,22,77887637,3667833,3908922,3300169,3970842,3949786,3971566,3529012,3449028,3515524,3422733,3379203,3404997,3513364,3562855,3598483,3241898,3555968,3590735,3242735,3398120,3221433,3492431
STAT,(NULL),nPop,22,9360541,429609,467725,406797,471123,470217,472219,448950,413956,421120,408446,427442,421234,419817,432808,381288,406221,448467,398774,407015,423730,401695,381888
STAT,(NULL),nPush,22,9360540,447051,466259,402798,470812,471162,470163,414467,427561,426836,407511,397930,410150,425631,433634,439307,385192,429801,432942,365465,407946,396528,431394
STAT,(NULL),nPushInit,22,1,0,1,0,0,0,0,0,0,0,0,0,0,0,0,0,0,0,0,0,0,0,0
==== BENCHMARK TOOK 6.168
==== BENCHMARK START ===
==== PARAMS kernel=4.9.5-64-net1 malloc=libc hostname=rack-castor threads=22 delta=4 prog=sssp-klsm256mq  ===
ERROR: ld.so: object '/specific/disk1/home/adamx/malloc/lib64/libjemalloc.so' from LD_PRELOAD cannot be preloaded (cannot open shared object file): ignored.
Galois Benchmark Suite v2.2.1 (r0)
Copyright (C) 2014 The University of Texas at Austin
http://iss.ices.utexas.edu/galois/

application: Single Source Shortest Path
Computes the shortest path from a source node to all nodes in a directed graph using a modified chaotic iteration algorithm
http://iss.ices.utexas.edu/?p=projects/galois/benchmarks/single_source_shortest_path

INFO: CommandLine ./build/debug/apps/sssp/sssp -noverify -t 22 -delta 4 -wl klsm256mq -startNode 0 /specific/disk1/home/mad/Galois-PQ/inputs/ljournal-2008.gr
INFO: Hostname rack-castor
Read 5363260 nodes
Running Asynchronous with CAS version
INFO: Using delta-step of 1
WARNING: Performance varies considerably due to delta parameter.
WARNING: Do not expect the default to be good for your graph.
Node 1 has distance 126
STATTYPE,LOOP,CATEGORY,n,sum,T0,T1,T2,T3,T4,T5,T6,T7,T8,T9,T10,T11,T12,T13,T14,T15,T16,T17,T18,T19,T20,T21
STAT,(NULL),BadWork,22,6091101,133042,200896,212121,199671,453989,391904,282541,74212,593607,85160,364962,211846,31195,293624,520030,395665,317046,132051,86735,420095,641622,49087
STAT,(NULL),BarrierTime,22,4097293,546436,298907,329245,281122,279455,307346,196665,188590,153642,151960,158362,231452,219276,165937,156553,27567,33987,33238,98384,73802,97212,68155
STAT,(NULL),ConflictTime,22,0,0,0,0,0,0,0,0,0,0,0,0,0,0,0,0,0,0,0,0,0,0,0
STAT,(NULL),Conflicts,22,0,0,0,0,0,0,0,0,0,0,0,0,0,0,0,0,0,0,0,0,0,0,0
STAT,(NULL),EmptyPopTime,22,534913027,23285314,21481067,28955621,21117553,22159156,21109535,25266460,23887414,25599757,22549017,23545219,23403418,25176799,21597672,27576745,24529961,28959265,25009322,26352647,21351319,25349644,26650122
STAT,(NULL),EmptyWork,22,1538727372,71064686,68300773,70441904,68151429,70848236,72053274,68321063,70387447,70198282,70259983,70964238,69222601,70090231,69188806,71291060,70275228,69675300,70088533,70420417,69659928,69235472,68588481
STAT,(NULL),GaloisTime,22,5823062434,250773230,251370110,269349848,253253119,254466682,252113447,271744612,261524258,274134245,264465995,264955709,268651441,275352076,263182962,272306353,267222938,270795112,270315913,276844118,259927681,261109857,269202728
STAT,(NULL),InitPushTime,22,1117868,3440,161012,116020,40540,40436,39964,68112,36659,39768,39460,39016,38568,38612,38020,35510,65230,64160,62957,38024,36628,37988,37744
STAT,(NULL),Iterations,22,9360504,456458,466728,396728,470018,470326,470498,405046,439448,400295,434645,431806,416106,392733,448050,384859,409893,386854,410602,391178,453395,427675,397163
STAT,(NULL),LoopTime,22,5732966396,5732966396,0,0,0,0,0,0,0,0,0,0,0,0,0,0,0,0,0,0,0,0,0
STAT,(NULL),MeminfoPost,22,528,24,24,24,24,24,24,24,24,24,24,24,24,24,24,24,24,24,24,24,24,24,24
STAT,(NULL),MeminfoPre,22,528,24,24,24,24,24,24,24,24,24,24,24,24,24,24,24,24,24,24,24,24,24,24
STAT,(NULL),NumaPost,22,10988,9896,173,603,316,0,0,0,0,0,0,0,0,0,0,0,0,0,0,0,0,0,0
STAT,(NULL),PopTime,22,17070172167,773844998,773905323,780017209,773061486,772465619,767241298,773593759,774625259,775237502,777563092,773063232,769689613,775707264,773926559,786295789,778365741,780144482,778568485,775825444,776415490,776733674,783880849
STAT,(NULL),PushTime,22,51107841393,2294141842,2294092272,2321777820,2287825112,2285723891,2286759050,2342598500,2305006998,2345088301,2327345718,2323522186,2335643200,2358415563,2319313079,2334382584,2331460020,2355687808,2318458980,2355781308,2308058808,2332392087,2344366266
STAT,(NULL),RusageSys,22,4000,4000,0,0,0,0,0,0,0,0,0,0,0,0,0,0,0,0,0,0,0,0,0
STAT,(NULL),RusageUser,22,55576000,55576000,0,0,0,0,0,0,0,0,0,0,0,0,0,0,0,0,0,0,0,0,0
STAT,(NULL),Threads,22,22,22,0,0,0,0,0,0,0,0,0,0,0,0,0,0,0,0,0,0,0,0,0
STAT,(NULL),Time,22,5745443838,5745443838,0,0,0,0,0,0,0,0,0,0,0,0,0,0,0,0,0,0,0,0,0
STAT,(NULL),TotalTime,22,11866750598,11866750598,0,0,0,0,0,0,0,0,0,0,0,0,0,0,0,0,0,0,0,0,0
STAT,(NULL),UserTime,22,46060968581,2138511607,2142472140,2081079139,2148212904,2145958013,2152345736,2070096127,2116191196,2061364258,2089438948,2095570934,2085011091,2046880849,2104415534,2059769073,2079767239,2046357767,2089179021,2046398690,2116211265,2086801904,2058935146
STAT,(NULL),Work,22,122137672383,5551723848,5551702432,5551702421,5551702302,5551702365,5551702733,5551705816,5551703282,5551727940,5551729108,5551727621,5551703136,5551722260,5551727288,5551707938,5551708486,5551703212,5551706726,5551704340,5551728011,5551703226,5551727892
STAT,(NULL),nBad,22,7826,189,328,314,329,647,462,312,120,738,109,500,394,56,352,628,295,394,128,166,562,730,73
STAT,(NULL),nEmpty,22,4544301,218439,225688,188666,227099,227579,228493,197225,213004,194262,215140,211441,201353,192811,221072,184917,200713,185174,197979,189672,223469,208498,191607
STAT,(NULL),nEmptyPop,22,447155,20582,20450,20778,20192,20037,20231,20436,20583,20010,20195,20230,19994,20116,20111,20720,20589,20403,20281,20045,19868,20682,20622
STAT,(NULL),nOverall,22,77887584,3958726,3907443,3580528,3930384,3931487,3958598,3309079,3757545,3333103,3329491,3563720,3434533,3242832,3403241,3534218,3346544,3305254,3566669,3159526,3610017,3464329,3260317
STAT,(NULL),nPop,22,9360504,456458,466728,396728,470018,470326,470498,405046,439448,400295,434645,431806,416106,392733,448050,384859,409893,386854,410602,391178,453395,427675,397163
STAT,(NULL),nPush,22,9360503,479744,465067,433036,470376,470087,469913,382645,457488,406445,386650,432769,419093,397199,398247,438048,400859,405195,438817,379440,431284,406824,391277
STAT,(NULL),nPushInit,22,1,0,1,0,0,0,0,0,0,0,0,0,0,0,0,0,0,0,0,0,0,0,0
==== BENCHMARK TOOK 6.111
==== BENCHMARK START ===
==== PARAMS kernel=4.9.5-64-net1 malloc=libc hostname=rack-castor threads=22 delta=4 prog=sssp-klsm256mq  ===
ERROR: ld.so: object '/specific/disk1/home/adamx/malloc/lib64/libjemalloc.so' from LD_PRELOAD cannot be preloaded (cannot open shared object file): ignored.
Galois Benchmark Suite v2.2.1 (r0)
Copyright (C) 2014 The University of Texas at Austin
http://iss.ices.utexas.edu/galois/

application: Single Source Shortest Path
Computes the shortest path from a source node to all nodes in a directed graph using a modified chaotic iteration algorithm
http://iss.ices.utexas.edu/?p=projects/galois/benchmarks/single_source_shortest_path

INFO: CommandLine ./build/debug/apps/sssp/sssp -noverify -t 22 -delta 4 -wl klsm256mq -startNode 0 /specific/disk1/home/mad/Galois-PQ/inputs/ljournal-2008.gr
INFO: Hostname rack-castor
Read 5363260 nodes
Running Asynchronous with CAS version
INFO: Using delta-step of 1
WARNING: Performance varies considerably due to delta parameter.
WARNING: Do not expect the default to be good for your graph.
Node 1 has distance 126
STATTYPE,LOOP,CATEGORY,n,sum,T0,T1,T2,T3,T4,T5,T6,T7,T8,T9,T10,T11,T12,T13,T14,T15,T16,T17,T18,T19,T20,T21
STAT,(NULL),BadWork,22,5456295,676307,99282,194490,276867,274298,63550,130404,173144,143266,336197,423909,177343,338392,563333,178142,133341,245169,89566,48266,90600,322131,478298
STAT,(NULL),BarrierTime,22,3811877,504671,279895,303637,268036,268783,241670,222256,177800,162289,151784,155436,147352,117006,148728,142028,88160,88472,9240,78834,95088,68048,92664
STAT,(NULL),ConflictTime,22,0,0,0,0,0,0,0,0,0,0,0,0,0,0,0,0,0,0,0,0,0,0,0
STAT,(NULL),Conflicts,22,0,0,0,0,0,0,0,0,0,0,0,0,0,0,0,0,0,0,0,0,0,0,0
STAT,(NULL),EmptyPopTime,22,592170896,25614571,21631904,28331011,22685198,21378137,21148816,25934355,30513554,34757680,30434821,26953994,25717056,25287790,27049729,27069589,29413517,26095756,28754021,28915374,28127551,27878788,28477684
STAT,(NULL),EmptyWork,22,1642447921,75236333,73005194,75198749,72195397,73423057,74812148,75185470,74870290,74848596,75026191,74557350,76875427,76853907,74030986,74658968,75592127,72360311,75598685,75240633,76591777,72541400,73744925
STAT,(NULL),GaloisTime,22,6144147310,269410438,259299721,289572069,261812013,261340252,265019518,280425647,280580602,300157244,286533534,285806598,281841914,271757548,280629892,279262231,283583556,279989686,290597530,293395795,287421557,274976512,280733453
STAT,(NULL),InitPushTime,22,1019442,2730,152044,108985,40292,36911,39684,40600,40116,35252,39264,38560,38244,39072,38064,39828,39224,38744,62560,37140,36652,37796,37680
STAT,(NULL),Iterations,22,9360632,451197,490293,391112,494862,494754,496173,420079,408852,344704,398527,412779,428837,448716,432282,418887,404638,420787,386557,378896,397902,433927,405871
STAT,(NULL),LoopTime,22,5862147806,5862147806,0,0,0,0,0,0,0,0,0,0,0,0,0,0,0,0,0,0,0,0,0
STAT,(NULL),MeminfoPost,22,528,24,24,24,24,24,24,24,24,24,24,24,24,24,24,24,24,24,24,24,24,24,24
STAT,(NULL),MeminfoPre,22,528,24,24,24,24,24,24,24,24,24,24,24,24,24,24,24,24,24,24,24,24,24,24
STAT,(NULL),NumaPost,22,10983,9894,171,602,316,0,0,0,0,0,0,0,0,0,0,0,0,0,0,0,0,0,0
STAT,(NULL),PopTime,22,18032512256,823332870,820771143,823740314,812512452,813840762,813218157,818798506,820711548,825068403,819278621,815214191,816510647,813737620,817054763,826416646,825842849,823070557,820110504,822223180,822150363,815330514,823577646
STAT,(NULL),PushTime,22,51944050277,2332366052,2325490728,2398763632,2313254372,2314560067,2307035725,2373730259,2345026652,2397151398,2378243976,2372775137,2377155642,2341588956,2337547172,2369304649,2371761302,2370638086,2386919099,2409325576,2386013170,2373093847,2362304780
STAT,(NULL),RusageSys,22,0,0,0,0,0,0,0,0,0,0,0,0,0,0,0,0,0,0,0,0,0,0,0
STAT,(NULL),RusageUser,22,57000000,57000000,0,0,0,0,0,0,0,0,0,0,0,0,0,0,0,0,0,0,0,0,0
STAT,(NULL),Threads,22,22,22,0,0,0,0,0,0,0,0,0,0,0,0,0,0,0,0,0,0,0,0,0
STAT,(NULL),Time,22,5874487004,5874487004,0,0,0,0,0,0,0,0,0,0,0,0,0,0,0,0,0,0,0,0,0
STAT,(NULL),TotalTime,22,12753117976,12753117976,0,0,0,0,0,0,0,0,0,0,0,0,0,0,0,0,0,0,0,0,0
STAT,(NULL),UserTime,22,46892793085,2167135168,2192897925,2077491002,2210636342,2208554083,2211862470,2119023395,2141393342,2061112497,2103579693,2117789584,2114996070,2163870423,2156784300,2116384939,2106902687,2120942730,2091113472,2063996974,2092792230,2129275781,2124257978
STAT,(NULL),Work,22,125250188441,5693205691,5693179869,5693182483,5693179675,5693180319,5693180079,5693198108,5693182184,5693205349,5693206206,5693204540,5693183160,5693206866,5693182338,5693182626,5693181822,5693183906,5693201016,5693195322,5693180688,5693203296,5693182898
STAT,(NULL),nBad,22,7901,1074,163,206,407,555,105,188,286,149,423,458,289,520,845,229,180,426,100,45,131,449,673
STAT,(NULL),nEmpty,22,4544407,217815,238896,190236,240536,241365,241483,207063,190249,162661,193107,201042,212719,219681,205453,202333,195081,206030,189265,186302,193446,214441,195203
STAT,(NULL),nEmptyPop,22,450059,20191,20488,20503,20205,20337,20042,20435,20680,20843,20344,20235,20358,20468,20457,20686,20738,20708,20319,20360,20426,20480,20756
STAT,(NULL),nOverall,22,77887659,3877809,4013658,3210013,4057191,4085447,4062603,3364248,3804831,3210591,3409967,3395662,3338342,3733859,3733594,3358452,3372964,3508541,3199415,3117875,3243532,3352466,3436599
STAT,(NULL),nPop,22,9360632,451197,490293,391112,494862,494754,496173,420079,408852,344704,398527,412779,428837,448716,432282,418887,404638,420787,386557,378896,397902,433927,405871
STAT,(NULL),nPush,22,9360631,468592,475727,386891,480761,491680,480097,405657,463171,393070,413318,402090,399786,438090,446719,405207,412363,428237,379343,387067,387336,407274,408155
STAT,(NULL),nPushInit,22,1,0,1,0,0,0,0,0,0,0,0,0,0,0,0,0,0,0,0,0,0,0,0
==== BENCHMARK TOOK 6.567
==== BENCHMARK START ===
==== PARAMS kernel=4.9.5-64-net1 malloc=libc hostname=rack-castor threads=22 delta=4 prog=sssp-klsm256mq  ===
ERROR: ld.so: object '/specific/disk1/home/adamx/malloc/lib64/libjemalloc.so' from LD_PRELOAD cannot be preloaded (cannot open shared object file): ignored.
Galois Benchmark Suite v2.2.1 (r0)
Copyright (C) 2014 The University of Texas at Austin
http://iss.ices.utexas.edu/galois/

application: Single Source Shortest Path
Computes the shortest path from a source node to all nodes in a directed graph using a modified chaotic iteration algorithm
http://iss.ices.utexas.edu/?p=projects/galois/benchmarks/single_source_shortest_path

INFO: CommandLine ./build/debug/apps/sssp/sssp -noverify -t 22 -delta 4 -wl klsm256mq -startNode 0 /specific/disk1/home/mad/Galois-PQ/inputs/ljournal-2008.gr
INFO: Hostname rack-castor
Read 5363260 nodes
Running Asynchronous with CAS version
INFO: Using delta-step of 1
WARNING: Performance varies considerably due to delta parameter.
WARNING: Do not expect the default to be good for your graph.
Node 1 has distance 126
STATTYPE,LOOP,CATEGORY,n,sum,T0,T1,T2,T3,T4,T5,T6,T7,T8,T9,T10,T11,T12,T13,T14,T15,T16,T17,T18,T19,T20,T21
STAT,(NULL),BadWork,22,6508996,150589,237676,131148,161957,258117,355346,261596,330313,170261,388434,194683,215992,477918,349044,78888,603630,670261,393443,379813,142073,107754,450060
STAT,(NULL),BarrierTime,22,3646266,511426,277837,235014,272390,272185,233809,96602,180572,190120,201952,204629,171336,120982,75288,63981,40872,32587,103564,70008,105156,102932,83024
STAT,(NULL),ConflictTime,22,0,0,0,0,0,0,0,0,0,0,0,0,0,0,0,0,0,0,0,0,0,0,0
STAT,(NULL),Conflicts,22,0,0,0,0,0,0,0,0,0,0,0,0,0,0,0,0,0,0,0,0,0,0,0
STAT,(NULL),EmptyPopTime,22,551221692,24551733,21390832,28470082,21012173,21179673,21144891,29006806,25519235,27334734,23589318,25117811,21280550,24911943,23748272,23649429,29396599,23740367,26482186,29324282,27454785,26564623,26351368
STAT,(NULL),EmptyWork,22,1597846433,74549968,70397152,75227699,72525149,70693155,72219496,70924811,70062545,73964306,73377597,71275838,71151386,71993737,74208069,72060234,72639219,74351293,75865945,74068042,72168598,71515201,72606993
STAT,(NULL),GaloisTime,22,5985756197,266857933,256140189,275631926,258410603,258005563,257856116,280964823,275221745,281706956,274874994,272825068,263973978,281061434,276623666,269609428,279492997,268200336,274648527,284837969,281397112,272211460,275203374
STAT,(NULL),InitPushTime,22,1145877,3118,159417,97709,72828,68532,39896,68075,40380,39432,36022,35106,35085,56300,34287,39344,64973,64269,37224,36884,36572,37920,42504
STAT,(NULL),Iterations,22,9360877,433735,478878,406584,483089,482819,483462,386010,406008,395237,428999,420083,468781,399401,417745,430273,385138,431718,416587,383788,392374,415865,414303
STAT,(NULL),LoopTime,22,5792576553,5792576553,0,0,0,0,0,0,0,0,0,0,0,0,0,0,0,0,0,0,0,0,0
STAT,(NULL),MeminfoPost,22,528,24,24,24,24,24,24,24,24,24,24,24,24,24,24,24,24,24,24,24,24,24,24
STAT,(NULL),MeminfoPre,22,528,24,24,24,24,24,24,24,24,24,24,24,24,24,24,24,24,24,24,24,24,24,24
STAT,(NULL),NumaPost,22,10972,9890,400,582,100,0,0,0,0,0,0,0,0,0,0,0,0,0,0,0,0,0,0
STAT,(NULL),PopTime,22,17550748192,798745495,796122648,800171471,794804714,797225246,791753429,798756616,798489342,799493205,793729003,796364840,794352603,796443523,793324181,798678502,803415684,801619712,796758369,798964858,796210858,801415882,803908011
STAT,(NULL),PushTime,22,51795393820,2336136709,2314297765,2371325258,2302760841,2311213077,2310834030,2382202060,2389088533,2379121792,2354207607,2341471082,2333071274,2397317395,2372170069,2370343718,2370024443,2358968889,2353779994,2367155994,2372625733,2353098548,2354179009
STAT,(NULL),RusageSys,22,0,0,0,0,0,0,0,0,0,0,0,0,0,0,0,0,0,0,0,0,0,0,0
STAT,(NULL),RusageUser,22,56428000,56428000,0,0,0,0,0,0,0,0,0,0,0,0,0,0,0,0,0,0,0,0,0
STAT,(NULL),Threads,22,22,22,0,0,0,0,0,0,0,0,0,0,0,0,0,0,0,0,0,0,0,0,0
STAT,(NULL),Time,22,5804941658,5804941658,0,0,0,0,0,0,0,0,0,0,0,0,0,0,0,0,0,0,0,0,0
STAT,(NULL),TotalTime,22,12112608300,12112608300,0,0,0,0,0,0,0,0,0,0,0,0,0,0,0,0,0,0,0,0,0
STAT,(NULL),UserTime,22,46505288387,2134897235,2177391116,2084908859,2186225036,2177422838,2181931375,2073882698,2077357394,2074118023,2115960414,2128683938,2151910102,2064009430,2095664909,2101399157,2080768096,2108856571,2108204521,2081389075,2085883510,2110934109,2103489981
STAT,(NULL),Work,22,123988060434,5635841700,5635817367,5635815432,5635817003,5635817038,5635817240,5635839205,5635819278,5635817256,5635819140,5635817011,5635817567,5635817286,5635819104,5635818390,5635815589,5635815968,5635818182,5635842554,5635820572,5635817796,5635819756
STAT,(NULL),nBad,22,8490,250,453,126,229,388,526,330,455,302,577,250,255,577,446,126,538,580,498,665,145,175,599
STAT,(NULL),nEmpty,22,4544645,208139,232323,195837,234741,234727,234892,187382,197963,192038,211003,202098,230288,198769,206092,212547,182890,211689,199532,185007,187931,198584,200173
STAT,(NULL),nEmptyPop,22,445003,20394,20227,20385,20079,20218,20205,20611,20133,19850,20228,19931,19976,20173,19809,20394,20590,20400,20031,20358,20083,20333,20595
STAT,(NULL),nOverall,22,77888248,3740479,4013274,3407569,4079811,4025403,4016902,3315659,3255955,3271989,3405345,3671791,3774721,3091152,3332713,3333559,3460065,3428487,3503855,3351176,3391305,3515565,3501473
STAT,(NULL),nPop,22,9360877,433735,478878,406584,483089,482819,483462,386010,406008,395237,428999,420083,468781,399401,417745,430273,385138,431718,416587,383788,392374,415865,414303
STAT,(NULL),nPush,22,9360876,455328,483134,402056,489245,480328,482345,394175,392025,402004,406039,437448,454190,377882,402416,392302,413533,407794,424420,409277,407887,425995,421053
STAT,(NULL),nPushInit,22,1,0,1,0,0,0,0,0,0,0,0,0,0,0,0,0,0,0,0,0,0,0,0
==== BENCHMARK TOOK 6.293
==== BENCHMARK START ===
==== PARAMS kernel=4.9.5-64-net1 malloc=libc hostname=rack-castor threads=22 delta=4 prog=sssp-klsm256mq  ===
ERROR: ld.so: object '/specific/disk1/home/adamx/malloc/lib64/libjemalloc.so' from LD_PRELOAD cannot be preloaded (cannot open shared object file): ignored.
Galois Benchmark Suite v2.2.1 (r0)
Copyright (C) 2014 The University of Texas at Austin
http://iss.ices.utexas.edu/galois/

application: Single Source Shortest Path
Computes the shortest path from a source node to all nodes in a directed graph using a modified chaotic iteration algorithm
http://iss.ices.utexas.edu/?p=projects/galois/benchmarks/single_source_shortest_path

INFO: CommandLine ./build/debug/apps/sssp/sssp -noverify -t 22 -delta 4 -wl klsm256mq -startNode 0 /specific/disk1/home/mad/Galois-PQ/inputs/ljournal-2008.gr
INFO: Hostname rack-castor
Read 5363260 nodes
Running Asynchronous with CAS version
INFO: Using delta-step of 1
WARNING: Performance varies considerably due to delta parameter.
WARNING: Do not expect the default to be good for your graph.
Node 1 has distance 126
STATTYPE,LOOP,CATEGORY,n,sum,T0,T1,T2,T3,T4,T5,T6,T7,T8,T9,T10,T11,T12,T13,T14,T15,T16,T17,T18,T19,T20,T21
STAT,(NULL),BadWork,22,4791432,517506,230500,142777,190084,184442,322951,145582,627048,397969,95294,225092,68557,26044,147798,96168,267399,283259,328261,172688,58198,129887,133928
STAT,(NULL),BarrierTime,22,2532726,393533,219494,224218,204872,213646,196264,183524,125149,131533,121512,97653,82145,7385,93844,64251,25055,10882,38788,10446,39588,36632,12312
STAT,(NULL),ConflictTime,22,0,0,0,0,0,0,0,0,0,0,0,0,0,0,0,0,0,0,0,0,0,0,0
STAT,(NULL),Conflicts,22,0,0,0,0,0,0,0,0,0,0,0,0,0,0,0,0,0,0,0,0,0,0,0
STAT,(NULL),EmptyPopTime,22,549926071,23963610,21148580,27938593,21083844,21247387,23563931,28798408,23467465,25846730,25519613,24454965,23199472,24399788,31331480,24066919,23588266,28399733,27838600,24244563,24325290,27663461,23835373
STAT,(NULL),EmptyWork,22,1575845644,69489328,70636139,71873207,71321773,70168658,70127911,71345852,71086738,74319159,71443680,70624615,71876104,72243777,72809038,72125764,71243954,71683064,73881703,72323994,70576776,73288287,71356123
STAT,(NULL),GaloisTime,22,6016841954,273107589,257018330,286888958,258116010,258948845,257968115,282534806,271487588,277800089,280985805,269745385,275694549,277713045,285744487,270413955,266896785,285975398,282872947,276993061,269759421,285215483,264961303
STAT,(NULL),InitPushTime,22,1016116,2640,153192,110560,40440,36575,35940,40532,36408,35446,39420,38964,38360,64643,37940,39280,39348,38692,37348,38132,36552,37936,37768
STAT,(NULL),Iterations,22,9359937,427083,479148,386504,482264,482358,482312,390572,432896,411587,408679,440555,427853,413062,368537,422025,431807,383343,396328,417839,438237,383884,453064
STAT,(NULL),LoopTime,22,5819172830,5819172830,0,0,0,0,0,0,0,0,0,0,0,0,0,0,0,0,0,0,0,0,0
STAT,(NULL),MeminfoPost,22,528,24,24,24,24,24,24,24,24,24,24,24,24,24,24,24,24,24,24,24,24,24,24
STAT,(NULL),MeminfoPre,22,528,24,24,24,24,24,24,24,24,24,24,24,24,24,24,24,24,24,24,24,24,24,24
STAT,(NULL),NumaPost,22,10984,9895,171,602,316,0,0,0,0,0,0,0,0,0,0,0,0,0,0,0,0,0,0
STAT,(NULL),PopTime,22,17475848121,791443269,796553926,798791162,789423477,788681353,785247049,797922573,796438722,796665852,793259823,795517306,786694061,792716056,799928522,799161429,797983408,799647383,795470251,792862081,791691494,796552884,793196040
STAT,(NULL),PushTime,22,52332497482,2387581089,2337566691,2412007202,2335224229,2331255665,2331684954,2390877497,2369578418,2393487464,2398333013,2355788657,2382879423,2392697608,2399183473,2398746061,2381742575,2399849726,2385268611,2386089243,2378856470,2410956047,2372843366
STAT,(NULL),RusageSys,22,4000,4000,0,0,0,0,0,0,0,0,0,0,0,0,0,0,0,0,0,0,0,0,0
STAT,(NULL),RusageUser,22,56784000,56784000,0,0,0,0,0,0,0,0,0,0,0,0,0,0,0,0,0,0,0,0,0
STAT,(NULL),Threads,22,22,22,0,0,0,0,0,0,0,0,0,0,0,0,0,0,0,0,0,0,0,0,0
STAT,(NULL),Time,22,5831559067,5831559067,0,0,0,0,0,0,0,0,0,0,0,0,0,0,0,0,0,0,0,0,0
STAT,(NULL),TotalTime,22,12752780395,12752780395,0,0,0,0,0,0,0,0,0,0,0,0,0,0,0,0,0,0,0,0,0
STAT,(NULL),UserTime,22,46833468071,2126433918,2189095957,2074518548,2196849730,2201717628,2203427700,2100540220,2139960810,2103900118,2102477648,2155890036,2131675765,2112246912,2083022658,2107505110,2130564971,2086464846,2106687228,2119506980,2136809887,2078343316,2145828085
STAT,(NULL),Work,22,124786317217,5672120956,5672095751,5672094686,5672096374,5672096930,5672096733,5672095668,5672102218,5672097782,5672098882,5672120915,5672107734,5672117411,5672096442,5672122119,5672106000,5672120716,5672098244,5672121816,5672096582,5672096758,5672116500
STAT,(NULL),nBad,22,7406,736,349,154,359,300,504,266,1064,512,144,328,149,52,307,162,403,379,418,269,112,221,218
STAT,(NULL),nEmpty,22,4543713,208128,231601,187459,233477,232844,232269,185846,210512,199669,198203,211803,209592,203564,174423,208282,210744,185810,189990,204852,213145,187611,223889
STAT,(NULL),nEmptyPop,22,446175,20543,20118,20524,20110,20377,20021,20349,20154,20270,20211,20225,19979,19969,20642,20292,20286,20457,20408,20028,20176,20573,20463
STAT,(NULL),nOverall,22,77887164,3519417,4043035,3122130,4066318,4092691,4108894,3474175,3645478,3323988,3325046,3765117,3396307,3329742,3360819,3381759,3567893,3310815,3414171,3396736,3580628,3140845,3521160
STAT,(NULL),nPop,22,9359937,427083,479148,386504,482264,482358,482312,390572,432896,411587,408679,440555,427853,413062,368537,422025,431807,383343,396328,417839,438237,383884,453064
STAT,(NULL),nPush,22,9359936,427926,480699,370036,486361,494918,495675,422897,443507,395852,391985,451234,410053,393501,411074,404982,430053,400918,409098,409368,426276,382629,420894
STAT,(NULL),nPushInit,22,1,0,1,0,0,0,0,0,0,0,0,0,0,0,0,0,0,0,0,0,0,0,0
==== BENCHMARK TOOK 6.627
==== BENCHMARK START ===
==== PARAMS kernel=4.9.5-64-net1 malloc=libc hostname=rack-castor threads=22 delta=4 prog=sssp-klsm256mq  ===
ERROR: ld.so: object '/specific/disk1/home/adamx/malloc/lib64/libjemalloc.so' from LD_PRELOAD cannot be preloaded (cannot open shared object file): ignored.
Galois Benchmark Suite v2.2.1 (r0)
Copyright (C) 2014 The University of Texas at Austin
http://iss.ices.utexas.edu/galois/

application: Single Source Shortest Path
Computes the shortest path from a source node to all nodes in a directed graph using a modified chaotic iteration algorithm
http://iss.ices.utexas.edu/?p=projects/galois/benchmarks/single_source_shortest_path

INFO: CommandLine ./build/debug/apps/sssp/sssp -noverify -t 22 -delta 4 -wl klsm256mq -startNode 0 /specific/disk1/home/mad/Galois-PQ/inputs/ljournal-2008.gr
INFO: Hostname rack-castor
Read 5363260 nodes
Running Asynchronous with CAS version
INFO: Using delta-step of 1
WARNING: Performance varies considerably due to delta parameter.
WARNING: Do not expect the default to be good for your graph.
Node 1 has distance 126
STATTYPE,LOOP,CATEGORY,n,sum,T0,T1,T2,T3,T4,T5,T6,T7,T8,T9,T10,T11,T12,T13,T14,T15,T16,T17,T18,T19,T20,T21
STAT,(NULL),BadWork,22,5574575,193566,203684,237345,24101,135542,314809,241059,309640,336439,241375,729802,284475,962461,77984,242743,178120,45119,100782,86503,375509,223840,29677
STAT,(NULL),BarrierTime,22,4300483,501508,303788,359960,304309,286130,284538,272004,228376,122721,187476,199479,178428,189074,194136,201385,131032,81836,27007,66395,67461,26244,87196
STAT,(NULL),ConflictTime,22,0,0,0,0,0,0,0,0,0,0,0,0,0,0,0,0,0,0,0,0,0,0,0
STAT,(NULL),Conflicts,22,0,0,0,0,0,0,0,0,0,0,0,0,0,0,0,0,0,0,0,0,0,0,0
STAT,(NULL),EmptyPopTime,22,536330771,23178369,21525858,26758715,21282929,21289574,21150964,26131165,24134687,25018268,24370940,25136692,25149450,27227150,23378344,25997196,24851935,27340455,27524488,23252874,24194480,22122086,25314152
STAT,(NULL),EmptyWork,22,1561846530,72751018,68971200,72840576,71925169,70726669,70124019,70500999,70482418,71003112,71863752,71563955,72619010,70469852,70534719,70542136,71839709,71454989,72296436,69786568,70325350,69390487,69834387
STAT,(NULL),GaloisTime,22,5965973677,260694980,253436760,276161466,259234914,257658790,259949264,276618041,272643476,273557359,277531051,278378363,277425502,278484388,273986150,278323527,274199331,277170431,278402515,269723215,273248881,264832436,274312837
STAT,(NULL),InitPushTime,22,1095951,3984,158425,58552,37221,37127,37558,41900,41240,68266,40204,36225,47632,40120,39564,36402,45348,66674,65010,43500,46944,65083,38972
STAT,(NULL),Iterations,22,9361061,451528,473672,404208,479148,479436,479143,404220,418874,411036,418811,406019,403484,392093,431514,395141,411357,384825,388744,441254,434504,447961,404089
STAT,(NULL),LoopTime,22,5782986976,5782986976,0,0,0,0,0,0,0,0,0,0,0,0,0,0,0,0,0,0,0,0,0
STAT,(NULL),MeminfoPost,22,528,24,24,24,24,24,24,24,24,24,24,24,24,24,24,24,24,24,24,24,24,24,24
STAT,(NULL),MeminfoPre,22,528,24,24,24,24,24,24,24,24,24,24,24,24,24,24,24,24,24,24,24,24,24,24
STAT,(NULL),NumaPost,22,10974,9892,178,588,316,0,0,0,0,0,0,0,0,0,0,0,0,0,0,0,0,0,0
STAT,(NULL),PopTime,22,17297624776,793203435,781986351,784956287,783147601,783655558,779371119,789189455,788487403,787613779,786750327,786126760,783366934,783415935,779829999,792120315,791209202,788288541,786543423,786084184,784165693,788402989,789709486
STAT,(NULL),PushTime,22,51867805166,2333615867,2322606643,2374303551,2298965355,2304817644,2310474618,2369253301,2370949122,2371290050,2359107215,2367308230,2375395654,2367846437,2359275048,2399193921,2367024526,2396764824,2379865752,2353909677,2349525294,2361937222,2374375215
STAT,(NULL),RusageSys,22,0,0,0,0,0,0,0,0,0,0,0,0,0,0,0,0,0,0,0,0,0,0,0
STAT,(NULL),RusageUser,22,56312000,56312000,0,0,0,0,0,0,0,0,0,0,0,0,0,0,0,0,0,0,0,0,0
STAT,(NULL),Threads,22,22,22,0,0,0,0,0,0,0,0,0,0,0,0,0,0,0,0,0,0,0,0,0
STAT,(NULL),Time,22,5797440964,5797440964,0,0,0,0,0,0,0,0,0,0,0,0,0,0,0,0,0,0,0,0,0
STAT,(NULL),TotalTime,22,12815000672,12815000672,0,0,0,0,0,0,0,0,0,0,0,0,0,0,0,0,0,0,0,0,0
STAT,(NULL),UserTime,22,46508678551,2141023259,2175940051,2089445649,2189910789,2186318616,2183397856,2092773733,2097770202,2095981418,2104843425,2095953625,2090509738,2097022632,2117462544,2058289078,2095342103,2063444416,2079832232,2121710177,2123006377,2117779158,2090921473
STAT,(NULL),Work,22,123740068407,5624570108,5624547956,5624546804,5624547110,5624547632,5624547784,5624547894,5624549652,5624545240,5624548782,5624548785,5624547132,5624553252,5624546692,5624547287,5624546530,5624544914,5624546654,5624546752,5624548217,5624544844,5624548386
STAT,(NULL),nBad,22,7122,206,281,400,27,205,469,428,354,405,270,739,362,1282,87,307,229,32,122,97,488,268,64
STAT,(NULL),nEmpty,22,4544904,218464,228339,194647,231804,231335,231873,195606,205330,199748,204256,196584,196254,187677,208456,194545,200633,186658,186669,216346,212532,220669,196479
STAT,(NULL),nEmptyPop,22,447539,20485,20554,20677,20348,20404,20272,20411,20384,20431,20369,20153,20169,20124,20124,20541,20508,20308,20262,20423,19921,20384,20287
STAT,(NULL),nOverall,22,77886880,3701286,4013884,3431483,4070806,4053991,4052593,3492481,3429036,3484347,3499980,3370774,3350574,3446457,3557443,3184197,3373829,3175046,3375433,3513060,3505491,3416080,3388609
STAT,(NULL),nPop,22,9361061,451528,473672,404208,479148,479436,479143,404220,418874,411036,418811,406019,403484,392093,431514,395141,411357,384825,388744,441254,434504,447961,404089
STAT,(NULL),nPush,22,9361060,436463,486933,416690,490990,490713,491971,426750,407022,420454,428670,406167,408489,421410,416017,378467,397294,386292,401443,422447,415306,397737,413335
STAT,(NULL),nPushInit,22,1,0,1,0,0,0,0,0,0,0,0,0,0,0,0,0,0,0,0,0,0,0,0
==== BENCHMARK TOOK 6.572
==== BENCHMARK START ===
==== PARAMS kernel=4.9.5-64-net1 malloc=libc hostname=rack-castor threads=22 delta=4 prog=sssp-klsm256mq  ===
ERROR: ld.so: object '/specific/disk1/home/adamx/malloc/lib64/libjemalloc.so' from LD_PRELOAD cannot be preloaded (cannot open shared object file): ignored.
Galois Benchmark Suite v2.2.1 (r0)
Copyright (C) 2014 The University of Texas at Austin
http://iss.ices.utexas.edu/galois/

application: Single Source Shortest Path
Computes the shortest path from a source node to all nodes in a directed graph using a modified chaotic iteration algorithm
http://iss.ices.utexas.edu/?p=projects/galois/benchmarks/single_source_shortest_path

INFO: CommandLine ./build/debug/apps/sssp/sssp -noverify -t 22 -delta 4 -wl klsm256mq -startNode 0 /specific/disk1/home/mad/Galois-PQ/inputs/ljournal-2008.gr
INFO: Hostname rack-castor
Read 5363260 nodes
Running Asynchronous with CAS version
INFO: Using delta-step of 1
WARNING: Performance varies considerably due to delta parameter.
WARNING: Do not expect the default to be good for your graph.
Node 1 has distance 126
STATTYPE,LOOP,CATEGORY,n,sum,T0,T1,T2,T3,T4,T5,T6,T7,T8,T9,T10,T11,T12,T13,T14,T15,T16,T17,T18,T19,T20,T21
STAT,(NULL),BadWork,22,5951999,115792,61218,200527,221489,466666,193725,839471,174418,667957,315061,99961,215760,436478,231832,78362,298593,350246,107107,159921,206511,341915,168989
STAT,(NULL),BarrierTime,22,3754703,456699,312292,290866,274120,274123,237719,235655,192960,195924,126735,205725,87825,136384,146796,151889,86596,78140,5360,55051,91860,33485,78499
STAT,(NULL),ConflictTime,22,0,0,0,0,0,0,0,0,0,0,0,0,0,0,0,0,0,0,0,0,0,0,0
STAT,(NULL),Conflicts,22,0,0,0,0,0,0,0,0,0,0,0,0,0,0,0,0,0,0,0,0,0,0,0
STAT,(NULL),EmptyPopTime,22,524762744,21456710,21376594,26108851,21106638,21217649,20914673,22370093,23568547,23440607,27882978,21980006,22394606,23296382,23824905,26034691,28003883,29442869,25585898,23083773,25202572,24584059,21885760
STAT,(NULL),EmptyWork,22,1521434312,66283103,68161339,68689742,68712750,69967910,69110263,69642242,70902009,68913640,70658604,67141750,68808691,68547293,68950631,68187435,71003961,69777784,69848865,69240327,70008260,69475883,69401830
STAT,(NULL),GaloisTime,22,5805590527,253400107,249871948,278059828,255552845,255947543,253194577,258210953,264256018,272915129,277283915,257811136,263374571,265951631,267618156,270217625,271105865,269728178,273311768,259533490,267450381,265026898,255767965
STAT,(NULL),InitPushTime,22,949148,3808,97192,41116,40184,40184,39816,40512,40164,39036,65722,35091,64372,43060,37860,35382,35370,38496,58098,36612,33185,46308,37580
STAT,(NULL),Iterations,22,9361028,462267,465936,383240,470026,470392,469786,443376,417299,416312,378720,453201,433901,421562,412565,389577,379830,380877,395237,440662,412330,408687,455245
STAT,(NULL),LoopTime,22,5683740063,5683740063,0,0,0,0,0,0,0,0,0,0,0,0,0,0,0,0,0,0,0,0,0
STAT,(NULL),MeminfoPost,22,528,24,24,24,24,24,24,24,24,24,24,24,24,24,24,24,24,24,24,24,24,24,24
STAT,(NULL),MeminfoPre,22,528,24,24,24,24,24,24,24,24,24,24,24,24,24,24,24,24,24,24,24,24,24,24
STAT,(NULL),NumaPost,22,10963,9888,183,577,315,0,0,0,0,0,0,0,0,0,0,0,0,0,0,0,0,0,0
STAT,(NULL),PopTime,22,16957294261,766774986,769016637,772336296,766948046,771897500,764301255,769688765,771842594,768082137,776066924,765968870,767173282,769438445,770150286,773533096,779021978,776369009,776902123,768663042,774159398,770109330,768850262
STAT,(NULL),PushTime,22,50740436523,2297665843,2284787159,2337466727,2260149010,2262021337,2269256648,2300787540,2327974620,2317834014,2323695614,2293899017,2304597235,2320611877,2321380117,2339929705,2333251840,2323345961,2328596889,2285132847,2292027506,2317557732,2298467285
STAT,(NULL),RusageSys,22,0,0,0,0,0,0,0,0,0,0,0,0,0,0,0,0,0,0,0,0,0,0,0
STAT,(NULL),RusageUser,22,55244000,55244000,0,0,0,0,0,0,0,0,0,0,0,0,0,0,0,0,0,0,0,0,0
STAT,(NULL),Threads,22,22,22,0,0,0,0,0,0,0,0,0,0,0,0,0,0,0,0,0,0,0,0,0
STAT,(NULL),Time,22,5698161872,5698161872,0,0,0,0,0,0,0,0,0,0,0,0,0,0,0,0,0,0,0,0,0
STAT,(NULL),TotalTime,22,11546291167,11546291167,0,0,0,0,0,0,0,0,0,0,0,0,0,0,0,0,0,0,0,0,0
STAT,(NULL),UserTime,22,45849487231,2112555934,2124923314,2035476464,2145666719,2137085205,2141359310,2097436708,2059593104,2066951255,2042545988,2111336018,2091786549,2070290786,2066212417,2040234458,2035749476,2049473405,2043889787,2112484379,2089289317,2071382816,2103763822
STAT,(NULL),Work,22,121400862575,5518234299,5518215229,5518238672,5518215800,5518216094,5518215334,5518215479,5518216132,5518216714,5518218230,5518216574,5518213244,5518215070,5518215596,5518216770,5518216617,5518216378,5518238447,5518240191,5518216961,5518238944,5518215800
STAT,(NULL),nBad,22,8289,168,121,298,351,589,439,1074,240,898,354,233,195,357,335,104,520,508,168,264,211,505,357
STAT,(NULL),nEmpty,22,4544822,224918,225167,188012,226614,227828,227332,215654,204067,202727,181001,220745,212924,206003,202000,189017,183635,180726,194112,212866,196809,200151,222514
STAT,(NULL),nEmptyPop,22,446156,20426,20448,19970,20171,20250,20047,20209,20264,20018,20361,20420,20172,20185,20258,20271,20652,20794,19982,20177,20204,20288,20589
STAT,(NULL),nOverall,22,77888047,3718862,3896714,3245454,3977163,3947433,3964984,3632711,3351200,3323128,3302990,3722272,3498792,3369740,3434820,3215401,3306743,3340328,3249038,3728200,3668743,3378552,3614779
STAT,(NULL),nPop,22,9361028,462267,465936,383240,470026,470392,469786,443376,417299,416312,378720,453201,433901,421562,412565,389577,379830,380877,395237,440662,412330,408687,455245
STAT,(NULL),nPush,22,9361027,448665,467413,385667,471068,470172,472190,437875,407198,401476,383731,455058,411654,401221,420503,392002,411340,401305,388785,447410,450452,404135,431707
STAT,(NULL),nPushInit,22,1,0,1,0,0,0,0,0,0,0,0,0,0,0,0,0,0,0,0,0,0,0,0
==== BENCHMARK TOOK 5.993
==== BENCHMARK START ===
==== PARAMS kernel=4.9.5-64-net1 malloc=libc hostname=rack-castor threads=22 delta=4 prog=sssp-klsm256mq  ===
ERROR: ld.so: object '/specific/disk1/home/adamx/malloc/lib64/libjemalloc.so' from LD_PRELOAD cannot be preloaded (cannot open shared object file): ignored.
Galois Benchmark Suite v2.2.1 (r0)
Copyright (C) 2014 The University of Texas at Austin
http://iss.ices.utexas.edu/galois/

application: Single Source Shortest Path
Computes the shortest path from a source node to all nodes in a directed graph using a modified chaotic iteration algorithm
http://iss.ices.utexas.edu/?p=projects/galois/benchmarks/single_source_shortest_path

INFO: CommandLine ./build/debug/apps/sssp/sssp -noverify -t 22 -delta 4 -wl klsm256mq -startNode 0 /specific/disk1/home/mad/Galois-PQ/inputs/ljournal-2008.gr
INFO: Hostname rack-castor
Read 5363260 nodes
Running Asynchronous with CAS version
INFO: Using delta-step of 1
WARNING: Performance varies considerably due to delta parameter.
WARNING: Do not expect the default to be good for your graph.
Node 1 has distance 126
STATTYPE,LOOP,CATEGORY,n,sum,T0,T1,T2,T3,T4,T5,T6,T7,T8,T9,T10,T11,T12,T13,T14,T15,T16,T17,T18,T19,T20,T21
STAT,(NULL),BadWork,22,4289559,276628,88606,548747,135834,17895,201460,225591,297522,103933,109582,111506,487753,199878,115434,96604,127538,180933,257975,141779,410025,77961,76375
STAT,(NULL),BarrierTime,22,2883972,412431,266008,252747,230012,227949,203295,199479,131606,132608,135378,135992,110248,68635,34598,99708,20272,46610,43560,16860,34936,41040,40000
STAT,(NULL),ConflictTime,22,0,0,0,0,0,0,0,0,0,0,0,0,0,0,0,0,0,0,0,0,0,0,0
STAT,(NULL),Conflicts,22,0,0,0,0,0,0,0,0,0,0,0,0,0,0,0,0,0,0,0,0,0,0,0
STAT,(NULL),EmptyPopTime,22,560656825,22086073,21567611,28627338,21211042,20993586,20772046,27062607,26025051,24214268,26663738,25385049,28384131,26995601,24513300,27332782,25894572,26058080,28182350,26997562,28007447,24980185,28702406
STAT,(NULL),EmptyWork,22,1596270249,71178852,71364798,74673368,73051648,72383655,71332932,71737305,74059329,72542773,74595735,73831248,73617393,72924400,70744014,72445004,72032481,71977263,72537694,73520597,72056251,70873499,72790010
STAT,(NULL),GaloisTime,22,6035151459,264935159,258793305,279077536,261319644,263955293,262540129,278159737,275873905,277568687,281667916,281546606,280403661,284600206,273654648,272512666,272775880,278684075,280462545,275810429,279976632,274015304,276817496
STAT,(NULL),InitPushTime,22,900091,5270,104068,47476,40412,40392,36162,37015,40744,40480,36149,38892,34647,38372,63829,39080,35525,35106,37188,36848,36604,37988,37844
STAT,(NULL),Iterations,22,9360228,453115,480655,400798,484619,481725,485141,398739,419280,433348,401816,404322,407003,401074,443904,413472,412485,404861,401919,412751,405914,417750,395537
STAT,(NULL),LoopTime,22,5771062922,5771062922,0,0,0,0,0,0,0,0,0,0,0,0,0,0,0,0,0,0,0,0,0
STAT,(NULL),MeminfoPost,22,528,24,24,24,24,24,24,24,24,24,24,24,24,24,24,24,24,24,24,24,24,24,24
STAT,(NULL),MeminfoPre,22,528,24,24,24,24,24,24,24,24,24,24,24,24,24,24,24,24,24,24,24,24,24,24
STAT,(NULL),NumaPost,22,10970,9889,184,582,315,0,0,0,0,0,0,0,0,0,0,0,0,0,0,0,0,0,0
STAT,(NULL),PopTime,22,17600716559,803438960,802378932,805115834,795651144,790106942,792148601,800730643,802323098,791264318,800164545,802907078,799228255,797626493,799390349,800957597,804288063,805183340,802364959,798966702,798283747,803577090,804619869
STAT,(NULL),PushTime,22,51528810110,2336576911,2311691829,2335088867,2299818611,2305379353,2299589011,2361273058,2341273851,2348923200,2371969093,2370402262,2338712405,2357351326,2318911949,2352345354,2351831717,2371266837,2350433485,2339443559,2356263264,2352815825,2357448343
STAT,(NULL),RusageSys,22,0,0,0,0,0,0,0,0,0,0,0,0,0,0,0,0,0,0,0,0,0,0,0
STAT,(NULL),RusageUser,22,56392000,56392000,0,0,0,0,0,0,0,0,0,0,0,0,0,0,0,0,0,0,0,0,0
STAT,(NULL),Threads,22,22,22,0,0,0,0,0,0,0,0,0,0,0,0,0,0,0,0,0,0,0,0,0
STAT,(NULL),Time,22,5789079545,5789079545,0,0,0,0,0,0,0,0,0,0,0,0,0,0,0,0,0,0,0,0,0
STAT,(NULL),TotalTime,22,12911376936,12911376936,0,0,0,0,0,0,0,0,0,0,0,0,0,0,0,0,0,0,0,0,0
STAT,(NULL),UserTime,22,46622374219,2135598564,2168020319,2111234743,2182765362,2180998679,2187435030,2094854407,2114262402,2119303816,2078756870,2079744937,2113471763,2094319488,2146601386,2108223493,2106995494,2080647835,2099835439,2119077917,2099230342,2107556071,2093439862
STAT,(NULL),Work,22,123945874923,5633913323,5633896041,5633921249,5633896529,5633896688,5633896682,5633898738,5633896800,5633896716,5633898288,5633898192,5633902012,5633921025,5633894690,5633898144,5633924523,5633901179,5633899036,5633922494,5633905678,5633898614,5633898282
STAT,(NULL),nBad,22,6151,284,162,572,181,43,276,337,536,83,261,194,600,320,248,151,184,255,356,276,553,136,143
STAT,(NULL),nEmpty,22,4544062,222732,235342,192733,236403,234842,235588,192855,202816,211698,195896,198782,192702,195368,214453,200337,201556,198154,193482,199305,196094,204220,188704
STAT,(NULL),nEmptyPop,22,446552,20014,20612,20529,20276,20061,19802,20104,20379,20094,20282,20141,20438,20044,20413,20637,20452,20569,20028,20317,20175,20401,20784
STAT,(NULL),nOverall,22,77885909,3598977,3880231,3625353,3919373,3924009,4065309,3444591,3455774,3488576,3210846,3110112,3517500,3338455,3774741,3452405,3529630,3230315,3383172,3540966,3436133,3498537,3460904
STAT,(NULL),nPop,22,9360228,453115,480655,400798,484619,481725,485141,398739,419280,433348,401816,404322,407003,401074,443904,413472,412485,404861,401919,412751,405914,417750,395537
STAT,(NULL),nPush,22,9360227,433643,457973,439754,463134,465299,492076,420512,404186,413480,384839,366817,420274,397433,456464,419836,437869,394032,402275,427883,423003,426476,412969
STAT,(NULL),nPushInit,22,1,0,1,0,0,0,0,0,0,0,0,0,0,0,0,0,0,0,0,0,0,0,0
==== BENCHMARK TOOK 6.649
==== BENCHMARK START ===
==== PARAMS kernel=4.9.5-64-net1 malloc=libc hostname=rack-castor threads=22 delta=4 prog=sssp-klsm256mq  ===
ERROR: ld.so: object '/specific/disk1/home/adamx/malloc/lib64/libjemalloc.so' from LD_PRELOAD cannot be preloaded (cannot open shared object file): ignored.
Galois Benchmark Suite v2.2.1 (r0)
Copyright (C) 2014 The University of Texas at Austin
http://iss.ices.utexas.edu/galois/

application: Single Source Shortest Path
Computes the shortest path from a source node to all nodes in a directed graph using a modified chaotic iteration algorithm
http://iss.ices.utexas.edu/?p=projects/galois/benchmarks/single_source_shortest_path

INFO: CommandLine ./build/debug/apps/sssp/sssp -noverify -t 22 -delta 4 -wl klsm256mq -startNode 0 /specific/disk1/home/mad/Galois-PQ/inputs/ljournal-2008.gr
INFO: Hostname rack-castor
Read 5363260 nodes
Running Asynchronous with CAS version
INFO: Using delta-step of 1
WARNING: Performance varies considerably due to delta parameter.
WARNING: Do not expect the default to be good for your graph.
Node 1 has distance 126
STATTYPE,LOOP,CATEGORY,n,sum,T0,T1,T2,T3,T4,T5,T6,T7,T8,T9,T10,T11,T12,T13,T14,T15,T16,T17,T18,T19,T20,T21
STAT,(NULL),BadWork,22,4670556,153525,195496,41693,193919,559693,477085,215820,235226,96618,471338,83966,91954,212656,205450,230041,407582,137694,59535,105012,278338,99059,118856
STAT,(NULL),BarrierTime,22,4364552,502764,360819,297674,328816,328536,218782,274736,227763,134163,106656,244692,95870,106500,129875,213004,169979,162197,33322,86672,88456,84711,168565
STAT,(NULL),ConflictTime,22,0,0,0,0,0,0,0,0,0,0,0,0,0,0,0,0,0,0,0,0,0,0,0
STAT,(NULL),Conflicts,22,0,0,0,0,0,0,0,0,0,0,0,0,0,0,0,0,0,0,0,0,0,0,0
STAT,(NULL),EmptyPopTime,22,546135665,26334173,21815583,25127072,21147486,21437857,21081188,25762567,26177868,29734725,28321170,27327132,23949371,25263417,22736903,25458629,22879611,27185267,25053831,25512070,22859356,23858542,27111847
STAT,(NULL),EmptyWork,22,1551839728,70966891,70185564,69693523,68316227,71269666,69378621,69401564,68842925,71089822,71443899,71404875,69898086,70560206,71110004,68937362,71191611,72468043,71212614,70979420,71887442,70266391,71334972
STAT,(NULL),GaloisTime,22,5827636208,261749030,251517593,269206525,255201596,254093757,255877804,265344447,270811736,275350185,274060923,269616705,267551658,266298391,263025457,270040633,257617056,266746760,274121403,272196805,265306791,257474061,264426892
STAT,(NULL),InitPushTime,22,1153855,3404,100320,64614,40444,40452,67760,40740,40576,66213,66396,39144,56986,38560,64350,39300,35856,38896,87318,63216,61876,63020,34414
STAT,(NULL),Iterations,22,9359637,423236,471066,413443,474235,475281,474699,418575,395572,387751,385461,414858,418623,414756,445415,406162,437426,406731,401976,406227,442080,441008,405056
STAT,(NULL),LoopTime,22,5669345504,5669345504,0,0,0,0,0,0,0,0,0,0,0,0,0,0,0,0,0,0,0,0,0
STAT,(NULL),MeminfoPost,22,528,24,24,24,24,24,24,24,24,24,24,24,24,24,24,24,24,24,24,24,24,24,24
STAT,(NULL),MeminfoPre,22,528,24,24,24,24,24,24,24,24,24,24,24,24,24,24,24,24,24,24,24,24,24,24
STAT,(NULL),NumaPost,22,10964,9888,183,793,100,0,0,0,0,0,0,0,0,0,0,0,0,0,0,0,0,0,0
STAT,(NULL),PopTime,22,17258094211,790572805,785563974,787416731,779952088,781925497,777548813,781435619,786276509,783199924,787118114,784776580,788216295,779413474,778784227,786395489,784779843,789909874,786056167,786207882,781324395,781954611,789265300
STAT,(NULL),PushTime,22,50556841680,2280906980,2264388796,2309333322,2263406159,2252881947,2260248122,2320889356,2326813728,2311948545,2318517985,2301640801,2301802364,2300971661,2289928269,2328882429,2302136733,2311355692,2321823652,2307591658,2289907287,2290460675,2301005519
STAT,(NULL),RusageSys,22,20000,20000,0,0,0,0,0,0,0,0,0,0,0,0,0,0,0,0,0,0,0,0,0
STAT,(NULL),RusageUser,22,55236000,55236000,0,0,0,0,0,0,0,0,0,0,0,0,0,0,0,0,0,0,0,0,0
STAT,(NULL),Threads,22,22,22,0,0,0,0,0,0,0,0,0,0,0,0,0,0,0,0,0,0,0,0,0
STAT,(NULL),Time,22,5683759412,5683759412,0,0,0,0,0,0,0,0,0,0,0,0,0,0,0,0,0,0,0,0,0
STAT,(NULL),TotalTime,22,12922575698,12922575698,0,0,0,0,0,0,0,0,0,0,0,0,0,0,0,0,0,0,0,0,0
STAT,(NULL),UserTime,22,45702126667,2089591761,2126650956,2059344086,2132098193,2138513513,2135988045,2057289997,2041198708,2048796673,2040659806,2065356146,2068703850,2077611965,2094533793,2040407642,2081517248,2052455947,2041853001,2057635479,2088837451,2096108151,2066974256
STAT,(NULL),Work,22,121444566514,5520227740,5520202859,5520226757,5520202009,5520202252,5520201953,5520210478,5520213621,5520201693,5520225539,5520202615,5520203472,5520220332,5520199409,5520204524,5520202388,5520201809,5520202868,5520204138,5520203352,5520202418,5520204288
STAT,(NULL),nBad,22,6412,197,290,60,384,545,663,261,329,134,603,84,84,302,249,339,648,238,86,149,347,168,252
STAT,(NULL),nEmpty,22,4543453,200951,229141,204088,229808,231444,230810,205117,192575,185206,187077,198639,203299,200380,217267,199133,215733,196397,197270,197192,216256,213375,192295
STAT,(NULL),nEmptyPop,22,448497,20639,20634,20479,20227,20447,20069,20236,20416,20367,20276,20573,19933,20240,20277,20642,20478,20703,20091,20278,20164,20680,20648
STAT,(NULL),nOverall,22,77886170,3827381,3880684,3401371,3919247,3923997,3959406,3328056,3252917,3364797,3477814,3448656,3435125,3589645,3567762,3243929,3401390,3356692,3241025,3411305,3548312,3679550,3627109
STAT,(NULL),nPop,22,9359637,423236,471066,413443,474235,475281,474699,418575,395572,387751,385461,414858,418623,414756,445415,406162,437426,406731,401976,406227,442080,441008,405056
STAT,(NULL),nPush,22,9359636,466314,464889,405168,470133,467417,477475,402841,392018,399643,425039,417574,412767,426236,415880,392524,405601,404200,390826,416160,425893,444390,436648
STAT,(NULL),nPushInit,22,1,0,1,0,0,0,0,0,0,0,0,0,0,0,0,0,0,0,0,0,0,0,0
==== BENCHMARK TOOK 6.681
