==== BENCHMARK START ===
==== PARAMS kernel=4.9.5-64-net1 malloc=libc hostname=rack-castor threads=44 delta=4 prog=sssp-capq  ===
Galois Benchmark Suite v2.2.1 (r0)
Copyright (C) 2014 The University of Texas at Austin
http://iss.ices.utexas.edu/galois/

application: Single Source Shortest Path
Computes the shortest path from a source node to all nodes in a directed graph using a modified chaotic iteration algorithm
http://iss.ices.utexas.edu/?p=projects/galois/benchmarks/single_source_shortest_path

INFO: CommandLine ./build/debug/apps/sssp/sssp -noverify -t 44 -delta 4 -wl capq -startNode 0 /specific/disk1/home/mad/Galois-PQ/inputs/scalefree/rmat16p-2e24.gr
INFO: Hostname rack-castor
Read 16777216 nodes
Running Asynchronous with CAS version
INFO: Using delta-step of 1
WARNING: Performance varies considerably due to delta parameter.
WARNING: Do not expect the default to be good for your graph.
Node 1 has distance 2
STATTYPE,LOOP,CATEGORY,n,sum,T0,T1,T2,T3,T4,T5,T6,T7,T8,T9,T10,T11,T12,T13,T14,T15,T16,T17,T18,T19,T20,T21,T22,T23,T24,T25,T26,T27,T28,T29,T30,T31,T32,T33,T34,T35,T36,T37,T38,T39,T40,T41,T42,T43
STAT,(NULL),BadWork,44,8819158196,188996607,224707250,215951183,222903878,227183593,228116451,190843929,205380997,217365334,187919624,187146924,203923077,205629929,195623860,186856355,189438163,184909680,187781029,201764295,199218736,191102141,196436690,198951393,202506655,182617964,211361924,189029494,198645917,194560097,211668241,216709476,195007393,193204259,200267524,196915651,186899604,194494852,206686279,215182868,190556989,197522038,190442122,195306926,211420805
STAT,(NULL),BarrierTime,44,176493537,10854497,10759605,8175364,10721726,8201585,7895078,7868746,8157652,8155363,3431098,3410740,3091936,2948066,2185444,2720712,2523582,3480889,3735794,3143305,3468150,3626088,2620133,2494744,2290805,2404967,2584327,2524612,2487774,2456832,2459627,2463817,2329200,2176440,2477180,3028405,2512480,2437714,2488028,2527084,2622892,2533769,2613392,2512136,2891759
STAT,(NULL),ConflictTime,44,0,0,0,0,0,0,0,0,0,0,0,0,0,0,0,0,0,0,0,0,0,0,0,0,0,0,0,0,0,0,0,0,0,0,0,0,0,0,0,0,0,0,0,0,0
STAT,(NULL),Conflicts,44,0,0,0,0,0,0,0,0,0,0,0,0,0,0,0,0,0,0,0,0,0,0,0,0,0,0,0,0,0,0,0,0,0,0,0,0,0,0,0,0,0,0,0,0,0
STAT,(NULL),EmptyPopTime,44,501727685,7817606,7894028,22717429,5587239,7807200,22188859,16752648,5975484,7640146,6407572,22702616,5653466,7724464,7729688,22824399,16839424,7768600,7743980,22894785,1415476,7803012,7676373,7821852,22229952,7829108,7872253,8006552,7777604,22762944,7832721,7763790,6528636,22715352,7910108,16629954,7836800,22839456,6608052,7220360,7918823,7794197,22604244,7793776,7866657
STAT,(NULL),EmptyWork,44,7845578664,176879579,164618558,179081627,163569048,168498936,167018854,187469659,185517581,185211012,178270412,190176351,180183942,177842184,174735043,172334267,173752047,174351028,186262900,181038797,184079439,189254753,188106607,190678567,174799672,188526004,165350878,191220292,179741001,180518662,160569300,167488486,188120710,176074034,187133694,169453231,181759317,188191150,178872994,161997098,182072385,179680637,186401165,174060413,164616350
STAT,(NULL),GaloisTime,44,28513495929,588344668,681435504,790987867,680881715,685391745,682937425,666244618,827878031,763930491,649916966,666840722,619314556,618610625,634902877,626362899,628841622,641143602,658082518,614783607,625525988,651566129,646628706,657182237,626678750,678852132,577114279,675411327,642189383,647918370,563226241,574498588,662872863,638417886,645365564,619523995,659637609,649291329,611855813,563226405,667674296,633351076,682265488,617431212,568958205
STAT,(NULL),InitPushTime,44,288389257,112792,159044,2673344,82219,2549454,2896736,2919983,2537556,2532968,7242752,7284108,7586438,7719424,6345956,7961230,8085184,7158874,6903306,7486332,7107720,6957780,7927612,8064490,8258822,8144913,7977394,8035481,8062472,8103368,8101272,8099305,8180076,8333086,8043868,7467587,8007580,8080569,8030402,7992836,7853350,7938900,7839019,7961756,7581899
STAT,(NULL),Iterations,44,44637913,974761,1159429,1117114,1155269,1169930,1162460,939127,1057161,1084202,979869,946959,998805,1017677,1000877,988090,986959,983574,958495,1013640,1003324,953056,967399,972812,1014760,966415,1075622,971610,985500,979800,1050291,1065691,982216,1007040,993339,1008623,993048,962560,1006807,1040170,950635,1007900,944291,985213,1055393
STAT,(NULL),LoopTime,44,18972205700,18972205700,0,0,0,0,0,0,0,0,0,0,0,0,0,0,0,0,0,0,0,0,0,0,0,0,0,0,0,0,0,0,0,0,0,0,0,0,0,0,0,0,0,0,0
STAT,(NULL),MeminfoPost,44,1584,36,36,36,36,36,36,36,36,36,36,36,36,36,36,36,36,36,36,36,36,36,36,36,36,36,36,36,36,36,36,36,36,36,36,36,36,36,36,36,36,36,36,36,36
STAT,(NULL),MeminfoPre,44,1584,36,36,36,36,36,36,36,36,36,36,36,36,36,36,36,36,36,36,36,36,36,36,36,36,36,36,36,36,36,36,36,36,36,36,36,36,36,36,36,36,36,36,36,36
STAT,(NULL),NumaPost,44,317634,174359,141912,1027,336,0,0,0,0,0,0,0,0,0,0,0,0,0,0,0,0,0,0,0,0,0,0,0,0,0,0,0,0,0,0,0,0,0,0,0,0,0,0,0,0
STAT,(NULL),PopTime,44,318667751577,7216840301,7289635268,7351977874,7311819245,7316795955,7244760042,7165517878,7323087987,7289635465,7299533558,7161404084,7212165385,7273670025,7298601392,7211743350,7258662141,7164631511,7220858197,7234500390,7219207743,7194752154,7224790960,7192011922,7206735320,7186425829,7317429617,7192586966,7245208574,7194114278,7291173988,7279264750,7202797401,7245048030,7247239007,7238576561,7215739120,7191510875,7303883452,7326828474,7205288627,7243856153,7188628754,7207648638,7261164336
STAT,(NULL),PushTime,44,210775051490,5329387478,4499644711,4316882977,4488129727,4452108957,4522977492,4942346183,4355473341,4431444581,4828911204,4929968540,4869803537,4825994243,4829980237,4917205700,4885099917,4950370924,4896292752,4859067146,4887536044,4899733875,4858538506,4836905595,4830848224,4838801063,4749733034,4853562066,4794338741,4850921686,4822701228,4816705075,4835145950,4811437348,4766555465,4847628098,4821744673,4823855970,4758180234,4777232063,4862864509,4789082594,4831170007,4851808695,4826931100
STAT,(NULL),RusageSys,44,2608000,2608000,0,0,0,0,0,0,0,0,0,0,0,0,0,0,0,0,0,0,0,0,0,0,0,0,0,0,0,0,0,0,0,0,0,0,0,0,0,0,0,0,0,0,0
STAT,(NULL),RusageUser,44,361388000,361388000,0,0,0,0,0,0,0,0,0,0,0,0,0,0,0,0,0,0,0,0,0,0,0,0,0,0,0,0,0,0,0,0,0,0,0,0,0,0,0,0,0,0,0
STAT,(NULL),Threads,44,44,44,0,0,0,0,0,0,0,0,0,0,0,0,0,0,0,0,0,0,0,0,0,0,0,0,0,0,0,0,0,0,0,0,0,0,0,0,0,0,0,0,0,0,0
STAT,(NULL),Time,44,18974277001,18974277001,0,0,0,0,0,0,0,0,0,0,0,0,0,0,0,0,0,0,0,0,0,0,0,0,0,0,0,0,0,0,0,0,0,0,0,0,0,0,0,0,0,0,0
STAT,(NULL),TotalTime,44,37135871602,37135871602,0,0,0,0,0,0,0,0,0,0,0,0,0,0,0,0,0,0,0,0,0,0,0,0,0,0,0,0,0,0,0,0,0,0,0,0,0,0,0,0,0,0,0
STAT,(NULL),UserTime,44,255095624689,5348888056,6024941544,6006517396,6018178832,6037565576,6028276935,5689827853,5970226094,5990300482,5705130482,5697076035,5781037651,5764315173,5722215109,5717686699,5704969129,5729899433,5698925975,5755878909,5750394484,5725057365,5742417647,5783568407,5806873878,5767726138,5850664915,5747376955,5798910211,5771932954,5822657649,5822445505,5772694914,5774474002,5813967822,5776358105,5781446735,5792474046,5808767423,5831659173,5742347165,5814400270,5757096041,5809423372,5838632150
STAT,(NULL),Work,44,821406125663,18668293937,18668269429,18668291324,18668275761,18668284267,18668268196,18668276183,18668290344,18668298574,18668294981,18668271712,18668266509,18668272144,18670439750,18668266263,18668272210,18668272088,18668275749,18668267114,18668275950,18668278696,18668293541,18668263140,18668261124,18668261696,18668263075,18668267774,18668261058,18668263790,18668263325,18668263203,18668262730,18668263770,18668263508,18668264253,18668263394,18668264232,18668269228,18668264268,18668263581,18668263253,18668289340,18668265362,18668265837
STAT,(NULL),nBad,44,10195464,220127,256487,245863,256017,256718,262857,220705,234511,248146,218304,217918,237127,236072,225933,216409,219225,215043,218051,234660,231492,221256,225511,233122,230660,208659,247655,216989,230655,226618,245933,247497,227486,221974,233270,229625,216415,226103,239668,250058,218691,230123,221797,228109,245925
STAT,(NULL),nEmpty,44,27150957,610766,660217,626557,650761,665322,656525,574968,587360,594340,613161,583884,611383,629827,622432,616183,616910,617220,590907,623922,616145,585515,594792,593594,631197,600717,666401,605741,604894,603805,645077,657220,610595,632107,609794,626750,620268,587117,618041,636538,588484,624525,583672,601948,653375
STAT,(NULL),nEmptyPop,44,22756,543,549,550,351,541,576,569,388,509,400,553,355,534,506,581,575,531,525,566,92,522,514,533,582,549,537,575,553,598,534,533,439,583,546,563,552,571,442,490,545,532,578,535,556
STAT,(NULL),nOverall,44,278482087,5867835,6818156,6211406,6836874,6846972,6839570,6001310,5949658,6498592,5925875,6000980,6510621,6308929,6115062,5989844,6016950,6034754,5987777,6350358,6384786,6126060,6108377,6332590,6311507,6023701,6880486,6074927,6383196,6298829,6838286,6866196,6175806,6246494,6401034,6276676,6120974,6286188,6471298,6799951,6054921,6492775,6177162,6448161,6790183
STAT,(NULL),nPop,44,44637913,974761,1159429,1117114,1155269,1169930,1162460,939127,1057161,1084202,979869,946959,998805,1017677,1000877,988090,986959,983574,958495,1013640,1003324,953056,967399,972812,1014760,966415,1075622,971610,985500,979800,1050291,1065691,982216,1007040,993339,1008623,993048,962560,1006807,1040170,950635,1007900,944291,985213,1055393
STAT,(NULL),nPush,44,44635197,896594,1155660,1029473,1163363,1164993,1164843,956099,994411,1098555,921308,958286,1025908,962955,958464,925127,951011,956659,956927,983760,992580,961680,945321,1007116,978164,951315,1105620,984662,1009096,1010893,1098449,1105603,987579,1005030,1017168,994110,971099,996234,1022533,1091570,982199,1044387,1032672,1025178,1090543
STAT,(NULL),nPushInit,44,2716,65,65,64,64,64,65,62,62,60,63,62,62,62,61,64,65,64,60,61,64,61,65,60,61,64,60,62,63,63,65,64,62,64,64,63,62,63,59,62,58,60,62,64,26
==== BENCHMARK TOOK 17.792
==== BENCHMARK START ===
==== PARAMS kernel=4.9.5-64-net1 malloc=libc hostname=rack-castor threads=44 delta=4 prog=sssp-capq  ===
Galois Benchmark Suite v2.2.1 (r0)
Copyright (C) 2014 The University of Texas at Austin
http://iss.ices.utexas.edu/galois/

application: Single Source Shortest Path
Computes the shortest path from a source node to all nodes in a directed graph using a modified chaotic iteration algorithm
http://iss.ices.utexas.edu/?p=projects/galois/benchmarks/single_source_shortest_path

INFO: CommandLine ./build/debug/apps/sssp/sssp -noverify -t 44 -delta 4 -wl capq -startNode 0 /specific/disk1/home/mad/Galois-PQ/inputs/scalefree/rmat16p-2e24.gr
INFO: Hostname rack-castor
Read 16777216 nodes
Running Asynchronous with CAS version
INFO: Using delta-step of 1
WARNING: Performance varies considerably due to delta parameter.
WARNING: Do not expect the default to be good for your graph.
Node 1 has distance 2
STATTYPE,LOOP,CATEGORY,n,sum,T0,T1,T2,T3,T4,T5,T6,T7,T8,T9,T10,T11,T12,T13,T14,T15,T16,T17,T18,T19,T20,T21,T22,T23,T24,T25,T26,T27,T28,T29,T30,T31,T32,T33,T34,T35,T36,T37,T38,T39,T40,T41,T42,T43
STAT,(NULL),BadWork,44,16049223406,344385317,406118458,368714682,410254901,414557469,389191314,376462539,388336040,380433116,350563895,342561586,381744084,344545721,372274329,345116380,368706343,340682751,341474418,375517916,350349573,338196732,382979486,370241697,355584875,341131809,388086209,356661163,354393396,346329616,386237723,389275058,366524324,349289447,359740813,357529458,350098182,349100254,348539834,381223685,351836576,364808595,346401855,351870826,371150961
STAT,(NULL),BarrierTime,44,172272582,7372561,9057675,9088906,7803378,7817832,7358662,5390361,7773426,7740648,4099534,3023628,3861958,4252886,4184792,2796353,4196406,3668771,4222236,3960714,3526656,3143700,4223085,2728820,2677940,2530547,92106,2439530,2735851,2523780,2533195,2682516,2606878,2457756,2474506,2463632,2434183,2548210,2438576,2411322,2577108,2553608,2439768,2442708,2915874
STAT,(NULL),ConflictTime,44,0,0,0,0,0,0,0,0,0,0,0,0,0,0,0,0,0,0,0,0,0,0,0,0,0,0,0,0,0,0,0,0,0,0,0,0,0,0,0,0,0,0,0,0,0
STAT,(NULL),Conflicts,44,0,0,0,0,0,0,0,0,0,0,0,0,0,0,0,0,0,0,0,0,0,0,0,0,0,0,0,0,0,0,0,0,0,0,0,0,0,0,0,0,0,0,0,0,0
STAT,(NULL),EmptyPopTime,44,420899851,9791540,11088064,9218806,11085282,11278221,11274200,11241604,10452814,11204777,11152217,11061396,9754768,11088628,11219496,11131339,9616742,1923656,11242884,9020288,9382636,11071782,11206464,9615406,9108732,1809910,11222950,11074650,11165284,11197549,1493744,9265369,2315336,11155136,11176386,8677685,11124049,11123924,7835679,11197228,11239576,1441334,9839356,11195224,11117740
STAT,(NULL),EmptyWork,44,8156867282,183053373,168795391,184313483,170332534,168777068,168278393,200912093,179087447,190380189,187287152,187552789,192223656,197213496,190456976,187680902,191864027,187674448,188104476,189030642,190321121,196354259,180323551,191471671,182031914,199522642,169938953,182761135,189678437,195397766,171159174,172719487,195300455,189563009,184503257,190944361,185869959,189712165,192526534,170318670,189910621,181035648,196890172,187676331,167917455
STAT,(NULL),GaloisTime,44,30388811267,612120016,700510600,836375656,699525722,696916956,577595706,858880386,804478697,834068458,659337218,675448925,827546563,686198341,837882891,661298686,820404106,672195023,657843146,812469555,670215578,693009434,773911827,659202977,651994136,709383170,593800433,654040652,673984833,677555628,591487688,592301052,668401566,667539780,648044116,669446061,675703567,672671283,675375745,583959512,679815112,630800698,700575646,663210317,581283805
STAT,(NULL),InitPushTime,44,215450281,1864640,161481,131868,1280469,1280261,1731339,1283180,1269592,1266220,4902650,5972256,5122307,4746541,4779500,6177448,4728501,5280422,4709148,4986326,5370720,5752176,4674369,6111239,6147573,6306388,6381468,6401036,6124920,6317734,6325121,6140622,6222298,6362483,6350157,6362628,6392339,6258333,6384629,6413697,6209894,6235190,6346916,6344386,5839816
STAT,(NULL),Iterations,44,46583065,990326,1196875,1130116,1210639,1201182,1091139,1085945,1154261,1114621,1010314,1007999,1117243,975686,1106575,1008558,1107143,1003810,1019512,1110068,1003703,976792,1118593,1032316,1038883,971205,1105984,1036444,1022466,985858,1109712,1098233,1042290,1022011,1038398,1014746,1038582,995650,1026936,1085262,1007700,1052641,1004340,1011269,1101039
STAT,(NULL),LoopTime,44,19653856237,19653856237,0,0,0,0,0,0,0,0,0,0,0,0,0,0,0,0,0,0,0,0,0,0,0,0,0,0,0,0,0,0,0,0,0,0,0,0,0,0,0,0,0,0,0
STAT,(NULL),MeminfoPost,44,1584,36,36,36,36,36,36,36,36,36,36,36,36,36,36,36,36,36,36,36,36,36,36,36,36,36,36,36,36,36,36,36,36,36,36,36,36,36,36,36,36,36,36,36,36
STAT,(NULL),MeminfoPre,44,1584,36,36,36,36,36,36,36,36,36,36,36,36,36,36,36,36,36,36,36,36,36,36,36,36,36,36,36,36,36,36,36,36,36,36,36,36,36,36,36,36,36,36,36,36
STAT,(NULL),NumaPost,44,335007,158526,175116,1029,336,0,0,0,0,0,0,0,0,0,0,0,0,0,0,0,0,0,0,0,0,0,0,0,0,0,0,0,0,0,0,0,0,0,0,0,0,0,0,0,0
STAT,(NULL),PopTime,44,333401220252,7566207343,7619166135,7589896218,7681094825,7674562170,7619943288,7571615022,7688602439,7660592305,7578390698,7578837872,7632126230,7583299307,7645820794,7588165958,7547469272,7585287190,7648822561,7573024141,7523195828,7579039416,7622832731,7514974544,7580886944,7516719649,7613955668,7530699238,7528877192,7512578404,7601062332,7652779360,7553556430,7541709331,7545041515,7544515257,7463646268,7515764149,7476303725,7683907435,7503948123,7518935876,7543322797,7486269663,7613774609
STAT,(NULL),PushTime,44,214948097516,5467811600,4653005788,4570397993,4563266228,4582612910,5025140093,4536720190,4476759102,4480779752,5033370666,5030565023,4531432296,5005828573,4504491951,5009964760,4617289874,5019417250,4970304350,4612019815,5070268113,5009551807,4614464233,4994062399,4955391744,4992408225,4944789679,5009768772,4982089580,5006102457,4951216031,4900981342,4942984047,4974318529,4981993146,4979670332,5034294678,5013695972,5014966724,4886149894,5022169328,5019720897,4942047253,5055570397,4958243723
STAT,(NULL),RusageSys,44,2652000,2652000,0,0,0,0,0,0,0,0,0,0,0,0,0,0,0,0,0,0,0,0,0,0,0,0,0,0,0,0,0,0,0,0,0,0,0,0,0,0,0,0,0,0,0
STAT,(NULL),RusageUser,44,373872000,373872000,0,0,0,0,0,0,0,0,0,0,0,0,0,0,0,0,0,0,0,0,0,0,0,0,0,0,0,0,0,0,0,0,0,0,0,0,0,0,0,0,0,0,0
STAT,(NULL),Threads,44,44,44,0,0,0,0,0,0,0,0,0,0,0,0,0,0,0,0,0,0,0,0,0,0,0,0,0,0,0,0,0,0,0,0,0,0,0,0,0,0,0,0,0,0,0
STAT,(NULL),Time,44,19656003878,19656003878,0,0,0,0,0,0,0,0,0,0,0,0,0,0,0,0,0,0,0,0,0,0,0,0,0,0,0,0,0,0,0,0,0,0,0,0,0,0,0,0,0,0,0
STAT,(NULL),TotalTime,44,36967982366,36967982366,0,0,0,0,0,0,0,0,0,0,0,0,0,0,0,0,0,0,0,0,0,0,0,0,0,0,0,0,0,0,0,0,0,0,0,0,0,0,0,0,0,0,0
STAT,(NULL),UserTime,44,265538196573,5544052003,6230480549,6192839376,6257746871,6248896696,5980813746,6203674302,6223665009,6206018496,5913508966,5899578995,6189957453,5899418731,6193177544,5924803697,6196405065,5916554149,5906726511,6187478674,5919665600,5894023694,6180313420,6013720001,6003634536,5963202374,6049339175,5994701661,5997251459,5980221713,6066632394,6055006367,6020487191,5998769545,6012288571,5989799508,6012409450,5980082992,6016046018,6047515630,5975961576,6031118261,5990370396,5979125083,6050713125
STAT,(NULL),Work,44,852861135545,19383189196,19383151108,19383141303,19383161275,19383145155,19383159010,19383148146,19383142922,19383167517,19383147428,19383149072,19383153568,19383150789,19383181848,19383173002,19383169270,19383150498,19383164348,19383150685,19383149772,19383148546,19383157059,19383163543,19383141470,19383169040,19385536939,19383167866,19383147725,19383165047,19383152228,19383157390,19383137719,19383142458,19383140417,19383142419,19383140327,19383165353,19383143328,19383143405,19383143564,19383142507,19383142952,19383142541,19383155790
STAT,(NULL),nBad,44,17934818,389421,452740,403009,454073,456104,437325,413954,424133,421603,393687,384069,422827,385855,410498,383573,406614,381427,382158,414399,387649,378914,423053,418268,398485,382693,436987,402468,400873,389856,434781,439408,412574,394285,405068,402951,393304,390975,394025,427116,391287,410516,388306,395177,418330
STAT,(NULL),nEmpty,44,28507941,620963,691889,656443,700725,692761,682002,613126,661571,633312,630282,634214,638463,606243,629859,638404,638477,634637,640667,635498,629014,616908,642785,646947,655820,610554,693149,649929,639896,611563,697926,686391,653332,640962,651825,633068,664731,623885,650808,677393,631109,660746,633582,632195,693887
STAT,(NULL),nEmptyPop,44,29980,671,799,607,794,834,824,853,741,821,795,801,674,825,809,799,637,113,831,607,628,787,787,636,604,106,845,799,818,826,83,619,132,820,795,572,840,824,488,871,844,74,692,838,817
STAT,(NULL),nOverall,44,286221441,6116325,7020881,6182412,7073777,7061687,6959077,6219319,6325722,6339283,6416370,6172833,6302061,6170370,6176520,6167488,6255261,6134144,6261046,6379234,6332904,6038755,6449989,6711589,6589071,6248924,7100298,6513106,6502919,6503142,7096518,7093208,6543892,6494727,6700788,6516191,6405014,6336000,6368696,7024356,6314432,6776648,6345642,6468209,7012613
STAT,(NULL),nPop,44,46583065,990326,1196875,1130116,1210639,1201182,1091139,1085945,1154261,1114621,1010314,1007999,1117243,975686,1106575,1008558,1107143,1003810,1019512,1110068,1003703,976792,1118593,1032316,1038883,971205,1105984,1036444,1022466,985858,1109712,1098233,1042290,1022011,1038398,1014746,1038582,995650,1026936,1085262,1007700,1052641,1004340,1011269,1101039
STAT,(NULL),nPush,44,46580351,950818,1186737,1046029,1193262,1190015,1107381,1051829,1041585,1063873,1021587,969361,1068487,978792,1042034,962891,1064586,967476,980063,1091350,1014798,953643,1102397,1089034,1066395,1031305,1146442,1043547,1047047,1067042,1142780,1149730,1027488,1040914,1106392,1052610,1035893,1016601,1016521,1136573,998353,1088490,1045392,1049763,1133045
STAT,(NULL),nPushInit,44,2714,65,65,64,64,64,65,62,62,60,62,62,62,63,61,64,64,64,60,61,64,61,65,60,62,64,60,62,63,63,65,64,62,64,64,61,62,63,58,62,59,60,62,64,26
==== BENCHMARK TOOK 17.841
==== BENCHMARK START ===
==== PARAMS kernel=4.9.5-64-net1 malloc=libc hostname=rack-castor threads=44 delta=4 prog=sssp-capq  ===
Galois Benchmark Suite v2.2.1 (r0)
Copyright (C) 2014 The University of Texas at Austin
http://iss.ices.utexas.edu/galois/

application: Single Source Shortest Path
Computes the shortest path from a source node to all nodes in a directed graph using a modified chaotic iteration algorithm
http://iss.ices.utexas.edu/?p=projects/galois/benchmarks/single_source_shortest_path

INFO: CommandLine ./build/debug/apps/sssp/sssp -noverify -t 44 -delta 4 -wl capq -startNode 0 /specific/disk1/home/mad/Galois-PQ/inputs/scalefree/rmat16p-2e24.gr
INFO: Hostname rack-castor
Read 16777216 nodes
Running Asynchronous with CAS version
INFO: Using delta-step of 1
WARNING: Performance varies considerably due to delta parameter.
WARNING: Do not expect the default to be good for your graph.
Node 1 has distance 2
STATTYPE,LOOP,CATEGORY,n,sum,T0,T1,T2,T3,T4,T5,T6,T7,T8,T9,T10,T11,T12,T13,T14,T15,T16,T17,T18,T19,T20,T21,T22,T23,T24,T25,T26,T27,T28,T29,T30,T31,T32,T33,T34,T35,T36,T37,T38,T39,T40,T41,T42,T43
STAT,(NULL),BadWork,44,8766246279,189236846,225581792,205940962,225029928,209471085,224631977,215798126,194563128,204150477,180144973,182487457,195547877,220640803,196776768,196209186,198848272,190195111,196616788,188735803,189993253,191701800,189072599,195946006,197858593,198926417,207962130,185700831,196644345,186218032,210587590,209533001,183270804,194584408,194168164,198247104,191897784,203739942,204582498,210782526,189641823,198505674,197786328,192723320,205563948
STAT,(NULL),BarrierTime,44,417836068,14011092,16093358,10231003,13740169,13687434,5811006,12405775,8710312,13282441,8548561,9221286,9177596,14070184,10298792,9091503,9433527,9046457,9413854,9101286,9430025,9434139,8450344,8602968,8465216,8309553,8559093,8590241,8453764,8445512,8562222,8481059,8548045,8389794,8346251,8590363,8736064,8424752,8586116,8664483,6400383,8728952,8575972,8828613,7856508
STAT,(NULL),ConflictTime,44,0,0,0,0,0,0,0,0,0,0,0,0,0,0,0,0,0,0,0,0,0,0,0,0,0,0,0,0,0,0,0,0,0,0,0,0,0,0,0,0,0,0,0,0,0
STAT,(NULL),Conflicts,44,0,0,0,0,0,0,0,0,0,0,0,0,0,0,0,0,0,0,0,0,0,0,0,0,0,0,0,0,0,0,0,0,0,0,0,0,0,0,0,0,0,0,0,0,0
STAT,(NULL),EmptyPopTime,44,92008905,1656688,2296466,1563760,2204093,2304840,2182568,2542376,2388196,2252348,1528844,2356128,1694326,2032468,2337616,1997820,1588959,2037364,1647266,1678701,1763298,2191234,2193000,2525595,2340996,2175311,2077000,2416940,2208856,2365368,2000975,2040504,1667573,1605322,1628396,2359764,2524484,2321972,2063116,1631256,2404967,2015164,2553772,2449433,2193782
STAT,(NULL),EmptyWork,44,7803911096,179779230,165215862,180244900,166756268,162820574,159938992,176638902,184957069,187712987,183650500,187969565,176347175,184537158,175282561,178583072,176788388,178108874,179501509,176322399,188023713,179493214,185155996,181768002,185976755,185196682,159792066,189607066,183280694,182948740,161895232,161415228,181323595,183481245,186853217,178243316,180089659,175371046,175943025,160346983,169559324,184019801,189017561,172349670,161603281
STAT,(NULL),GaloisTime,44,28287413503,591402901,681887889,790508469,688947893,563155182,676816696,742327782,649102094,843317166,673031213,667635476,623690602,748599275,611598667,616540768,619078774,639784327,624610710,649210226,668677230,637061836,627362271,636523295,636563071,634700566,566477428,677256991,629920687,657280252,564529864,569027537,658577304,641631213,662515485,615303889,641422729,607880343,604718736,562243709,621776532,632989003,647349456,623858984,560518982
STAT,(NULL),InitPushTime,44,264313030,191604,165527,2165283,2410578,2442704,2017834,2013498,7307549,2011784,7475461,6818650,6898719,2002648,5742191,6946570,6502821,6894268,6576426,6878723,6511467,6501580,7460735,7312335,7504432,7634462,7414299,7339158,7478270,7484786,7340267,7431920,7285574,7425193,7478452,7243756,7112128,7435965,7274594,7197889,7189548,7107334,7259354,7005120,6421574
STAT,(NULL),Iterations,44,44627450,981100,1172561,1091504,1172189,1055573,1144457,1095755,988059,1074257,958525,944004,983873,1083979,994044,986017,992749,958546,981345,964980,959974,986440,999897,977483,964968,1008968,1053139,959067,1011966,981067,1064281,1048920,955282,995256,978095,1010295,988861,987094,997502,1039629,1013516,1001244,978328,993232,1049429
STAT,(NULL),LoopTime,44,19061736727,19061736727,0,0,0,0,0,0,0,0,0,0,0,0,0,0,0,0,0,0,0,0,0,0,0,0,0,0,0,0,0,0,0,0,0,0,0,0,0,0,0,0,0,0,0
STAT,(NULL),MeminfoPost,44,1584,36,36,36,36,36,36,36,36,36,36,36,36,36,36,36,36,36,36,36,36,36,36,36,36,36,36,36,36,36,36,36,36,36,36,36,36,36,36,36,36,36,36,36,36
STAT,(NULL),MeminfoPre,44,1584,36,36,36,36,36,36,36,36,36,36,36,36,36,36,36,36,36,36,36,36,36,36,36,36,36,36,36,36,36,36,36,36,36,36,36,36,36,36,36,36,36,36,36,36
STAT,(NULL),NumaPost,44,341753,157028,183376,797,552,0,0,0,0,0,0,0,0,0,0,0,0,0,0,0,0,0,0,0,0,0,0,0,0,0,0,0,0,0,0,0,0,0,0,0,0,0,0,0,0
STAT,(NULL),PopTime,44,323841594411,7324968184,7421210364,7378323365,7405689413,7331636327,7430318249,7361064245,7297945902,7333160583,7355428956,7275690454,7404046557,7379642688,7409641966,7346280187,7368767599,7357594256,7422989141,7342281463,7349716834,7377118220,7302240411,7276421580,7361110228,7347882729,7346308199,7299554011,7317561786,7350196603,7437320843,7430122600,7381196507,7376294267,7292188630,7349116024,7362544789,7416780381,7354580836,7448729960,7427303108,7223752996,7351080403,7344578727,7371213840
STAT,(NULL),PushTime,44,210015555494,5211574004,4425807327,4399072994,4439713583,4903835362,4438968625,4450144766,4872211993,4378930191,4831012346,4900563679,4804080670,4398406050,4793549859,4846014487,4836863170,4868692432,4764145131,4891782404,4851327116,4817109883,4892578057,4914276529,4799251088,4797258288,4858648930,4831882367,4815880030,4829627930,4774359979,4783380640,4814331064,4769649889,4840798469,4808510709,4809302940,4788023253,4823124405,4779899433,4777829242,4907646311,4778325789,4853676332,4843487748
STAT,(NULL),RusageSys,44,2540000,2540000,0,0,0,0,0,0,0,0,0,0,0,0,0,0,0,0,0,0,0,0,0,0,0,0,0,0,0,0,0,0,0,0,0,0,0,0,0,0,0,0,0,0,0
STAT,(NULL),RusageUser,44,360676000,360676000,0,0,0,0,0,0,0,0,0,0,0,0,0,0,0,0,0,0,0,0,0,0,0,0,0,0,0,0,0,0,0,0,0,0,0,0,0,0,0,0,0,0,0
STAT,(NULL),Threads,44,44,44,0,0,0,0,0,0,0,0,0,0,0,0,0,0,0,0,0,0,0,0,0,0,0,0,0,0,0,0,0,0,0,0,0,0,0,0,0,0,0,0,0,0,0
STAT,(NULL),Time,44,19063882778,19063882778,0,0,0,0,0,0,0,0,0,0,0,0,0,0,0,0,0,0,0,0,0,0,0,0,0,0,0,0,0,0,0,0,0,0,0,0,0,0,0,0,0,0,0
STAT,(NULL),TotalTime,44,38174521792,38174521792,0,0,0,0,0,0,0,0,0,0,0,0,0,0,0,0,0,0,0,0,0,0,0,0,0,0,0,0,0,0,0,0,0,0,0,0,0,0,0,0,0,0,0
STAT,(NULL),UserTime,44,254673679821,5434116810,6047086435,5993789073,6040196991,5779749700,6035278537,6010782665,5736891635,5998127590,5698851251,5709288439,5733648779,6030288821,5751088122,5754088718,5740414979,5697286246,5750615689,5682222874,5683992451,5730530744,5733976438,5731984319,5758268106,5776283878,5810202760,5742791471,5794653647,5721085855,5803395951,5797520375,5706412243,5770845131,5759520983,5789974627,5747620557,5753125907,5783068446,5790648444,5744633747,5793077183,5775175727,5746595852,5804481625
STAT,(NULL),Work,44,824734394740,18745742209,18743607740,18747474137,18743607875,18743609721,18749231025,18745290553,18743595508,18744360052,18743607920,18743605766,18743605731,18743606096,18743609526,18743612022,18743614891,18743609241,18743611534,18743604085,18743605991,18743605482,18743604579,18743625753,18743608296,18743624732,18743607067,18743605761,18743608618,18743609056,18743640332,18743629791,18743606198,18743627649,18743604946,18743606324,18743626070,18743608450,18743606012,18743606204,18743604927,18743606266,18743606316,18743606254,18745098034
STAT,(NULL),nBad,44,10125757,218506,255380,231701,255409,243318,258242,246883,224762,231514,208803,211710,227200,248947,228099,228932,231489,219380,229807,218012,221637,220400,219885,225173,228592,228908,242255,214553,228842,215810,242181,243768,212532,228436,223845,231072,222934,236042,236273,247218,218242,230791,227075,221985,239214
STAT,(NULL),nEmpty,44,27152620,608433,669335,618127,668457,651791,643003,610726,611222,605651,601184,581464,606521,594327,608151,603284,614655,593386,603556,603929,600690,614299,622798,603298,586221,627080,647080,593787,623504,617435,660253,644590,590830,617525,604573,621584,610941,602185,608967,639012,636053,618225,598764,617518,648206
STAT,(NULL),nEmptyPop,44,6770,107,172,97,157,181,161,190,200,171,91,194,101,141,191,138,97,142,103,109,117,161,161,223,190,154,141,209,154,170,119,128,101,101,110,199,232,172,125,108,207,141,235,210,159
STAT,(NULL),nOverall,44,278412380,6042563,6802245,6175693,6816255,6747969,6821068,6475509,6122611,5922577,5857786,5994775,6331401,6564058,6346501,6342701,6117557,6165791,6369273,6003437,5962753,6080326,6154345,6306701,6375085,6383130,6816916,6094616,6443938,5914435,6762413,6807394,6005092,6361284,6107035,6418900,6198540,6280293,6463776,6713569,6149270,6382104,6270076,6218214,6722405
STAT,(NULL),nPop,44,44627450,981100,1172561,1091504,1172189,1055573,1144457,1095755,988059,1074257,958525,944004,983873,1083979,994044,986017,992749,958546,981345,964980,959974,986440,999897,977483,964968,1008968,1053139,959067,1011966,981067,1064281,1048920,955282,995256,978095,1010295,988861,987094,997502,1039629,1013516,1001244,978328,993232,1049429
STAT,(NULL),nPush,44,44624732,943688,1155800,1080485,1163313,1070907,1159938,1104212,936854,986797,924293,953688,1004305,1107686,982930,991561,930360,995791,1008582,968955,958302,939961,957462,1025245,1011997,1018399,1085464,972991,1023091,933262,1079036,1086645,966536,1023581,967845,1011923,991736,981484,1014578,1071009,970855,1003778,1000977,986747,1071683
STAT,(NULL),nPushInit,44,2718,65,65,64,64,64,65,63,62,60,64,64,62,63,62,64,65,64,60,63,64,63,65,59,61,64,59,61,63,63,64,64,62,63,64,61,62,62,59,62,58,60,62,64,26
==== BENCHMARK TOOK 18.359
==== BENCHMARK START ===
==== PARAMS kernel=4.9.5-64-net1 malloc=libc hostname=rack-castor threads=44 delta=4 prog=sssp-capq  ===
Galois Benchmark Suite v2.2.1 (r0)
Copyright (C) 2014 The University of Texas at Austin
http://iss.ices.utexas.edu/galois/

application: Single Source Shortest Path
Computes the shortest path from a source node to all nodes in a directed graph using a modified chaotic iteration algorithm
http://iss.ices.utexas.edu/?p=projects/galois/benchmarks/single_source_shortest_path

INFO: CommandLine ./build/debug/apps/sssp/sssp -noverify -t 44 -delta 4 -wl capq -startNode 0 /specific/disk1/home/mad/Galois-PQ/inputs/scalefree/rmat16p-2e24.gr
INFO: Hostname rack-castor
Read 16777216 nodes
Running Asynchronous with CAS version
INFO: Using delta-step of 1
WARNING: Performance varies considerably due to delta parameter.
WARNING: Do not expect the default to be good for your graph.
Node 1 has distance 2
STATTYPE,LOOP,CATEGORY,n,sum,T0,T1,T2,T3,T4,T5,T6,T7,T8,T9,T10,T11,T12,T13,T14,T15,T16,T17,T18,T19,T20,T21,T22,T23,T24,T25,T26,T27,T28,T29,T30,T31,T32,T33,T34,T35,T36,T37,T38,T39,T40,T41,T42,T43
STAT,(NULL),BadWork,44,7531414482,161741079,195757990,176997860,192246122,204327991,191737567,175443526,157138097,162720320,167705134,170742758,165005316,169596938,161529547,161792004,159504693,164875430,165719260,160259580,167036537,158461118,169929470,168242384,160457910,155170130,184851409,173119135,169382153,170248023,182059277,181764835,175677917,168294201,173953734,175109246,166520518,169895348,166086615,181292912,173721665,170493785,163569322,163115296,178120330
STAT,(NULL),BarrierTime,44,581764929,19786552,6530920,18351266,17451226,18447672,12866562,17879902,13441648,16869303,13050547,16887359,13201659,13425766,13425724,13331787,12168632,13330943,13450672,13060996,13423324,13268675,12611581,12461686,12155750,12366235,12386734,12542470,12265335,12154645,12542819,12473460,12390837,12054293,12199890,9542312,12173241,12195939,12112370,9991732,12389880,12267275,12221230,12071828,12542252
STAT,(NULL),ConflictTime,44,0,0,0,0,0,0,0,0,0,0,0,0,0,0,0,0,0,0,0,0,0,0,0,0,0,0,0,0,0,0,0,0,0,0,0,0,0,0,0,0,0,0,0,0,0
STAT,(NULL),Conflicts,44,0,0,0,0,0,0,0,0,0,0,0,0,0,0,0,0,0,0,0,0,0,0,0,0,0,0,0,0,0,0,0,0,0,0,0,0,0,0,0,0,0,0,0,0,0
STAT,(NULL),EmptyPopTime,44,511872538,17801486,9717283,17913624,2166696,17987444,17784565,9170140,17874548,18029764,9181108,9337796,9186742,17704990,9294520,17700113,17796724,9191138,9377640,9320696,2933116,2204811,9165588,18172622,18026945,17831178,17906744,17981849,17802076,9215669,18056250,17906388,1839227,1216623,9299786,9278772,9152966,9216345,1766828,9334735,9210892,1397089,9348017,17727876,9343129
STAT,(NULL),EmptyWork,44,7981070218,185449223,166518467,177764573,167258655,164773548,164577106,188115336,191046654,187925621,185913379,184149929,179547380,178180840,188787572,187596466,194830780,190084114,191046182,181684031,193279956,179215016,197499816,181502723,186131927,191009378,166034793,181695456,187813903,176503318,165249279,171270752,189727443,188321015,186303426,174675277,187915927,184765832,186178857,164299488,188263565,175371983,181636520,178351795,162802917
STAT,(NULL),GaloisTime,44,28802046867,611531652,683612716,817203400,688005336,688009656,688824243,807943499,680353797,680581038,657453677,651598245,659763538,636142913,667363542,663605348,679820887,655204817,653947675,673881585,667233010,662183456,666151749,650724936,677574080,695925211,572852023,636341591,638265427,637354526,569172449,576074566,646401772,659940600,617051711,621178328,663707883,633099180,643817059,568282206,641644638,641727006,665899688,639480370,565115838
STAT,(NULL),InitPushTime,44,257330896,185338,1359283,1279513,2370046,83369,1202568,1886229,6294780,2855615,6669697,2839410,6442804,6242926,6261472,6349744,7432971,6299403,6188782,6519047,6203522,6343928,6959568,7154969,7418470,7175235,7151655,7007963,7291152,7393330,7013465,7097524,7115062,7436022,7297634,7339228,7291806,7276276,7384490,7243633,7082752,7235271,7280944,7418957,6955043
STAT,(NULL),Iterations,44,44289243,966333,1162812,1073277,1167849,1164334,1163966,1069984,959021,939921,972015,963572,962734,991426,947532,955938,953961,964096,966513,960325,971786,956004,962386,991189,971616,948563,1071895,1018345,987828,991402,1056306,1065621,999127,975072,1026163,1013996,959566,984849,972832,1044435,975125,1009287,989669,987579,1052993
STAT,(NULL),LoopTime,44,19142890306,19142890306,0,0,0,0,0,0,0,0,0,0,0,0,0,0,0,0,0,0,0,0,0,0,0,0,0,0,0,0,0,0,0,0,0,0,0,0,0,0,0,0,0,0,0
STAT,(NULL),MeminfoPost,44,1584,36,36,36,36,36,36,36,36,36,36,36,36,36,36,36,36,36,36,36,36,36,36,36,36,36,36,36,36,36,36,36,36,36,36,36,36,36,36,36,36,36,36,36,36
STAT,(NULL),MeminfoPre,44,1584,36,36,36,36,36,36,36,36,36,36,36,36,36,36,36,36,36,36,36,36,36,36,36,36,36,36,36,36,36,36,36,36,36,36,36,36,36,36,36,36,36,36,36,36
STAT,(NULL),NumaPost,44,333866,173476,159026,812,552,0,0,0,0,0,0,0,0,0,0,0,0,0,0,0,0,0,0,0,0,0,0,0,0,0,0,0,0,0,0,0,0,0,0,0,0,0,0,0,0
STAT,(NULL),PopTime,44,325562231047,7369517934,7393552306,7475549798,7540749296,7468793732,7405164315,7431870285,7423878522,7378008059,7398333365,7362819630,7361259872,7387751106,7340608086,7396627627,7370000744,7395676029,7358209230,7378870693,7387758353,7384336530,7353226016,7430952243,7305262165,7369844178,7392766824,7313523751,7347705209,7428634594,7476579780,7415649166,7395630173,7409454585,7415489278,7462033112,7381202454,7392147086,7417953117,7401806311,7334793737,7439255571,7399042160,7427698449,7442245576
STAT,(NULL),PushTime,44,211053590397,5243021310,4534661213,4369682170,4396558690,4440376385,4507924671,4412379825,4788533976,4876948671,4870797792,4892365127,4888740935,4861287582,4888902351,4823727236,4866786106,4851136089,4865216459,4873562227,4844068459,4889409960,4823344238,4783847675,4940923583,4820389950,4840048830,4887444616,4857802737,4827789021,4776523059,4826512870,4793949979,4805628405,4767733076,4784527093,4840249014,4844550474,4829177379,4874513806,4876427666,4797129981,4819917353,4813518734,4835553624
STAT,(NULL),RusageSys,44,2580000,2580000,0,0,0,0,0,0,0,0,0,0,0,0,0,0,0,0,0,0,0,0,0,0,0,0,0,0,0,0,0,0,0,0,0,0,0,0,0,0,0,0,0,0,0
STAT,(NULL),RusageUser,44,364872000,364872000,0,0,0,0,0,0,0,0,0,0,0,0,0,0,0,0,0,0,0,0,0,0,0,0,0,0,0,0,0,0,0,0,0,0,0,0,0,0,0,0,0,0,0
STAT,(NULL),Threads,44,44,44,0,0,0,0,0,0,0,0,0,0,0,0,0,0,0,0,0,0,0,0,0,0,0,0,0,0,0,0,0,0,0,0,0,0,0,0,0,0,0,0,0,0,0
STAT,(NULL),Time,44,19145033193,19145033193,0,0,0,0,0,0,0,0,0,0,0,0,0,0,0,0,0,0,0,0,0,0,0,0,0,0,0,0,0,0,0,0,0,0,0,0,0,0,0,0,0,0,0
STAT,(NULL),TotalTime,44,39207314440,39207314440,0,0,0,0,0,0,0,0,0,0,0,0,0,0,0,0,0,0,0,0,0,0,0,0,0,0,0,0,0,0,0,0,0,0,0,0,0,0,0,0,0,0,0
STAT,(NULL),UserTime,44,255972026648,5433647009,6072909410,6002861493,6066242514,6081035117,6076697568,6011490083,5759287091,5719477388,5739294061,5760698067,5762476487,5779911068,5766014707,5771719192,5731734290,5759686266,5783173778,5743649158,5765698096,5743621953,5811581467,5795772208,5733057448,5765975415,5871369331,5823984813,5811588385,5781475202,5855393981,5853559050,5833425232,5796409280,5865097128,5809279574,5778744446,5797193409,5782079810,5842737415,5810636577,5806098005,5785135337,5784192025,5845916314
STAT,(NULL),Work,44,829912432934,18861123789,18873141755,18861094556,18861093545,18862381013,18866833674,18861090924,18861101072,18861103998,18861097748,18861101959,18861112295,18861119033,18861095714,18861103150,18861098214,18861105582,18861091976,18861118687,18861097690,18861118132,18861131542,18861091716,18861086327,18861118797,18861133992,18861089113,18861100757,18861119682,18861085927,18861101011,18861086112,18861086069,18861086949,18863720372,18861124650,18861119571,18861087488,18863365294,18861122484,18861087229,18861086984,18861089410,18861086952
STAT,(NULL),nBad,44,8801077,189341,225746,203142,222845,232042,222868,201349,184095,188643,195125,200619,194839,197777,189149,190015,185007,191946,194669,186248,195694,185325,197933,198759,186226,182148,217404,204868,198603,198550,211363,213876,206352,197314,205333,204905,194717,198848,194847,213708,206808,200136,191827,190229,209839
STAT,(NULL),nEmpty,44,26920391,598651,654983,593487,658548,653869,657634,595718,593837,574102,595927,589150,595930,613285,577159,586538,590907,595029,592585,598302,600490,598842,589358,617103,608308,591694,659050,634084,601754,610933,645707,655646,613799,595904,627749,623171,589129,604783,598420,636722,591529,630797,619164,613987,646627
STAT,(NULL),nEmptyPop,44,25902,699,713,706,118,693,707,674,693,673,667,698,639,694,675,719,722,690,692,677,208,137,643,695,666,663,688,703,686,653,697,694,117,76,638,661,639,636,108,646,646,85,658,645,665
STAT,(NULL),nOverall,44,277087700,5912009,6826263,6011646,6854100,6865221,6859792,6122336,5974832,5908323,6130058,6258909,6104631,6170041,6083185,6041183,5787755,6219348,6226128,5898887,6057645,5851187,6159402,6325685,5897803,5917816,6891985,6376316,6429388,6280814,6856710,6874383,6385840,6247054,6712247,6422122,6197376,6307589,6185581,6792118,6457639,6224247,6030806,6165031,6786269
STAT,(NULL),nPop,44,44289243,966333,1162812,1073277,1167849,1164334,1163966,1069984,959021,939921,972015,963572,962734,991426,947532,955938,953961,964096,966513,960325,971786,956004,962386,991189,971616,948563,1071895,1018345,987828,991402,1056306,1065621,999127,975072,1026163,1013996,959566,984849,972832,1044435,975125,1009287,989669,987579,1052993
STAT,(NULL),nPush,44,44286523,923751,1156460,1034611,1166173,1162752,1169638,1040471,939337,924421,962407,978702,976479,961019,957109,941511,899447,1004447,977202,926551,945203,922106,957173,1038150,945447,935876,1096426,1013524,1019726,1002549,1088892,1096256,993025,992557,1065720,1012853,990217,1009583,971743,1082415,1034059,979371,936734,975183,1079247
STAT,(NULL),nPushInit,44,2720,65,65,64,65,64,65,62,63,59,62,64,61,62,62,64,64,65,61,60,64,63,65,60,62,64,59,62,63,63,65,64,62,64,64,61,63,63,59,62,59,60,62,64,26
==== BENCHMARK TOOK 18.749
==== BENCHMARK START ===
==== PARAMS kernel=4.9.5-64-net1 malloc=libc hostname=rack-castor threads=44 delta=4 prog=sssp-capq  ===
Galois Benchmark Suite v2.2.1 (r0)
Copyright (C) 2014 The University of Texas at Austin
http://iss.ices.utexas.edu/galois/

application: Single Source Shortest Path
Computes the shortest path from a source node to all nodes in a directed graph using a modified chaotic iteration algorithm
http://iss.ices.utexas.edu/?p=projects/galois/benchmarks/single_source_shortest_path

INFO: CommandLine ./build/debug/apps/sssp/sssp -noverify -t 44 -delta 4 -wl capq -startNode 0 /specific/disk1/home/mad/Galois-PQ/inputs/scalefree/rmat16p-2e24.gr
INFO: Hostname rack-castor
Read 16777216 nodes
Running Asynchronous with CAS version
INFO: Using delta-step of 1
WARNING: Performance varies considerably due to delta parameter.
WARNING: Do not expect the default to be good for your graph.
Node 1 has distance 2
STATTYPE,LOOP,CATEGORY,n,sum,T0,T1,T2,T3,T4,T5,T6,T7,T8,T9,T10,T11,T12,T13,T14,T15,T16,T17,T18,T19,T20,T21,T22,T23,T24,T25,T26,T27,T28,T29,T30,T31,T32,T33,T34,T35,T36,T37,T38,T39,T40,T41,T42,T43
STAT,(NULL),BadWork,44,7639422011,159332857,194584856,178061084,197579468,182720077,194433069,166026821,164549434,178642320,181698840,163258289,166988186,169290953,165265144,155479303,170149382,169870569,172059556,173647252,163464803,162134326,165981607,164900222,168449230,166204355,180742686,174554119,175695212,178180215,185235350,186586248,174285325,175639443,173894719,180817905,161303618,161746080,171274301,180921246,172747229,178216532,168039794,181099980,183670006
STAT,(NULL),BarrierTime,44,637720785,21141139,21041006,19113791,7737724,18260583,21005315,10074873,13858704,19100175,14595305,17907803,14435734,14350461,14260032,13991628,13171439,14380544,14394332,14432380,14450802,14409176,13841300,13566862,13554680,13387386,13814437,13814832,13517883,13355983,13626438,13582743,13557480,13517233,13445588,13651624,13436688,13399734,13423564,13574871,13441479,13388174,13485296,13299855,13923709
STAT,(NULL),ConflictTime,44,0,0,0,0,0,0,0,0,0,0,0,0,0,0,0,0,0,0,0,0,0,0,0,0,0,0,0,0,0,0,0,0,0,0,0,0,0,0,0,0,0,0,0,0,0
STAT,(NULL),Conflicts,44,0,0,0,0,0,0,0,0,0,0,0,0,0,0,0,0,0,0,0,0,0,0,0,0,0,0,0,0,0,0,0,0,0,0,0,0,0,0,0,0,0,0,0,0,0
STAT,(NULL),EmptyPopTime,44,561410828,16859584,16741497,16613384,16685610,9664944,16947002,16769179,1464112,8332762,16651780,8224683,16844580,8116163,8132172,8278548,16817460,16750244,5552485,16782292,16798107,16825808,8415932,16806248,6571928,8666336,16798264,16804278,5646797,6812372,6485328,16862656,16772473,8232092,8344492,16967004,16831580,16831308,6834452,8925416,16965408,16936796,16843960,16793568,8409744
STAT,(NULL),EmptyWork,44,7811677859,175878189,163639863,174545012,163805430,161903181,161824732,182860179,189971467,185584967,178328839,172160144,184013225,179326957,187328524,189882432,177441349,175380051,175007993,175884403,181107071,187689661,186397004,185921180,181435692,190229616,158305827,180365911,176316034,170476207,161358491,164076789,183430127,178756138,185010714,181786761,190513928,184181007,177380584,162818036,174178740,178561268,197370435,178617242,160626459
STAT,(NULL),GaloisTime,44,28732132961,607689095,687107077,822173971,689272305,565860840,681514472,670190475,678766349,833938147,814538834,644347733,656027649,643319500,662265921,692430585,642448773,634112637,639208708,619004887,672280704,669357428,667109959,673643369,664772102,668998181,567636146,628657821,629369655,619158540,567951789,571870387,645400428,630443018,651952783,632770653,699412999,654453630,641078631,568312901,641922881,629195383,683318143,603687459,565160013
STAT,(NULL),InitPushTime,44,259423115,162124,190979,1995297,121707,2893516,79461,6757746,7126797,1913916,1912788,2784256,6569680,6598862,6681342,6948688,6356797,6520006,6524662,6510096,6495714,6531560,7063359,7334511,7345588,7503063,7085061,7080889,7308755,7476810,7186391,7258800,7209778,7254729,7348310,7141826,7408616,7432190,7386178,7267986,7405234,7454185,7358282,7544753,6891827
STAT,(NULL),Iterations,44,44218635,973513,1149987,1081609,1167993,1058647,1151386,969919,962371,1079568,1080832,990536,965762,972043,960256,925966,961433,983509,967001,987645,972454,946269,939513,966625,958308,955379,1056979,980372,1001161,1017929,1068048,1057102,987133,1014819,969006,981132,938285,960109,981922,1050001,1000621,995366,963991,1011111,1055024
STAT,(NULL),LoopTime,44,19074416023,19074416023,0,0,0,0,0,0,0,0,0,0,0,0,0,0,0,0,0,0,0,0,0,0,0,0,0,0,0,0,0,0,0,0,0,0,0,0,0,0,0,0,0,0,0
STAT,(NULL),MeminfoPost,44,1584,36,36,36,36,36,36,36,36,36,36,36,36,36,36,36,36,36,36,36,36,36,36,36,36,36,36,36,36,36,36,36,36,36,36,36,36,36,36,36,36,36,36,36,36
STAT,(NULL),MeminfoPre,44,1584,36,36,36,36,36,36,36,36,36,36,36,36,36,36,36,36,36,36,36,36,36,36,36,36,36,36,36,36,36,36,36,36,36,36,36,36,36,36,36,36,36,36,36,36
STAT,(NULL),NumaPost,44,340729,166255,173112,810,552,0,0,0,0,0,0,0,0,0,0,0,0,0,0,0,0,0,0,0,0,0,0,0,0,0,0,0,0,0,0,0,0,0,0,0,0,0,0,0,0
STAT,(NULL),PopTime,44,318430108971,7203317249,7350724171,7338849712,7288895917,7308117732,7231862018,7228837174,7225265093,7268033768,7285915032,7173770103,7214117478,7256299361,7153631666,7194755775,7274347598,7233759830,7299752031,7299416529,7193573336,7192326189,7223753269,7200717895,7262107720,7175198633,7304583158,7201104429,7212266167,7288701349,7224534411,7306112410,7174099546,7198089310,7253945601,7192547531,7157760159,7189494369,7230419384,7199369748,7291296173,7223157608,7160894144,7268037289,7276350906
STAT,(NULL),PushTime,44,212717654898,5298074962,4451710389,4360839521,4501548575,4864204213,4586961250,4900930442,4889736196,4401071783,4417939003,4981302164,4915224161,4881553380,4952849643,4919593940,4890346590,4903083703,4859615885,4823850893,4915835260,4920725893,4884005655,4885419835,4854119446,4912563257,4842472943,4880491414,4891816427,4825751714,4921692624,4826298449,4900966054,4892936297,4844563053,4889719877,4900552982,4911767009,4879331865,4931871129,4808309409,4846389448,4868084402,4827713238,4853820525
STAT,(NULL),RusageSys,44,2488000,2488000,0,0,0,0,0,0,0,0,0,0,0,0,0,0,0,0,0,0,0,0,0,0,0,0,0,0,0,0,0,0,0,0,0,0,0,0,0,0,0,0,0,0,0
STAT,(NULL),RusageUser,44,362200000,362200000,0,0,0,0,0,0,0,0,0,0,0,0,0,0,0,0,0,0,0,0,0,0,0,0,0,0,0,0,0,0,0,0,0,0,0,0,0,0,0,0,0,0,0
STAT,(NULL),Threads,44,44,44,0,0,0,0,0,0,0,0,0,0,0,0,0,0,0,0,0,0,0,0,0,0,0,0,0,0,0,0,0,0,0,0,0,0,0,0,0,0,0,0,0,0,0
STAT,(NULL),Time,44,19076436730,19076436730,0,0,0,0,0,0,0,0,0,0,0,0,0,0,0,0,0,0,0,0,0,0,0,0,0,0,0,0,0,0,0,0,0,0,0,0,0,0,0,0,0,0,0
STAT,(NULL),TotalTime,44,37494827332,37494827332,0,0,0,0,0,0,0,0,0,0,0,0,0,0,0,0,0,0,0,0,0,0,0,0,0,0,0,0,0,0,0,0,0,0,0,0,0,0,0,0,0,0,0
STAT,(NULL),UserTime,44,256574745609,5444259158,6076167664,6033057481,6085882212,5836332077,6066982329,5746493335,5760875725,6049125266,6032715204,5766279392,5759856745,5777472602,5781873114,5741146842,5744689896,5782999635,5766944390,5811149430,5766492573,5759158393,5776397320,5783573305,5777075154,5790431828,5856287454,5838662439,5830666760,5835181605,5864060229,5860868082,5825417147,5837626289,5802265315,5832290148,5781012878,5789356720,5811041256,5874785335,5813416390,5851841157,5819576040,5851241748,5881717547
STAT,(NULL),Work,44,824853808832,18746223005,18746209373,18746220570,18756441845,18746195360,18746196969,18750405791,18746194728,18746225154,18750733290,18746553522,18746202539,18746260828,18746198368,18746197670,18747587137,18746205401,18746226676,18746200610,18746200951,18746204716,18746223650,18746193658,18746193266,18746196382,18746205381,18746207533,18746220486,18746192980,18746234936,18746205173,18746235200,18746217708,18746197994,18746193054,18746194790,18746204338,18746223430,18746197295,18746196778,18746194132,18746195064,18746199269,18746201832
STAT,(NULL),nBad,44,8591923,176551,217667,193817,220158,205471,217640,183582,184054,196344,199937,184069,189952,191783,186374,175685,189580,188858,194561,196893,184739,184527,185572,187544,190925,189199,206102,195057,198882,198205,211148,209331,194638,199734,197737,204469,183695,182769,193353,202979,193971,203400,187405,206497,207069
STAT,(NULL),nEmpty,44,26853067,608298,647536,606922,663310,650990,647303,605370,594582,609801,605318,618473,595263,596836,588760,574555,592756,605732,590412,599489,606958,581257,575072,601509,591682,586493,648507,593432,614129,631134,658611,647965,603693,625462,593172,591961,579744,589129,608313,643443,619517,606190,588356,616290,649342
STAT,(NULL),nEmptyPop,44,44750,1448,1402,1432,1352,671,1507,1433,83,520,1440,501,1460,495,499,520,1440,1469,332,1396,1488,1444,518,1450,380,540,1400,1440,309,399,375,1420,1478,496,493,1491,1433,1427,393,566,1561,1458,1445,1436,510
STAT,(NULL),nOverall,44,276878546,5873030,6832246,5920978,6880254,6807808,6846011,5883070,5896229,6004058,6092016,6028982,6104145,6116239,6093675,5726397,6015624,6100960,6186644,6384970,5975705,5949092,5970215,6022466,6106360,6228286,6868795,6588529,6514419,6387620,6834673,6873293,6379847,6411920,6185981,6499388,5914646,6111725,6133537,6806773,6217618,6575099,6068114,6656809,6804300
STAT,(NULL),nPop,44,44218635,973513,1149987,1081609,1167993,1058647,1151386,969919,962371,1079568,1080832,990536,965762,972043,960256,925966,961433,983509,967001,987645,972454,946269,939513,966625,958308,955379,1056979,980372,1001161,1017929,1068048,1057102,987133,1014819,969006,981132,938285,960109,981922,1050001,1000621,995366,963991,1011111,1055024
STAT,(NULL),nPush,44,44215922,906503,1164808,991566,1171468,1076845,1170710,928312,906913,1004192,1043580,943698,969344,950428,959373,903764,958323,937660,990701,978488,948340,934673,923917,964637,993544,1002606,1096608,1059045,1035063,992564,1094165,1096841,1015099,1005348,985941,1028035,952971,968665,962453,1087282,979755,1051023,932864,1065403,1082404
STAT,(NULL),nPushInit,44,2713,65,65,64,63,64,65,62,61,60,62,63,62,63,61,64,65,64,60,60,64,61,65,60,61,64,60,62,63,63,65,64,62,63,64,62,62,63,60,62,58,60,62,64,26
==== BENCHMARK TOOK 17.959
==== BENCHMARK START ===
==== PARAMS kernel=4.9.5-64-net1 malloc=libc hostname=rack-castor threads=44 delta=4 prog=sssp-capq  ===
Galois Benchmark Suite v2.2.1 (r0)
Copyright (C) 2014 The University of Texas at Austin
http://iss.ices.utexas.edu/galois/

application: Single Source Shortest Path
Computes the shortest path from a source node to all nodes in a directed graph using a modified chaotic iteration algorithm
http://iss.ices.utexas.edu/?p=projects/galois/benchmarks/single_source_shortest_path

INFO: CommandLine ./build/debug/apps/sssp/sssp -noverify -t 44 -delta 4 -wl capq -startNode 0 /specific/disk1/home/mad/Galois-PQ/inputs/scalefree/rmat16p-2e24.gr
INFO: Hostname rack-castor
Read 16777216 nodes
Running Asynchronous with CAS version
INFO: Using delta-step of 1
WARNING: Performance varies considerably due to delta parameter.
WARNING: Do not expect the default to be good for your graph.
Node 1 has distance 2
STATTYPE,LOOP,CATEGORY,n,sum,T0,T1,T2,T3,T4,T5,T6,T7,T8,T9,T10,T11,T12,T13,T14,T15,T16,T17,T18,T19,T20,T21,T22,T23,T24,T25,T26,T27,T28,T29,T30,T31,T32,T33,T34,T35,T36,T37,T38,T39,T40,T41,T42,T43
STAT,(NULL),BadWork,44,8834559632,182992545,229419353,211960336,227891889,226017644,224640132,200462429,208191869,195922077,186968547,193944531,203149993,193724819,200708894,185012043,188649047,187609578,187322670,192537256,187359622,196390260,191999361,201998439,193557371,188613422,210944118,190671020,201928573,211933914,212825690,210958696,194503336,206677526,200800845,206169877,193397735,197217854,198598964,208467096,195090324,212203339,183313397,201841548,209971653
STAT,(NULL),BarrierTime,44,487740390,17419269,15321284,17402558,17334401,14584917,12686874,14981495,5715748,14918344,11151497,11429710,9431522,11094468,11141677,11283461,11127453,11285448,11256780,9982809,11163808,10744074,11278092,9836234,9684404,10319528,10413863,10089415,9614301,9912306,10276704,10116187,9843822,10242372,9919086,10429769,9935473,6398348,9649280,10225396,9910201,10454141,9864259,7618258,10251354
STAT,(NULL),ConflictTime,44,0,0,0,0,0,0,0,0,0,0,0,0,0,0,0,0,0,0,0,0,0,0,0,0,0,0,0,0,0,0,0,0,0,0,0,0,0,0,0,0,0,0,0,0,0
STAT,(NULL),Conflicts,44,0,0,0,0,0,0,0,0,0,0,0,0,0,0,0,0,0,0,0,0,0,0,0,0,0,0,0,0,0,0,0,0,0,0,0,0,0,0,0,0,0,0,0,0,0
STAT,(NULL),EmptyPopTime,44,381864657,7503482,9055284,7748712,9300213,9197576,9145494,9070720,9257452,9326024,9104646,7601852,9124434,9062256,9210997,9185272,9225229,9149612,9312090,9265624,9014604,9226196,7827736,7390852,8608000,9069836,9220181,9009228,8934061,9105869,9012185,9093876,8976878,1482065,9040776,7450382,9207768,9066537,9011573,9109280,8616360,9013456,9284156,7680991,8564842
STAT,(NULL),EmptyWork,44,7858936414,177430721,169365517,188417019,166164117,168707689,161061077,187156996,184493778,175604607,179892335,187949510,178520821,179102365,180229635,185507082,185705592,189164967,172079210,171921645,188207469,172311224,183679876,187948032,181727256,180752891,164617866,186871018,184164810,170739510,163854946,170043864,178713049,183082918,184668694,180035787,185919344,176600203,179359308,162708662,187827339,181242444,191982787,174842861,168559573
STAT,(NULL),GaloisTime,44,28497768162,604932202,684740103,829904939,687752656,685179403,683650854,821255481,793040920,622382045,657400204,647466105,608089687,633868497,626664143,659937684,661923530,677536499,641754540,632121320,667722603,620126936,655879274,652574154,653154676,666199573,568258352,654911099,648500541,593796343,574007880,573626263,634507532,622681558,638748920,617899994,666463232,624089157,633683509,566503852,650279323,599725535,677554594,605265740,572006710
STAT,(NULL),InitPushTime,44,247793291,128280,2175601,126384,86792,2013983,2028109,2350077,2004648,2429156,6163939,5879006,5422845,6174669,6168856,6029172,6129276,5972748,6002226,6495390,6064265,6480340,5948226,7315924,7467482,6843884,6750242,7051622,7516652,7250110,6876147,7041666,6989834,6853986,7207472,6664058,7202649,6984257,7457061,6919230,7153667,6609750,7202419,7372765,6788426
STAT,(NULL),Iterations,44,44659064,969529,1170808,1065634,1164800,1158539,1160084,1078215,1076446,1016225,972551,981952,1016113,976175,996205,956895,979761,947224,985431,985095,951914,957687,984580,985976,991405,963597,1057523,969445,984557,1040321,1042128,1052837,991125,1011087,984974,1017184,982741,997380,977523,1054301,976329,1022378,945671,1020298,1038421
STAT,(NULL),LoopTime,44,19328896988,19328896988,0,0,0,0,0,0,0,0,0,0,0,0,0,0,0,0,0,0,0,0,0,0,0,0,0,0,0,0,0,0,0,0,0,0,0,0,0,0,0,0,0,0,0
STAT,(NULL),MeminfoPost,44,1584,36,36,36,36,36,36,36,36,36,36,36,36,36,36,36,36,36,36,36,36,36,36,36,36,36,36,36,36,36,36,36,36,36,36,36,36,36,36,36,36,36,36,36,36
STAT,(NULL),MeminfoPre,44,1584,36,36,36,36,36,36,36,36,36,36,36,36,36,36,36,36,36,36,36,36,36,36,36,36,36,36,36,36,36,36,36,36,36,36,36,36,36,36,36,36,36,36,36,36
STAT,(NULL),NumaPost,44,306143,142092,162686,813,552,0,0,0,0,0,0,0,0,0,0,0,0,0,0,0,0,0,0,0,0,0,0,0,0,0,0,0,0,0,0,0,0,0,0,0,0,0,0,0,0
STAT,(NULL),PopTime,44,331784270297,7546846821,7634614314,7616841633,7645764151,7574056693,7653960879,7579602256,7568604497,7515293476,7529636744,7563395757,7549641331,7473582886,7557289241,7529593708,7533218814,7512918830,7534477373,7552896593,7506412733,7535521176,7545389201,7552462525,7578307905,7529979867,7583670516,7529712463,7477505236,7560656820,7517613273,7591309457,7515181763,7568483251,7523898275,7573518172,7437524220,7461775355,7541470544,7574510585,7461168735,7484161760,7523963780,7449858408,7487978280
STAT,(NULL),PushTime,44,212615852798,5269601054,4467286753,4368107144,4458474933,4528599439,4457036597,4440705412,4461773660,4943976217,4932412121,4862834826,4880921985,4982692335,4881317390,4902293564,4892425564,4933464631,4934668991,4900225375,4934353324,4941580922,4879003999,4828169727,4807736444,4889080049,4851904891,4868984959,4898400645,4844233756,4935715034,4827608659,4895249057,4846486581,4854234886,4809966202,4933959767,4967066711,4855220218,4862611800,4925970082,4903772874,4865796434,4938049821,4951877965
STAT,(NULL),RusageSys,44,2548000,2548000,0,0,0,0,0,0,0,0,0,0,0,0,0,0,0,0,0,0,0,0,0,0,0,0,0,0,0,0,0,0,0,0,0,0,0,0,0,0,0,0,0,0,0
STAT,(NULL),RusageUser,44,367424000,367424000,0,0,0,0,0,0,0,0,0,0,0,0,0,0,0,0,0,0,0,0,0,0,0,0,0,0,0,0,0,0,0,0,0,0,0,0,0,0,0,0,0,0,0
STAT,(NULL),Threads,44,44,44,0,0,0,0,0,0,0,0,0,0,0,0,0,0,0,0,0,0,0,0,0,0,0,0,0,0,0,0,0,0,0,0,0,0,0,0,0,0,0,0,0,0,0
STAT,(NULL),Time,44,19331164223,19331164223,0,0,0,0,0,0,0,0,0,0,0,0,0,0,0,0,0,0,0,0,0,0,0,0,0,0,0,0,0,0,0,0,0,0,0,0,0,0,0,0,0,0,0
STAT,(NULL),TotalTime,44,37862712716,37862712716,0,0,0,0,0,0,0,0,0,0,0,0,0,0,0,0,0,0,0,0,0,0,0,0,0,0,0,0,0,0,0,0,0,0,0,0,0,0,0,0,0,0,0
STAT,(NULL),UserTime,44,255755836722,5414007093,6055272976,6009309775,6052873570,6054594955,6055470611,5982536291,6003156563,5753745720,5711886885,5751084397,5794026707,5742024446,5765623224,5733810073,5737831785,5698099577,5728031504,5753899320,5714614734,5741558783,5748548704,5791784183,5790792791,5745256856,5842662048,5770838719,5802820933,5841805460,5820129706,5848644895,5787708205,5798109649,5809740273,5831455390,5787256776,5781737913,5801592162,5844893286,5786466795,5842416755,5751744200,5844628192,5831343842
STAT,(NULL),Work,44,836922258763,19020488319,19020482204,19020443998,19020439725,19021238862,19023119863,19020522624,19030075306,19020440967,19020439561,19020450733,19022907771,19020490288,19020437377,19020440485,19020444460,19020438808,19020441850,19021224896,19020445244,19020444378,19020443574,19020435862,19020435932,19020441952,19020432611,19020463801,19020462890,19020437693,19020455726,19020437743,19020749548,19020461052,19020440784,19020467152,19020439026,19024203696,19020464577,19020437839,19020433862,19020439349,19020434092,19022510215,19020472068
STAT,(NULL),nBad,44,10274822,212771,263284,241584,259736,260645,258375,228922,237305,227674,217404,226859,237269,224029,235875,216253,215580,214778,216426,224342,219328,231512,223235,236934,226419,218891,247286,223095,236289,247212,248017,247302,226478,243009,235344,242047,227128,231707,229595,242792,227504,247356,214169,236722,246340
STAT,(NULL),nEmpty,44,27173488,606564,667922,589319,658795,654854,653363,614378,605251,632995,608019,603956,626950,602216,613736,594443,616378,595455,616916,611483,588074,585503,617500,605546,618426,597934,648979,596248,606734,641346,636563,644978,612670,617887,603511,628694,614210,619238,598256,650603,596652,622083,582336,630208,636316
STAT,(NULL),nEmptyPop,44,25228,478,597,491,635,613,602,582,610,678,618,483,607,594,645,625,641,613,661,620,609,637,492,467,569,599,641,578,587,622,579,608,590,80,576,462,620,583,568,580,543,580,650,472,543
STAT,(NULL),nOverall,44,278561445,5803341,6815442,6027405,6840508,6847808,6842338,5933629,6218099,6233436,5849122,6219276,6513768,6244863,6378514,6074586,5941712,5776793,6020232,6232144,6017882,6198421,5909683,6228035,6155344,5938063,6846745,6209357,6313617,6621359,6814191,6871862,6313181,6531244,6475736,6502383,6100364,6329873,6401998,6775362,6205863,6709714,5951181,6560118,6766853
STAT,(NULL),nPop,44,44659064,969529,1170808,1065634,1164800,1158539,1160084,1078215,1076446,1016225,972551,981952,1016113,976175,996205,956895,979761,947224,985431,985095,951914,957687,984580,985976,991405,963597,1057523,969445,984557,1040321,1042128,1052837,991125,1011087,984974,1017184,982741,997380,977523,1054301,976329,1022378,945671,1020298,1038421
STAT,(NULL),nPush,44,44656349,890352,1155599,1022644,1165158,1161826,1163677,1022133,1076144,981030,913101,982875,1033680,988690,1014419,986246,952070,919573,951239,998305,966694,981520,924363,966353,956943,923182,1095044,977132,986274,1038313,1088806,1093541,1004939,1023582,1046558,1020471,951076,1035307,1022027,1080591,973021,1063134,927814,1052867,1078036
STAT,(NULL),nPushInit,44,2715,65,65,64,62,64,65,62,62,60,63,64,62,63,61,64,65,64,60,60,64,63,65,60,61,64,60,62,63,63,65,64,62,63,64,61,62,63,59,62,58,60,62,64,26
==== BENCHMARK TOOK 18.077
==== BENCHMARK START ===
==== PARAMS kernel=4.9.5-64-net1 malloc=libc hostname=rack-castor threads=44 delta=4 prog=sssp-capq  ===
Galois Benchmark Suite v2.2.1 (r0)
Copyright (C) 2014 The University of Texas at Austin
http://iss.ices.utexas.edu/galois/

application: Single Source Shortest Path
Computes the shortest path from a source node to all nodes in a directed graph using a modified chaotic iteration algorithm
http://iss.ices.utexas.edu/?p=projects/galois/benchmarks/single_source_shortest_path

INFO: CommandLine ./build/debug/apps/sssp/sssp -noverify -t 44 -delta 4 -wl capq -startNode 0 /specific/disk1/home/mad/Galois-PQ/inputs/scalefree/rmat16p-2e24.gr
INFO: Hostname rack-castor
Read 16777216 nodes
Running Asynchronous with CAS version
INFO: Using delta-step of 1
WARNING: Performance varies considerably due to delta parameter.
WARNING: Do not expect the default to be good for your graph.
Node 1 has distance 2
STATTYPE,LOOP,CATEGORY,n,sum,T0,T1,T2,T3,T4,T5,T6,T7,T8,T9,T10,T11,T12,T13,T14,T15,T16,T17,T18,T19,T20,T21,T22,T23,T24,T25,T26,T27,T28,T29,T30,T31,T32,T33,T34,T35,T36,T37,T38,T39,T40,T41,T42,T43
STAT,(NULL),BadWork,44,7403565549,160876416,191034023,158200460,193038380,190597273,191304891,172766329,170669891,160351725,155520763,159953536,162279233,172357389,166384883,161362376,162850292,158923146,169434130,158639174,162320802,158083655,156461506,162310882,155414533,153774065,181686361,168439757,177702402,168382150,179125125,179639017,169420105,163789550,165576216,168200170,155202089,165933955,162340376,186900519,168759580,167933227,161255487,170418176,177951534
STAT,(NULL),BarrierTime,44,129047928,9022548,7891600,5927446,6818616,6774721,8402432,6777788,5929286,2576074,2584961,2818584,2690766,6733693,2659419,2383430,2605100,2552957,2626340,2474461,2487666,2288389,2583150,1493484,1684855,1189661,1654309,1476681,1102816,1431817,1414689,1393614,1276490,1106275,1479805,1995320,1385171,1574428,1389440,1513082,1403336,1062106,1029028,1414950,1967144
STAT,(NULL),ConflictTime,44,0,0,0,0,0,0,0,0,0,0,0,0,0,0,0,0,0,0,0,0,0,0,0,0,0,0,0,0,0,0,0,0,0,0,0,0,0,0,0,0,0,0,0,0,0
STAT,(NULL),Conflicts,44,0,0,0,0,0,0,0,0,0,0,0,0,0,0,0,0,0,0,0,0,0,0,0,0,0,0,0,0,0,0,0,0,0,0,0,0,0,0,0,0,0,0,0,0,0
STAT,(NULL),EmptyPopTime,44,492516506,11771692,11824868,11924460,11853733,11712649,10227394,11858568,10525479,11831284,11991517,10697962,11831365,11836736,4852087,11050406,11795168,11959088,11808468,11953501,1182824,10106369,11770540,11754805,12070950,11936808,10327804,11886242,11893732,11949840,11848839,11783324,12030592,12018307,11995296,11908223,12000524,11853255,11891208,11723084,11913688,10093780,10685692,10760060,11824295
STAT,(NULL),EmptyWork,44,8002004104,176634747,168584634,180358671,165633042,167867693,169447829,186207089,180661912,196948162,180053054,185663009,192306324,191311001,177822698,189085687,179494083,197220864,181326851,184667331,182087972,185723223,186542141,196717723,192248803,195190122,166493667,182192547,170907449,183698561,167902979,163157468,178063785,175856573,189235061,186607023,197142330,180588540,186265070,164196457,179725101,196407946,194054751,180141858,169562273
STAT,(NULL),GaloisTime,44,29052858821,603172968,694221302,665403041,691945021,693714179,694426015,822845546,645314553,691006287,669383014,679786099,668245220,850994976,635832789,667507470,650545560,681637851,636350275,669693341,655097800,676486530,667965019,681064610,701410310,702679900,573220689,649473077,603735764,648038238,575574696,572620338,627691843,649260086,663905823,648341662,690362059,622048896,650511108,571586914,635855948,677902305,688395096,632124340,575480263
STAT,(NULL),InitPushTime,44,255547444,114624,158022,3161318,2161146,2167334,83303,2157028,2955932,6319197,6244738,6010754,6185628,2149734,6166159,6430688,6171846,6222753,6175484,6304342,6229102,6308298,6143602,7215240,7091185,7554006,7119664,7295420,7572799,7259168,7296493,7320865,7398453,7533958,7206536,6664025,7273342,7108500,7282729,7172282,7211284,7545574,7559214,7204957,6640718
STAT,(NULL),Iterations,44,44259988,973065,1162841,979189,1175589,1145724,1153769,1061959,983753,959063,971923,979254,962318,1066180,1022926,960683,983696,974346,990882,956695,968531,961523,943578,977366,922514,949719,1071797,976038,1014380,988812,1051957,1041647,1017769,983091,981588,1003181,980294,984931,972379,1048495,982385,967730,974057,992674,1039697
STAT,(NULL),LoopTime,44,19125984048,19125984048,0,0,0,0,0,0,0,0,0,0,0,0,0,0,0,0,0,0,0,0,0,0,0,0,0,0,0,0,0,0,0,0,0,0,0,0,0,0,0,0,0,0,0
STAT,(NULL),MeminfoPost,44,1584,36,36,36,36,36,36,36,36,36,36,36,36,36,36,36,36,36,36,36,36,36,36,36,36,36,36,36,36,36,36,36,36,36,36,36,36,36,36,36,36,36,36,36,36
STAT,(NULL),MeminfoPre,44,1584,36,36,36,36,36,36,36,36,36,36,36,36,36,36,36,36,36,36,36,36,36,36,36,36,36,36,36,36,36,36,36,36,36,36,36,36,36,36,36,36,36,36,36,36
STAT,(NULL),NumaPost,44,270858,142575,126892,839,552,0,0,0,0,0,0,0,0,0,0,0,0,0,0,0,0,0,0,0,0,0,0,0,0,0,0,0,0,0,0,0,0,0,0,0,0,0,0,0,0
STAT,(NULL),PopTime,44,324914184378,7415575396,7459659052,7385483100,7500980586,7396248123,7582004560,7365365916,7380682732,7331763178,7394615176,7415717609,7310073410,7365882572,7443061344,7327003897,7365956812,7387478785,7412226000,7346557250,7375993542,7340173015,7377856346,7327126573,7329841965,7381259044,7441964952,7339256577,7445084041,7365775994,7414785388,7344191180,7442627753,7415853918,7411343032,7374839684,7305661783,7385091268,7324568838,7442769921,7417468499,7306986816,7337728814,7334445861,7345154076
STAT,(NULL),PushTime,44,210758864374,5165870533,4457911880,4881524094,4403064484,4516732069,4317298377,4467666263,4878265138,4848629955,4843759217,4795145586,4892514631,4395522578,4786002838,4892163255,4862843981,4790225870,4839078104,4880366102,4861274445,4883297719,4860025036,4812615578,4857817243,4812841820,4806523237,4855647609,4802715668,4832990784,4844060128,4923016437,4773845983,4810354881,4752722282,4806595704,4835753698,4841968356,4850681660,4798573866,4808326547,4827781741,4799833837,4882988064,4902027096
STAT,(NULL),RusageSys,44,2620000,2620000,0,0,0,0,0,0,0,0,0,0,0,0,0,0,0,0,0,0,0,0,0,0,0,0,0,0,0,0,0,0,0,0,0,0,0,0,0,0,0,0,0,0,0
STAT,(NULL),RusageUser,44,362972000,362972000,0,0,0,0,0,0,0,0,0,0,0,0,0,0,0,0,0,0,0,0,0,0,0,0,0,0,0,0,0,0,0,0,0,0,0,0,0,0,0,0,0,0,0
STAT,(NULL),Threads,44,44,44,0,0,0,0,0,0,0,0,0,0,0,0,0,0,0,0,0,0,0,0,0,0,0,0,0,0,0,0,0,0,0,0,0,0,0,0,0,0,0,0,0,0,0
STAT,(NULL),Time,44,19128111388,19128111388,0,0,0,0,0,0,0,0,0,0,0,0,0,0,0,0,0,0,0,0,0,0,0,0,0,0,0,0,0,0,0,0,0,0,0,0,0,0,0,0,0,0,0
STAT,(NULL),TotalTime,44,39242723344,39242723344,0,0,0,0,0,0,0,0,0,0,0,0,0,0,0,0,0,0,0,0,0,0,0,0,0,0,0,0,0,0,0,0,0,0,0,0,0,0,0,0,0,0,0
STAT,(NULL),UserTime,44,255730353584,5466757580,6047589390,5715095464,6066319610,6053516310,6066384839,5985850786,5744346043,5759606064,5739988035,5752786008,5764820295,6024245822,5792223412,5752979209,5769152980,5771265555,5758998642,5746548946,5764148454,5744000709,5735627584,5810511751,5746400475,5735879459,5841258276,5801334669,5805451896,5797341231,5825616483,5825025367,5805526438,5776449782,5810591798,5811500434,5798875662,5798238039,5815875268,5850948206,5786502396,5820616246,5809089341,5799328137,5835740493
STAT,(NULL),Work,44,828957585750,18839919500,18840947207,18839906450,18839901479,18839903041,18840394132,18839923430,18839920033,18839895261,18839919540,18839923314,18839926699,18839899183,18839926698,18839920946,18839927244,18839931124,18839905368,18839925350,18839895405,18840022927,18839904981,18839900512,18839895995,18839920678,18839890235,18839895775,18839896368,18839913965,18839899790,18839900929,18839897419,18839894750,18839894589,18839894661,18839925512,18839901050,18839914292,18839894683,18839892296,18839896112,18839918255,18839897580,18839910992
STAT,(NULL),nBad,44,8695998,190325,223094,186892,224504,219886,223412,199219,195646,189884,182457,185880,191891,199754,194896,190220,193105,185675,198915,186897,189311,187902,185036,191537,182499,180770,213511,196480,207029,198679,212589,213305,198345,193555,194545,199322,182634,197132,192322,217250,195993,199109,191285,202475,210831
STAT,(NULL),nEmpty,44,26897441,603991,658908,611751,665756,637934,641725,596560,608875,591334,603267,611711,592598,599087,637832,591134,611177,606644,607925,588136,593247,600878,578448,602112,564795,595129,662213,594895,616063,607560,643564,631616,626135,603562,604077,617008,611786,599026,596210,640255,601856,589878,606694,609876,634213
STAT,(NULL),nEmptyPop,44,29062,697,696,701,706,658,576,691,572,677,717,603,705,714,280,629,693,733,694,693,68,549,683,669,792,715,559,693,713,707,703,672,748,742,685,691,735,689,709,685,703,561,712,755,689
STAT,(NULL),nOverall,44,276982621,5952446,6817923,5929302,6866145,6857222,6857875,6031907,6142791,6012213,6023573,5945504,6119374,5885754,6224021,6009115,6151038,5909110,6270777,5987712,6172926,5862931,6012353,6199201,5918677,5821006,6865268,6336303,6665407,6384238,6831726,6857645,6405118,6275896,6392313,6405592,6099264,6496432,6334409,6789007,6304467,6281196,6099269,6400971,6777204
STAT,(NULL),nPop,44,44259988,973065,1162841,979189,1175589,1145724,1153769,1061959,983753,959063,971923,979254,962318,1066180,1022926,960683,983696,974346,990882,956695,968531,961523,943578,977366,922514,949719,1071797,976038,1014380,988812,1051957,1041647,1017769,983091,981588,1003181,980294,984931,972379,1048495,982385,967730,974057,992674,1039697
STAT,(NULL),nPush,44,44257271,917197,1154485,943916,1162038,1162267,1163771,1044015,976694,924015,948896,922000,971729,1000787,946612,936625,967928,908071,987855,928208,966055,926748,963461,972092,957575,926066,1086825,998689,1065188,1021355,1080956,1088768,1006251,1003423,1044394,1023980,971729,1040086,1014676,1076929,999757,982533,961986,1035725,1074915
STAT,(NULL),nPushInit,44,2717,65,65,64,65,64,65,62,63,60,64,64,62,63,61,64,65,64,60,60,64,61,65,60,61,64,59,62,63,62,65,64,62,64,64,61,62,63,59,62,58,60,62,64,26
==== BENCHMARK TOOK 18.618
==== BENCHMARK START ===
==== PARAMS kernel=4.9.5-64-net1 malloc=libc hostname=rack-castor threads=44 delta=4 prog=sssp-capq  ===
Galois Benchmark Suite v2.2.1 (r0)
Copyright (C) 2014 The University of Texas at Austin
http://iss.ices.utexas.edu/galois/

application: Single Source Shortest Path
Computes the shortest path from a source node to all nodes in a directed graph using a modified chaotic iteration algorithm
http://iss.ices.utexas.edu/?p=projects/galois/benchmarks/single_source_shortest_path

INFO: CommandLine ./build/debug/apps/sssp/sssp -noverify -t 44 -delta 4 -wl capq -startNode 0 /specific/disk1/home/mad/Galois-PQ/inputs/scalefree/rmat16p-2e24.gr
INFO: Hostname rack-castor
Read 16777216 nodes
Running Asynchronous with CAS version
INFO: Using delta-step of 1
WARNING: Performance varies considerably due to delta parameter.
WARNING: Do not expect the default to be good for your graph.
Node 1 has distance 2
STATTYPE,LOOP,CATEGORY,n,sum,T0,T1,T2,T3,T4,T5,T6,T7,T8,T9,T10,T11,T12,T13,T14,T15,T16,T17,T18,T19,T20,T21,T22,T23,T24,T25,T26,T27,T28,T29,T30,T31,T32,T33,T34,T35,T36,T37,T38,T39,T40,T41,T42,T43
STAT,(NULL),BadWork,44,5941079468,126807005,153364014,133205963,148675464,150716477,154254605,144567261,131918644,129018291,124036520,132537211,134346706,123464748,125926040,126583886,130212655,131334501,130572485,135824639,141630631,132012414,132170454,132341897,126486638,130071321,147599659,130639762,133729232,133952325,139597700,141220417,131051591,139750633,128548276,131166846,135294931,138648110,134205727,139634234,136082415,136304783,125891609,137409990,138270758
STAT,(NULL),BarrierTime,44,158877348,9322360,9266409,6343187,7124790,4959431,9212171,7147628,3297625,3164460,6341935,6570815,3343289,3665187,3321340,3338728,2379776,3227966,3523298,3238503,3815684,3311291,2083254,2681101,2227453,2507496,2521145,2424129,2669868,2326534,2529317,2663183,2285358,2453029,2506928,2321445,469976,2212744,2309967,2738151,2368423,2329540,2363059,844830,3124545
STAT,(NULL),ConflictTime,44,0,0,0,0,0,0,0,0,0,0,0,0,0,0,0,0,0,0,0,0,0,0,0,0,0,0,0,0,0,0,0,0,0,0,0,0,0,0,0,0,0,0,0,0,0
STAT,(NULL),Conflicts,44,0,0,0,0,0,0,0,0,0,0,0,0,0,0,0,0,0,0,0,0,0,0,0,0,0,0,0,0,0,0,0,0,0,0,0,0,0,0,0,0,0,0,0,0,0
STAT,(NULL),EmptyPopTime,44,876059946,6619812,28363694,28387852,28359459,28392346,28389590,20655012,20817836,20701616,28351058,6608692,20775128,20672672,1186880,28343244,20747328,20740440,6170016,28372500,14887288,50849481,20775548,28374344,6601110,28367156,20816439,14706928,20757616,28370520,7138717,20787537,28327828,6722477,20743200,20759888,6186764,20880996,20766801,6665104,20815595,20732128,20703612,6917647,20750047
STAT,(NULL),EmptyWork,44,7685456064,187556481,159666017,178134017,162043059,159592555,159317838,168380950,176372405,179808941,179031021,180156564,178709142,181552657,183819186,178637684,182095626,180525109,181236145,179335226,172312225,165258878,173156320,179265320,189454230,176768457,160367634,169867647,177108121,175291513,166228903,162071392,182598536,171405168,182493240,177357647,186913481,173525646,178421766,162745149,175019173,177456367,178501573,173480083,162416972
STAT,(NULL),GaloisTime,44,27639001490,610034203,677409612,621726800,679045633,681902592,672243477,725015764,644248506,644308045,658818617,625486350,626640037,648512621,668016686,646003008,630282648,624041269,648885596,606996275,597733943,603346960,608102146,622220585,652013548,633505029,559089970,631869184,641780525,627670542,562800440,560956874,640021196,609633777,645940373,631710123,650050029,604244134,617049491,556610781,618553689,606751894,652664883,609745830,555317805
STAT,(NULL),InitPushTime,44,235037024,114544,120820,3043102,2158767,2138403,81540,2151008,5921217,6046375,2884943,2635345,5880587,5511404,5899206,5842962,5980693,5885921,5591742,5875448,5297387,5792682,5772032,6387729,6836157,6577656,6566548,6657023,6415658,6753398,6543990,6403972,6687610,6540889,6472952,6672813,6700608,6768835,6680804,6254887,6666048,6663298,6631373,6704551,5824097
STAT,(NULL),Iterations,44,43849161,950234,1149924,986884,1153926,1149260,1137015,1094728,949132,954179,927127,992146,968322,955377,917059,943362,961435,963241,933120,977855,976991,993582,984842,959893,960039,978920,1035818,985552,985449,972702,1059787,1041856,976671,1030234,962074,979436,962524,996000,983621,1028407,990732,988461,947521,973424,1030299
STAT,(NULL),LoopTime,44,18666910864,18666910864,0,0,0,0,0,0,0,0,0,0,0,0,0,0,0,0,0,0,0,0,0,0,0,0,0,0,0,0,0,0,0,0,0,0,0,0,0,0,0,0,0,0,0
STAT,(NULL),MeminfoPost,44,1584,36,36,36,36,36,36,36,36,36,36,36,36,36,36,36,36,36,36,36,36,36,36,36,36,36,36,36,36,36,36,36,36,36,36,36,36,36,36,36,36,36,36,36,36
STAT,(NULL),MeminfoPre,44,1584,36,36,36,36,36,36,36,36,36,36,36,36,36,36,36,36,36,36,36,36,36,36,36,36,36,36,36,36,36,36,36,36,36,36,36,36,36,36,36,36,36,36,36,36
STAT,(NULL),NumaPost,44,304470,154224,149084,826,336,0,0,0,0,0,0,0,0,0,0,0,0,0,0,0,0,0,0,0,0,0,0,0,0,0,0,0,0,0,0,0,0,0,0,0,0,0,0,0,0
STAT,(NULL),PopTime,44,319309830952,7272061453,7361866534,7269459318,7364825094,7363645031,7369480954,7341370922,7239025628,7245717244,7181466801,7250814525,7180965428,7198371610,7219180817,7197711408,7233285051,7237865729,7286805325,7261327235,7322213040,7229461419,7256646605,7214448781,7242017174,7258309920,7276402695,7239489752,7219372882,7242993519,7252536483,7270228418,7225775204,7311386187,7142649230,7210823095,7212784536,7248991220,7252463223,7277570919,7308218821,7267322982,7230052243,7234285141,7288141356
STAT,(NULL),PushTime,44,201975276446,4835105042,4188304478,4603692002,4166047741,4180117360,4201963147,4208332825,4672954647,4629044259,4740458452,4634934254,4695135107,4674143642,4688392175,4690956732,4643127629,4620075803,4602864506,4617997109,4574556447,4673824494,4635332427,4646330278,4608171807,4623115721,4618386903,4649390689,4637105848,4622780208,4651621382,4626134580,4633014368,4570040814,4713837460,4656244437,4634022800,4613005173,4573832187,4632033332,4571853697,4590678874,4653026747,4654436373,4618852490
STAT,(NULL),RusageSys,44,2232000,2232000,0,0,0,0,0,0,0,0,0,0,0,0,0,0,0,0,0,0,0,0,0,0,0,0,0,0,0,0,0,0,0,0,0,0,0,0,0,0,0,0,0,0,0
STAT,(NULL),RusageUser,44,355408000,355408000,0,0,0,0,0,0,0,0,0,0,0,0,0,0,0,0,0,0,0,0,0,0,0,0,0,0,0,0,0,0,0,0,0,0,0,0,0,0,0,0,0,0,0
STAT,(NULL),Threads,44,44,44,0,0,0,0,0,0,0,0,0,0,0,0,0,0,0,0,0,0,0,0,0,0,0,0,0,0,0,0,0,0,0,0,0,0,0,0,0,0,0,0,0,0,0
STAT,(NULL),Time,44,18669026608,18669026608,0,0,0,0,0,0,0,0,0,0,0,0,0,0,0,0,0,0,0,0,0,0,0,0,0,0,0,0,0,0,0,0,0,0,0,0,0,0,0,0,0,0,0
STAT,(NULL),TotalTime,44,36878989038,36878989038,0,0,0,0,0,0,0,0,0,0,0,0,0,0,0,0,0,0,0,0,0,0,0,0,0,0,0,0,0,0,0,0,0,0,0,0,0,0,0,0,0,0,0
STAT,(NULL),UserTime,44,250942456699,5461982549,5957749899,5671969804,5973049706,5959716663,5941966517,5909610841,5619944518,5653790243,5585246734,5675367536,5671138440,5650107158,5612763824,5631716838,5663826888,5690112943,5647404829,5679332576,5691665209,5650629862,5679351900,5682731873,5675104150,5653300753,5738296315,5668043106,5677238384,5676253846,5733038307,5733187293,5663628994,5704172320,5667708906,5676466620,5683412893,5712721054,5730827773,5737737758,5678900547,5710425423,5638418564,5694504137,5727892206
STAT,(NULL),Work,44,808440208679,18373483216,18373464621,18373467412,18373464248,18375677591,18373473154,18373465134,18373465714,18373462457,18373464148,18373487506,18373463243,18373508418,18373464572,18373471006,18374222050,18373465206,18373467848,18373470637,18373473259,18373462821,18374733986,18373485804,18373481286,18373469556,18373464260,18373461896,18373466576,18373460624,18373476906,18373464005,18373486694,18373462958,18373483070,18373465320,18375335567,18373460019,18373462154,18373465004,18373462789,18373462856,18373462837,18374902161,18373488090
STAT,(NULL),nBad,44,7148821,151965,182709,162098,177951,180709,181837,171181,157357,156603,150722,158999,162916,149508,153119,153839,155701,159646,154566,164745,168412,159166,159999,160812,153172,157760,176215,157553,160255,160663,166987,170981,156596,166288,154356,159466,162636,165259,162582,170190,164650,163164,152650,164508,168330
STAT,(NULL),nEmpty,44,26615659,584221,649369,606602,650758,648132,636522,605979,586347,582369,572107,614659,590552,591162,561678,581097,588946,583348,568166,591708,584864,622216,607521,580685,593235,605892,630636,614962,610825,595126,656990,636410,599703,640554,590894,606010,586764,610782,603145,628939,610327,599160,583669,591348,631280
STAT,(NULL),nEmptyPop,44,19287,430,447,448,443,444,452,460,447,444,448,434,454,443,79,446,453,444,398,438,438,452,449,447,434,460,458,457,450,466,449,453,447,443,453,439,421,465,449,451,461,447,434,455,457
STAT,(NULL),nOverall,44,275435444,5888164,6706013,6172008,6736757,6729222,6723388,6324650,5898078,6012725,5828393,6136381,6297190,6062689,5874211,5933220,6155763,6262634,6003309,6423124,6512579,6020531,6244687,6339296,6077779,6004010,6727535,6225271,6040003,6181028,6700797,6737445,6141228,6306632,6117772,6188457,5957409,6340095,6352678,6647474,6232240,6385751,5886949,6254787,6645092
STAT,(NULL),nPop,44,43849161,950234,1149924,986884,1153926,1149260,1137015,1094728,949132,954179,927127,992146,968322,955377,917059,943362,961435,963241,933120,977855,976991,993582,984842,959893,960039,978920,1035818,985552,985449,972702,1059787,1041856,976671,1030234,962074,979436,962524,996000,983621,1028407,990732,988461,947521,973424,1030299
STAT,(NULL),nPush,44,43846445,909017,1138813,950930,1146507,1145648,1145466,1056806,924879,939217,937256,958394,1002529,987466,939599,946334,990205,988208,956350,1026561,1022305,929077,986644,1012649,951228,931131,1070637,1015875,948177,975807,1062793,1071370,968167,981061,987029,996205,874811,998118,999677,1054519,987435,972381,936497,970412,1052255
STAT,(NULL),nPushInit,44,2716,65,65,64,64,64,65,62,63,60,62,62,62,63,62,64,65,64,60,60,64,61,65,60,61,64,60,62,63,63,65,64,62,64,64,61,62,63,59,62,59,60,62,64,26
==== BENCHMARK TOOK 17.640
==== BENCHMARK START ===
==== PARAMS kernel=4.9.5-64-net1 malloc=libc hostname=rack-castor threads=44 delta=4 prog=sssp-capq  ===
Galois Benchmark Suite v2.2.1 (r0)
Copyright (C) 2014 The University of Texas at Austin
http://iss.ices.utexas.edu/galois/

application: Single Source Shortest Path
Computes the shortest path from a source node to all nodes in a directed graph using a modified chaotic iteration algorithm
http://iss.ices.utexas.edu/?p=projects/galois/benchmarks/single_source_shortest_path

INFO: CommandLine ./build/debug/apps/sssp/sssp -noverify -t 44 -delta 4 -wl capq -startNode 0 /specific/disk1/home/mad/Galois-PQ/inputs/scalefree/rmat16p-2e24.gr
INFO: Hostname rack-castor
Read 16777216 nodes
Running Asynchronous with CAS version
INFO: Using delta-step of 1
WARNING: Performance varies considerably due to delta parameter.
WARNING: Do not expect the default to be good for your graph.
Node 1 has distance 2
STATTYPE,LOOP,CATEGORY,n,sum,T0,T1,T2,T3,T4,T5,T6,T7,T8,T9,T10,T11,T12,T13,T14,T15,T16,T17,T18,T19,T20,T21,T22,T23,T24,T25,T26,T27,T28,T29,T30,T31,T32,T33,T34,T35,T36,T37,T38,T39,T40,T41,T42,T43
STAT,(NULL),BadWork,44,7401992106,160575933,193665270,166323599,190938000,189782799,191547920,180353064,161801269,161706126,163431981,159391578,164150239,155145983,160313785,166611278,165856408,163084940,158240542,161135972,161349874,160526318,154754674,164865177,163229377,163897859,179978088,165658104,163133628,169578736,178456386,181251919,168722669,166508982,169205580,174570679,156942913,163462381,162463630,188681214,163605970,169650355,157865154,161854066,177721687
STAT,(NULL),BarrierTime,44,661706755,22253396,9381010,19775864,7761248,22156222,19832748,9625741,15106924,18966879,19036183,15556984,15246648,15558700,15301680,14502282,14740416,14760041,15580698,15547973,15075867,15251925,15266147,14748392,12239206,14645829,14506099,14970152,14747483,14553741,14590785,10257857,14741902,14538363,14468912,14720772,14473600,14642772,14603124,14781351,14658704,14444272,14580356,14477052,15030455
STAT,(NULL),ConflictTime,44,0,0,0,0,0,0,0,0,0,0,0,0,0,0,0,0,0,0,0,0,0,0,0,0,0,0,0,0,0,0,0,0,0,0,0,0,0,0,0,0,0,0,0,0,0
STAT,(NULL),Conflicts,44,0,0,0,0,0,0,0,0,0,0,0,0,0,0,0,0,0,0,0,0,0,0,0,0,0,0,0,0,0,0,0,0,0,0,0,0,0,0,0,0,0,0,0,0,0
STAT,(NULL),EmptyPopTime,44,601956600,14615364,14093872,14617788,12849914,14387369,14492366,14375680,14224669,14596380,14465748,14300300,13690332,14358388,14089720,12853308,14438540,14191266,14650113,14225426,14384140,14564528,14484602,7950488,14427268,14413264,14318609,14561172,14047657,7582186,14297570,14476696,14405184,14448043,14173880,14168808,14494536,14488280,14412504,933528,14124964,14136593,14571148,14140624,14433785
STAT,(NULL),EmptyWork,44,7943652128,177838056,162327417,194056636,161379434,163184760,162787591,174300545,189329118,195714986,188812148,184323212,192739215,186783471,187925672,194059699,188575999,179215462,175930589,188637745,185205709,185471269,177146239,181949443,187219649,184888521,165588436,183322245,182779842,182099880,157111594,169241672,185407849,182616887,177915675,179360183,190766238,184040817,183703572,160939398,183562255,181985768,195376889,182232195,165798148
STAT,(NULL),GaloisTime,44,28667468007,587802190,682938519,840558140,685305015,682244138,685154969,785893920,656180963,673204885,670926560,669081611,665411278,669675665,653743950,663323935,658233373,641166308,643320011,666545646,659882901,662028646,648573444,654305310,669282969,653133790,571071915,637350615,642343248,626127192,573580765,577749343,636217025,641843231,619108522,626480458,679247414,636842203,646556450,566568381,646142398,617375443,690689190,637566219,566689859
STAT,(NULL),InitPushTime,44,266945333,205244,166137,2546067,120183,128995,2398230,2429604,7062476,3230356,3147448,6653954,6911478,6596286,6853018,7649459,7374200,7352184,6538088,6568774,7027467,6856494,6856032,7333169,7580064,7409929,7526107,7085474,7286821,7498854,7440023,7452112,7251823,7446106,7526067,7272048,7519109,7347652,7379933,7184460,7338736,7535975,7417360,7520330,6921007
STAT,(NULL),Iterations,44,44243460,991821,1159028,1033440,1149282,1148659,1150136,1108532,966561,966547,974435,959571,950563,932110,980098,954767,952356,971364,988335,959215,987477,957952,977076,970686,970349,994303,1059214,987520,1015749,1006399,1050927,1065079,990984,990753,1026967,1004683,946459,969973,957872,1042924,976805,1007209,960148,978528,1050604
STAT,(NULL),LoopTime,44,19142954282,19142954282,0,0,0,0,0,0,0,0,0,0,0,0,0,0,0,0,0,0,0,0,0,0,0,0,0,0,0,0,0,0,0,0,0,0,0,0,0,0,0,0,0,0,0
STAT,(NULL),MeminfoPost,44,1584,36,36,36,36,36,36,36,36,36,36,36,36,36,36,36,36,36,36,36,36,36,36,36,36,36,36,36,36,36,36,36,36,36,36,36,36,36,36,36,36,36,36,36,36
STAT,(NULL),MeminfoPre,44,1584,36,36,36,36,36,36,36,36,36,36,36,36,36,36,36,36,36,36,36,36,36,36,36,36,36,36,36,36,36,36,36,36,36,36,36,36,36,36,36,36,36,36,36,36
STAT,(NULL),NumaPost,44,293151,140755,151034,811,551,0,0,0,0,0,0,0,0,0,0,0,0,0,0,0,0,0,0,0,0,0,0,0,0,0,0,0,0,0,0,0,0,0,0,0,0,0,0,0,0
STAT,(NULL),PopTime,44,326449624443,7389499060,7530842449,7436287920,7515811883,7527387659,7462847418,7475876222,7408236995,7341656244,7414896119,7423745548,7428680934,7331195111,7363476993,7376174524,7399148517,7414797690,7459644779,7348125143,7424433008,7437905337,7400436144,7399111190,7384313304,7388289758,7455900528,7348818094,7441490873,7331688816,7489054100,7453187625,7389438349,7455098528,7413730795,7445782006,7380439948,7394934343,7460584912,7428107961,7410786620,7481155480,7392113878,7364788019,7429703619
STAT,(NULL),PushTime,44,211156960306,5236007780,4430687340,4384736387,4471894111,4439037393,4484622084,4400464222,4846404426,4905376173,4816556186,4852238261,4826973877,4935327623,4856496746,4868221715,4840839624,4870216760,4826609854,4888158964,4813023879,4806852406,4905899438,4861976729,4870450814,4847879589,4815556097,4889608910,4805089700,4912276663,4807029880,4814735775,4849958636,4813867577,4835399763,4794404830,4865438887,4866366313,4804778144,4870158882,4826424587,4754851949,4800341937,4880141118,4863578277
STAT,(NULL),RusageSys,44,2592000,2592000,0,0,0,0,0,0,0,0,0,0,0,0,0,0,0,0,0,0,0,0,0,0,0,0,0,0,0,0,0,0,0,0,0,0,0,0,0,0,0,0,0,0,0
STAT,(NULL),RusageUser,44,362580000,362580000,0,0,0,0,0,0,0,0,0,0,0,0,0,0,0,0,0,0,0,0,0,0,0,0,0,0,0,0,0,0,0,0,0,0,0,0,0,0,0,0,0,0,0
STAT,(NULL),Threads,44,44,44,0,0,0,0,0,0,0,0,0,0,0,0,0,0,0,0,0,0,0,0,0,0,0,0,0,0,0,0,0,0,0,0,0,0,0,0,0,0,0,0,0,0,0
STAT,(NULL),Time,44,19145108794,19145108794,0,0,0,0,0,0,0,0,0,0,0,0,0,0,0,0,0,0,0,0,0,0,0,0,0,0,0,0,0,0,0,0,0,0,0,0,0,0,0,0,0,0,0
STAT,(NULL),TotalTime,44,36732100430,36732100430,0,0,0,0,0,0,0,0,0,0,0,0,0,0,0,0,0,0,0,0,0,0,0,0,0,0,0,0,0,0,0,0,0,0,0,0,0,0,0,0,0,0,0
STAT,(NULL),UserTime,44,254975521014,5453211056,6038090536,5988723979,6011738117,6032738795,6049084672,6008065892,5744601995,5728426900,5753329787,5715291132,5731486826,5721646424,5783244210,5744345127,5757753469,5739390406,5738823922,5753286307,5762046492,5752156531,5712440405,5753684998,5733290628,5770375325,5836547881,5785327443,5773227548,5799205961,5817905390,5829593000,5783557126,5751111176,5798654211,5798789287,5728593245,5762307592,5748944592,5832277954,5777946756,5809471711,5765890054,5780117407,5818778749
STAT,(NULL),Work,44,829844595039,18859122866,18871954485,18859095918,18873533548,18859131562,18859123024,18869278538,18859135628,18859099788,18859128558,18859096728,18859095866,18859098550,18859103145,18859092047,18859097646,18859095004,18859089112,18859092859,18859095248,18859106668,18859093443,18859094798,18861327992,18859096679,18859121952,18859094385,18859116574,18859094556,18859122374,18863445758,18859094784,18859114550,18859094814,18859092916,18859095092,18859094244,18859101282,18859131835,18859095064,18859093122,18859094508,18859094754,18859122775
STAT,(NULL),nBad,44,8688122,187747,223939,192289,221066,221510,222205,205886,191712,189381,192057,187160,193984,183511,189222,194476,196650,190911,186119,189026,188681,189202,182434,191382,190856,193214,210600,196750,192771,199211,211856,214976,199857,194181,198348,206780,185891,192477,192509,218051,191088,201050,187017,191302,208787
STAT,(NULL),nEmpty,44,26883899,619217,655545,572392,643530,643032,645033,623807,591819,593703,604698,593556,580692,572823,603944,585107,578904,604417,616244,590956,612884,589903,613610,597045,600130,612763,649143,605407,636756,618436,645273,654845,609094,613133,634095,618655,581594,594082,587089,637880,597240,609363,596160,602845,647055
STAT,(NULL),nEmptyPop,44,38002,948,883,953,787,923,905,885,886,935,935,910,848,921,874,795,916,877,954,910,898,905,942,460,914,927,911,946,892,455,894,908,935,919,866,893,918,919,900,48,874,894,949,879,911
STAT,(NULL),nOverall,44,276974745,6024605,6804204,5984179,6807370,6820663,6838001,6115365,6236270,6069839,5955585,5978107,6069783,6100040,6310618,6039950,6141590,6002257,6030114,6225111,6088448,6004093,5914958,6071551,5943970,6121667,6853168,6384879,6329846,6504248,6808587,6853255,6481551,6247762,6458115,6374156,5984927,6257405,6146829,6771954,6275135,6529983,5991828,6271030,6751749
STAT,(NULL),nPop,44,44243460,991821,1159028,1033440,1149282,1148659,1150136,1108532,966561,966547,974435,959571,950563,932110,980098,954767,952356,971364,988335,959215,987477,957952,977076,970686,970349,994303,1059214,987520,1015749,1006399,1050927,1065079,990984,990753,1026967,1004683,946459,969973,957872,1042924,976805,1007209,960148,978528,1050604
STAT,(NULL),nPush,44,44240740,931737,1151681,1047705,1156479,1158225,1160928,1010638,986365,957497,905879,948370,951985,982226,1016665,928164,958863,935080,938624,1010862,960107,927031,947952,949997,935698,928106,1087624,1020533,1014727,1045744,1084011,1090500,1041205,996377,1017708,1005828,952659,1001286,981403,1075882,996566,1020433,946296,998106,1076988
STAT,(NULL),nPushInit,44,2720,65,65,64,65,64,65,62,62,61,63,64,62,62,61,64,65,65,61,60,64,64,65,59,61,64,59,62,63,63,64,64,62,64,64,61,63,63,59,62,58,60,62,64,26
==== BENCHMARK TOOK 17.517
==== BENCHMARK START ===
==== PARAMS kernel=4.9.5-64-net1 malloc=libc hostname=rack-castor threads=44 delta=4 prog=sssp-capq  ===
Galois Benchmark Suite v2.2.1 (r0)
Copyright (C) 2014 The University of Texas at Austin
http://iss.ices.utexas.edu/galois/

application: Single Source Shortest Path
Computes the shortest path from a source node to all nodes in a directed graph using a modified chaotic iteration algorithm
http://iss.ices.utexas.edu/?p=projects/galois/benchmarks/single_source_shortest_path

INFO: CommandLine ./build/debug/apps/sssp/sssp -noverify -t 44 -delta 4 -wl capq -startNode 0 /specific/disk1/home/mad/Galois-PQ/inputs/scalefree/rmat16p-2e24.gr
INFO: Hostname rack-castor
Read 16777216 nodes
Running Asynchronous with CAS version
INFO: Using delta-step of 1
WARNING: Performance varies considerably due to delta parameter.
WARNING: Do not expect the default to be good for your graph.
Node 1 has distance 2
STATTYPE,LOOP,CATEGORY,n,sum,T0,T1,T2,T3,T4,T5,T6,T7,T8,T9,T10,T11,T12,T13,T14,T15,T16,T17,T18,T19,T20,T21,T22,T23,T24,T25,T26,T27,T28,T29,T30,T31,T32,T33,T34,T35,T36,T37,T38,T39,T40,T41,T42,T43
STAT,(NULL),BadWork,44,7504694767,159893958,190444383,183973429,193243365,194044452,180971720,151354393,164125429,164058528,176693860,182969665,162706511,160612908,161755361,161451120,168804529,159887979,168485434,159554885,157806530,157259312,170562545,163390664,163916099,167412900,191187985,171485328,167187587,163802550,182443333,183794427,173663875,171495101,164000734,166450518,162728158,164989447,173429233,183433746,172960034,173775511,164669266,168416425,179401550
STAT,(NULL),BarrierTime,44,815059694,25296744,22693502,5789743,21755024,25177549,22964970,22968437,18826782,19059116,21725930,12788580,19897008,19092356,19087744,18358634,19103276,17115176,18262471,18336322,18141892,19107848,19107420,18293562,18041174,17993284,16784845,17966856,15713056,17658080,17974152,18239445,17916622,17989912,17961906,17903254,18229386,18143938,15631329,17771828,17648132,17961600,17952064,18134848,18493897
STAT,(NULL),ConflictTime,44,0,0,0,0,0,0,0,0,0,0,0,0,0,0,0,0,0,0,0,0,0,0,0,0,0,0,0,0,0,0,0,0,0,0,0,0,0,0,0,0,0,0,0,0,0
STAT,(NULL),Conflicts,44,0,0,0,0,0,0,0,0,0,0,0,0,0,0,0,0,0,0,0,0,0,0,0,0,0,0,0,0,0,0,0,0,0,0,0,0,0,0,0,0,0,0,0,0,0
STAT,(NULL),EmptyPopTime,44,552431602,12960928,13021840,12846005,12857970,13109641,13078063,13015297,12968554,12976968,12921565,13033432,12941069,13012912,12942857,13081408,12924436,13072793,13021768,13003020,13116864,13083092,13113172,12871352,5848476,12995624,12842676,12931924,13032060,12932251,13090952,12870791,13078336,12969500,13097080,13062410,12942480,12943772,12947404,12984280,12886956,13082356,13119412,13012836,785020
STAT,(NULL),EmptyWork,44,7914724857,174878516,163851162,186970829,162325108,162183993,162449145,182670569,197207329,181566524,181138826,185963662,183567268,187216207,187170832,178287457,179239297,178135544,184986861,177042526,182119828,186524385,191192798,177677641,186731041,186084011,161652568,189742357,190384109,177816001,168267593,162128783,180923274,183812701,181997594,180277418,187568558,192770954,182752451,164385330,185846724,180916210,190409604,183223999,162667270
STAT,(NULL),GaloisTime,44,28878528001,607332046,689981579,744199904,682856683,681199811,572768188,677498371,685381197,670376361,817652439,799272832,650863484,684326343,674516332,658218598,617865284,654102671,654438558,668509191,677533433,667278139,659335988,660613101,674019885,656345467,573657452,641205045,662876616,637452472,576720791,578309605,632301364,649039925,654262672,657272799,680659957,658093188,620045597,573930102,649679501,640009875,690981745,645827434,569715976
STAT,(NULL),InitPushTime,44,244613003,145288,164882,1871831,127561,117459,2259861,2269344,6314740,6107280,1760407,1747184,5245236,6047140,6023420,6756043,5960810,6452871,6779925,6713320,6915560,5958980,5963316,6772157,6990077,7038678,6691272,7064508,7032666,7347186,7058000,6779289,7065522,6939004,6967830,7022671,6704548,6789174,6964565,7157254,7317134,6968497,6979734,6792030,6468749
STAT,(NULL),Iterations,44,44248561,973042,1147889,1108876,1165345,1151690,1051238,953691,945420,960244,1083736,1064535,974403,948608,956518,953970,1006103,975098,961226,974376,955622,935783,959995,972820,962976,979386,1064435,1003739,996290,995855,1077097,1080887,988933,1011257,989720,976174,953510,962778,993390,1036643,1008557,1001705,955958,974515,1054528
STAT,(NULL),LoopTime,44,19251498682,19251498682,0,0,0,0,0,0,0,0,0,0,0,0,0,0,0,0,0,0,0,0,0,0,0,0,0,0,0,0,0,0,0,0,0,0,0,0,0,0,0,0,0,0,0
STAT,(NULL),MeminfoPost,44,1584,36,36,36,36,36,36,36,36,36,36,36,36,36,36,36,36,36,36,36,36,36,36,36,36,36,36,36,36,36,36,36,36,36,36,36,36,36,36,36,36,36,36,36,36
STAT,(NULL),MeminfoPre,44,1584,36,36,36,36,36,36,36,36,36,36,36,36,36,36,36,36,36,36,36,36,36,36,36,36,36,36,36,36,36,36,36,36,36,36,36,36,36,36,36,36,36,36,36,36
STAT,(NULL),NumaPost,44,310530,153311,155842,1041,336,0,0,0,0,0,0,0,0,0,0,0,0,0,0,0,0,0,0,0,0,0,0,0,0,0,0,0,0,0,0,0,0,0,0,0,0,0,0,0,0
STAT,(NULL),PopTime,44,326934363753,7406690802,7589435723,7498076546,7494529515,7563953146,7528701055,7372154405,7362069988,7412869870,7475689872,7462866325,7357230323,7409264191,7393678328,7396951885,7418904261,7391446060,7433437217,7455513839,7431534997,7382265561,7397624266,7372969809,7420868175,7420960178,7454712315,7407128757,7404394381,7458666287,7426369272,7453109739,7411224858,7406481436,7455311016,7412414191,7451512082,7356605782,7422129308,7502109845,7427985030,7449890896,7407236947,7321247908,7456147366
STAT,(NULL),PushTime,44,213664406920,5354038426,4449104422,4492312804,4537485843,4466853806,4861407962,4993710489,4933258867,4942775961,4464481920,4489455949,4980871721,4941928308,4949085951,4972258185,4954714160,4967127856,4907409299,4913813743,4918284771,4991083170,4908921378,4962650356,4884128598,4879504838,4874014729,4845676615,4844166290,4897215297,4880304449,4867753121,4871252299,4859423686,4835607442,4875156811,4826418098,4923474160,4909209925,4832828843,4846792978,4831780928,4864032413,4961490369,4901139684
STAT,(NULL),RusageSys,44,2788000,2788000,0,0,0,0,0,0,0,0,0,0,0,0,0,0,0,0,0,0,0,0,0,0,0,0,0,0,0,0,0,0,0,0,0,0,0,0,0,0,0,0,0,0,0
STAT,(NULL),RusageUser,44,365964000,365964000,0,0,0,0,0,0,0,0,0,0,0,0,0,0,0,0,0,0,0,0,0,0,0,0,0,0,0,0,0,0,0,0,0,0,0,0,0,0,0,0,0,0,0
STAT,(NULL),Threads,44,44,44,0,0,0,0,0,0,0,0,0,0,0,0,0,0,0,0,0,0,0,0,0,0,0,0,0,0,0,0,0,0,0,0,0,0,0,0,0,0,0,0,0,0,0
STAT,(NULL),Time,44,19253602506,19253602506,0,0,0,0,0,0,0,0,0,0,0,0,0,0,0,0,0,0,0,0,0,0,0,0,0,0,0,0,0,0,0,0,0,0,0,0,0,0,0,0,0,0,0
STAT,(NULL),TotalTime,44,37750470878,37750470878,0,0,0,0,0,0,0,0,0,0,0,0,0,0,0,0,0,0,0,0,0,0,0,0,0,0,0,0,0,0,0,0,0,0,0,0,0,0,0,0,0,0,0
STAT,(NULL),UserTime,44,256453642227,5407687248,6058200884,6029192518,6073532745,6076295886,5825193667,5724540765,5772711726,5743022354,6011707680,6012997382,5778112043,5727844489,5746197883,5744800626,5779939166,5759703881,5770297354,5735703904,5741002643,5723365401,5793405156,5776817674,5791994037,5807702636,5886719708,5866911522,5848741100,5779510289,5898845865,5889419662,5854815343,5851867888,5823315810,5825404996,5804495514,5819701473,5816509137,5877349141,5840406783,5847911057,5797808701,5838796354,5873142136
STAT,(NULL),Work,44,834445603057,18963725706,18966220736,18980527238,18967119708,18963704384,18963719679,18963697870,18963720773,18963702340,18965404179,18974362590,18963705385,18963705898,18963733994,18963699757,18963703456,18965173207,18963711038,18963702805,18963706788,18963705788,18963702922,18963692515,18963690693,18963688714,18965256581,18963689572,18965984116,18963711492,18963689294,18963711864,18963687654,18963693016,18963690476,18963687726,18963689695,18963690645,18966031854,18963689408,18963710564,18963691606,18963689338,18963689100,18963690893
STAT,(NULL),nBad,44,8788385,187165,221887,212815,224127,226912,213470,177240,190982,192728,199700,211148,191367,189116,189472,188531,197590,188254,199308,186296,186275,180749,197188,192939,191917,195803,221645,202787,198288,191489,216320,217289,203779,199009,191471,196932,192310,194499,205106,216215,199673,204387,192853,199519,211835
STAT,(NULL),nEmpty,44,26883589,604900,640864,615004,660807,645655,642890,597313,583380,594106,609997,587431,596626,593634,586993,591240,623297,608632,583922,610717,594142,576753,589784,599050,593870,600120,652340,613679,614977,614916,666023,669175,599079,625897,614828,599178,585681,587912,603247,629791,627804,615499,590910,594087,647439
STAT,(NULL),nEmptyPop,44,17992,435,400,412,409,418,415,434,395,414,425,417,426,426,398,408,427,416,419,430,413,427,411,424,386,404,407,426,424,418,407,412,428,429,428,427,440,418,420,402,404,432,406,424,51
STAT,(NULL),nOverall,44,277075008,5807548,6841344,6512803,6872893,6881628,6830020,5853103,6039709,5974001,6031588,6227001,6201319,5816182,6015584,5884775,6255251,5939752,6216103,5960093,5936337,5861094,6118896,6165318,6107680,6200541,6916444,6515312,6336344,6173088,6894842,6912390,6473056,6398195,6193801,6254968,6151850,6262977,6414368,6831689,6273953,6390010,5936538,6371045,6823575
STAT,(NULL),nPop,44,44248561,973042,1147889,1108876,1165345,1151690,1051238,953691,945420,960244,1083736,1064535,974403,948608,956518,953970,1006103,975098,961226,974376,955622,935783,959995,972820,962976,979386,1064435,1003739,996290,995855,1077097,1080887,988933,1011257,989720,976174,953510,962778,993390,1036643,1008557,1001705,955958,974515,1054528
STAT,(NULL),nPush,44,44245844,884306,1157642,1085445,1165961,1163264,1079971,928473,951184,932257,1036332,1074703,982014,924715,962480,912839,974775,926127,970502,943714,945262,927736,957640,996646,985393,977427,1106454,1021854,1000495,964809,1102866,1107475,996262,1007785,974321,982031,1010420,992448,1015390,1092844,977983,1005233,930799,1016498,1093069
STAT,(NULL),nPushInit,44,2717,65,65,64,64,64,65,62,62,58,62,62,62,63,62,64,65,64,60,59,64,62,65,61,62,64,60,62,63,62,65,64,62,64,64,63,62,63,60,62,59,60,62,64,26
==== BENCHMARK TOOK 18.041
