==== BENCHMARK START ===
==== PARAMS kernel=4.9.5-64-net1 malloc=libc hostname=rack-mad-04 threads=22 delta=4 prog=sssp-spraylist  ===
Galois Benchmark Suite v2.2.1 (r0)
Copyright (C) 2014 The University of Texas at Austin
http://iss.ices.utexas.edu/galois/

application: Single Source Shortest Path
Computes the shortest path from a source node to all nodes in a directed graph using a modified chaotic iteration algorithm
http://iss.ices.utexas.edu/?p=projects/galois/benchmarks/single_source_shortest_path

INFO: CommandLine ./build/debug/apps/sssp/sssp -noverify -t 22 -delta 4 -wl spraylist -startNode 0 /specific/disk1/home/mad/Galois-PQ/inputs/scalefree/rmat16p-2e27.gr
INFO: Hostname rack-mad-04
Read 134217728 nodes
Running Asynchronous with CAS version
INFO: Using delta-step of 1
WARNING: Performance varies considerably due to delta parameter.
WARNING: Do not expect the default to be good for your graph.
Node 1 has distance 0
STATTYPE,LOOP,CATEGORY,n,sum,T0,T1,T2,T3,T4,T5,T6,T7,T8,T9,T10,T11,T12,T13,T14,T15,T16,T17,T18,T19,T20,T21
STAT,(NULL),BadWork,22,13242,0,0,0,0,0,0,13242,0,0,0,0,0,0,0,0,0,0,0,0,0,0,0
STAT,(NULL),BarrierTime,22,990893225,2246,47227777,47839859,54333822,52447321,54138759,48738263,42279026,45269014,48071651,48285903,53504219,51575562,50256189,41166282,39057107,40865477,52901055,47953300,42027523,41129164,41823706
STAT,(NULL),ConflictTime,22,0,0,0,0,0,0,0,0,0,0,0,0,0,0,0,0,0,0,0,0,0,0,0
STAT,(NULL),Conflicts,22,0,0,0,0,0,0,0,0,0,0,0,0,0,0,0,0,0,0,0,0,0,0,0
STAT,(NULL),EmptyPopTime,22,11968998211,616294477,559086281,545746062,527649144,562935057,540878910,544348674,551273960,523980057,525129621,526215342,556289436,525277461,528540968,523387991,554286309,524231109,527669275,561095341,552677540,555575140,536430056
STAT,(NULL),EmptyWork,22,32757240281,1492041882,1525240908,1519907415,1443940772,1539739545,1483195935,1497532869,1524888161,1423587212,1438807396,1452945305,1569181529,1459368827,1442871400,1433351211,1505949475,1438169531,1448872180,1546871102,1531311577,1546249432,1493216617
STAT,(NULL),GaloisTime,22,76553677415,3844065101,3546314683,3486567210,3411602054,3568828990,3482793813,3479169010,3504726602,3391132877,3401184538,3401525141,3568304867,3396069998,3409239579,3356183948,3492501445,3370459584,3412204611,3563577331,3519234140,3517021803,3430970090
STAT,(NULL),InitPushTime,22,9220314254,464251864,417047294,416443483,409869862,411793518,410127116,415513099,421835465,418843765,416042640,415830742,410753067,412675666,413866012,422954163,424989637,423146052,411145373,416059187,422019324,422882865,422224060
STAT,(NULL),Iterations,22,188616075,7066859,8893431,8719890,8470889,8950980,8679768,8720664,8818931,8403968,8451180,8456139,8975179,8444474,8472802,8330052,8753261,8352238,8458068,8974635,8844624,8834722,8543321
STAT,(NULL),LoopTime,22,182394083294,182394083294,0,0,0,0,0,0,0,0,0,0,0,0,0,0,0,0,0,0,0,0,0
STAT,(NULL),MeminfoPost,22,12320,560,560,560,560,560,560,560,560,560,560,560,560,560,560,560,560,560,560,560,560,560,560
STAT,(NULL),MeminfoPre,22,12320,560,560,560,560,560,560,560,560,560,560,560,560,560,560,560,560,560,560,560,560,560,560
STAT,(NULL),NumaPost,22,7644529,4496368,1049492,1049430,1049239,0,0,0,0,0,0,0,0,0,0,0,0,0,0,0,0,0,0
STAT,(NULL),PopTime,22,625110200530,29602785067,27544362627,28102848517,28859430705,27732954978,28288462693,28213943510,28262337172,28955910916,28832338814,28849551782,27736995555,28858671126,28778964315,28954418643,28134384273,28967385138,28834035985,27433953007,27731275357,27736354435,28698835915
STAT,(NULL),PushTime,22,1509049596853,69862385364,68664127541,68716154458,68382749412,68565237655,68182005319,68701734774,68544514798,68683484400,68542134402,68316083927,68185245198,68368109823,68351376173,68765734972,68742011466,68428471995,68262335699,68433517029,68768696611,68907371734,68676114103
STAT,(NULL),RusageSys,22,12000,12000,0,0,0,0,0,0,0,0,0,0,0,0,0,0,0,0,0,0,0,0,0
STAT,(NULL),RusageUser,22,1785740000,1785740000,0,0,0,0,0,0,0,0,0,0,0,0,0,0,0,0,0,0,0,0,0
STAT,(NULL),Threads,22,22,22,0,0,0,0,0,0,0,0,0,0,0,0,0,0,0,0,0,0,0,0,0
STAT,(NULL),Time,22,182425349465,182425349465,0,0,0,0,0,0,0,0,0,0,0,0,0,0,0,0,0,0,0,0,0
STAT,(NULL),TotalTime,22,366185018427,366185018427,0,0,0,0,0,0,0,0,0,0,0,0,0,0,0,0,0,0,0,0,0
STAT,(NULL),UserTime,22,1658268662751,72478264543,76056702697,75524611830,75270462825,75926139925,75918497754,75459106485,75508094605,74917739281,75156241170,75349513779,76279818200,75288337195,75384842056,74862758181,75466702655,75167117753,75410717966,76356821045,75792640622,75633263306,75060268878
STAT,(NULL),Work,22,3913709866953,177895936534,177895901328,177895902072,177895901319,177895902263,177895900554,177895900867,177895901173,177895901046,177895901841,177895901389,177895900964,177895900600,177895901149,177895901756,177895902187,177895901261,177895901556,177895901244,177895901847,177895901786,177895902217
STAT,(NULL),nBad,22,20,0,0,0,0,0,0,20,0,0,0,0,0,0,0,0,0,0,0,0,0,0,0
STAT,(NULL),nEmpty,22,106637918,3971255,5039556,4933571,4773435,5077929,4898231,4934132,5009097,4734661,4767714,4770495,5098936,4761199,4782947,4699548,4954569,4707853,4771001,5089009,5010331,5009191,4843258
STAT,(NULL),nEmptyPop,22,16814117,638856,793819,777512,754874,797171,771885,775628,786709,748545,751222,753220,798866,750759,754927,743712,781430,745175,752495,799730,788287,787116,762179
STAT,(NULL),nOverall,22,2142249404,85667231,98474345,98064433,98250006,98534046,98961840,97835398,97808989,97581872,98035508,98310095,98907302,97921902,98215193,96747571,97066886,97176481,98126780,98962454,97583703,97240615,96776754
STAT,(NULL),nPop,22,188616075,7066859,8893431,8719890,8470889,8950980,8679768,8720664,8818931,8403968,8451180,8456139,8975179,8444474,8472802,8330052,8753261,8352238,8458068,8974635,8844624,8834722,8543321
STAT,(NULL),nPush,22,186290080,7373822,8493920,8495019,8561392,8560060,8588161,8530104,8480641,8499930,8573232,8579104,8596980,8560692,8576738,8438160,8436718,8455883,8573920,8570448,8441146,8452244,8451766
STAT,(NULL),nPushInit,22,2325995,105256,105808,105835,105714,105733,105798,105647,105851,105519,105968,105648,105866,105689,105794,105784,105785,105902,105761,105890,105668,105553,105526
==== BENCHMARK TOOK 168.052
==== BENCHMARK START ===
==== PARAMS kernel=4.9.5-64-net1 malloc=libc hostname=rack-mad-04 threads=22 delta=4 prog=sssp-spraylist  ===
Galois Benchmark Suite v2.2.1 (r0)
Copyright (C) 2014 The University of Texas at Austin
http://iss.ices.utexas.edu/galois/

application: Single Source Shortest Path
Computes the shortest path from a source node to all nodes in a directed graph using a modified chaotic iteration algorithm
http://iss.ices.utexas.edu/?p=projects/galois/benchmarks/single_source_shortest_path

INFO: CommandLine ./build/debug/apps/sssp/sssp -noverify -t 22 -delta 4 -wl spraylist -startNode 0 /specific/disk1/home/mad/Galois-PQ/inputs/scalefree/rmat16p-2e27.gr
INFO: Hostname rack-mad-04
Read 134217728 nodes
Running Asynchronous with CAS version
INFO: Using delta-step of 1
WARNING: Performance varies considerably due to delta parameter.
WARNING: Do not expect the default to be good for your graph.
Node 1 has distance 0
STATTYPE,LOOP,CATEGORY,n,sum,T0,T1,T2,T3,T4,T5,T6,T7,T8,T9,T10,T11,T12,T13,T14,T15,T16,T17,T18,T19,T20,T21
STAT,(NULL),BadWork,22,63433,0,0,0,0,0,0,0,0,0,0,63433,0,0,0,0,0,0,0,0,0,0,0
STAT,(NULL),BarrierTime,22,1677597499,1708,83925867,84457317,82437735,80451964,83822649,78529343,76833100,79039203,80909545,82325489,81918845,87708799,83124612,73704406,72174660,73570830,87885730,82088220,74654654,74084660,73948163
STAT,(NULL),ConflictTime,22,0,0,0,0,0,0,0,0,0,0,0,0,0,0,0,0,0,0,0,0,0,0,0
STAT,(NULL),Conflicts,22,0,0,0,0,0,0,0,0,0,0,0,0,0,0,0,0,0,0,0,0,0,0,0
STAT,(NULL),EmptyPopTime,22,11859272517,595519605,553656465,521806300,545691960,553168614,525727272,544298819,552463273,554483398,523154567,521807754,559845011,524197012,546115871,518414576,520339497,554088636,472576355,550945114,519875894,546769747,554326777
STAT,(NULL),EmptyWork,22,32892966643,1466274375,1514217648,1451111970,1523836987,1534604282,1456130038,1508610646,1512449714,1549735278,1458079526,1453368926,1518402115,1440665054,1529714415,1430489258,1430559057,1542381041,1529597771,1530125749,1439081992,1539242182,1534288619
STAT,(NULL),GaloisTime,22,76347368470,3754136795,3515426641,3363484840,3486244968,3533649802,3396619357,3470679790,3523273285,3523849064,3392327447,3388633529,3562114490,3383561788,3494259558,3340336242,3341986670,3503975522,3523631787,3530307701,3345114974,3479004444,3494749776
STAT,(NULL),InitPushTime,22,9204434784,494858910,410938953,410404853,412269586,414254489,410883656,416177413,417801961,415556213,413724557,412271070,412719788,406890637,411514233,420896389,422372189,420976020,406584134,412422114,419893250,420462801,420561568
STAT,(NULL),Iterations,22,188618716,7272995,8815659,8340935,8741086,8881325,8425619,8695957,8851396,8866046,8397651,8403970,8942051,8387337,8749307,8280847,8273283,8790933,8869694,8845983,8296298,8703304,8787040
STAT,(NULL),LoopTime,22,183516366846,183516366846,0,0,0,0,0,0,0,0,0,0,0,0,0,0,0,0,0,0,0,0,0
STAT,(NULL),MeminfoPost,22,12320,560,560,560,560,560,560,560,560,560,560,560,560,560,560,560,560,560,560,560,560,560,560
STAT,(NULL),MeminfoPre,22,12320,560,560,560,560,560,560,560,560,560,560,560,560,560,560,560,560,560,560,560,560,560,560
STAT,(NULL),NumaPost,22,7644507,4496344,1049268,1049654,1049241,0,0,0,0,0,0,0,0,0,0,0,0,0,0,0,0,0,0
STAT,(NULL),PopTime,22,621175108278,29469813084,27895206884,28913402575,28016441142,27664639027,28764335108,28350323778,27423635814,27650762016,28811909280,28818930956,27406191139,28798302218,27778121543,28935549673,28975231810,27701020799,27791185536,27630302745,28909462588,27765111560,27705229003
STAT,(NULL),PushTime,22,1536763590629,70323810019,69862917869,69953339646,69981126663,69781269612,69414177016,69808364845,70236211247,70093310529,69777977894,69535685883,69505936638,69555169205,69784504012,70072122584,69756561424,69918655951,69566848099,69678038072,69834798090,70184555749,70138209582
STAT,(NULL),RusageSys,22,0,0,0,0,0,0,0,0,0,0,0,0,0,0,0,0,0,0,0,0,0,0,0
STAT,(NULL),RusageUser,22,1797024000,1797024000,0,0,0,0,0,0,0,0,0,0,0,0,0,0,0,0,0,0,0,0,0
STAT,(NULL),Threads,22,22,22,0,0,0,0,0,0,0,0,0,0,0,0,0,0,0,0,0,0,0,0,0
STAT,(NULL),Time,22,183533804527,183533804527,0,0,0,0,0,0,0,0,0,0,0,0,0,0,0,0,0,0,0,0,0
STAT,(NULL),TotalTime,22,364306469532,364306469532,0,0,0,0,0,0,0,0,0,0,0,0,0,0,0,0,0,0,0,0,0
STAT,(NULL),UserTime,22,1658743678323,73380536370,75648664702,74786944159,75436749075,75922758620,75433101570,75307812480,75742057000,75617950054,75026641216,75271663082,76437600859,75288193882,75857375083,74693178282,74965412291,75769968193,76106250576,76070371319,74941756413,75475406803,75563286294
STAT,(NULL),Work,22,3937783468367,178990166548,178990157244,178990156449,178990156992,178990157763,178990156916,178990157699,178990157744,178990157371,178990157161,178990156985,178990157350,178990156339,178990157104,178990157150,178990157671,178990157162,178990157037,178990157453,178990157365,178990157162,178990157702
STAT,(NULL),nBad,22,79,0,0,0,0,0,0,0,0,0,0,79,0,0,0,0,0,0,0,0,0,0,0
STAT,(NULL),nEmpty,22,106640559,4081855,4997942,4703180,4949349,5037889,4750486,4934221,5015880,5024606,4735408,4736106,5066259,4728520,4952714,4667162,4654757,4982624,5028251,5008996,4675145,4926493,4982716
STAT,(NULL),nEmptyPop,22,16715685,656326,786782,743234,778940,791000,749493,775960,788289,790611,748813,748206,797957,747130,780703,738331,738289,784956,685298,786215,739411,776651,783090
STAT,(NULL),nOverall,22,2142249463,87833083,97882203,97341621,98149137,98464006,98413063,97641669,97999541,97981622,97867935,98180656,99005584,97908123,98539573,96485841,96787490,97471597,98576278,98624674,96897249,97064196,97134322
STAT,(NULL),nPop,22,188618716,7272995,8815659,8340935,8741086,8881325,8425619,8695957,8851396,8866046,8397651,8403970,8942051,8387337,8749307,8280847,8273283,8790933,8869694,8845983,8296298,8703304,8787040
STAT,(NULL),nPush,22,186292737,7686157,8464061,8474675,8586102,8546451,8585540,8497817,8506717,8500391,8552348,8564829,8585443,8532688,8566331,8417183,8384340,8449812,8560764,8551354,8403881,8425754,8450099
STAT,(NULL),nPushInit,22,2325979,105273,105810,105847,105711,105705,105791,105643,105866,105516,105952,105637,105863,105694,105802,105779,105793,105900,105765,105888,105657,105572,105515
==== BENCHMARK TOOK 167.149
==== BENCHMARK START ===
==== PARAMS kernel=4.9.5-64-net1 malloc=libc hostname=rack-mad-04 threads=22 delta=4 prog=sssp-spraylist  ===
Galois Benchmark Suite v2.2.1 (r0)
Copyright (C) 2014 The University of Texas at Austin
http://iss.ices.utexas.edu/galois/

application: Single Source Shortest Path
Computes the shortest path from a source node to all nodes in a directed graph using a modified chaotic iteration algorithm
http://iss.ices.utexas.edu/?p=projects/galois/benchmarks/single_source_shortest_path

INFO: CommandLine ./build/debug/apps/sssp/sssp -noverify -t 22 -delta 4 -wl spraylist -startNode 0 /specific/disk1/home/mad/Galois-PQ/inputs/scalefree/rmat16p-2e27.gr
INFO: Hostname rack-mad-04
Read 134217728 nodes
Running Asynchronous with CAS version
INFO: Using delta-step of 1
WARNING: Performance varies considerably due to delta parameter.
WARNING: Do not expect the default to be good for your graph.
Node 1 has distance 0
STATTYPE,LOOP,CATEGORY,n,sum,T0,T1,T2,T3,T4,T5,T6,T7,T8,T9,T10,T11,T12,T13,T14,T15,T16,T17,T18,T19,T20,T21
STAT,(NULL),BadWork,22,0,0,0,0,0,0,0,0,0,0,0,0,0,0,0,0,0,0,0,0,0,0,0
STAT,(NULL),BarrierTime,22,1044602396,7199,48851853,49956492,56311152,53630144,56155230,50864691,47502698,49647148,51436992,52826600,55589354,51023547,53181134,43978161,42543360,43801948,52688866,51810498,45352493,43981602,43461234
STAT,(NULL),ConflictTime,22,0,0,0,0,0,0,0,0,0,0,0,0,0,0,0,0,0,0,0,0,0,0,0
STAT,(NULL),Conflicts,22,0,0,0,0,0,0,0,0,0,0,0,0,0,0,0,0,0,0,0,0,0,0,0
STAT,(NULL),EmptyPopTime,22,11845614121,601946771,523342954,553452307,558709409,541123451,557217251,548892756,523728753,553933019,542553092,557723020,530148965,550347989,557388849,457967462,523390673,520242367,529039183,523118805,519681956,518252538,553412551
STAT,(NULL),EmptyWork,22,32726333726,1464650163,1430670913,1555684505,1544547832,1487393053,1549038075,1508023649,1425205271,1525238556,1483802197,1543774155,1447951169,1521136287,1567475082,1545371847,1420955183,1431387353,1454855059,1440740454,1436030842,1426316009,1516086072
STAT,(NULL),GaloisTime,22,76410111040,3776616148,3380495182,3525394897,3555266497,3462722116,3561648809,3499677940,3372034887,3542446960,3471329352,3551474353,3412360116,3508913936,3562878235,3548149621,3339680881,3350516585,3398684538,3391246646,3358439600,3343739746,3496393995
STAT,(NULL),InitPushTime,22,9245429458,467882104,419029570,417925067,411499400,414217144,411715025,416997640,420217773,418038055,416249179,414860193,412261490,416704789,414510873,423712368,425090749,423831696,414906657,415786479,422243226,423614994,424134987
STAT,(NULL),Iterations,22,188615919,7133968,8350000,8877323,8946380,8660518,8966911,8803948,8358288,8896036,8681570,8933090,8436679,8828214,8938714,9012942,8279846,8301555,8417995,8415468,8306707,8279532,8790235
STAT,(NULL),LoopTime,22,181867386933,181867386933,0,0,0,0,0,0,0,0,0,0,0,0,0,0,0,0,0,0,0,0,0
STAT,(NULL),MeminfoPost,22,12320,560,560,560,560,560,560,560,560,560,560,560,560,560,560,560,560,560,560,560,560,560,560
STAT,(NULL),MeminfoPre,22,12320,560,560,560,560,560,560,560,560,560,560,560,560,560,560,560,560,560,560,560,560,560,560
STAT,(NULL),NumaPost,22,7644514,4496348,1049485,1049440,1049241,0,0,0,0,0,0,0,0,0,0,0,0,0,0,0,0,0,0
STAT,(NULL),PopTime,22,622170878206,29409604613,28866624252,27545200020,27473634692,28392169632,27436931437,28170271113,28881097782,27460628600,28335453821,27650378971,28715804606,28091045289,27487173442,27398509091,28933775145,28886340571,28741260378,28739283036,28888237431,28915682208,27751772076
STAT,(NULL),PushTime,22,1499432761630,69595656338,68116893747,68473481872,68096629962,68004764014,67955168589,67985203817,68149086356,68253949089,68059646151,67818850251,67786653968,67851742449,68021921691,68345709950,68241458333,68106466033,67794652875,67881887191,68240148443,68402256214,68250534297
STAT,(NULL),RusageSys,22,0,0,0,0,0,0,0,0,0,0,0,0,0,0,0,0,0,0,0,0,0,0,0
STAT,(NULL),RusageUser,22,1780528000,1780528000,0,0,0,0,0,0,0,0,0,0,0,0,0,0,0,0,0,0,0,0,0
STAT,(NULL),Threads,22,22,22,0,0,0,0,0,0,0,0,0,0,0,0,0,0,0,0,0,0,0,0,0
STAT,(NULL),Time,22,181880461144,181880461144,0,0,0,0,0,0,0,0,0,0,0,0,0,0,0,0,0,0,0,0,0
STAT,(NULL),TotalTime,22,365390265430,365390265430,0,0,0,0,0,0,0,0,0,0,0,0,0,0,0,0,0,0,0,0,0
STAT,(NULL),UserTime,22,1659545127857,72521108556,75051554146,75716369359,76140794671,75481410652,76309579242,75657514389,75018430008,76033386778,75476798650,76247382583,75476664038,75846396667,76172745861,76073875052,74910322760,75074630312,75451091015,75393306973,74927044785,74763336736,75801384624
STAT,(NULL),Work,22,3902132317685,177369654773,177369648875,177369650307,177369650953,177369650058,177369650774,177369650638,177369650371,177369650932,177369650392,177369650853,177369650580,177369650808,177369650589,177369650535,177369651060,177369650926,177369650963,177369650274,177369651072,177369650768,177369651184
STAT,(NULL),nBad,22,0,0,0,0,0,0,0,0,0,0,0,0,0,0,0,0,0,0,0,0,0,0,0
STAT,(NULL),nEmpty,22,106637763,3997427,4706336,5033308,5071519,4907264,5084376,4998390,4708526,5039664,4919937,5067946,4756006,5015624,5064555,5105294,4664146,4676022,4746876,4742421,4682209,4668107,4981810
STAT,(NULL),nEmptyPop,22,16700444,645106,745858,791395,796424,771636,799186,783850,745398,792702,773879,795979,750657,787110,795123,683621,739002,740230,750255,748546,740999,737585,785903
STAT,(NULL),nOverall,22,2142249384,86513249,97514660,98051211,98850106,98096018,99063142,97942110,97492817,98416831,98119652,98890696,98200492,98189308,98819315,97536355,96702925,96989452,98135229,98061740,96805416,96481556,97377104
STAT,(NULL),nPop,22,188615919,7133968,8350000,8877323,8946380,8660518,8966911,8803948,8358288,8896036,8681570,8933090,8436679,8828214,8938714,9012942,8279846,8301555,8417995,8415468,8306707,8279532,8790235
STAT,(NULL),nPush,22,186289927,7475516,8476002,8512036,8573972,8547181,8620357,8501695,8482774,8503620,8569388,8568741,8591823,8543616,8567599,8427406,8424937,8465242,8566251,8558510,8434750,8429931,8448580
STAT,(NULL),nPushInit,22,2325992,105266,105802,105841,105714,105714,105806,105651,105859,105520,105948,105647,105864,105703,105791,105791,105786,105907,105765,105889,105641,105577,105510
==== BENCHMARK TOOK 167.693
==== BENCHMARK START ===
==== PARAMS kernel=4.9.5-64-net1 malloc=libc hostname=rack-mad-04 threads=22 delta=4 prog=sssp-spraylist  ===
Galois Benchmark Suite v2.2.1 (r0)
Copyright (C) 2014 The University of Texas at Austin
http://iss.ices.utexas.edu/galois/

application: Single Source Shortest Path
Computes the shortest path from a source node to all nodes in a directed graph using a modified chaotic iteration algorithm
http://iss.ices.utexas.edu/?p=projects/galois/benchmarks/single_source_shortest_path

INFO: CommandLine ./build/debug/apps/sssp/sssp -noverify -t 22 -delta 4 -wl spraylist -startNode 0 /specific/disk1/home/mad/Galois-PQ/inputs/scalefree/rmat16p-2e27.gr
INFO: Hostname rack-mad-04
Read 134217728 nodes
Running Asynchronous with CAS version
INFO: Using delta-step of 1
WARNING: Performance varies considerably due to delta parameter.
WARNING: Do not expect the default to be good for your graph.
Node 1 has distance 0
STATTYPE,LOOP,CATEGORY,n,sum,T0,T1,T2,T3,T4,T5,T6,T7,T8,T9,T10,T11,T12,T13,T14,T15,T16,T17,T18,T19,T20,T21
STAT,(NULL),BadWork,22,0,0,0,0,0,0,0,0,0,0,0,0,0,0,0,0,0,0,0,0,0,0,0
STAT,(NULL),BarrierTime,22,2189841692,2779,106895278,108105315,113946873,111314077,113942995,102358642,100314738,103566389,105834129,106444575,106366866,105228698,107698432,97245061,96671900,96865059,107357651,105408109,99513743,96485212,98275171
STAT,(NULL),ConflictTime,22,0,0,0,0,0,0,0,0,0,0,0,0,0,0,0,0,0,0,0,0,0,0,0
STAT,(NULL),Conflicts,22,0,0,0,0,0,0,0,0,0,0,0,0,0,0,0,0,0,0,0,0,0,0,0
STAT,(NULL),EmptyPopTime,22,11668477893,602619462,556070283,554553056,428091437,525939511,527976995,525294262,526272281,525141256,553031533,526689674,523818932,527831993,526795533,550008086,553699724,550736140,524570565,557300740,525786709,526657017,449592704
STAT,(NULL),EmptyWork,22,32758393690,1464879780,1535870859,1525396874,1534547335,1477858701,1462819460,1452753264,1434680011,1442825196,1542738973,1441526227,1464410619,1446691937,1469167135,1527494989,1523045059,1517556948,1456700630,1552208470,1477020390,1434531367,1573669466
STAT,(NULL),GaloisTime,22,76442831607,3811936823,3545073944,3543094879,3542677334,3415347662,3417033875,3392714184,3394885466,3393816710,3550285070,3409660128,3426463663,3414242658,3428808665,3506079546,3508282698,3508006476,3420453623,3543976518,3371613785,3360825643,3537552257
STAT,(NULL),InitPushTime,22,9307178040,522736488,415849353,414629278,408743174,411411952,408777509,420235233,422279901,419028586,416761199,416152009,416234453,417372503,414796248,425248812,425821501,425629314,415138228,417086648,423019541,426008133,424217977
STAT,(NULL),Iterations,22,188616675,7231128,8893840,8901378,8960320,8457851,8499058,8413748,8401679,8424035,8932526,8481848,8496696,8461685,8503323,8813576,8822432,8826096,8477602,8948522,8363594,8336596,8969142
STAT,(NULL),LoopTime,22,182695008318,182695008318,0,0,0,0,0,0,0,0,0,0,0,0,0,0,0,0,0,0,0,0,0
STAT,(NULL),MeminfoPost,22,12320,560,560,560,560,560,560,560,560,560,560,560,560,560,560,560,560,560,560,560,560,560,560
STAT,(NULL),MeminfoPre,22,12320,560,560,560,560,560,560,560,560,560,560,560,560,560,560,560,560,560,560,560,560,560,560
STAT,(NULL),NumaPost,22,7644517,4496349,1049273,1049659,1049236,0,0,0,0,0,0,0,0,0,0,0,0,0,0,0,0,0,0
STAT,(NULL),PopTime,22,624238120163,29355195948,27716930472,27676688060,27721236568,28747397694,28699493090,28818885420,28853560053,28846282099,27936349283,28741196252,28718377370,28724103118,28690362290,27782860448,27541238601,27659040909,28710751023,27844501239,28837822839,28876990284,27738857103
STAT,(NULL),PushTime,22,1513211292928,70276456318,68792959423,68911330147,68922116177,68610096641,68420840746,68863025498,68823768335,68809749047,68623361192,68528799477,68282192175,68462294862,68508386405,69007295880,69082670390,68875227091,68390515740,68507575728,68954780817,68836856633,68720994206
STAT,(NULL),RusageSys,22,4000,4000,0,0,0,0,0,0,0,0,0,0,0,0,0,0,0,0,0,0,0,0,0
STAT,(NULL),RusageUser,22,1788788000,1788788000,0,0,0,0,0,0,0,0,0,0,0,0,0,0,0,0,0,0,0,0,0
STAT,(NULL),Threads,22,22,22,0,0,0,0,0,0,0,0,0,0,0,0,0,0,0,0,0,0,0,0,0
STAT,(NULL),Time,22,182708082007,182708082007,0,0,0,0,0,0,0,0,0,0,0,0,0,0,0,0,0,0,0,0,0
STAT,(NULL),TotalTime,22,367797327018,367797327018,0,0,0,0,0,0,0,0,0,0,0,0,0,0,0,0,0,0,0,0,0
STAT,(NULL),UserTime,22,1660760513802,72628894247,75993077824,75928920116,75991314739,75363343321,75611818371,75087310352,75106816874,75122168942,75934217221,75492111068,75724720604,75564818443,75516463356,75766244580,75931046912,76029415413,75636991870,76134420859,74972959199,75104122019,76119317472
STAT,(NULL),Work,22,3919081073917,178140054037,178140048152,178140048908,178140048261,178140048274,178140047460,178140048158,178140048750,178140048871,178140048656,178140048498,178140049023,178140048905,178140048213,178140048367,178140049092,178140048291,178140048950,178140048771,178140048808,178140049080,178140048392
STAT,(NULL),nBad,22,0,0,0,0,0,0,0,0,0,0,0,0,0,0,0,0,0,0,0,0,0,0,0
STAT,(NULL),nEmpty,22,106638519,4058110,5044979,5051494,5086027,4773479,4797749,4748176,4735083,4750372,5076189,4786245,4789854,4773855,4797694,4997869,5001938,5007870,4782500,5087404,4719003,4700723,5071906
STAT,(NULL),nEmptyPop,22,16527632,652084,790889,792785,639545,754049,756440,750625,749382,750927,793374,754426,753786,754498,756679,786122,787916,785809,753410,797061,745976,743127,678722
STAT,(NULL),nOverall,22,2142249384,85744144,98214243,98214235,98560883,98125537,98552741,97603322,97539980,97677097,98456502,98268682,98414017,98149019,98229338,97347811,97468577,97649496,98289375,98505859,96825834,96817706,97594986
STAT,(NULL),nPop,22,188616675,7231128,8893840,8901378,8960320,8457851,8499058,8413748,8401679,8424035,8932526,8481848,8496696,8461685,8503323,8813576,8822432,8826096,8477602,8948522,8363594,8336596,8969142
STAT,(NULL),nPush,22,186290715,7483104,8483279,8494786,8593860,8545102,8603465,8518407,8482735,8492383,8560938,8583103,8588747,8544508,8564779,8430631,8450825,8478578,8559926,8553263,8437316,8416134,8424846
STAT,(NULL),nPushInit,22,2325960,105251,105817,105851,105713,105702,105791,105638,105870,105530,105928,105642,105862,105705,105790,105786,105797,105907,105768,105892,105636,105564,105520
==== BENCHMARK TOOK 169.071
==== BENCHMARK START ===
==== PARAMS kernel=4.9.5-64-net1 malloc=libc hostname=rack-mad-04 threads=22 delta=4 prog=sssp-spraylist  ===
Galois Benchmark Suite v2.2.1 (r0)
Copyright (C) 2014 The University of Texas at Austin
http://iss.ices.utexas.edu/galois/

application: Single Source Shortest Path
Computes the shortest path from a source node to all nodes in a directed graph using a modified chaotic iteration algorithm
http://iss.ices.utexas.edu/?p=projects/galois/benchmarks/single_source_shortest_path

INFO: CommandLine ./build/debug/apps/sssp/sssp -noverify -t 22 -delta 4 -wl spraylist -startNode 0 /specific/disk1/home/mad/Galois-PQ/inputs/scalefree/rmat16p-2e27.gr
INFO: Hostname rack-mad-04
Read 134217728 nodes
Running Asynchronous with CAS version
INFO: Using delta-step of 1
WARNING: Performance varies considerably due to delta parameter.
WARNING: Do not expect the default to be good for your graph.
Node 1 has distance 0
STATTYPE,LOOP,CATEGORY,n,sum,T0,T1,T2,T3,T4,T5,T6,T7,T8,T9,T10,T11,T12,T13,T14,T15,T16,T17,T18,T19,T20,T21
STAT,(NULL),BadWork,22,0,0,0,0,0,0,0,0,0,0,0,0,0,0,0,0,0,0,0,0,0,0,0
STAT,(NULL),BarrierTime,22,982343111,1836,46646555,48280451,54961926,53334849,54582385,50538006,43081286,45851575,47173729,50187583,49869845,47967516,50936372,39826986,38400782,39898032,48117806,49686269,41582670,40056595,41360057
STAT,(NULL),ConflictTime,22,0,0,0,0,0,0,0,0,0,0,0,0,0,0,0,0,0,0,0,0,0,0,0
STAT,(NULL),Conflicts,22,0,0,0,0,0,0,0,0,0,0,0,0,0,0,0,0,0,0,0,0,0,0,0
STAT,(NULL),EmptyPopTime,22,11582129644,635227481,426861297,527686383,562714353,554554808,558521544,421927401,526719663,526147393,532848256,558636801,559457397,528122851,545271437,545687789,535515842,553427733,529676503,530197217,420545057,474429041,527953397
STAT,(NULL),EmptyWork,22,32800933555,1563655185,1430096897,1456847656,1561008731,1568817436,1573044026,1419634601,1436447660,1437795480,1436387567,1545452898,1538677418,1457053105,1518992711,1506006722,1467501581,1530041006,1469004254,1451766113,1429247902,1548709758,1454744848
STAT,(NULL),GaloisTime,22,76402639553,3933574850,3346936801,3382914929,3563959180,3533474012,3579908493,3360845209,3396994409,3382272987,3405485663,3570389917,3568587977,3403311135,3497685717,3478856047,3424006087,3519802976,3419216477,3419633463,3342992069,3497779808,3374011347
STAT,(NULL),InitPushTime,22,9263458498,465871884,419222566,417588072,410832958,412502255,411266450,415307042,422607243,419840237,418518113,415547567,415827198,417728262,414760365,425869084,427199423,425703168,417483416,415915665,424018463,425544653,424304414
STAT,(NULL),Iterations,22,188615411,7546364,8333031,8416517,8987258,8896886,9005577,8361294,8406563,8423449,8478898,8972292,8981906,8467255,8767788,8729070,8537064,8839745,8488507,8488604,8328211,8800996,8358136
STAT,(NULL),LoopTime,22,184279945456,184279945456,0,0,0,0,0,0,0,0,0,0,0,0,0,0,0,0,0,0,0,0,0
STAT,(NULL),MeminfoPost,22,12320,560,560,560,560,560,560,560,560,560,560,560,560,560,560,560,560,560,560,560,560,560,560
STAT,(NULL),MeminfoPre,22,12320,560,560,560,560,560,560,560,560,560,560,560,560,560,560,560,560,560,560,560,560,560,560
STAT,(NULL),NumaPost,22,7644515,4496348,1049270,1049440,1049457,0,0,0,0,0,0,0,0,0,0,0,0,0,0,0,0,0,0
STAT,(NULL),PopTime,22,625284886331,28806909666,29236662927,28810195446,27521973186,27969295062,27574069971,29256662914,28817034780,28806010606,28715386263,27576458942,27416707190,28729284578,28272161200,28198041779,28537659670,27727836357,28705049735,28672740982,29245246250,27855472894,28834025933
STAT,(NULL),PushTime,22,1551009778863,71430866391,70613469769,70587045717,70510040639,70514624622,70268355572,70372561349,70540991928,70653480491,70374363770,70341155708,70307079423,70206639100,70368088116,70753897097,70569824314,70564769488,70209748874,70245849381,70260188914,70797039558,70519698642
STAT,(NULL),RusageSys,22,12000,12000,0,0,0,0,0,0,0,0,0,0,0,0,0,0,0,0,0,0,0,0,0
STAT,(NULL),RusageUser,22,1804676000,1804676000,0,0,0,0,0,0,0,0,0,0,0,0,0,0,0,0,0,0,0,0,0
STAT,(NULL),Threads,22,22,22,0,0,0,0,0,0,0,0,0,0,0,0,0,0,0,0,0,0,0,0,0
STAT,(NULL),Time,22,184297394696,184297394696,0,0,0,0,0,0,0,0,0,0,0,0,0,0,0,0,0,0,0,0,0
STAT,(NULL),TotalTime,22,368506930602,368506930602,0,0,0,0,0,0,0,0,0,0,0,0,0,0,0,0,0,0,0,0,0
STAT,(NULL),UserTime,22,1658187427464,73414666435,74730869688,75020210206,76065202509,75644133378,76230999478,74953267376,75066711764,74979193529,75320428821,76192804751,76394389558,75460489914,75582700379,75302411101,75250393426,75889022716,75452204467,75464711940,75086680139,75611469667,75074466222
STAT,(NULL),Work,22,3955269321899,179784977360,179784965824,179784969047,179784967417,179784967758,179784968103,179784968267,179784969265,179784969824,179784969299,179784968070,179784968468,179784969383,179784968549,179784969678,179784969972,179784969505,179784969578,179784967849,179784969381,179784969551,179784969751
STAT,(NULL),nBad,22,0,0,0,0,0,0,0,0,0,0,0,0,0,0,0,0,0,0,0,0,0,0,0
STAT,(NULL),nEmpty,22,106637255,4263137,4684402,4750079,5099194,5056685,5110950,4693450,4742017,4754917,4786335,5089862,5095458,4780242,4974163,4958926,4823858,5014073,4789458,4790916,4676616,4987528,4714989
STAT,(NULL),nEmptyPop,22,16373330,681715,630982,749644,800997,794048,801470,632103,749399,749073,755156,800145,798995,754038,779189,777645,761811,789428,754374,754610,629797,683098,745613
STAT,(NULL),nOverall,22,2142249384,86986044,97194910,97647127,98815002,98168995,99068591,97571672,97573160,97627037,98184687,98906892,98977639,98157196,98185353,96889861,96939317,97678697,98194554,98210960,97081286,97213741,96976663
STAT,(NULL),nPop,22,188615411,7546364,8333031,8416517,8987258,8896886,9005577,8361294,8406563,8423449,8478898,8972292,8981906,8467255,8767788,8729070,8537064,8839745,8488507,8488604,8328211,8800996,8358136
STAT,(NULL),nPush,22,186289420,7479803,8490269,8492634,8581882,8562812,8605460,8486375,8486094,8501227,8553520,8582753,8613045,8539815,8576352,8443277,8423478,8465780,8565330,8557134,8391748,8443916,8446716
STAT,(NULL),nPushInit,22,2325991,105261,105799,105829,105725,105702,105803,105653,105861,105528,105948,105655,105848,105703,105804,105782,105799,105902,105768,105894,105646,105564,105517
==== BENCHMARK TOOK 169.111
==== BENCHMARK START ===
==== PARAMS kernel=4.9.5-64-net1 malloc=libc hostname=rack-mad-04 threads=22 delta=4 prog=sssp-spraylist  ===
Galois Benchmark Suite v2.2.1 (r0)
Copyright (C) 2014 The University of Texas at Austin
http://iss.ices.utexas.edu/galois/

application: Single Source Shortest Path
Computes the shortest path from a source node to all nodes in a directed graph using a modified chaotic iteration algorithm
http://iss.ices.utexas.edu/?p=projects/galois/benchmarks/single_source_shortest_path

INFO: CommandLine ./build/debug/apps/sssp/sssp -noverify -t 22 -delta 4 -wl spraylist -startNode 0 /specific/disk1/home/mad/Galois-PQ/inputs/scalefree/rmat16p-2e27.gr
INFO: Hostname rack-mad-04
Read 134217728 nodes
Running Asynchronous with CAS version
INFO: Using delta-step of 1
WARNING: Performance varies considerably due to delta parameter.
WARNING: Do not expect the default to be good for your graph.
Node 1 has distance 0
STATTYPE,LOOP,CATEGORY,n,sum,T0,T1,T2,T3,T4,T5,T6,T7,T8,T9,T10,T11,T12,T13,T14,T15,T16,T17,T18,T19,T20,T21
STAT,(NULL),BadWork,22,0,0,0,0,0,0,0,0,0,0,0,0,0,0,0,0,0,0,0,0,0,0,0
STAT,(NULL),BarrierTime,22,682216672,1900,34394287,35409501,41609953,39550332,35185153,35768219,28336391,36819826,33125731,34929103,34782729,32946111,34668082,25685289,24684234,26689696,34108408,33991888,27551629,26048006,25930204
STAT,(NULL),ConflictTime,22,0,0,0,0,0,0,0,0,0,0,0,0,0,0,0,0,0,0,0,0,0,0,0
STAT,(NULL),Conflicts,22,0,0,0,0,0,0,0,0,0,0,0,0,0,0,0,0,0,0,0,0,0,0,0
STAT,(NULL),EmptyPopTime,22,11936271818,614459156,542621776,529862652,530697043,543653841,553743763,553008234,524748193,534578516,525942021,553989129,521441216,545095570,559216589,552364204,523808191,520362297,559195135,554184652,525720720,545237976,522340944
STAT,(NULL),EmptyWork,22,32879312458,1490350717,1491636405,1447590992,1448976389,1515727067,1562970789,1516157758,1433185333,1480726416,1460057517,1582371517,1477486254,1540843075,1551532882,1513761870,1449477651,1441128378,1549516555,1540164722,1447889354,1497346098,1440414719
STAT,(NULL),GaloisTime,22,76503478899,3836436622,3473736775,3395135305,3418976346,3488785817,3547497019,3533659322,3399179600,3448464259,3399619585,3557071944,3407032323,3490910690,3552426031,3508672387,3353319960,3373804725,3569736677,3549446398,3372793922,3478405128,3348368064
STAT,(NULL),InitPushTime,22,9283604757,453133384,418744423,417718649,411471395,413568062,417774219,417344342,424662259,416292858,419832682,418033710,418083333,419919659,418297710,427317337,428238391,426235131,418858170,419012619,425313674,426817788,426934962
STAT,(NULL),Iterations,22,188617727,7131559,8696679,8384121,8474496,8744631,8924881,8888168,8417647,8579680,8443651,8961448,8458737,8755833,8974565,8823821,8306135,8331087,8965767,8918427,8388385,8737772,8310237
STAT,(NULL),LoopTime,22,184425057301,184425057301,0,0,0,0,0,0,0,0,0,0,0,0,0,0,0,0,0,0,0,0,0
STAT,(NULL),MeminfoPost,22,12320,560,560,560,560,560,560,560,560,560,560,560,560,560,560,560,560,560,560,560,560,560,560
STAT,(NULL),MeminfoPre,22,12320,560,560,560,560,560,560,560,560,560,560,560,560,560,560,560,560,560,560,560,560,560,560
STAT,(NULL),NumaPost,22,7644525,4496368,1049275,1049429,1049453,0,0,0,0,0,0,0,0,0,0,0,0,0,0,0,0,0,0
STAT,(NULL),PopTime,22,625540500234,29496947055,28227549333,28962602864,28869469828,28230677909,28122764516,27865608660,28899843278,28473320106,28832952572,27907295013,28837432855,28083132483,27733157319,27762333890,28991805969,28982922324,27391433649,27988184251,28883728082,28031853942,28965484336
STAT,(NULL),PushTime,22,1552788556961,70983551808,70860704085,70635870089,70263085820,70708006916,70113112728,70838104961,70607586453,70866993860,70538787423,70267752960,70246589213,70449919664,70479055669,70844621009,70751601342,70438998395,70418924615,70360095126,70664116955,70812226583,70638851287
STAT,(NULL),RusageSys,22,0,0,0,0,0,0,0,0,0,0,0,0,0,0,0,0,0,0,0,0,0,0,0
STAT,(NULL),RusageUser,22,1805864000,1805864000,0,0,0,0,0,0,0,0,0,0,0,0,0,0,0,0,0,0,0,0,0
STAT,(NULL),Threads,22,22,22,0,0,0,0,0,0,0,0,0,0,0,0,0,0,0,0,0,0,0,0,0
STAT,(NULL),Time,22,184442566108,184442566108,0,0,0,0,0,0,0,0,0,0,0,0,0,0,0,0,0,0,0,0,0
STAT,(NULL),TotalTime,22,371422575560,371422575560,0,0,0,0,0,0,0,0,0,0,0,0,0,0,0,0,0,0,0,0,0
STAT,(NULL),UserTime,22,1658481231788,73493224970,75318722393,74943908080,75383764565,75428120067,76014881539,75608431738,75050427534,75110886864,75157611622,76046489958,75424988506,75805068821,76039581861,75733217820,74844957590,75157754748,76426163457,75922895724,75020722693,75549900282,74999510956
STAT,(NULL),Work,22,3958130885541,179915046660,179915039671,179915039480,179915039189,179915039735,179915039550,179915040272,179915040227,179915040215,179915039878,179915039665,179915039974,179915039971,179915040527,179915039944,179915040402,179915039847,179915039829,179915040126,179915040296,179915040178,179915039905
STAT,(NULL),nBad,22,0,0,0,0,0,0,0,0,0,0,0,0,0,0,0,0,0,0,0,0,0,0,0
STAT,(NULL),nEmpty,22,106639571,3985148,4919130,4720844,4777691,4955244,5072182,5046063,4748546,4843295,4764712,5085631,4771253,4957261,5099213,5005558,4679233,4693047,5079830,5068308,4731075,4948243,4688064
STAT,(NULL),nEmptyPop,22,16813898,644693,776083,747546,754139,779860,794528,792413,749891,763892,751138,797163,750742,778835,800010,787698,741591,743596,797134,793910,748360,779497,741179
STAT,(NULL),nOverall,22,2142249384,87659816,97636120,97490794,98383242,97964166,98758698,97808202,97547866,97620054,98033655,98713795,98236199,98297256,98586791,97350151,96658501,97199926,99008474,98319941,96962146,97098091,96915500
STAT,(NULL),nPop,22,188617727,7131559,8696679,8384121,8474496,8744631,8924881,8888168,8417647,8579680,8443651,8961448,8458737,8755833,8974565,8823821,8306135,8331087,8965767,8918427,8388385,8737772,8310237
STAT,(NULL),nPush,22,186291820,7680085,8493548,8463475,8533557,8568879,8571399,8528204,8464547,8498173,8551826,8559073,8587012,8547410,8568057,8431241,8416268,8432624,8571663,8549941,8419133,8422940,8432765
STAT,(NULL),nPushInit,22,2325907,102925,105915,105939,105822,105809,105926,105749,105972,105636,106041,105745,105934,105818,105920,105888,105902,106001,105885,105993,105780,105663,105644
==== BENCHMARK TOOK 170.183
==== BENCHMARK START ===
==== PARAMS kernel=4.9.5-64-net1 malloc=libc hostname=rack-mad-04 threads=22 delta=4 prog=sssp-spraylist  ===
Galois Benchmark Suite v2.2.1 (r0)
Copyright (C) 2014 The University of Texas at Austin
http://iss.ices.utexas.edu/galois/

application: Single Source Shortest Path
Computes the shortest path from a source node to all nodes in a directed graph using a modified chaotic iteration algorithm
http://iss.ices.utexas.edu/?p=projects/galois/benchmarks/single_source_shortest_path

INFO: CommandLine ./build/debug/apps/sssp/sssp -noverify -t 22 -delta 4 -wl spraylist -startNode 0 /specific/disk1/home/mad/Galois-PQ/inputs/scalefree/rmat16p-2e27.gr
INFO: Hostname rack-mad-04
Read 134217728 nodes
Running Asynchronous with CAS version
INFO: Using delta-step of 1
WARNING: Performance varies considerably due to delta parameter.
WARNING: Do not expect the default to be good for your graph.
Node 1 has distance 0
STATTYPE,LOOP,CATEGORY,n,sum,T0,T1,T2,T3,T4,T5,T6,T7,T8,T9,T10,T11,T12,T13,T14,T15,T16,T17,T18,T19,T20,T21
STAT,(NULL),BadWork,22,0,0,0,0,0,0,0,0,0,0,0,0,0,0,0,0,0,0,0,0,0,0,0
STAT,(NULL),BarrierTime,22,3705456269,2440,174799064,174338205,180793341,179368434,179857259,175620901,174494597,177639052,179532842,180561886,180367980,179526949,181078723,171119083,170502907,170759276,179302962,179715654,172939127,171127422,172008165
STAT,(NULL),ConflictTime,22,0,0,0,0,0,0,0,0,0,0,0,0,0,0,0,0,0,0,0,0,0,0,0
STAT,(NULL),Conflicts,22,0,0,0,0,0,0,0,0,0,0,0,0,0,0,0,0,0,0,0,0,0,0,0
STAT,(NULL),EmptyPopTime,22,11882620253,600821256,525887559,554840025,562867281,524275243,528724281,550144012,552654750,555410266,525021735,416765015,553734130,557928425,526909686,551595481,532705463,554485646,559721198,526796243,550265784,519511470,551555304
STAT,(NULL),EmptyWork,22,32879006563,1465878236,1418230009,1543344242,1532266668,1461907243,1447153339,1507100330,1509650693,1547369990,1445724560,1423812145,1518660536,1520110768,1478833589,1543322893,1448778735,1562192896,1539515946,1461778153,1530738168,1437371225,1535266199
STAT,(NULL),GaloisTime,22,76398445990,3796800329,3356857158,3516857829,3549522199,3381777522,3403732548,3496377188,3486542722,3486279350,3399186556,3350586009,3545517772,3541198380,3420991953,3504110575,3389303117,3489343450,3548072670,3398242347,3503307474,3335527950,3498310892
STAT,(NULL),InitPushTime,22,9350528138,593444800,418667650,419128175,412668013,414091735,413603213,417838460,418960277,415813495,413921932,412893427,413092252,413931623,412331322,422335087,422952680,422693562,414149417,413733608,420512988,422322369,421442053
STAT,(NULL),Iterations,22,188616744,7279895,8314345,8822700,8927969,8387286,8423886,8767930,8739501,8751285,8395527,8317288,8927156,8903567,8477276,8792392,8445379,8762437,8912103,8411423,8804540,8264054,8788805
STAT,(NULL),LoopTime,22,182843142776,182843142776,0,0,0,0,0,0,0,0,0,0,0,0,0,0,0,0,0,0,0,0,0
STAT,(NULL),MeminfoPost,22,12320,560,560,560,560,560,560,560,560,560,560,560,560,560,560,560,560,560,560,560,560,560,560
STAT,(NULL),MeminfoPre,22,12320,560,560,560,560,560,560,560,560,560,560,560,560,560,560,560,560,560,560,560,560,560,560
STAT,(NULL),NumaPost,22,7644498,4496341,1049265,1049435,1049457,0,0,0,0,0,0,0,0,0,0,0,0,0,0,0,0,0,0
STAT,(NULL),PopTime,22,627090994968,29585605551,29164382643,27914166263,27747443878,29095171953,29005821925,28116461303,28327716060,28557719851,29055773442,29546676955,27790783303,27881061977,28876005444,27792701395,28651026595,28173742965,27626004087,29046939204,28010112878,29150789496,27974887800
STAT,(NULL),PushTime,22,1514188498467,70074607121,68841781424,69179430200,68792423541,68640093886,68468913395,68874742035,68927834589,68890562041,68565327205,68363497173,68497139467,68496525662,68404694954,69127599770,69124676522,68773702199,68539102235,68519787988,69038447967,69051650670,68995958423
STAT,(NULL),RusageSys,22,28000,28000,0,0,0,0,0,0,0,0,0,0,0,0,0,0,0,0,0,0,0,0,0
STAT,(NULL),RusageUser,22,1790244000,1790244000,0,0,0,0,0,0,0,0,0,0,0,0,0,0,0,0,0,0,0,0,0
STAT,(NULL),Threads,22,22,22,0,0,0,0,0,0,0,0,0,0,0,0,0,0,0,0,0,0,0,0,0
STAT,(NULL),Time,22,182856190092,182856190092,0,0,0,0,0,0,0,0,0,0,0,0,0,0,0,0,0,0,0,0,0
STAT,(NULL),TotalTime,22,362772230204,362772230204,0,0,0,0,0,0,0,0,0,0,0,0,0,0,0,0,0,0,0,0,0
STAT,(NULL),UserTime,22,1658333159721,72693229766,74909804332,75508299274,76032419073,75113715931,75362597091,75672118570,75412544136,75179600417,75225908517,75115605003,76311107699,76220117676,75509505709,75697611330,75070452788,75663474264,76404525314,75263398168,75584070582,74722090105,75660963976
STAT,(NULL),Work,22,3920774171767,178217014530,178217008167,178217002856,178217007799,178217007305,178217008361,178217008849,178217008716,178217007189,178217007423,178217007712,178217007918,178217008163,178217006898,178217006722,178217008534,178217006316,178217007374,178217007369,178217008431,178217006334,178217008801
STAT,(NULL),nBad,22,0,0,0,0,0,0,0,0,0,0,0,0,0,0,0,0,0,0,0,0,0,0,0
STAT,(NULL),nEmpty,22,106638588,4099562,4685382,4998577,5063596,4725276,4750602,4963152,4949825,4969730,4728764,4665639,5062839,5046755,4778357,4984478,4770521,4967011,5051946,4740670,4993254,4659872,4982780
STAT,(NULL),nEmptyPop,22,16710257,656964,741158,787459,794515,748077,750317,781725,779798,780703,746812,627941,795270,793075,753760,784397,754850,782553,793824,749367,785266,737012,785414
STAT,(NULL),nOverall,22,2142249384,85617636,97499201,97866797,98851699,97975478,98449357,98114713,97742015,97616284,98205443,98090439,98926433,98726212,98437863,97452965,96824349,97446469,99092595,98078525,97305896,96581419,97347596
STAT,(NULL),nPop,22,188616744,7279895,8314345,8822700,8927969,8387286,8423886,8767930,8739501,8751285,8395527,8317288,8927156,8903567,8477276,8792392,8445379,8762437,8912103,8411423,8804540,8264054,8788805
STAT,(NULL),nPush,22,186290779,7341807,8497298,8520289,8582577,8548662,8606710,8525433,8493707,8498664,8548135,8558577,8609896,8544853,8557101,8447948,8457239,8460679,8583528,8556557,8454018,8437413,8459688
STAT,(NULL),nPushInit,22,2325965,105274,105807,105841,105703,105704,105793,105657,105875,105530,105934,105648,105857,105694,105794,105785,105786,105890,105749,105894,105657,105575,105518
==== BENCHMARK TOOK 166.598
==== BENCHMARK START ===
==== PARAMS kernel=4.9.5-64-net1 malloc=libc hostname=rack-mad-04 threads=22 delta=4 prog=sssp-spraylist  ===
Galois Benchmark Suite v2.2.1 (r0)
Copyright (C) 2014 The University of Texas at Austin
http://iss.ices.utexas.edu/galois/

application: Single Source Shortest Path
Computes the shortest path from a source node to all nodes in a directed graph using a modified chaotic iteration algorithm
http://iss.ices.utexas.edu/?p=projects/galois/benchmarks/single_source_shortest_path

INFO: CommandLine ./build/debug/apps/sssp/sssp -noverify -t 22 -delta 4 -wl spraylist -startNode 0 /specific/disk1/home/mad/Galois-PQ/inputs/scalefree/rmat16p-2e27.gr
INFO: Hostname rack-mad-04
Read 134217728 nodes
Running Asynchronous with CAS version
INFO: Using delta-step of 1
WARNING: Performance varies considerably due to delta parameter.
WARNING: Do not expect the default to be good for your graph.
Node 1 has distance 0
STATTYPE,LOOP,CATEGORY,n,sum,T0,T1,T2,T3,T4,T5,T6,T7,T8,T9,T10,T11,T12,T13,T14,T15,T16,T17,T18,T19,T20,T21
STAT,(NULL),BadWork,22,0,0,0,0,0,0,0,0,0,0,0,0,0,0,0,0,0,0,0,0,0,0,0
STAT,(NULL),BarrierTime,22,1034163540,1988,47387430,48629665,54750340,53224639,54341321,49350017,47536097,50455401,52271199,53198999,54450361,51223186,53446585,42700689,42113666,42968081,53283420,51349072,44040365,43777295,43663724
STAT,(NULL),ConflictTime,22,0,0,0,0,0,0,0,0,0,0,0,0,0,0,0,0,0,0,0,0,0,0,0
STAT,(NULL),Conflicts,22,0,0,0,0,0,0,0,0,0,0,0,0,0,0,0,0,0,0,0,0,0,0,0
STAT,(NULL),EmptyPopTime,22,11927460393,591005583,536999929,555595477,532640597,559800728,528460287,542832354,552515458,527638727,552749216,546379628,529181259,528273871,527241409,557016820,557165967,527488401,532438541,527800086,545391931,523854924,544989200
STAT,(NULL),EmptyWork,22,32760578678,1486496744,1470489362,1542232960,1466287999,1567944944,1457715261,1480322631,1551175319,1465327068,1524122709,1518609344,1473011222,1446649978,1449584492,1520381803,1555727837,1447212442,1452382004,1464308032,1503155914,1428717320,1488723293
STAT,(NULL),GaloisTime,22,76290027199,3704310590,3438653214,3530331540,3422759330,3572330094,3414162275,3459928911,3524049914,3404343106,3537530244,3512485113,3420088603,3410466361,3420559445,3509967551,3517851367,3389017483,3404555631,3416396704,3469216006,3356069879,3454953838
STAT,(NULL),InitPushTime,22,9254913291,467750528,420395566,419149808,412986910,414548889,413429395,418394874,420221830,417296361,415475122,414550558,413294440,416370434,414146705,424892014,425479924,424625529,414362111,416245207,423552378,423814470,423930238
STAT,(NULL),Iterations,22,188619082,7347251,8593637,8883717,8493327,8974102,8501496,8659152,8835473,8439188,8885975,8816337,8500946,8474458,8509218,8830721,8844195,8372332,8473882,8489360,8693371,8340745,8660199
STAT,(NULL),LoopTime,22,182848050075,182848050075,0,0,0,0,0,0,0,0,0,0,0,0,0,0,0,0,0,0,0,0,0
STAT,(NULL),MeminfoPost,22,12320,560,560,560,560,560,560,560,560,560,560,560,560,560,560,560,560,560,560,560,560,560,560
STAT,(NULL),MeminfoPre,22,12320,560,560,560,560,560,560,560,560,560,560,560,560,560,560,560,560,560,560,560,560,560,560
STAT,(NULL),NumaPost,22,7644517,4496348,1049487,1049441,1049241,0,0,0,0,0,0,0,0,0,0,0,0,0,0,0,0,0,0
STAT,(NULL),PopTime,22,629024881620,29681883936,28646623674,27984036207,28936660521,27746852295,28930811325,28720164629,27895878280,29057302697,28194577392,28144255220,28938219391,28959764113,28909712625,27800308043,27714694720,29085866125,28953999950,28936293984,28251906489,29115264142,28419805862
STAT,(NULL),PushTime,22,1517034334259,70177958660,68962113777,69140018177,68767488909,68908822057,68773522500,69012613970,69167383217,69011272094,68814674370,68794804937,68396157368,68538283727,68659784325,69456973366,69181741582,68706912052,68733433548,68715874961,69058777846,69119553329,68936169487
STAT,(NULL),RusageSys,22,0,0,0,0,0,0,0,0,0,0,0,0,0,0,0,0,0,0,0,0,0,0,0
STAT,(NULL),RusageUser,22,1790308000,1790308000,0,0,0,0,0,0,0,0,0,0,0,0,0,0,0,0,0,0,0,0,0
STAT,(NULL),Threads,22,22,22,0,0,0,0,0,0,0,0,0,0,0,0,0,0,0,0,0,0,0,0,0
STAT,(NULL),Time,22,182879439431,182879439431,0,0,0,0,0,0,0,0,0,0,0,0,0,0,0,0,0,0,0,0,0
STAT,(NULL),TotalTime,22,363370243288,363370243288,0,0,0,0,0,0,0,0,0,0,0,0,0,0,0,0,0,0,0,0,0
STAT,(NULL),UserTime,22,1656584897040,72704806569,75291583093,75594248606,75220625553,75990712208,75241790451,75130600767,75655460236,74880579166,75722809188,75829928822,75589804466,75463025020,75379580383,75501815229,75819281054,75189965830,75269652841,75285788994,75518014286,74803003076,75501821202
STAT,(NULL),Work,22,3923623703104,178346562640,178346530542,178346530757,178346530029,178346530621,178346530563,178346530436,178346530344,178346530657,178346530684,178346530666,178346530600,178346530621,178346530281,178346530593,178346530296,178346530002,178346530311,178346530757,178346530469,178346530830,178346530405
STAT,(NULL),nBad,22,0,0,0,0,0,0,0,0,0,0,0,0,0,0,0,0,0,0,0,0,0,0,0
STAT,(NULL),nEmpty,22,106640926,4122559,4853501,5039955,4794762,5087961,4800864,4919208,5008399,4758039,5043531,4991187,4794828,4778079,4801324,5007853,5013991,4720846,4783621,4790523,4920038,4705105,4904752
STAT,(NULL),nEmptyPop,22,16816288,661583,767082,791694,756226,799387,757185,772019,787366,751147,790784,784360,756871,754180,756981,787285,790578,747725,755833,755194,775487,743900,773421
STAT,(NULL),nOverall,22,2142249384,87390190,97737012,97960190,98262484,98635522,98215952,97526185,98083138,97521765,98398744,98597800,98456752,98105562,98227010,97136283,97472041,97220955,98003638,98075277,97361025,96621605,97240254
STAT,(NULL),nPop,22,188619082,7347251,8593637,8883717,8493327,8974102,8501496,8659152,8835473,8439188,8885975,8816337,8500946,8474458,8509218,8830721,8844195,8372332,8473882,8489360,8693371,8340745,8660199
STAT,(NULL),nPush,22,186293086,7572602,8483408,8491747,8552176,8547662,8614568,8514748,8495512,8485022,8546737,8577841,8568905,8528746,8554387,8460464,8444179,8436721,8573676,8553405,8431999,8425762,8432819
STAT,(NULL),nPushInit,22,2325996,105262,105810,105850,105705,105713,105810,105639,105863,105549,105940,105657,105857,105687,105781,105781,105790,105905,105771,105888,105653,105566,105519
==== BENCHMARK TOOK 166.829
==== BENCHMARK START ===
==== PARAMS kernel=4.9.5-64-net1 malloc=libc hostname=rack-mad-04 threads=22 delta=4 prog=sssp-spraylist  ===
Galois Benchmark Suite v2.2.1 (r0)
Copyright (C) 2014 The University of Texas at Austin
http://iss.ices.utexas.edu/galois/

application: Single Source Shortest Path
Computes the shortest path from a source node to all nodes in a directed graph using a modified chaotic iteration algorithm
http://iss.ices.utexas.edu/?p=projects/galois/benchmarks/single_source_shortest_path

INFO: CommandLine ./build/debug/apps/sssp/sssp -noverify -t 22 -delta 4 -wl spraylist -startNode 0 /specific/disk1/home/mad/Galois-PQ/inputs/scalefree/rmat16p-2e27.gr
INFO: Hostname rack-mad-04
Read 134217728 nodes
Running Asynchronous with CAS version
INFO: Using delta-step of 1
WARNING: Performance varies considerably due to delta parameter.
WARNING: Do not expect the default to be good for your graph.
Node 1 has distance 0
STATTYPE,LOOP,CATEGORY,n,sum,T0,T1,T2,T3,T4,T5,T6,T7,T8,T9,T10,T11,T12,T13,T14,T15,T16,T17,T18,T19,T20,T21
STAT,(NULL),BadWork,22,0,0,0,0,0,0,0,0,0,0,0,0,0,0,0,0,0,0,0,0,0,0,0
STAT,(NULL),BarrierTime,22,3318373878,5895,155248747,155807165,161848584,160213097,163258541,156741982,155879655,158604136,160979291,161781606,161838686,160118039,163046770,152990269,151921194,153144686,162119521,161240124,154482686,153800046,153303158
STAT,(NULL),ConflictTime,22,0,0,0,0,0,0,0,0,0,0,0,0,0,0,0,0,0,0,0,0,0,0,0
STAT,(NULL),Conflicts,22,0,0,0,0,0,0,0,0,0,0,0,0,0,0,0,0,0,0,0,0,0,0,0
STAT,(NULL),EmptyPopTime,22,11621679359,490126972,523515995,555887306,553778477,523225587,543457753,547616750,553791085,555543012,457295879,458847589,553580958,555015145,548726035,517911399,522051044,521124584,554894555,525501162,521769866,519751289,518266917
STAT,(NULL),EmptyWork,22,32773498822,1447949938,1452169153,1516778201,1567745784,1447286303,1530424780,1502598393,1535702823,1511877545,1622994520,1490605815,1522842182,1549270973,1528621561,1415355258,1411018380,1432381236,1544382563,1430853471,1439840401,1441015727,1431783815
STAT,(NULL),GaloisTime,22,76287149423,3763137474,3365299184,3487314600,3557858800,3379224370,3497470758,3490118497,3519778172,3526075437,3608188762,3437325748,3555842604,3543967686,3528441863,3343146340,3345645283,3354885770,3548709753,3394052960,3350607907,3348884682,3341172773
STAT,(NULL),InitPushTime,22,9281065527,572693467,417473014,416913012,410866759,412499915,409409643,415971600,416826884,414102171,411726796,410912210,410872953,412586668,409664883,419706851,420773599,419555876,410574890,411458329,418214028,418897309,419364670
STAT,(NULL),Iterations,22,188617054,7253586,8346330,8769140,8951851,8411357,8749648,8762020,8834698,8885953,9167131,8604036,8950086,8914969,8878408,8293150,8282198,8303322,8933138,8434597,8310806,8289648,8290982
STAT,(NULL),LoopTime,22,182288290662,182288290662,0,0,0,0,0,0,0,0,0,0,0,0,0,0,0,0,0,0,0,0,0
STAT,(NULL),MeminfoPost,22,12320,560,560,560,560,560,560,560,560,560,560,560,560,560,560,560,560,560,560,560,560,560,560
STAT,(NULL),MeminfoPre,22,12320,560,560,560,560,560,560,560,560,560,560,560,560,560,560,560,560,560,560,560,560,560,560
STAT,(NULL),NumaPost,22,7644522,4496351,1049274,1049444,1049453,0,0,0,0,0,0,0,0,0,0,0,0,0,0,0,0,0,0
STAT,(NULL),PopTime,22,621362723491,29716687041,28769552048,28062754624,27339206672,28670842103,28219672170,28145405531,27592534114,27529249510,27087885990,28413436539,27471887770,27443689525,27929115729,28812869395,28813937076,28787351547,27492336092,28652301508,28775165128,28837322947,28799520432
STAT,(NULL),PushTime,22,1509159062821,69610040992,68801285044,68857581941,68468883185,68538994925,68184946054,68560549204,68708329641,68814650991,68424434703,68259746483,68204266839,68458617424,68433560593,68856902685,68671230826,68468761390,68374838446,68287687054,68838856491,68596961154,68737936756
STAT,(NULL),RusageSys,22,0,0,0,0,0,0,0,0,0,0,0,0,0,0,0,0,0,0,0,0,0,0,0
STAT,(NULL),RusageUser,22,1784732000,1784732000,0,0,0,0,0,0,0,0,0,0,0,0,0,0,0,0,0,0,0,0,0
STAT,(NULL),Threads,22,22,22,0,0,0,0,0,0,0,0,0,0,0,0,0,0,0,0,0,0,0,0,0
STAT,(NULL),Time,22,182301355896,182301355896,0,0,0,0,0,0,0,0,0,0,0,0,0,0,0,0,0,0,0,0,0
STAT,(NULL),TotalTime,22,365614844775,365614844775,0,0,0,0,0,0,0,0,0,0,0,0,0,0,0,0,0,0,0,0,0
STAT,(NULL),UserTime,22,1657851486209,72656403094,74772523741,75204028690,76196872068,75124771601,75708373265,75438057883,75774209072,75746948421,76483545378,75624382955,76375924982,76133784482,75715878929,74738161131,74920463597,75119841728,76169184666,75393948503,74758106646,74940409427,74855665950
STAT,(NULL),Work,22,3909057150902,177684421822,177684415947,177684415899,177684415568,177684415635,177684415098,177684416524,177684415726,177684415128,177684415862,177684415007,177684415720,177684415553,177684414634,177684416405,177684416715,177684416287,177684413019,177684414697,177684417064,177684415246,177684417346
STAT,(NULL),nBad,22,0,0,0,0,0,0,0,0,0,0,0,0,0,0,0,0,0,0,0,0,0,0,0
STAT,(NULL),nEmpty,22,106638898,4047460,4708086,4983979,5071488,4743322,4967437,4978458,5006562,5034863,5194151,4857506,5078213,5054198,5045949,4674381,4665469,4680638,5067591,4754916,4685301,4667575,4671355
STAT,(NULL),nEmptyPop,22,16498304,558801,745485,782413,795768,749452,778786,779793,788571,792095,692777,665457,797714,794261,789447,739262,739607,741907,795378,750961,741207,740031,739131
STAT,(NULL),nOverall,22,2142249384,85840978,97364477,97509764,99125579,97970133,98614630,97852342,98166548,98222707,99171512,98518652,99041082,98613890,98275494,96602623,96801729,97220622,98725427,98208159,96753622,96864163,96785251
STAT,(NULL),nPop,22,188617054,7253586,8346330,8769140,8951851,8411357,8749648,8762020,8834698,8885953,9167131,8604036,8950086,8914969,8878408,8293150,8282198,8303322,8933138,8434597,8310806,8289648,8290982
STAT,(NULL),nPush,22,186291065,7446111,8503266,8507334,8567228,8558864,8600569,8512581,8494149,8504825,8545981,8569912,8592143,8566674,8570626,8442249,8422333,8446433,8585231,8547820,8444980,8409490,8452266
STAT,(NULL),nPushInit,22,2325989,105779,105791,105842,105676,105673,105776,105612,105852,105508,105939,105614,105827,105671,105764,105774,105774,105879,105723,105864,105613,105544,105494
==== BENCHMARK TOOK 167.749
==== BENCHMARK START ===
==== PARAMS kernel=4.9.5-64-net1 malloc=libc hostname=rack-mad-04 threads=22 delta=4 prog=sssp-spraylist  ===
Galois Benchmark Suite v2.2.1 (r0)
Copyright (C) 2014 The University of Texas at Austin
http://iss.ices.utexas.edu/galois/

application: Single Source Shortest Path
Computes the shortest path from a source node to all nodes in a directed graph using a modified chaotic iteration algorithm
http://iss.ices.utexas.edu/?p=projects/galois/benchmarks/single_source_shortest_path

INFO: CommandLine ./build/debug/apps/sssp/sssp -noverify -t 22 -delta 4 -wl spraylist -startNode 0 /specific/disk1/home/mad/Galois-PQ/inputs/scalefree/rmat16p-2e27.gr
INFO: Hostname rack-mad-04
Read 134217728 nodes
Running Asynchronous with CAS version
INFO: Using delta-step of 1
WARNING: Performance varies considerably due to delta parameter.
WARNING: Do not expect the default to be good for your graph.
Node 1 has distance 0
STATTYPE,LOOP,CATEGORY,n,sum,T0,T1,T2,T3,T4,T5,T6,T7,T8,T9,T10,T11,T12,T13,T14,T15,T16,T17,T18,T19,T20,T21
STAT,(NULL),BadWork,22,0,0,0,0,0,0,0,0,0,0,0,0,0,0,0,0,0,0,0,0,0,0,0
STAT,(NULL),BarrierTime,22,2978305328,2528,140395263,139832479,146575719,144917523,146559086,141807727,139674155,142739545,144410060,146100756,145829249,145168501,147300553,137310554,136036832,137114745,145588238,145198455,135228665,134991745,135522950
STAT,(NULL),ConflictTime,22,0,0,0,0,0,0,0,0,0,0,0,0,0,0,0,0,0,0,0,0,0,0,0
STAT,(NULL),Conflicts,22,0,0,0,0,0,0,0,0,0,0,0,0,0,0,0,0,0,0,0,0,0,0,0
STAT,(NULL),EmptyPopTime,22,11859731313,609617755,528073165,553467700,528648871,547159239,529010309,543692812,554286550,524146135,555913824,558599550,529401854,530447894,528941327,547293714,555585540,522497824,561375237,537950570,524202817,524679725,464738901
STAT,(NULL),EmptyWork,22,32840423409,1494852021,1458890541,1525344738,1468160034,1513692082,1457302392,1525450602,1563753949,1473767818,1549673658,1577362140,1457507058,1443500456,1438497467,1490744534,1530768793,1430811329,1559476127,1513160603,1423145300,1443529569,1501032198
STAT,(NULL),GaloisTime,22,76401061624,3783670290,3386010011,3530573411,3417582252,3518302741,3424357616,3489847812,3517014665,3397789975,3557457190,3569078690,3418061450,3399046043,3421327557,3457792435,3510901600,3370891212,3582048539,3475589389,3355694135,3375644778,3442379833
STAT,(NULL),InitPushTime,22,9392733309,562343184,421979845,422540919,415794838,417427958,415809374,420535832,422678123,419609872,417908823,416216267,416517964,417177801,414979634,425010017,426310559,425232004,416742259,417127874,426971257,427174519,426644386
STAT,(NULL),Iterations,22,188617516,7186216,8417549,8844572,8496058,8807316,8512253,8745413,8868626,8437931,8976470,8971128,8504117,8461005,8508488,8668572,8835815,8369641,8994069,8670318,8352253,8344846,8644860
STAT,(NULL),LoopTime,22,182079321224,182079321224,0,0,0,0,0,0,0,0,0,0,0,0,0,0,0,0,0,0,0,0,0
STAT,(NULL),MeminfoPost,22,12320,560,560,560,560,560,560,560,560,560,560,560,560,560,560,560,560,560,560,560,560,560,560
STAT,(NULL),MeminfoPre,22,12320,560,560,560,560,560,560,560,560,560,560,560,560,560,560,560,560,560,560,560,560,560,560
STAT,(NULL),NumaPost,22,7644515,4496350,1049272,1049442,1049451,0,0,0,0,0,0,0,0,0,0,0,0,0,0,0,0,0,0
STAT,(NULL),PopTime,22,626980468302,29543985314,28981403485,27941090048,28850596574,28146918239,28885872062,28133205783,28152596202,28962520584,27749264436,27648638121,28853430281,28895517088,28867616577,28364912818,27599171782,29020062624,27571779804,28384371697,29016411003,29056721510,28354382270
STAT,(NULL),PushTime,22,1500060810784,69385332926,68246865178,68346312401,68029936385,67912457673,67820355683,68255712829,68339230384,68331202137,68016006883,68085694778,67559600733,68030889448,67887375859,68307717017,68543192631,67980781786,67929192660,67976472523,68358192862,68304890000,68413398008
STAT,(NULL),RusageSys,22,8000,8000,0,0,0,0,0,0,0,0,0,0,0,0,0,0,0,0,0,0,0,0,0
STAT,(NULL),RusageUser,22,1782676000,1782676000,0,0,0,0,0,0,0,0,0,0,0,0,0,0,0,0,0,0,0,0,0
STAT,(NULL),Threads,22,22,22,0,0,0,0,0,0,0,0,0,0,0,0,0,0,0,0,0,0,0,0,0
STAT,(NULL),Time,22,182109063884,182109063884,0,0,0,0,0,0,0,0,0,0,0,0,0,0,0,0,0,0,0,0,0
STAT,(NULL),TotalTime,22,371866353948,371866353948,0,0,0,0,0,0,0,0,0,0,0,0,0,0,0,0,0,0,0,0,0
STAT,(NULL),UserTime,22,1656642393655,72672764534,74888978350,75593431325,75195298635,75851693415,75373324429,75542312425,75363340258,74800795447,76061906581,76050849767,75672220626,75190819143,75346461840,75321762631,75750602378,75165177573,76286348573,75602678473,74812577002,74784757901,75314292349
STAT,(NULL),Work,22,3904786480704,177490313942,177490291913,177490290754,177490294325,177490293977,177490294347,177490293819,177490293452,177490293740,177490294387,177490294432,177490293591,177490291431,177490292238,177490294948,177490294498,177490293861,177490292290,177490294517,177490294398,177490294699,177490295145
STAT,(NULL),nBad,22,0,0,0,0,0,0,0,0,0,0,0,0,0,0,0,0,0,0,0,0,0,0,0
STAT,(NULL),nEmpty,22,106639360,4032449,4747538,5013895,4797334,4982659,4800907,4952544,5039417,4758459,5092144,5092085,4797711,4774904,4800919,4909913,5009546,4719361,5099592,4901678,4714903,4703870,4897532
STAT,(NULL),nEmptyPop,22,16706656,649263,750891,788892,756560,784233,757380,778422,789527,750221,797748,798475,756649,753487,757527,774237,788313,745432,799975,771573,743764,743447,670640
STAT,(NULL),nOverall,22,2142249384,87213526,97410940,97988173,98202631,98600454,98394362,98034863,97599783,97446919,98788880,98755580,98551404,97834328,98204034,97064692,97426112,97193119,98827232,98302815,96756770,96626215,97026552
STAT,(NULL),nPop,22,188617516,7186216,8417549,8844572,8496058,8807316,8512253,8745413,8868626,8437931,8976470,8971128,8504117,8461005,8508488,8668572,8835815,8369641,8994069,8670318,8352253,8344846,8644860
STAT,(NULL),nPush,22,186291531,7602549,8486586,8488706,8560213,8526421,8590720,8519065,8489729,8495331,8547372,8588971,8557170,8549766,8547104,8424868,8451424,8435826,8569621,8552105,8436289,8410238,8461457
STAT,(NULL),nPushInit,22,2325985,105767,105787,105821,105676,105686,105786,105620,105823,105504,105932,105611,105841,105680,105763,105765,105774,105885,105730,105867,105634,105543,105490
==== BENCHMARK TOOK 170.612
