==== BENCHMARK START ===
==== PARAMS kernel=4.9.5-64-net1 malloc=libc hostname=rack-castor threads=22 delta=4 prog=sssp-klsm256mq4  ===
ERROR: ld.so: object '/specific/disk1/home/adamx/malloc/lib64/libjemalloc.so' from LD_PRELOAD cannot be preloaded (cannot open shared object file): ignored.
Galois Benchmark Suite v2.2.1 (r0)
Copyright (C) 2014 The University of Texas at Austin
http://iss.ices.utexas.edu/galois/

application: Single Source Shortest Path
Computes the shortest path from a source node to all nodes in a directed graph using a modified chaotic iteration algorithm
http://iss.ices.utexas.edu/?p=projects/galois/benchmarks/single_source_shortest_path

INFO: CommandLine ./build/debug/apps/sssp/sssp -noverify -t 22 -delta 4 -wl klsm256mq4 -startNode 0 /specific/disk1/home/mad/Galois-PQ/inputs/road/USA-road-d.USA.gr
INFO: Hostname rack-castor
Read 23947347 nodes
Running Asynchronous with CAS version
INFO: Using delta-step of 1
WARNING: Performance varies considerably due to delta parameter.
WARNING: Do not expect the default to be good for your graph.
Node 1 has distance 2025
STATTYPE,LOOP,CATEGORY,n,sum,T0,T1,T2,T3,T4,T5,T6,T7,T8,T9,T10,T11,T12,T13,T14,T15,T16,T17,T18,T19,T20,T21
STAT,(NULL),BadWork,22,12884143769,570096088,591553123,565543933,608927388,585011814,573687133,591766736,678601241,612206538,576652313,501309750,589069710,548781278,538006594,643199470,586546893,557793180,633047780,564538712,586991520,658704573,522108002
STAT,(NULL),BarrierTime,22,3205903,459460,311001,266780,245201,227593,225723,225715,164712,151540,39922,40560,137416,76954,137320,120420,53197,79232,80272,81500,12398,32190,36797
STAT,(NULL),ConflictTime,22,0,0,0,0,0,0,0,0,0,0,0,0,0,0,0,0,0,0,0,0,0,0,0
STAT,(NULL),Conflicts,22,0,0,0,0,0,0,0,0,0,0,0,0,0,0,0,0,0,0,0,0,0,0,0
STAT,(NULL),EmptyPopTime,22,184343116,8292611,8040163,8423137,7761103,7775297,8095480,8480643,7884289,8301923,8721275,8932887,8655761,9257873,8907841,8178052,8282459,8648549,8184979,8678131,7990154,8393974,8456535
STAT,(NULL),EmptyWork,22,993746598,44961200,46983524,45127477,46274414,47710449,46490333,47056960,44818981,44306054,44456012,46025734,43901751,45295682,45676334,44361684,45391118,44485784,44061697,44694617,43476980,44224599,43965214
STAT,(NULL),GaloisTime,22,39269944041,1763855362,1741891173,1789702461,1750389757,1745382991,1748001323,1777476093,1786964550,1796754061,1788898598,1798735029,1802878924,1803899369,1798479398,1802521464,1784645665,1788513081,1803421609,1797909757,1823887122,1782570979,1793165275
STAT,(NULL),InitPushTime,22,929862,29352,10868,80344,37014,37039,35986,36808,40416,46460,66205,65436,38404,64760,38068,45736,38912,38308,37228,37700,36736,34062,34020
STAT,(NULL),Iterations,22,31694138,1444611,1649738,1413819,1657147,1651972,1656172,1469606,1471430,1405529,1395905,1351947,1365170,1380872,1384653,1378066,1353642,1398684,1366087,1406413,1267331,1462611,1362733
STAT,(NULL),LoopTime,22,11877371212,11877371212,0,0,0,0,0,0,0,0,0,0,0,0,0,0,0,0,0,0,0,0,0
STAT,(NULL),MeminfoPost,22,2222,101,101,101,101,101,101,101,101,101,101,101,101,101,101,101,101,101,101,101,101,101,101
STAT,(NULL),MeminfoPre,22,2222,101,101,101,101,101,101,101,101,101,101,101,101,101,101,101,101,101,101,101,101,101,101
STAT,(NULL),NumaPost,22,12954,11681,246,859,168,0,0,0,0,0,0,0,0,0,0,0,0,0,0,0,0,0,0
STAT,(NULL),PopTime,22,59707371365,2691812041,2701889648,2724953284,2694833813,2685838948,2685728526,2707398704,2716667448,2709832415,2714108634,2721226767,2724467520,2716018102,2717658399,2727486613,2723194789,2709388513,2718137496,2723973680,2731297663,2726267307,2735191055
STAT,(NULL),PushTime,22,71168028892,3299442582,3273039279,3223109338,3282410449,3288117837,3280899178,3244472506,3229430424,3235795057,3233766046,3229116173,3206018570,3219241486,3213300977,3210558776,3229167699,3237480402,3211231880,3215074058,3180984836,3219929045,3205442294
STAT,(NULL),RusageSys,22,0,0,0,0,0,0,0,0,0,0,0,0,0,0,0,0,0,0,0,0,0,0,0
STAT,(NULL),RusageUser,22,114008000,114008000,0,0,0,0,0,0,0,0,0,0,0,0,0,0,0,0,0,0,0,0,0
STAT,(NULL),Threads,22,22,22,0,0,0,0,0,0,0,0,0,0,0,0,0,0,0,0,0,0,0,0,0
STAT,(NULL),Time,22,11891947260,11891947260,0,0,0,0,0,0,0,0,0,0,0,0,0,0,0,0,0,0,0,0,0
STAT,(NULL),TotalTime,22,20331079704,20331079704,0,0,0,0,0,0,0,0,0,0,0,0,0,0,0,0,0,0,0,0,0
STAT,(NULL),UserTime,22,79198989798,3579017664,3615538561,3596066091,3605712785,3612558013,3618167939,3602498111,3601618253,3592394636,3597433208,3583345431,3601461814,3593668840,3603360177,3594275459,3596702260,3598866957,3602344851,3597052119,3599746629,3605998269,3601161731
STAT,(NULL),Work,22,250524194334,11387467608,11387458668,11387457808,11387458277,11387457427,11387458796,11387459494,11387457780,11387458862,11387481102,11387482392,11387459872,11387456413,11387459102,11387458004,11387482770,11387458754,11387458684,11387460454,11387477650,11387462631,11387461786
STAT,(NULL),nBad,22,12995571,586210,612788,575630,627570,597602,596973,595271,678458,620974,577295,505872,583353,556451,540036,638481,592927,553933,631183,572685,580953,642138,528788
STAT,(NULL),nEmpty,22,2697020,124112,145733,120166,144319,144298,144876,126861,125060,119225,118256,114219,113784,119606,116435,115749,114034,118201,114206,118726,105086,121189,112879
STAT,(NULL),nEmptyPop,22,109641,5038,5458,4909,5243,5251,5360,5191,4798,4910,4960,4844,4981,5125,5066,4741,4718,5030,4722,5018,4257,5052,4969
STAT,(NULL),nOverall,22,71328912,3248664,3717356,3181537,3728825,3716790,3729157,3305137,3306730,3166752,3139695,3046824,3069160,3106100,3121221,3103641,3051611,3147613,3076030,3162557,2850160,3287749,3065603
STAT,(NULL),nPop,22,31694138,1444611,1649738,1413819,1657147,1651972,1656172,1469606,1471430,1405529,1395905,1351947,1365170,1380872,1384653,1378066,1353642,1398684,1366087,1406413,1267331,1462611,1362733
STAT,(NULL),nPush,22,31694135,1443130,1653538,1413887,1659517,1654994,1659219,1470333,1470322,1406082,1395138,1351440,1363328,1379294,1384653,1376726,1354448,1399316,1365521,1404904,1263845,1463111,1361389
STAT,(NULL),nPushInit,22,3,1,1,1,0,0,0,0,0,0,0,0,0,0,0,0,0,0,0,0,0,0,0
==== BENCHMARK TOOK 9.899
==== BENCHMARK START ===
==== PARAMS kernel=4.9.5-64-net1 malloc=libc hostname=rack-castor threads=22 delta=4 prog=sssp-klsm256mq4  ===
ERROR: ld.so: object '/specific/disk1/home/adamx/malloc/lib64/libjemalloc.so' from LD_PRELOAD cannot be preloaded (cannot open shared object file): ignored.
Galois Benchmark Suite v2.2.1 (r0)
Copyright (C) 2014 The University of Texas at Austin
http://iss.ices.utexas.edu/galois/

application: Single Source Shortest Path
Computes the shortest path from a source node to all nodes in a directed graph using a modified chaotic iteration algorithm
http://iss.ices.utexas.edu/?p=projects/galois/benchmarks/single_source_shortest_path

INFO: CommandLine ./build/debug/apps/sssp/sssp -noverify -t 22 -delta 4 -wl klsm256mq4 -startNode 0 /specific/disk1/home/mad/Galois-PQ/inputs/road/USA-road-d.USA.gr
INFO: Hostname rack-castor
Read 23947347 nodes
Running Asynchronous with CAS version
INFO: Using delta-step of 1
WARNING: Performance varies considerably due to delta parameter.
WARNING: Do not expect the default to be good for your graph.
Node 1 has distance 2025
STATTYPE,LOOP,CATEGORY,n,sum,T0,T1,T2,T3,T4,T5,T6,T7,T8,T9,T10,T11,T12,T13,T14,T15,T16,T17,T18,T19,T20,T21
STAT,(NULL),BadWork,22,13193263585,626622565,606032332,600859513,611927520,682915527,597625157,595166534,547124122,580626470,558343901,521864355,601845758,587707821,633000562,700857916,549501659,602472684,632494696,586545289,625559373,549726349,594443482
STAT,(NULL),BarrierTime,22,4105255,499391,348956,310216,285885,265611,268780,255916,187426,206084,163088,143921,160048,153100,160132,159772,91070,99100,89176,104196,63784,59388,30215
STAT,(NULL),ConflictTime,22,0,0,0,0,0,0,0,0,0,0,0,0,0,0,0,0,0,0,0,0,0,0,0
STAT,(NULL),Conflicts,22,0,0,0,0,0,0,0,0,0,0,0,0,0,0,0,0,0,0,0,0,0,0,0
STAT,(NULL),EmptyPopTime,22,189861048,8433343,8435284,8853638,8236699,7832405,7850073,8408235,9172980,8519795,9247175,8354645,8736660,8896815,8635317,8611785,9023989,8530795,8665437,9493968,8531477,8577270,8813263
STAT,(NULL),EmptyWork,22,1002503688,45345755,47795838,45627188,47162442,46623286,46902016,44608338,46976815,44448386,46764243,45805166,44643667,44101177,45059746,43856596,45237605,44966330,44700700,45341718,45863997,45221364,45451315
STAT,(NULL),GaloisTime,22,39988730498,1790894758,1769403161,1826653169,1775527741,1779143543,1787696239,1833239926,1810687623,1848107661,1831700542,1815395898,1840951831,1841620064,1835507257,1834341500,1792363461,1842100707,1838753092,1833821052,1822695327,1828968334,1809157612
STAT,(NULL),InitPushTime,22,881128,31012,47042,78112,37048,36726,35907,40848,37203,39252,35606,38776,39632,38476,38056,38980,35239,38736,37044,36796,36756,37696,46185
STAT,(NULL),Iterations,22,31849862,1497747,1672495,1441754,1683778,1684984,1684762,1336437,1481414,1328931,1356764,1473410,1368017,1324764,1370440,1364194,1508064,1335318,1379319,1370649,1397393,1342061,1447167
STAT,(NULL),LoopTime,22,12097892033,12097892033,0,0,0,0,0,0,0,0,0,0,0,0,0,0,0,0,0,0,0,0,0
STAT,(NULL),MeminfoPost,22,2222,101,101,101,101,101,101,101,101,101,101,101,101,101,101,101,101,101,101,101,101,101,101
STAT,(NULL),MeminfoPre,22,2222,101,101,101,101,101,101,101,101,101,101,101,101,101,101,101,101,101,101,101,101,101,101
STAT,(NULL),NumaPost,22,12965,11673,253,871,168,0,0,0,0,0,0,0,0,0,0,0,0,0,0,0,0,0,0
STAT,(NULL),PopTime,22,61452602342,2778352447,2773218042,2793073693,2774629111,2774173216,2769647798,2801773342,2791196309,2805805399,2795379782,2782350386,2798147436,2809257879,2804625936,2807532547,2792739204,2816718107,2803930937,2789936500,2790700323,2802941741,2796472207
STAT,(NULL),PushTime,22,72269778261,3351627351,3339638957,3282878873,3335259786,3332127132,3327965248,3252853497,3293279609,3242974769,3263587767,3300657805,3270965754,3253518497,3267762424,3254568344,3307953931,3239481191,3242380648,3274003877,3291855197,3256603522,3287834082
STAT,(NULL),RusageSys,22,0,0,0,0,0,0,0,0,0,0,0,0,0,0,0,0,0,0,0,0,0,0,0
STAT,(NULL),RusageUser,22,116216000,116216000,0,0,0,0,0,0,0,0,0,0,0,0,0,0,0,0,0,0,0,0,0
STAT,(NULL),Threads,22,22,22,0,0,0,0,0,0,0,0,0,0,0,0,0,0,0,0,0,0,0,0,0
STAT,(NULL),Time,22,12112433093,12112433093,0,0,0,0,0,0,0,0,0,0,0,0,0,0,0,0,0,0,0,0,0
STAT,(NULL),TotalTime,22,20551865040,20551865040,0,0,0,0,0,0,0,0,0,0,0,0,0,0,0,0,0,0,0,0,0
STAT,(NULL),UserTime,22,80468380436,3633156828,3669320694,3650726183,3666995490,3667912424,3667751033,3666927218,3656497590,3657955732,3661132826,3655246367,3644367502,3650417338,3646220238,3658901158,3660495076,3656013956,3669381558,3655215725,3648166241,3665498179,3660081080
STAT,(NULL),Work,22,255373603234,11607892242,11607887538,11607888756,11607887149,11607887462,11607887089,11607888424,11607912397,11607888910,11607891726,11607886902,11607890106,11607888042,11607892002,11607892238,11607900669,11607892586,11607891860,11607890340,11607889170,11607890454,11607887172
STAT,(NULL),nBad,22,13362035,641672,632252,605995,637000,710391,618366,587176,562428,589384,565644,528705,598896,582122,634998,682900,561516,603424,641577,589149,620124,557603,610713
STAT,(NULL),nEmpty,22,2708009,128058,147028,121775,146897,145921,146119,112591,130151,111395,115029,125886,115445,110042,115313,112120,126407,112488,116644,115966,115423,113670,123641
STAT,(NULL),nEmptyPop,22,111236,5109,5486,5165,5456,5259,5264,4652,5254,4717,5132,5018,4831,4838,4890,4894,5359,4776,4913,5257,4960,4750,5256
STAT,(NULL),nOverall,22,71695376,3370674,3764631,3242141,3788948,3795566,3790038,3006554,3336643,2992219,3051588,3312463,3077374,2982354,3085807,3066827,3395881,3009564,3110507,3086945,3144291,3024666,3259695
STAT,(NULL),nPop,22,31849862,1497747,1672495,1441754,1683778,1684984,1684762,1336437,1481414,1328931,1356764,1473410,1368017,1324764,1370440,1364194,1508064,1335318,1379319,1370649,1397393,1342061,1447167
STAT,(NULL),nPush,22,31849859,1496874,1674758,1441972,1687001,1689597,1687290,1334388,1481414,1327908,1355107,1474391,1366964,1323320,1368789,1362514,1510595,1333724,1376781,1369350,1397333,1342265,1447524
STAT,(NULL),nPushInit,22,3,1,1,1,0,0,0,0,0,0,0,0,0,0,0,0,0,0,0,0,0,0,0
==== BENCHMARK TOOK 10.129
==== BENCHMARK START ===
==== PARAMS kernel=4.9.5-64-net1 malloc=libc hostname=rack-castor threads=22 delta=4 prog=sssp-klsm256mq4  ===
ERROR: ld.so: object '/specific/disk1/home/adamx/malloc/lib64/libjemalloc.so' from LD_PRELOAD cannot be preloaded (cannot open shared object file): ignored.
Galois Benchmark Suite v2.2.1 (r0)
Copyright (C) 2014 The University of Texas at Austin
http://iss.ices.utexas.edu/galois/

application: Single Source Shortest Path
Computes the shortest path from a source node to all nodes in a directed graph using a modified chaotic iteration algorithm
http://iss.ices.utexas.edu/?p=projects/galois/benchmarks/single_source_shortest_path

INFO: CommandLine ./build/debug/apps/sssp/sssp -noverify -t 22 -delta 4 -wl klsm256mq4 -startNode 0 /specific/disk1/home/mad/Galois-PQ/inputs/road/USA-road-d.USA.gr
INFO: Hostname rack-castor
Read 23947347 nodes
Running Asynchronous with CAS version
INFO: Using delta-step of 1
WARNING: Performance varies considerably due to delta parameter.
WARNING: Do not expect the default to be good for your graph.
Node 1 has distance 2025
STATTYPE,LOOP,CATEGORY,n,sum,T0,T1,T2,T3,T4,T5,T6,T7,T8,T9,T10,T11,T12,T13,T14,T15,T16,T17,T18,T19,T20,T21
STAT,(NULL),BadWork,22,13025544422,644407990,572966110,567846123,559131472,603173846,579262455,604839601,532351345,573333588,673602737,654695140,572755429,682475648,588743416,573460097,548650307,589521368,575930774,576626261,584621050,574670217,592479448
STAT,(NULL),BarrierTime,22,3773953,551907,384704,229045,271477,269068,246027,191712,193705,131531,193692,205642,126986,153684,92062,5772,71042,89403,92008,63889,66162,44598,99837
STAT,(NULL),ConflictTime,22,0,0,0,0,0,0,0,0,0,0,0,0,0,0,0,0,0,0,0,0,0,0,0
STAT,(NULL),Conflicts,22,0,0,0,0,0,0,0,0,0,0,0,0,0,0,0,0,0,0,0,0,0,0,0
STAT,(NULL),EmptyPopTime,22,188949089,8046302,8208904,8348659,8258977,8006578,7878705,8842715,9353726,8504280,7652960,8523469,8806948,8136953,8231181,9612363,10226175,8532657,8929711,8417543,8998634,8963846,8467803
STAT,(NULL),EmptyWork,22,993626864,45103982,47631069,44869646,46996318,47135067,46597579,44277703,45283659,45908839,42639029,45856113,45042279,42482905,44451949,44976474,45306439,45528664,45875499,43990148,43981901,44618250,45073352
STAT,(NULL),GaloisTime,22,39559947456,1773605996,1750021403,1803794700,1753113635,1762681609,1761394801,1806764639,1814953552,1819876381,1818903340,1815810865,1809937115,1828403317,1807229648,1793515936,1803020905,1786288692,1825356770,1826388237,1811912250,1802055513,1784918152
STAT,(NULL),InitPushTime,22,988293,26076,11390,116395,80273,36845,36484,41404,40660,66337,39420,35761,38404,38464,38152,64915,35436,38412,37384,37184,36576,58350,33971
STAT,(NULL),Iterations,22,31907344,1565098,1659578,1422800,1663231,1665552,1665309,1364088,1378451,1370265,1359304,1404736,1397846,1342841,1448039,1396190,1400003,1462263,1322761,1346635,1355268,1437902,1479184
STAT,(NULL),LoopTime,22,12045628074,12045628074,0,0,0,0,0,0,0,0,0,0,0,0,0,0,0,0,0,0,0,0,0
STAT,(NULL),MeminfoPost,22,2222,101,101,101,101,101,101,101,101,101,101,101,101,101,101,101,101,101,101,101,101,101,101
STAT,(NULL),MeminfoPre,22,2222,101,101,101,101,101,101,101,101,101,101,101,101,101,101,101,101,101,101,101,101,101,101
STAT,(NULL),NumaPost,22,12974,11893,240,673,168,0,0,0,0,0,0,0,0,0,0,0,0,0,0,0,0,0,0
STAT,(NULL),PopTime,22,60364211141,2726228677,2729049690,2752393813,2716067525,2720499641,2725411050,2764368592,2756950994,2739066983,2753006850,2745854187,2737102898,2762060139,2739107275,2748002388,2753041562,2752252723,2750338092,2752735596,2740860239,2752231519,2747580708
STAT,(NULL),PushTime,22,71995003609,3325279455,3322687830,3266339347,3331054021,3313879454,3314759111,3255100421,3238030513,3261231590,3249777066,3245759706,3276332757,3226658755,3267159840,3276001050,3258932075,3272876632,3247708923,3239676275,3274435896,3254945718,3276377174
STAT,(NULL),RusageSys,22,16000,16000,0,0,0,0,0,0,0,0,0,0,0,0,0,0,0,0,0,0,0,0,0
STAT,(NULL),RusageUser,22,115048000,115048000,0,0,0,0,0,0,0,0,0,0,0,0,0,0,0,0,0,0,0,0,0
STAT,(NULL),Threads,22,22,22,0,0,0,0,0,0,0,0,0,0,0,0,0,0,0,0,0,0,0,0,0
STAT,(NULL),Time,22,12057975927,12057975927,0,0,0,0,0,0,0,0,0,0,0,0,0,0,0,0,0,0,0,0,0
STAT,(NULL),TotalTime,22,20243879930,20243879930,0,0,0,0,0,0,0,0,0,0,0,0,0,0,0,0,0,0,0,0,0
STAT,(NULL),UserTime,22,79743076593,3614681185,3635346744,3617197031,3637456878,3640743940,3636905608,3613590970,3628374113,3618355137,3620966251,3631143090,3615725108,3625204981,3626766556,3620839116,3622419601,3627466331,3614739007,3621737193,3612760780,3630127829,3630529144
STAT,(NULL),Work,22,252846458095,11493022194,11493013722,11493013103,11493014314,11493014104,11493014781,11493015952,11493014445,11493012854,11493015948,11493014067,11493040222,11493016266,11493014135,11493037856,11493041158,11493014600,11493017978,11493040447,11493041636,11493011904,11493016409
STAT,(NULL),nBad,22,13487657,663600,599986,603081,588856,635424,611167,620043,555157,594412,687743,668047,593564,694470,604338,590451,569006,619737,592825,593757,598819,596665,606509
STAT,(NULL),nEmpty,22,2711050,133671,143126,121740,146211,146897,144850,113213,118564,114912,109385,118040,118846,108640,122893,118437,119660,126532,112067,112886,113407,121237,125836
STAT,(NULL),nEmptyPop,22,110196,5159,5408,4815,5440,5336,5282,4893,5137,4755,4474,4899,4845,4678,4924,5242,5297,5070,4873,4584,4878,5153,5054
STAT,(NULL),nOverall,22,71820998,3521490,3729785,3209058,3744368,3751332,3747135,3068699,3102716,3082952,3057639,3162871,3150426,3021814,3258874,3144746,3148077,3293934,2983977,3032391,3052473,3231647,3324594
STAT,(NULL),nPop,22,31907344,1565098,1659578,1422800,1663231,1665552,1665309,1364088,1378451,1370265,1359304,1404736,1397846,1342841,1448039,1396190,1400003,1462263,1322761,1346635,1355268,1437902,1479184
STAT,(NULL),nPush,22,31907341,1564305,1661519,1423202,1667334,1668495,1667821,1362495,1377351,1370011,1357058,1403731,1398553,1342552,1448360,1396376,1398295,1462317,1321866,1344675,1355327,1436750,1478948
STAT,(NULL),nPushInit,22,3,1,1,1,0,0,0,0,0,0,0,0,0,0,0,0,0,0,0,0,0,0,0
==== BENCHMARK TOOK 10.012
==== BENCHMARK START ===
==== PARAMS kernel=4.9.5-64-net1 malloc=libc hostname=rack-castor threads=22 delta=4 prog=sssp-klsm256mq4  ===
ERROR: ld.so: object '/specific/disk1/home/adamx/malloc/lib64/libjemalloc.so' from LD_PRELOAD cannot be preloaded (cannot open shared object file): ignored.
Galois Benchmark Suite v2.2.1 (r0)
Copyright (C) 2014 The University of Texas at Austin
http://iss.ices.utexas.edu/galois/

application: Single Source Shortest Path
Computes the shortest path from a source node to all nodes in a directed graph using a modified chaotic iteration algorithm
http://iss.ices.utexas.edu/?p=projects/galois/benchmarks/single_source_shortest_path

INFO: CommandLine ./build/debug/apps/sssp/sssp -noverify -t 22 -delta 4 -wl klsm256mq4 -startNode 0 /specific/disk1/home/mad/Galois-PQ/inputs/road/USA-road-d.USA.gr
INFO: Hostname rack-castor
Read 23947347 nodes
Running Asynchronous with CAS version
INFO: Using delta-step of 1
WARNING: Performance varies considerably due to delta parameter.
WARNING: Do not expect the default to be good for your graph.
Node 1 has distance 2025
STATTYPE,LOOP,CATEGORY,n,sum,T0,T1,T2,T3,T4,T5,T6,T7,T8,T9,T10,T11,T12,T13,T14,T15,T16,T17,T18,T19,T20,T21
STAT,(NULL),BadWork,22,12535523454,552472122,564370235,593255825,561648275,599819808,554937086,636964555,606616349,534373660,572633048,618147091,555417053,536770547,546636484,532337999,544767705,601462899,506608935,568632737,552094700,605294488,590261853
STAT,(NULL),BarrierTime,22,4616713,456984,380955,323360,313232,275318,313553,280080,208516,208508,172064,187087,218823,217464,230457,216076,122700,105294,133080,108693,83011,30512,30946
STAT,(NULL),ConflictTime,22,0,0,0,0,0,0,0,0,0,0,0,0,0,0,0,0,0,0,0,0,0,0,0
STAT,(NULL),Conflicts,22,0,0,0,0,0,0,0,0,0,0,0,0,0,0,0,0,0,0,0,0,0,0,0
STAT,(NULL),EmptyPopTime,22,187535164,8558291,7864487,8346100,7792913,7931494,8306505,8392918,8731862,9142841,8199259,8352575,8276173,8778499,8612707,9330372,8636851,8441213,8947672,8541941,8863036,8457457,9029998
STAT,(NULL),EmptyWork,22,984134216,43971710,45851452,44932075,46175948,46090196,46627180,43282010,44143449,45457620,42534750,42907904,45914299,45038550,45717541,44728812,45714118,44060263,44430035,44011652,45211788,44023826,43309038
STAT,(NULL),GaloisTime,22,39057508819,1762359609,1734444463,1761794795,1742162916,1737950088,1731953294,1796108430,1776277241,1821556140,1801536205,1797998520,1771866436,1789991366,1764478517,1775926184,1770581201,1758853094,1791417561,1789241226,1789058595,1783849112,1808103826
STAT,(NULL),InitPushTime,22,890058,31664,11656,91152,36887,36323,35989,50253,40448,39160,39172,34997,39788,38108,34144,39028,39072,34790,33440,33419,36516,51646,62406
STAT,(NULL),Iterations,22,31609985,1425114,1640823,1502617,1643794,1645234,1644448,1331485,1422778,1400308,1289547,1343682,1491910,1380330,1472338,1368703,1360762,1474024,1341023,1360964,1393531,1417917,1258653
STAT,(NULL),LoopTime,22,11950975016,11950975016,0,0,0,0,0,0,0,0,0,0,0,0,0,0,0,0,0,0,0,0,0
STAT,(NULL),MeminfoPost,22,2222,101,101,101,101,101,101,101,101,101,101,101,101,101,101,101,101,101,101,101,101,101,101
STAT,(NULL),MeminfoPre,22,2222,101,101,101,101,101,101,101,101,101,101,101,101,101,101,101,101,101,101,101,101,101,101
STAT,(NULL),NumaPost,22,12966,11679,244,659,384,0,0,0,0,0,0,0,0,0,0,0,0,0,0,0,0,0,0
STAT,(NULL),PopTime,22,60082144715,2713176436,2717172345,2725841929,2707709778,2715479605,2707367828,2744963034,2737306432,2712054290,2740954198,2739600081,2722475178,2734039211,2718541671,2748273761,2744458897,2733523838,2745440714,2737507654,2734768359,2738771071,2762718405
STAT,(NULL),PushTime,22,70729447408,3268084983,3255109475,3225607697,3261029478,3253454463,3266181261,3183891524,3204825205,3200401452,3191248145,3187101351,3226856843,3201467371,3233110145,3200255570,3206485169,3227563396,3184384030,3202759432,3199997041,3200768529,3148864848
STAT,(NULL),RusageSys,22,0,0,0,0,0,0,0,0,0,0,0,0,0,0,0,0,0,0,0,0,0,0,0
STAT,(NULL),RusageUser,22,113672000,113672000,0,0,0,0,0,0,0,0,0,0,0,0,0,0,0,0,0,0,0,0,0
STAT,(NULL),Threads,22,22,22,0,0,0,0,0,0,0,0,0,0,0,0,0,0,0,0,0,0,0,0,0
STAT,(NULL),Time,22,11965587410,11965587410,0,0,0,0,0,0,0,0,0,0,0,0,0,0,0,0,0,0,0,0,0
STAT,(NULL),TotalTime,22,20721252238,20721252238,0,0,0,0,0,0,0,0,0,0,0,0,0,0,0,0,0,0,0,0,0
STAT,(NULL),UserTime,22,78738199628,3557437303,3593146818,3587068961,3588719655,3592684469,3593152390,3576949909,3582304827,3564976937,3569116895,3577628819,3578199550,3574274183,3583130199,3575076237,3577712870,3581151617,3578969027,3571527447,3575690010,3577720690,3581560815
STAT,(NULL),Work,22,249780807213,11353678728,11353666839,11353682968,11353666465,11353666441,11353667129,11353665289,11353668456,11353670712,11353670256,11353668901,11353666871,11353668656,11353666441,11353669556,11353670914,11353692521,11353669965,11353693623,11353678388,11353691232,11353666862
STAT,(NULL),nBad,22,12824123,554355,589478,620557,589408,621158,581532,640765,619787,554817,578464,622199,574670,545359,561188,541868,551717,612269,519361,575060,562345,619311,588455
STAT,(NULL),nEmpty,22,2698643,119971,141893,128394,143593,143674,145491,111272,119246,123319,105664,111342,127136,118443,128218,117194,116234,123047,114544,114765,121060,119353,104790
STAT,(NULL),nEmptyPop,22,110762,5064,5354,5129,5265,5326,5445,4719,5197,5153,4624,4780,5106,4971,5188,5084,4966,5060,4997,4737,4990,4919,4688
STAT,(NULL),nOverall,22,71157464,3205758,3691614,3382543,3696566,3703351,3703281,2998204,3202611,3152998,2905413,3032476,3351840,3103968,3315245,3085057,3066393,3316682,3018840,3062744,3139388,3190080,2832412
STAT,(NULL),nPop,22,31609985,1425114,1640823,1502617,1643794,1645234,1644448,1331485,1422778,1400308,1289547,1343682,1491910,1380330,1472338,1368703,1360762,1474024,1341023,1360964,1393531,1417917,1258653
STAT,(NULL),nPush,22,31609982,1424620,1644460,1503288,1647173,1647651,1647065,1331733,1421874,1400914,1289768,1343683,1491320,1379225,1472802,1367047,1360012,1475622,1339433,1358954,1393298,1416039,1254001
STAT,(NULL),nPushInit,22,3,1,1,1,0,0,0,0,0,0,0,0,0,0,0,0,0,0,0,0,0,0,0
==== BENCHMARK TOOK 10.111
==== BENCHMARK START ===
==== PARAMS kernel=4.9.5-64-net1 malloc=libc hostname=rack-castor threads=22 delta=4 prog=sssp-klsm256mq4  ===
ERROR: ld.so: object '/specific/disk1/home/adamx/malloc/lib64/libjemalloc.so' from LD_PRELOAD cannot be preloaded (cannot open shared object file): ignored.
Galois Benchmark Suite v2.2.1 (r0)
Copyright (C) 2014 The University of Texas at Austin
http://iss.ices.utexas.edu/galois/

application: Single Source Shortest Path
Computes the shortest path from a source node to all nodes in a directed graph using a modified chaotic iteration algorithm
http://iss.ices.utexas.edu/?p=projects/galois/benchmarks/single_source_shortest_path

INFO: CommandLine ./build/debug/apps/sssp/sssp -noverify -t 22 -delta 4 -wl klsm256mq4 -startNode 0 /specific/disk1/home/mad/Galois-PQ/inputs/road/USA-road-d.USA.gr
INFO: Hostname rack-castor
Read 23947347 nodes
Running Asynchronous with CAS version
INFO: Using delta-step of 1
WARNING: Performance varies considerably due to delta parameter.
WARNING: Do not expect the default to be good for your graph.
Node 1 has distance 2025
STATTYPE,LOOP,CATEGORY,n,sum,T0,T1,T2,T3,T4,T5,T6,T7,T8,T9,T10,T11,T12,T13,T14,T15,T16,T17,T18,T19,T20,T21
STAT,(NULL),BadWork,22,12187164373,667724736,573442587,591551787,563690958,568736621,539405042,549144902,577892810,564033162,537326959,544790206,536457397,554239807,536938245,620459435,529630367,552648144,515134891,502784823,563814406,530192017,467125071
STAT,(NULL),BarrierTime,22,3554683,489716,333954,286656,280137,260714,260386,211591,158794,172016,105710,82748,137269,169233,125841,139962,77745,82563,13308,75172,24577,33190,33401
STAT,(NULL),ConflictTime,22,0,0,0,0,0,0,0,0,0,0,0,0,0,0,0,0,0,0,0,0,0,0,0
STAT,(NULL),Conflicts,22,0,0,0,0,0,0,0,0,0,0,0,0,0,0,0,0,0,0,0,0,0,0,0
STAT,(NULL),EmptyPopTime,22,189510023,7893555,7996315,8430369,7914859,8023122,8521136,8853583,8502400,8097096,9359857,8987189,8669690,8782085,8636346,8256662,9227319,9232916,8633263,8880788,8310132,8993739,9307602
STAT,(NULL),EmptyWork,22,983520549,43693698,47215328,45142306,45375549,45235800,45631069,45253335,43694835,44830055,43763484,43485367,44081307,45031444,44164657,44107114,44444453,44987154,44256425,44611842,44088784,46566740,43859803
STAT,(NULL),GaloisTime,22,38768456828,1762004171,1721118756,1769476770,1724160725,1726058646,1725595517,1769051155,1773106514,1773020976,1780606288,1782741279,1771767924,1767225128,1770054051,1761972690,1756114742,1778045651,1775564634,1778215086,1781478591,1761924370,1759153164
STAT,(NULL),InitPushTime,22,925761,31112,11788,91105,36969,36981,36017,42216,41032,35385,61558,65296,50282,38272,34757,35431,35425,34705,62465,36832,36444,37788,33901
STAT,(NULL),Iterations,22,31581880,1398080,1630905,1455180,1634368,1633157,1634460,1360771,1385088,1398217,1328502,1343011,1380285,1458001,1404930,1426319,1420555,1346583,1375484,1378711,1379269,1425941,1384063
STAT,(NULL),LoopTime,22,11810214620,11810214620,0,0,0,0,0,0,0,0,0,0,0,0,0,0,0,0,0,0,0,0,0
STAT,(NULL),MeminfoPost,22,2222,101,101,101,101,101,101,101,101,101,101,101,101,101,101,101,101,101,101,101,101,101,101
STAT,(NULL),MeminfoPre,22,2222,101,101,101,101,101,101,101,101,101,101,101,101,101,101,101,101,101,101,101,101,101,101
STAT,(NULL),NumaPost,22,12954,11681,461,644,168,0,0,0,0,0,0,0,0,0,0,0,0,0,0,0,0,0,0
STAT,(NULL),PopTime,22,59084121675,2673708278,2673015828,2680541297,2668031434,2670123941,2666227284,2695003258,2692178005,2685528229,2696526971,2697220045,2695159579,2681029952,2683385290,2682826621,2692498227,2694251603,2681824033,2691848542,2688181957,2701307729,2693703572
STAT,(NULL),PushTime,22,70660262861,3256983092,3252736309,3203988126,3256726327,3247780390,3258449900,3205909336,3185374499,3201529023,3193099042,3189099530,3206321116,3196237860,3207076555,3211076154,3205227132,3191177607,3206408269,3189351816,3189644664,3192862047,3213204067
STAT,(NULL),RusageSys,22,0,0,0,0,0,0,0,0,0,0,0,0,0,0,0,0,0,0,0,0,0,0,0
STAT,(NULL),RusageUser,22,112880000,112880000,0,0,0,0,0,0,0,0,0,0,0,0,0,0,0,0,0,0,0,0,0
STAT,(NULL),Threads,22,22,22,0,0,0,0,0,0,0,0,0,0,0,0,0,0,0,0,0,0,0,0,0
STAT,(NULL),Time,22,11824825580,11824825580,0,0,0,0,0,0,0,0,0,0,0,0,0,0,0,0,0,0,0,0,0
STAT,(NULL),TotalTime,22,20396719996,20396719996,0,0,0,0,0,0,0,0,0,0,0,0,0,0,0,0,0,0,0,0,0
STAT,(NULL),UserTime,22,78356658443,3530376238,3572578612,3567081998,3572453134,3577440266,3570235845,3550588131,3571803993,3561654047,3551302652,3553122560,3548661879,3576353307,3561345464,3566420797,3567149214,3556965360,3557972584,3561754798,3562958524,3563005315,3555433725
STAT,(NULL),Work,22,248044391686,11274753600,11274740622,11274741650,11274742035,11274741653,11274741750,11274740471,11274740131,11274740513,11274743660,11274737495,11274747747,11274740690,11274757350,11274740967,11274748747,11274743075,11274746538,11274744740,11274758579,11274746852,11274752821
STAT,(NULL),nBad,22,12767555,691753,607867,624113,603317,599370,570286,575805,607320,589862,552420,569353,567118,579223,565705,652240,556363,573538,537318,520724,585708,553669,484483
STAT,(NULL),nEmpty,22,2701418,117964,142221,126311,141456,140898,141416,114438,116228,121432,112140,113464,116585,127498,118684,119753,119877,116762,118165,118504,117757,124056,115809
STAT,(NULL),nEmptyPop,22,111138,4582,5314,5064,5228,5286,5481,5114,4911,4783,4930,5006,4889,5182,5016,4906,5237,5076,4876,5004,4713,5204,5336
STAT,(NULL),nOverall,22,71100896,3149264,3671299,3269934,3680941,3680260,3669707,3069675,3119783,3150261,2992576,3025661,3105091,3281104,3162598,3210442,3200408,3038008,3097772,3102422,3106700,3205824,3111166
STAT,(NULL),nPop,22,31581880,1398080,1630905,1455180,1634368,1633157,1634460,1360771,1385088,1398217,1328502,1343011,1380285,1458001,1404930,1426319,1420555,1346583,1375484,1378711,1379269,1425941,1384063
STAT,(NULL),nPush,22,31581877,1397619,1632957,1454660,1636994,1637430,1636590,1359328,1384695,1398138,1327030,1343436,1377511,1457591,1404114,1427447,1420853,1346082,1374871,1377760,1378827,1425186,1382758
STAT,(NULL),nPushInit,22,3,1,1,1,0,0,0,0,0,0,0,0,0,0,0,0,0,0,0,0,0,0,0
==== BENCHMARK TOOK 9.994
==== BENCHMARK START ===
==== PARAMS kernel=4.9.5-64-net1 malloc=libc hostname=rack-castor threads=22 delta=4 prog=sssp-klsm256mq4  ===
ERROR: ld.so: object '/specific/disk1/home/adamx/malloc/lib64/libjemalloc.so' from LD_PRELOAD cannot be preloaded (cannot open shared object file): ignored.
Galois Benchmark Suite v2.2.1 (r0)
Copyright (C) 2014 The University of Texas at Austin
http://iss.ices.utexas.edu/galois/

application: Single Source Shortest Path
Computes the shortest path from a source node to all nodes in a directed graph using a modified chaotic iteration algorithm
http://iss.ices.utexas.edu/?p=projects/galois/benchmarks/single_source_shortest_path

INFO: CommandLine ./build/debug/apps/sssp/sssp -noverify -t 22 -delta 4 -wl klsm256mq4 -startNode 0 /specific/disk1/home/mad/Galois-PQ/inputs/road/USA-road-d.USA.gr
INFO: Hostname rack-castor
Read 23947347 nodes
Running Asynchronous with CAS version
INFO: Using delta-step of 1
WARNING: Performance varies considerably due to delta parameter.
WARNING: Do not expect the default to be good for your graph.
Node 1 has distance 2025
STATTYPE,LOOP,CATEGORY,n,sum,T0,T1,T2,T3,T4,T5,T6,T7,T8,T9,T10,T11,T12,T13,T14,T15,T16,T17,T18,T19,T20,T21
STAT,(NULL),BadWork,22,12756064874,573836915,567806301,562402434,607600012,513641468,586346199,576283994,508486747,574321584,643255283,578623076,521501306,626813783,625262031,645046295,539633462,605137010,598922159,596186182,545659320,599556613,559742700
STAT,(NULL),BarrierTime,22,2769680,338272,295655,273804,226806,226306,209944,174775,142956,147060,146716,150176,87660,31000,88197,95006,30748,10788,26214,16987,8609,29580,12421
STAT,(NULL),ConflictTime,22,0,0,0,0,0,0,0,0,0,0,0,0,0,0,0,0,0,0,0,0,0,0,0
STAT,(NULL),Conflicts,22,0,0,0,0,0,0,0,0,0,0,0,0,0,0,0,0,0,0,0,0,0,0,0
STAT,(NULL),EmptyPopTime,22,185190139,7790693,7928815,8370802,7804526,8037806,8029358,8152937,10250590,8166894,7758943,8327711,8260413,8154350,7824620,8540800,8788608,9623362,8235126,8859027,9015376,7946503,9322879
STAT,(NULL),EmptyWork,22,985022867,44423418,45870318,43993249,45838518,47455810,45902694,44486153,44592818,45572622,42459540,44031653,44228432,45019012,44778990,44159667,44605966,45967494,45120378,44411725,43574619,42778197,45751594
STAT,(NULL),GaloisTime,22,39111224655,1755944905,1735343579,1796060069,1742192264,1735735414,1747909817,1765829136,1794426878,1784932034,1792455887,1806893690,1789964691,1786758115,1781337803,1786182805,1797926924,1752674436,1769913842,1800990685,1794703112,1806909949,1786138620
STAT,(NULL),InitPushTime,22,951044,66505,11418,102292,37139,36605,36022,50394,40944,39148,39376,38832,38372,88389,38116,35115,38860,35895,36992,32882,36436,37404,33908
STAT,(NULL),Iterations,22,31811823,1486153,1641757,1333575,1650504,1645767,1648377,1482387,1303531,1450921,1359414,1310214,1344982,1421738,1469815,1391323,1488719,1570861,1476536,1361585,1346587,1258473,1368604
STAT,(NULL),LoopTime,22,11833939308,11833939308,0,0,0,0,0,0,0,0,0,0,0,0,0,0,0,0,0,0,0,0,0
STAT,(NULL),MeminfoPost,22,2222,101,101,101,101,101,101,101,101,101,101,101,101,101,101,101,101,101,101,101,101,101,101
STAT,(NULL),MeminfoPre,22,2222,101,101,101,101,101,101,101,101,101,101,101,101,101,101,101,101,101,101,101,101,101,101
STAT,(NULL),NumaPost,22,12980,11680,242,674,384,0,0,0,0,0,0,0,0,0,0,0,0,0,0,0,0,0,0
STAT,(NULL),PopTime,22,59119589797,2674554654,2670866193,2705834085,2674993022,2665283766,2671928251,2684490053,2700974046,2682985845,2692784839,2701045024,2692496778,2685198970,2678772993,2700372898,2678138205,2681977112,2680357541,2686200402,2702908347,2710288171,2697138602
STAT,(NULL),PushTime,22,70925351624,3273956684,3269721022,3189241556,3263053419,3274308088,3264766775,3239680453,3195935731,3216459603,3197681559,3192457396,3210629650,3222111426,3231459083,3203955192,3222678405,3241793869,3234780560,3199721882,3195478265,3177674857,3207806149
STAT,(NULL),RusageSys,22,0,0,0,0,0,0,0,0,0,0,0,0,0,0,0,0,0,0,0,0,0,0,0
STAT,(NULL),RusageUser,22,113404000,113404000,0,0,0,0,0,0,0,0,0,0,0,0,0,0,0,0,0,0,0,0,0
STAT,(NULL),Threads,22,22,22,0,0,0,0,0,0,0,0,0,0,0,0,0,0,0,0,0,0,0,0,0
STAT,(NULL),Time,22,11846533798,11846533798,0,0,0,0,0,0,0,0,0,0,0,0,0,0,0,0,0,0,0,0,0
STAT,(NULL),TotalTime,22,20168683010,20168683010,0,0,0,0,0,0,0,0,0,0,0,0,0,0,0,0,0,0,0,0,0
STAT,(NULL),UserTime,22,78874679796,3570649451,3597591225,3583819903,3593439210,3596499665,3588783617,3584680352,3581139667,3589202544,3594180424,3574564764,3581741682,3580075050,3583147089,3584109378,3575182055,3595285865,3588914201,3587141132,3581643395,3581724723,3581164404
STAT,(NULL),Work,22,249202929444,11327408170,11327399142,11327401064,11327399703,11327399412,11327399930,11327400672,11327402534,11327399361,11327401248,11327402666,11327402882,11327396935,11327399454,11327403880,11327399905,11327425425,11327409349,11327424178,11327425018,11327403460,11327425056
STAT,(NULL),nBad,22,13254003,599231,601206,585288,640920,544100,618335,600543,522128,606502,657215,590035,538713,647886,657467,661464,561359,630766,614885,612351,564602,612914,586093
STAT,(NULL),nEmpty,22,2710458,126727,141711,112431,142931,143921,143177,125530,110681,127247,110924,109700,113342,119422,126809,116741,126950,137131,127512,116378,112309,102995,115889
STAT,(NULL),nEmptyPop,22,108797,4941,5300,4789,5211,5282,5363,4994,4850,4969,4554,4710,4687,4834,4815,4983,5261,5106,5051,4868,4869,4374,4986
STAT,(NULL),nOverall,22,71587344,3341816,3692401,3003045,3709684,3701496,3709984,3333566,2938338,3268865,3061293,2950477,3025711,3194493,3311789,3128852,3348129,3533270,3327872,3066333,3021679,2836850,3081401
STAT,(NULL),nPop,22,31811823,1486153,1641757,1333575,1650504,1645767,1648377,1482387,1303531,1450921,1359414,1310214,1344982,1421738,1469815,1391323,1488719,1570861,1476536,1361585,1346587,1258473,1368604
STAT,(NULL),nPush,22,31811820,1486185,1644905,1331430,1652212,1650212,1652011,1482381,1302524,1450062,1359423,1308044,1343120,1421880,1469700,1391701,1490042,1570307,1477578,1360609,1343732,1256925,1366837
STAT,(NULL),nPushInit,22,3,1,1,1,0,0,0,0,0,0,0,0,0,0,0,0,0,0,0,0,0,0,0
==== BENCHMARK TOOK 9.880
==== BENCHMARK START ===
==== PARAMS kernel=4.9.5-64-net1 malloc=libc hostname=rack-castor threads=22 delta=4 prog=sssp-klsm256mq4  ===
ERROR: ld.so: object '/specific/disk1/home/adamx/malloc/lib64/libjemalloc.so' from LD_PRELOAD cannot be preloaded (cannot open shared object file): ignored.
Galois Benchmark Suite v2.2.1 (r0)
Copyright (C) 2014 The University of Texas at Austin
http://iss.ices.utexas.edu/galois/

application: Single Source Shortest Path
Computes the shortest path from a source node to all nodes in a directed graph using a modified chaotic iteration algorithm
http://iss.ices.utexas.edu/?p=projects/galois/benchmarks/single_source_shortest_path

INFO: CommandLine ./build/debug/apps/sssp/sssp -noverify -t 22 -delta 4 -wl klsm256mq4 -startNode 0 /specific/disk1/home/mad/Galois-PQ/inputs/road/USA-road-d.USA.gr
INFO: Hostname rack-castor
Read 23947347 nodes
Running Asynchronous with CAS version
INFO: Using delta-step of 1
WARNING: Performance varies considerably due to delta parameter.
WARNING: Do not expect the default to be good for your graph.
Node 1 has distance 2025
STATTYPE,LOOP,CATEGORY,n,sum,T0,T1,T2,T3,T4,T5,T6,T7,T8,T9,T10,T11,T12,T13,T14,T15,T16,T17,T18,T19,T20,T21
STAT,(NULL),BadWork,22,11911953856,551039205,580664284,499666048,574824770,523842967,548594601,533056789,529623767,500408839,574895674,521395225,507521472,582655870,602487679,509501528,519543171,541988428,546850807,551369006,571409395,467735366,572878965
STAT,(NULL),BarrierTime,22,3289930,391396,325587,286197,249340,248496,250142,228486,153214,175951,151177,171381,95576,95263,101146,136676,19922,28565,72722,62379,25876,10499,9939
STAT,(NULL),ConflictTime,22,0,0,0,0,0,0,0,0,0,0,0,0,0,0,0,0,0,0,0,0,0,0,0
STAT,(NULL),Conflicts,22,0,0,0,0,0,0,0,0,0,0,0,0,0,0,0,0,0,0,0,0,0,0,0
STAT,(NULL),EmptyPopTime,22,186250598,8264335,7929292,8871853,8105357,8117036,7788516,8465956,8858139,8221925,7991971,8525702,8717673,8299534,8063424,8601154,9394873,8897199,8761092,8404520,8338523,9298562,8333962
STAT,(NULL),EmptyWork,22,953043726,42791934,44161967,42360898,44094521,43565276,44569108,46020890,45357169,42072632,42636669,41972279,43502648,43406456,41919168,43304336,43867551,43841533,43265253,42866984,41660611,43983395,41822448
STAT,(NULL),GaloisTime,22,37429042118,1690211553,1668654546,1709793348,1673708062,1674317794,1672581623,1697675039,1714971649,1703256784,1710950536,1724348625,1703749256,1726946971,1728571757,1703148066,1699684514,1684145064,1709113230,1699016330,1711857537,1702668890,1719670944
STAT,(NULL),InitPushTime,22,1087129,63078,11000,88661,38932,37111,37494,45672,45376,35345,46432,38724,64189,64050,55472,38932,60450,55868,36996,41396,57130,62575,62246
STAT,(NULL),Iterations,22,31664828,1451311,1581644,1351153,1583840,1583254,1586927,1427867,1378778,1423472,1420506,1357381,1435436,1336105,1351345,1461937,1433604,1496035,1430427,1443839,1384167,1403892,1341908
STAT,(NULL),LoopTime,22,11432803290,11432803290,0,0,0,0,0,0,0,0,0,0,0,0,0,0,0,0,0,0,0,0,0
STAT,(NULL),MeminfoPost,22,2222,101,101,101,101,101,101,101,101,101,101,101,101,101,101,101,101,101,101,101,101,101,101
STAT,(NULL),MeminfoPre,22,2222,101,101,101,101,101,101,101,101,101,101,101,101,101,101,101,101,101,101,101,101,101,101
STAT,(NULL),NumaPost,22,12971,11677,249,661,384,0,0,0,0,0,0,0,0,0,0,0,0,0,0,0,0,0,0
STAT,(NULL),PopTime,22,57483141087,2589838428,2611787560,2629778797,2601764104,2600060539,2607108135,2611278202,2618918128,2608622936,2614763821,2615579033,2602008091,2628665925,2623517558,2603995252,2620572859,2606747391,2617820956,2612571408,2618952380,2611431826,2627357758
STAT,(NULL),PushTime,22,68753763656,3185817625,3156151745,3108077636,3160718009,3164449256,3157902524,3127481750,3110419883,3129022994,3113584708,3103731714,3129668286,3083335390,3093397709,3132650855,3103608376,3131727240,3106346749,3127707384,3110526696,3132144357,3085292770
STAT,(NULL),RusageSys,22,0,0,0,0,0,0,0,0,0,0,0,0,0,0,0,0,0,0,0,0,0,0,0
STAT,(NULL),RusageUser,22,109572000,109572000,0,0,0,0,0,0,0,0,0,0,0,0,0,0,0,0,0,0,0,0,0
STAT,(NULL),Threads,22,22,22,0,0,0,0,0,0,0,0,0,0,0,0,0,0,0,0,0,0,0,0,0
STAT,(NULL),Time,22,11445320066,11445320066,0,0,0,0,0,0,0,0,0,0,0,0,0,0,0,0,0,0,0,0,0
STAT,(NULL),TotalTime,22,19796966486,19796966486,0,0,0,0,0,0,0,0,0,0,0,0,0,0,0,0,0,0,0,0,0
STAT,(NULL),UserTime,22,75966877492,3427264486,3455502668,3445306084,3455797431,3453677713,3454239213,3453265355,3445661372,3452990562,3454258723,3450030950,3456538905,3453532340,3448717448,3452489860,3467057422,3468826963,3458881717,3453620061,3452849771,3444660159,3461708289
STAT,(NULL),Work,22,240773949095,10944275311,10944271588,10944272139,10944271275,10944271284,10944271512,10944270250,10944269942,10944271243,10944269749,10944270367,10944268604,10944269391,10944269327,10944271599,10944268548,10944269649,10944270793,10944270143,10944269108,10944268931,10944268342
STAT,(NULL),nBad,22,12940993,605721,638812,540711,627685,578122,602254,580384,573242,548133,622905,566380,556112,619099,647655,555067,568787,591029,599829,596435,608312,515474,598845
STAT,(NULL),nEmpty,22,2705932,123090,137192,112462,137354,135756,134737,123589,118154,117921,121489,114067,124802,112140,113944,126112,124861,129450,124098,123981,115342,122687,112704
STAT,(NULL),nEmptyPop,22,113533,5143,5397,5149,5397,5428,5258,5202,5126,4995,4916,4976,5207,4716,4711,5290,5488,5461,5237,5142,4929,5462,4903
STAT,(NULL),nOverall,22,71274334,3267009,3557570,3039713,3569300,3561818,3569574,3217465,3101303,3199193,3198158,3055756,3236539,3005172,3043190,3293253,3228213,3369514,3222154,3247211,3117228,3160291,3014710
STAT,(NULL),nPop,22,31664828,1451311,1581644,1351153,1583840,1583254,1586927,1427867,1378778,1423472,1420506,1357381,1435436,1336105,1351345,1461937,1433604,1496035,1430427,1443839,1384167,1403892,1341908
STAT,(NULL),nPush,22,31664825,1452236,1582593,1349110,1585720,1585272,1588582,1428270,1378112,1421577,1419071,1357016,1438148,1334389,1350762,1464279,1433258,1497876,1429336,1441837,1383522,1403677,1340182
STAT,(NULL),nPushInit,22,3,1,1,1,0,0,0,0,0,0,0,0,0,0,0,0,0,0,0,0,0,0,0
==== BENCHMARK TOOK 9.688
==== BENCHMARK START ===
==== PARAMS kernel=4.9.5-64-net1 malloc=libc hostname=rack-castor threads=22 delta=4 prog=sssp-klsm256mq4  ===
ERROR: ld.so: object '/specific/disk1/home/adamx/malloc/lib64/libjemalloc.so' from LD_PRELOAD cannot be preloaded (cannot open shared object file): ignored.
Galois Benchmark Suite v2.2.1 (r0)
Copyright (C) 2014 The University of Texas at Austin
http://iss.ices.utexas.edu/galois/

application: Single Source Shortest Path
Computes the shortest path from a source node to all nodes in a directed graph using a modified chaotic iteration algorithm
http://iss.ices.utexas.edu/?p=projects/galois/benchmarks/single_source_shortest_path

INFO: CommandLine ./build/debug/apps/sssp/sssp -noverify -t 22 -delta 4 -wl klsm256mq4 -startNode 0 /specific/disk1/home/mad/Galois-PQ/inputs/road/USA-road-d.USA.gr
INFO: Hostname rack-castor
Read 23947347 nodes
Running Asynchronous with CAS version
INFO: Using delta-step of 1
WARNING: Performance varies considerably due to delta parameter.
WARNING: Do not expect the default to be good for your graph.
Node 1 has distance 2025
STATTYPE,LOOP,CATEGORY,n,sum,T0,T1,T2,T3,T4,T5,T6,T7,T8,T9,T10,T11,T12,T13,T14,T15,T16,T17,T18,T19,T20,T21
STAT,(NULL),BadWork,22,12403321538,596423950,546517791,590797238,593027993,568798238,570923084,668286104,518883801,589192268,531616107,568777923,557273852,585145823,574674518,503693471,528967794,586322521,508160536,606184773,541144227,542311625,526197901
STAT,(NULL),BarrierTime,22,3604517,442168,348234,267370,281102,260678,263879,213112,124980,203620,59092,152952,156248,134750,164160,163694,81040,76571,69600,19218,38424,42279,41346
STAT,(NULL),ConflictTime,22,0,0,0,0,0,0,0,0,0,0,0,0,0,0,0,0,0,0,0,0,0,0,0
STAT,(NULL),Conflicts,22,0,0,0,0,0,0,0,0,0,0,0,0,0,0,0,0,0,0,0,0,0,0,0
STAT,(NULL),EmptyPopTime,22,199610115,8317510,8696745,10152376,8424181,8664558,8424464,8504038,9576757,8862513,8984685,8523803,8898608,9118591,9067181,8951139,10883842,9534660,8800399,9566879,8588503,9424684,9643999
STAT,(NULL),EmptyWork,22,978343832,43889629,46054303,43659765,45647143,47568352,46112023,42025054,46603103,43318813,43120927,43723331,44425617,45244933,42584790,44327019,45510328,44125545,43613732,44196227,43996856,44249614,44346728
STAT,(NULL),GaloisTime,22,38989492609,1755133922,1730198203,1787732832,1734679702,1735142895,1731000982,1798979880,1776998104,1793479510,1791103040,1791040776,1771070761,1786497511,1793229048,1771933102,1762090665,1784614836,1788257231,1791445716,1782958068,1768501641,1763404184
STAT,(NULL),InitPushTime,22,1012194,65619,11510,137524,37224,36435,36071,56242,67400,39120,65919,38800,38164,38208,34187,35291,35397,38632,33477,62025,36804,34062,34083
STAT,(NULL),Iterations,22,31564114,1458964,1638815,1342157,1642608,1642864,1641443,1328065,1433641,1349084,1325961,1368493,1462076,1403896,1329636,1405940,1456389,1368566,1358317,1367152,1379732,1419989,1440326
STAT,(NULL),LoopTime,22,11831259873,11831259873,0,0,0,0,0,0,0,0,0,0,0,0,0,0,0,0,0,0,0,0,0
STAT,(NULL),MeminfoPost,22,2222,101,101,101,101,101,101,101,101,101,101,101,101,101,101,101,101,101,101,101,101,101,101
STAT,(NULL),MeminfoPre,22,2222,101,101,101,101,101,101,101,101,101,101,101,101,101,101,101,101,101,101,101,101,101,101
STAT,(NULL),NumaPost,22,12957,11681,247,861,168,0,0,0,0,0,0,0,0,0,0,0,0,0,0,0,0,0,0
STAT,(NULL),PopTime,22,59596604085,2698490160,2690941065,2716405468,2686936449,2688887707,2687905024,2721602201,2710631131,2721993442,2728084781,2717015816,2693699922,2712104930,2717905762,2710382287,2704690519,2718685066,2715935403,2714141622,2710336139,2712075994,2717753197
STAT,(NULL),PushTime,22,70962160837,3269397964,3270964561,3210252718,3283315758,3269957373,3274244383,3190864313,3215396751,3212606052,3189351886,3199816076,3243321132,3209963047,3205711071,3214408014,3226965649,3210263417,3193900063,3202808792,3217465493,3221835267,3229351057
STAT,(NULL),RusageSys,22,0,0,0,0,0,0,0,0,0,0,0,0,0,0,0,0,0,0,0,0,0,0,0
STAT,(NULL),RusageUser,22,113544000,113544000,0,0,0,0,0,0,0,0,0,0,0,0,0,0,0,0,0,0,0,0,0
STAT,(NULL),Threads,22,22,22,0,0,0,0,0,0,0,0,0,0,0,0,0,0,0,0,0,0,0,0,0
STAT,(NULL),Time,22,11843778131,11843778131,0,0,0,0,0,0,0,0,0,0,0,0,0,0,0,0,0,0,0,0,0
STAT,(NULL),TotalTime,22,20748259194,20748259194,0,0,0,0,0,0,0,0,0,0,0,0,0,0,0,0,0,0,0,0,0
STAT,(NULL),UserTime,22,78784668292,3566173771,3594549957,3573198178,3582400034,3591181424,3593716173,3579427016,3582194646,3561142500,3580758183,3581283896,3579987616,3578475860,3572906293,3591401699,3591263745,3574180915,3590900152,3579243527,3578060179,3585316706,3576905822
STAT,(NULL),Work,22,249512841888,11341496248,11341485742,11341489063,11341484914,11341484324,11341485193,11341486394,11341495916,11341488826,11341511383,11341487382,11341484725,11341506636,11341489197,11341489721,11341499146,11341497678,11341513087,11341499016,11341487438,11341489962,11341489897
STAT,(NULL),nBad,22,12719290,606013,561589,600811,609576,598255,593359,658675,541773,602249,546425,582590,572519,611017,575798,518580,556114,604495,523245,612614,542802,560424,540367
STAT,(NULL),nEmpty,22,2677024,123547,142395,112127,142229,143701,143297,108621,123170,112569,109471,115220,125179,119518,108290,118332,126105,115194,112561,115562,118445,120071,121420
STAT,(NULL),nEmptyPop,22,114596,5031,5778,4993,5559,5664,5489,4733,5309,4984,4760,4843,5349,5157,4905,5247,5517,5280,4957,5256,4986,5315,5484
STAT,(NULL),nOverall,22,71052631,3282381,3686121,3024787,3698187,3695970,3696266,2992020,3225091,3037387,2980035,3075528,3294655,3163255,2991137,3163522,3280265,3079899,3056206,3076283,3113876,3197986,3241774
STAT,(NULL),nPop,22,31564114,1458964,1638815,1342157,1642608,1642864,1641443,1328065,1433641,1349084,1325961,1368493,1462076,1403896,1329636,1405940,1456389,1368566,1358317,1367152,1379732,1419989,1440326
STAT,(NULL),nPush,22,31564111,1458291,1642109,1339921,1646189,1645055,1644639,1327606,1432282,1347835,1322898,1366077,1463960,1403587,1328600,1406132,1457131,1367284,1357259,1365385,1380252,1420705,1440914
STAT,(NULL),nPushInit,22,3,1,1,1,0,0,0,0,0,0,0,0,0,0,0,0,0,0,0,0,0,0,0
==== BENCHMARK TOOK 10.187
==== BENCHMARK START ===
==== PARAMS kernel=4.9.5-64-net1 malloc=libc hostname=rack-castor threads=22 delta=4 prog=sssp-klsm256mq4  ===
ERROR: ld.so: object '/specific/disk1/home/adamx/malloc/lib64/libjemalloc.so' from LD_PRELOAD cannot be preloaded (cannot open shared object file): ignored.
Galois Benchmark Suite v2.2.1 (r0)
Copyright (C) 2014 The University of Texas at Austin
http://iss.ices.utexas.edu/galois/

application: Single Source Shortest Path
Computes the shortest path from a source node to all nodes in a directed graph using a modified chaotic iteration algorithm
http://iss.ices.utexas.edu/?p=projects/galois/benchmarks/single_source_shortest_path

INFO: CommandLine ./build/debug/apps/sssp/sssp -noverify -t 22 -delta 4 -wl klsm256mq4 -startNode 0 /specific/disk1/home/mad/Galois-PQ/inputs/road/USA-road-d.USA.gr
INFO: Hostname rack-castor
Read 23947347 nodes
Running Asynchronous with CAS version
INFO: Using delta-step of 1
WARNING: Performance varies considerably due to delta parameter.
WARNING: Do not expect the default to be good for your graph.
Node 1 has distance 2025
STATTYPE,LOOP,CATEGORY,n,sum,T0,T1,T2,T3,T4,T5,T6,T7,T8,T9,T10,T11,T12,T13,T14,T15,T16,T17,T18,T19,T20,T21
STAT,(NULL),BadWork,22,13099106283,654744980,568278821,575070801,616497716,594079216,573224340,629916681,613839197,575055209,615115565,618137322,589948473,574050887,618489225,620260194,532761371,608914951,599445645,607154045,552970305,627310100,533841239
STAT,(NULL),BarrierTime,22,4649880,510672,385604,323262,331038,231255,305655,274430,255928,255300,178349,176184,122098,153255,188684,186988,121823,141196,147104,138936,103154,87388,31577
STAT,(NULL),ConflictTime,22,0,0,0,0,0,0,0,0,0,0,0,0,0,0,0,0,0,0,0,0,0,0,0
STAT,(NULL),Conflicts,22,0,0,0,0,0,0,0,0,0,0,0,0,0,0,0,0,0,0,0,0,0,0,0
STAT,(NULL),EmptyPopTime,22,189306907,8297514,8425407,8816764,7856849,8139091,8221051,8673472,8633668,8661349,9194554,8551802,9053300,9049339,8513697,8214474,8913594,8328435,8482100,8908036,8528585,8753695,9090131
STAT,(NULL),EmptyWork,22,1003409318,44473363,47968534,45203703,46404507,47365152,47153854,45945255,46048088,46175661,44910582,44976195,45314280,45382978,44609892,45183203,46237031,44433663,44599212,44622886,46169450,44799527,45432302
STAT,(NULL),GaloisTime,22,39706904475,1793548022,1756488844,1813032597,1766932695,1761055802,1763975150,1800924905,1801443738,1807354010,1820649907,1823603881,1868024320,1840303246,1814760081,1816519622,1788260498,1814064692,1808745510,1825006274,1798734790,1814601021,1808874870
STAT,(NULL),InitPushTime,22,987648,33300,46867,92026,73619,67525,35798,36851,36377,35078,35315,38660,64386,38188,34008,35115,45872,34996,33473,36924,32760,37840,62670
STAT,(NULL),Iterations,22,31848867,1419878,1665408,1363312,1671855,1670641,1670385,1439359,1426562,1434469,1375169,1356424,1347255,1306071,1425979,1397268,1489814,1368619,1420510,1354015,1472186,1374819,1398869
STAT,(NULL),LoopTime,22,12022069956,12022069956,0,0,0,0,0,0,0,0,0,0,0,0,0,0,0,0,0,0,0,0,0
STAT,(NULL),MeminfoPost,22,2222,101,101,101,101,101,101,101,101,101,101,101,101,101,101,101,101,101,101,101,101,101,101
STAT,(NULL),MeminfoPre,22,2222,101,101,101,101,101,101,101,101,101,101,101,101,101,101,101,101,101,101,101,101,101,101
STAT,(NULL),NumaPost,22,12966,11685,467,646,168,0,0,0,0,0,0,0,0,0,0,0,0,0,0,0,0,0,0
STAT,(NULL),PopTime,22,60608034376,2735217862,2744801293,2759478755,2729162992,2734228307,2729323381,2765360393,2762561386,2758228164,2758882095,2759789181,2745176813,2767659779,2750829685,2773569301,2762437835,2765350006,2761166254,2770244480,2739936574,2763934817,2770695023
STAT,(NULL),PushTime,22,72003518354,3330622618,3313612490,3270758968,3322191398,3312738398,3334027832,3265232806,3266656710,3274625057,3253232351,3254956189,3243421741,3222388232,3272946597,3229180305,3271459472,3263632636,3264582284,3242027340,3288213532,3258913828,3248097570
STAT,(NULL),RusageSys,22,0,0,0,0,0,0,0,0,0,0,0,0,0,0,0,0,0,0,0,0,0,0,0
STAT,(NULL),RusageUser,22,115356000,115356000,0,0,0,0,0,0,0,0,0,0,0,0,0,0,0,0,0,0,0,0,0
STAT,(NULL),Threads,22,22,22,0,0,0,0,0,0,0,0,0,0,0,0,0,0,0,0,0,0,0,0,0
STAT,(NULL),Time,22,12036711160,12036711160,0,0,0,0,0,0,0,0,0,0,0,0,0,0,0,0,0,0,0,0,0
STAT,(NULL),TotalTime,22,20788286402,20788286402,0,0,0,0,0,0,0,0,0,0,0,0,0,0,0,0,0,0,0,0,0
STAT,(NULL),UserTime,22,79975402771,3609956709,3650821403,3624824530,3649569245,3658587150,3639416360,3635979975,3636772723,3627074545,3635247327,3630238754,3611124494,3637336681,3630458927,3649451719,3644806714,3626309837,3634543245,3631306662,3640533488,3631116672,3639925611
STAT,(NULL),Work,22,253488476689,11522210932,11522199847,11522197868,11522200263,11522197560,11522199996,11522225476,11522199819,11522203158,11522203733,11522199614,11522200071,11522224448,11522200647,11522200832,11522199066,11522207217,11522202079,11522201798,11522199807,11522202708,11522199750
STAT,(NULL),nBad,22,13367395,668702,591314,588291,645058,619962,595933,643429,616109,584878,620939,627001,579874,580357,627366,633408,551158,604452,613225,608232,572818,641683,553206
STAT,(NULL),nEmpty,22,2718190,120471,144350,115895,144478,147552,146319,123992,119928,120550,116011,114990,113354,109942,120275,119819,128777,115062,118586,114713,127852,115585,119689
STAT,(NULL),nEmptyPop,22,111521,4883,5618,4976,5220,5380,5460,5010,5119,4913,5203,4823,5048,4831,5044,4799,5324,4846,4876,4893,5124,4997,5134
STAT,(NULL),nOverall,22,71700736,3201940,3746282,3068800,3763332,3759597,3755817,3239722,3208959,3231992,3099492,3056653,3037166,2939094,3211462,3145130,3352210,3082695,3193169,3049820,3313943,3097161,3146300
STAT,(NULL),nPop,22,31848867,1419878,1665408,1363312,1671855,1670641,1670385,1439359,1426562,1434469,1375169,1356424,1347255,1306071,1425979,1397268,1489814,1368619,1420510,1354015,1472186,1374819,1398869
STAT,(NULL),nPush,22,31848864,1419782,1669544,1361189,1677030,1673970,1673448,1437818,1427163,1434781,1374635,1355711,1347963,1302448,1425627,1394875,1488812,1368854,1419683,1352570,1471907,1373355,1397699
STAT,(NULL),nPushInit,22,3,1,1,1,0,0,0,0,0,0,0,0,0,0,0,0,0,0,0,0,0,0,0
==== BENCHMARK TOOK 10.229
==== BENCHMARK START ===
==== PARAMS kernel=4.9.5-64-net1 malloc=libc hostname=rack-castor threads=22 delta=4 prog=sssp-klsm256mq4  ===
ERROR: ld.so: object '/specific/disk1/home/adamx/malloc/lib64/libjemalloc.so' from LD_PRELOAD cannot be preloaded (cannot open shared object file): ignored.
Galois Benchmark Suite v2.2.1 (r0)
Copyright (C) 2014 The University of Texas at Austin
http://iss.ices.utexas.edu/galois/

application: Single Source Shortest Path
Computes the shortest path from a source node to all nodes in a directed graph using a modified chaotic iteration algorithm
http://iss.ices.utexas.edu/?p=projects/galois/benchmarks/single_source_shortest_path

INFO: CommandLine ./build/debug/apps/sssp/sssp -noverify -t 22 -delta 4 -wl klsm256mq4 -startNode 0 /specific/disk1/home/mad/Galois-PQ/inputs/road/USA-road-d.USA.gr
INFO: Hostname rack-castor
Read 23947347 nodes
Running Asynchronous with CAS version
INFO: Using delta-step of 1
WARNING: Performance varies considerably due to delta parameter.
WARNING: Do not expect the default to be good for your graph.
Node 1 has distance 2025
STATTYPE,LOOP,CATEGORY,n,sum,T0,T1,T2,T3,T4,T5,T6,T7,T8,T9,T10,T11,T12,T13,T14,T15,T16,T17,T18,T19,T20,T21
STAT,(NULL),BadWork,22,12918418759,614309793,561779677,615141694,553298126,588721133,582132827,586178307,509127383,529451319,645798803,559220156,590209089,596477379,620413639,564851362,583278906,710454249,591198273,544812094,564319242,546066027,661179281
STAT,(NULL),BarrierTime,22,4536887,515088,404485,308528,297279,295789,278502,276362,215104,184090,182653,179507,185477,183794,185792,182496,127552,136922,101937,74170,99095,89952,32313
STAT,(NULL),ConflictTime,22,0,0,0,0,0,0,0,0,0,0,0,0,0,0,0,0,0,0,0,0,0,0,0
STAT,(NULL),Conflicts,22,0,0,0,0,0,0,0,0,0,0,0,0,0,0,0,0,0,0,0,0,0,0,0
STAT,(NULL),EmptyPopTime,22,185491773,8117962,8215669,7379720,7867044,7968917,7717708,8674624,9144535,8534816,8102310,9749352,8415970,8596208,8067777,8316238,8633373,7804041,9055440,8975660,8566988,9394148,8193273
STAT,(NULL),EmptyWork,22,982411687,43780536,46124281,43446985,46345424,45702375,47398659,45281896,45028043,45468496,44654018,44567034,44732369,45219287,43779127,44107417,43854778,42345916,43636827,45304125,44010580,44729930,42893584
STAT,(NULL),GaloisTime,22,38932379334,1760695695,1733593241,1780134269,1739063718,1735760144,1733918090,1763543385,1775719674,1780001285,1794947756,1778321633,1766188703,1776142377,1776929421,1772695210,1779800228,1793481024,1786414587,1767373813,1767602616,1783387159,1786665306
STAT,(NULL),InitPushTime,22,900235,31752,11141,127707,36841,36626,36311,36829,40572,35782,35932,39292,39824,38424,38260,39112,39328,35036,33740,33236,33394,37956,63140
STAT,(NULL),Iterations,22,31979504,1402052,1635671,1377590,1637710,1643359,1643247,1501005,1399976,1426449,1361740,1411125,1497269,1439250,1449641,1433579,1365348,1346711,1386935,1439550,1496838,1346491,1337968
STAT,(NULL),LoopTime,22,11815301164,11815301164,0,0,0,0,0,0,0,0,0,0,0,0,0,0,0,0,0,0,0,0,0
STAT,(NULL),MeminfoPost,22,2222,101,101,101,101,101,101,101,101,101,101,101,101,101,101,101,101,101,101,101,101,101,101
STAT,(NULL),MeminfoPre,22,2222,101,101,101,101,101,101,101,101,101,101,101,101,101,101,101,101,101,101,101,101,101,101
STAT,(NULL),NumaPost,22,12962,11672,253,653,384,0,0,0,0,0,0,0,0,0,0,0,0,0,0,0,0,0,0
STAT,(NULL),PopTime,22,59232430897,2680521407,2675256364,2699610197,2667053323,2670831964,2679746480,2684859982,2705108310,2686690555,2704531610,2684095238,2682308035,2686709618,2686995470,2705462276,2710908351,2713432933,2697144486,2703116544,2690116536,2708789531,2709141687
STAT,(NULL),PushTime,22,70938617250,3274276605,3270801608,3218766523,3272217161,3265101781,3271722352,3233705234,3201827082,3213838277,3186417835,3227484578,3239255780,3227695333,3225716528,3205153297,3201011062,3176278418,3200940919,3211796264,3222512207,3193332326,3198766080
STAT,(NULL),RusageSys,22,0,0,0,0,0,0,0,0,0,0,0,0,0,0,0,0,0,0,0,0,0,0,0
STAT,(NULL),RusageUser,22,113272000,113272000,0,0,0,0,0,0,0,0,0,0,0,0,0,0,0,0,0,0,0,0,0
STAT,(NULL),Threads,22,22,22,0,0,0,0,0,0,0,0,0,0,0,0,0,0,0,0,0,0,0,0,0
STAT,(NULL),Time,22,11829849488,11829849488,0,0,0,0,0,0,0,0,0,0,0,0,0,0,0,0,0,0,0,0,0
STAT,(NULL),TotalTime,22,21088198500,21088198500,0,0,0,0,0,0,0,0,0,0,0,0,0,0,0,0,0,0,0,0,0
STAT,(NULL),UserTime,22,78637663887,3546652139,3580054998,3564706862,3581498529,3588681278,3573542444,3577981768,3577218086,3579511418,3575392742,3569827510,3573143010,3569682871,3572556432,3578310146,3569836126,3580702020,3576853113,3577480755,3581236843,3574411256,3568383541
STAT,(NULL),Work,22,248910766251,11314135276,11314122579,11314124092,11314123920,11314124348,11314123101,11314125225,11314123838,11314123071,11314127235,11314122092,11314122456,11314122327,11314122407,11314124980,11314124902,11314123600,11314125515,11314150826,11314128524,11314125614,11314120323
STAT,(NULL),nBad,22,13711499,654279,604498,644664,590316,630797,631527,619866,540410,562477,681033,597377,628309,632706,659311,599416,609722,735423,626739,575398,607144,575857,704230
STAT,(NULL),nEmpty,22,2725026,118029,143150,114926,144316,142479,143806,129762,119966,124122,114646,120871,128151,125546,121731,120956,114138,110514,114848,120897,126235,115159,110778
STAT,(NULL),nEmptyPop,22,109945,4771,5479,4520,5273,5255,5148,5239,5160,5001,4690,4893,5120,5071,4884,4963,4856,4608,5024,5023,5122,5161,4684
STAT,(NULL),nOverall,22,72044840,3166956,3685364,3106133,3689903,3701313,3703303,3377450,3151740,3205896,3070193,3180549,3373749,3238351,3267222,3227809,3074860,3038410,3119833,3243092,3373651,3033977,3015086
STAT,(NULL),nPop,22,31979504,1402052,1635671,1377590,1637710,1643359,1643247,1501005,1399976,1426449,1361740,1411125,1497269,1439250,1449641,1433579,1365348,1346711,1386935,1439550,1496838,1346491,1337968
STAT,(NULL),nPush,22,31979501,1401437,1639143,1379036,1641359,1646488,1645311,1500188,1399461,1424604,1360663,1410965,1498321,1438890,1447911,1432650,1364235,1344848,1385990,1438332,1498049,1344998,1336622
STAT,(NULL),nPushInit,22,3,1,1,1,0,0,0,0,0,0,0,0,0,0,0,0,0,0,0,0,0,0,0
==== BENCHMARK TOOK 10.364
