==== BENCHMARK START ===
==== PARAMS kernel=4.9.5-64-net1 malloc=libc hostname=rack-mad-04 threads=44 delta=4 prog=sssp-klsm4096mq4  ===
ERROR: ld.so: object '/specific/disk1/home/adamx/malloc/lib64/libjemalloc.so' from LD_PRELOAD cannot be preloaded (cannot open shared object file): ignored.
Galois Benchmark Suite v2.2.1 (r0)
Copyright (C) 2014 The University of Texas at Austin
http://iss.ices.utexas.edu/galois/

application: Single Source Shortest Path
Computes the shortest path from a source node to all nodes in a directed graph using a modified chaotic iteration algorithm
http://iss.ices.utexas.edu/?p=projects/galois/benchmarks/single_source_shortest_path

INFO: CommandLine ./build/debug/apps/sssp/sssp -noverify -t 44 -delta 4 -wl klsm4096mq4 -startNode 0 /specific/disk1/home/mad/Galois-PQ/inputs/scalefree/rmat16p-2e24.gr
INFO: Hostname rack-mad-04
Read 16777216 nodes
Running Asynchronous with CAS version
INFO: Using delta-step of 1
WARNING: Performance varies considerably due to delta parameter.
WARNING: Do not expect the default to be good for your graph.
Node 1 has distance 2
STATTYPE,LOOP,CATEGORY,n,sum,T0,T1,T2,T3,T4,T5,T6,T7,T8,T9,T10,T11,T12,T13,T14,T15,T16,T17,T18,T19,T20,T21,T22,T23,T24,T25,T26,T27,T28,T29,T30,T31,T32,T33,T34,T35,T36,T37,T38,T39,T40,T41,T42,T43
STAT,(NULL),BadWork,44,48868026,1021662,652574,1645417,1412654,1059990,641476,352770,1289956,1199647,1092864,802455,1658152,596099,1453495,849483,1420239,442478,1343890,660164,498882,1009398,586352,3519609,1446129,1292479,757884,1216376,1012166,734069,1090450,1047056,1681974,748917,526064,1584134,731507,2639202,1378010,822470,1149079,1636230,889859,456243,818022
STAT,(NULL),BarrierTime,44,10462445,1265836,525633,512554,512886,510327,439766,485587,422278,389188,400898,409807,343084,401475,366447,387810,317079,269335,319458,286370,314318,333477,262535,34238,58335,58999,59027,59115,34013,58912,55500,33988,39269,48713,40632,36050,23415,44953,30120,43420,58354,48889,23326,47332,49697
STAT,(NULL),ConflictTime,44,0,0,0,0,0,0,0,0,0,0,0,0,0,0,0,0,0,0,0,0,0,0,0,0,0,0,0,0,0,0,0,0,0,0,0,0,0,0,0,0,0,0,0,0,0
STAT,(NULL),Conflicts,44,0,0,0,0,0,0,0,0,0,0,0,0,0,0,0,0,0,0,0,0,0,0,0,0,0,0,0,0,0,0,0,0,0,0,0,0,0,0,0,0,0,0,0,0,0
STAT,(NULL),EmptyPopTime,44,963607447,24836968,23175734,23130014,23308688,22714457,22834481,22982478,23308469,23534890,22996467,23272489,23352593,23301550,23825217,23355258,23962926,23506153,24576644,23443506,23349153,23106223,23311105,20125550,20264167,20632645,20195102,20245860,20160875,20262783,20751473,20181317,20098114,20038378,20376503,20418564,21409533,20673074,20485404,20151487,20120420,20405499,20273717,20119757,21031762
STAT,(NULL),EmptyWork,44,7012565689,165951024,160235099,155943228,159072184,158332272,158955796,154441708,158229731,157975100,154875340,162839521,160036077,161864378,154466371,159477107,156802719,160596179,160629740,159975437,161133090,160735936,156440443,165806026,159431603,159073569,158206816,159848727,160643125,159058558,159676268,159861737,158965101,162954975,158070936,160777825,159726571,160161721,158186020,156915417,159090500,158216108,159052195,156569433,163263978
STAT,(NULL),GaloisTime,44,22574056811,556430131,510195081,511875128,511289702,511113555,512579503,512423834,509822864,515860753,512780085,508182870,508862023,509481337,511598118,507752660,511986338,513846413,509501108,512085511,509390039,509913319,509852160,511449349,511981796,516526406,516937760,515674830,512081809,511312457,514774303,512920611,514652952,516479000,513350194,511920785,512124228,510234104,512777600,510122846,513030970,512360763,514972668,511403651,510145197
STAT,(NULL),InitPushTime,44,8335674,163052,193425,192256,113675,117319,117392,104098,104999,106204,106337,105403,105561,109087,106079,120503,124742,122769,111809,110428,131075,110310,131812,249004,245806,301174,240350,252890,294352,247287,302671,302682,245462,254818,257303,243484,239578,239715,238809,249729,241516,241946,242950,251312,244501
STAT,(NULL),Iterations,44,41866481,816851,947626,951276,954590,950275,953290,953214,953320,954450,955222,953549,953533,951383,955715,946484,948188,947005,954422,954383,948998,948135,948551,958611,957052,959890,960246,959656,958129,955569,957586,961248,961993,955973,958958,958246,960172,955596,950770,951350,958970,957846,961876,953892,952392
STAT,(NULL),LoopTime,44,13606842806,13606842806,0,0,0,0,0,0,0,0,0,0,0,0,0,0,0,0,0,0,0,0,0,0,0,0,0,0,0,0,0,0,0,0,0,0,0,0,0,0,0,0,0,0,0
STAT,(NULL),MeminfoPost,44,1584,36,36,36,36,36,36,36,36,36,36,36,36,36,36,36,36,36,36,36,36,36,36,36,36,36,36,36,36,36,36,36,36,36,36,36,36,36,36,36,36,36,36,36,36
STAT,(NULL),MeminfoPre,44,1584,36,36,36,36,36,36,36,36,36,36,36,36,36,36,36,36,36,36,36,36,36,36,36,36,36,36,36,36,36,36,36,36,36,36,36,36,36,36,36,36,36,36,36,36
STAT,(NULL),NumaPost,44,17737,12869,3733,559,576,0,0,0,0,0,0,0,0,0,0,0,0,0,0,0,0,0,0,0,0,0,0,0,0,0,0,0,0,0,0,0,0,0,0,0,0,0,0,0,0
STAT,(NULL),PopTime,44,99019258118,2197113881,2238209718,2244235138,2242656359,2234777883,2242203270,2251759614,2253867847,2250842650,2242480503,2243227905,2244267185,2238877270,2246450771,2246680338,2249548753,2248126204,2244198522,2244518578,2249279190,2251983075,2252582199,2256992860,2259350367,2256746735,2252255404,2251867951,2248160505,2257953064,2253789933,2251773373,2257245133,2243427163,2257622954,2257842106,2254610746,2267097007,2266527615,2263087235,2258931057,2254947653,2256317862,2270630734,2264193808
STAT,(NULL),PushTime,44,222236958576,5428767310,5063156434,5075462832,5077484498,5088629059,5053399550,5053333781,5055287302,5075619372,5073686850,5074612467,5059048016,5060996411,5059955199,5026979494,5031029180,5033491084,5050753207,5065731745,5044994117,5019505127,5027119565,5019125257,5048515421,5034519014,5055987887,5039279744,5054070488,5044953953,5017984535,5063078976,5039665546,5055393275,5029421301,5030518231,5045361846,4979090669,4987007628,4992657178,5016969478,5044042103,5038943342,5000104443,5001225661
STAT,(NULL),RusageSys,44,8000,8000,0,0,0,0,0,0,0,0,0,0,0,0,0,0,0,0,0,0,0,0,0,0,0,0,0,0,0,0,0,0,0,0,0,0,0,0,0,0,0,0,0,0,0
STAT,(NULL),RusageUser,44,269132000,269132000,0,0,0,0,0,0,0,0,0,0,0,0,0,0,0,0,0,0,0,0,0,0,0,0,0,0,0,0,0,0,0,0,0,0,0,0,0,0,0,0,0,0,0
STAT,(NULL),Threads,44,44,44,0,0,0,0,0,0,0,0,0,0,0,0,0,0,0,0,0,0,0,0,0,0,0,0,0,0,0,0,0,0,0,0,0,0,0,0,0,0,0,0,0,0,0
STAT,(NULL),Time,44,13622017002,13622017002,0,0,0,0,0,0,0,0,0,0,0,0,0,0,0,0,0,0,0,0,0,0,0,0,0,0,0,0,0,0,0,0,0,0,0,0,0,0,0,0,0,0,0
STAT,(NULL),TotalTime,44,33691625344,33691625344,0,0,0,0,0,0,0,0,0,0,0,0,0,0,0,0,0,0,0,0,0,0,0,0,0,0,0,0,0,0,0,0,0,0,0,0,0,0,0,0,0,0,0
STAT,(NULL),UserTime,44,239843001915,5073475952,5451606750,5435929839,5432767664,5431007924,5456603592,5451637077,5446061807,5422743294,5439757038,5434442861,5451011414,5452057149,5450281798,5482333216,5473247716,5467011789,5456918618,5440823148,5458430748,5481335693,5477270667,5473078596,5447035423,5459080104,5442993814,5459659634,5451463388,5453038653,5479600993,5438765005,5455954352,5448285898,5467736639,5465101208,5453346468,5509324948,5501595126,5503645109,5478439355,5456609369,5457021296,5487751520,5486719263
STAT,(NULL),Work,44,591681765234,13446705906,13447329229,13447330697,13447305247,13447301697,13447355559,13447323251,13447324770,13447356312,13447346666,13447332977,13447355562,13447296051,13447332241,13447296241,13447300585,13447349525,13447312879,13447346308,13447295331,13447296716,13447348695,13447341360,13447317312,13447312205,13447311665,13447311847,13447342911,13447314748,13447319160,13447343163,13447336135,13447314654,13447323481,13447341618,13447353331,13447331595,13447347111,13447323284,13447314138,13447328600,13447352594,13447318984,13447322893
STAT,(NULL),nBad,44,56390,1111,751,1961,1606,1294,763,334,1490,1484,1272,920,1875,681,1730,984,1642,524,1602,784,556,1045,696,4054,1714,1521,843,1362,1196,822,1265,1255,1750,862,606,1885,849,3138,1578,982,1237,1916,1006,534,910
STAT,(NULL),nEmpty,44,25191495,490878,567762,572892,574354,571188,572578,573466,573366,575132,575589,575031,574001,572813,575245,567373,569666,568661,574881,574324,571304,569505,569866,576885,576440,578597,579412,578182,578305,575759,575641,579682,580669,573198,577983,577448,578662,573930,570710,569530,576955,577014,579855,574401,572362
STAT,(NULL),nEmptyPop,44,600279,13390,14358,14408,14491,14138,14267,14298,14449,14513,14328,14469,14515,14404,14813,14487,14745,14512,14578,14631,14436,14334,14414,12719,12886,13068,12877,12795,12877,12746,13150,12817,12796,12723,12995,12898,12943,13000,12850,12738,12791,12974,12835,12711,13112
STAT,(NULL),nOverall,44,268343013,5216506,6117711,6097486,6117887,6105272,6134806,6112512,6104263,6088762,6103196,6115678,6116610,6112725,6114448,6116284,6096777,6099100,6115644,6105609,6083843,6119125,6097599,6143266,6108329,6142713,6124568,6138770,6133229,6122701,6144346,6128676,6136887,6134429,6133443,6131660,6126906,6144883,6119605,6125435,6141023,6116949,6138354,6113174,6101824
STAT,(NULL),nPop,44,41866481,816851,947626,951276,954590,950275,953290,953214,953320,954450,955222,953549,953533,951383,955715,946484,948188,947005,954422,954383,948998,948135,948551,958611,957052,959890,960246,959656,958129,955569,957586,961248,961993,955973,958958,958246,960172,955596,950770,951350,958970,957846,961876,953892,952392
STAT,(NULL),nPush,44,41863766,818013,956190,955833,954024,954063,956287,955771,951786,953799,953915,951848,953829,953957,955837,958145,953713,953982,953868,955797,951954,956054,953830,954186,953995,955996,956038,956052,956008,954229,953849,953808,955897,956201,953893,953963,953891,953917,953956,953741,956126,953825,954002,953824,953874
STAT,(NULL),nPushInit,44,2715,65,65,64,63,64,65,62,62,60,63,62,62,63,61,64,65,64,60,60,64,62,65,60,61,64,60,62,63,63,65,64,62,64,64,61,62,63,59,62,59,60,62,64,26
==== BENCHMARK TOOK 16.151
==== BENCHMARK START ===
==== PARAMS kernel=4.9.5-64-net1 malloc=libc hostname=rack-mad-04 threads=44 delta=4 prog=sssp-klsm4096mq4  ===
ERROR: ld.so: object '/specific/disk1/home/adamx/malloc/lib64/libjemalloc.so' from LD_PRELOAD cannot be preloaded (cannot open shared object file): ignored.
Galois Benchmark Suite v2.2.1 (r0)
Copyright (C) 2014 The University of Texas at Austin
http://iss.ices.utexas.edu/galois/

application: Single Source Shortest Path
Computes the shortest path from a source node to all nodes in a directed graph using a modified chaotic iteration algorithm
http://iss.ices.utexas.edu/?p=projects/galois/benchmarks/single_source_shortest_path

INFO: CommandLine ./build/debug/apps/sssp/sssp -noverify -t 44 -delta 4 -wl klsm4096mq4 -startNode 0 /specific/disk1/home/mad/Galois-PQ/inputs/scalefree/rmat16p-2e24.gr
INFO: Hostname rack-mad-04
Read 16777216 nodes
Running Asynchronous with CAS version
INFO: Using delta-step of 1
WARNING: Performance varies considerably due to delta parameter.
WARNING: Do not expect the default to be good for your graph.
Node 1 has distance 2
STATTYPE,LOOP,CATEGORY,n,sum,T0,T1,T2,T3,T4,T5,T6,T7,T8,T9,T10,T11,T12,T13,T14,T15,T16,T17,T18,T19,T20,T21,T22,T23,T24,T25,T26,T27,T28,T29,T30,T31,T32,T33,T34,T35,T36,T37,T38,T39,T40,T41,T42,T43
STAT,(NULL),BadWork,44,51685099,1852925,1205964,1017265,945762,1580229,422431,1677805,342074,1264143,1680199,990667,1561714,1282655,1126058,850024,726996,2261011,866366,1203687,956697,991500,611503,690448,1233469,587774,854075,2846472,646436,1243451,1009230,1111601,1101637,406783,1523975,1739039,395501,893356,894645,1593197,1615908,731833,770020,1036750,3341824
STAT,(NULL),BarrierTime,44,9874731,1059908,523026,488798,488746,486101,422928,466361,297553,422122,402239,422710,375120,341894,351207,357914,248545,254636,288512,311244,276423,315631,317119,48485,31306,54936,54208,45408,60361,61391,61087,54882,20412,22762,29106,34733,59497,29660,36641,31695,29686,57714,61030,28788,42206
STAT,(NULL),ConflictTime,44,0,0,0,0,0,0,0,0,0,0,0,0,0,0,0,0,0,0,0,0,0,0,0,0,0,0,0,0,0,0,0,0,0,0,0,0,0,0,0,0,0,0,0,0,0
STAT,(NULL),Conflicts,44,0,0,0,0,0,0,0,0,0,0,0,0,0,0,0,0,0,0,0,0,0,0,0,0,0,0,0,0,0,0,0,0,0,0,0,0,0,0,0,0,0,0,0,0,0
STAT,(NULL),EmptyPopTime,44,1013883896,27219342,24531399,24416977,24234389,24475022,24309561,24318558,24523668,24177251,25341346,24030197,24391051,24013967,24290964,24542371,24683412,24631352,24174933,24601309,24584319,23956844,24244366,21361352,21135324,21094751,21391554,21306822,21515955,21423833,21166718,20868361,21697307,21370863,21361044,21529644,21518762,22600455,21729617,21494430,21488582,21154898,21318649,24071428,21590949
STAT,(NULL),EmptyWork,44,7001823871,163916239,162484218,158996848,156662743,158570313,161457164,156299007,154753663,159455525,158604827,161201973,159135810,158386188,162115120,155528230,161970549,160163037,160286086,158242854,158782815,161124783,153537703,155560242,160115696,160316052,160760721,161131948,156983545,159880339,159870817,158575459,160290860,159434350,157278510,156656463,159506709,156402962,159276175,161425741,157859176,157874937,160463164,158624901,161859409
STAT,(NULL),GaloisTime,44,22545297976,548863531,511039490,512410574,510664881,512106316,514548051,510870578,511229844,507815803,508881566,510986302,511922633,509746064,509249329,512077504,509200169,511035251,514357220,510086020,510787969,509114997,511495559,511360791,514758810,509706916,516012255,510984257,513705952,509785886,513464142,511778996,511217440,511833731,515255828,516888723,511804297,511011155,512416571,512606138,509970415,511001083,511336594,510582531,509325814
STAT,(NULL),InitPushTime,44,8372712,228044,191643,193156,121525,120378,120026,107093,199026,109854,106775,105603,107806,108216,107105,125357,128735,127691,107381,107296,127843,109894,121847,274174,271810,295475,278848,276116,271121,273404,285539,286819,220052,219972,222386,206167,231006,240692,229596,230894,227110,229691,232317,243531,243698
STAT,(NULL),Iterations,44,41867544,847484,955158,955735,954970,957912,952761,951656,954531,948444,953662,952608,954973,951019,952635,950955,950412,950116,956263,949798,953807,948972,946375,954521,956963,950734,958226,953348,957454,955036,954824,955976,959609,956668,957447,955607,960342,951678,952837,953432,957923,955449,956848,951432,950944
STAT,(NULL),LoopTime,44,13689335340,13689335340,0,0,0,0,0,0,0,0,0,0,0,0,0,0,0,0,0,0,0,0,0,0,0,0,0,0,0,0,0,0,0,0,0,0,0,0,0,0,0,0,0,0,0
STAT,(NULL),MeminfoPost,44,1584,36,36,36,36,36,36,36,36,36,36,36,36,36,36,36,36,36,36,36,36,36,36,36,36,36,36,36,36,36,36,36,36,36,36,36,36,36,36,36,36,36,36,36,36
STAT,(NULL),MeminfoPre,44,1584,36,36,36,36,36,36,36,36,36,36,36,36,36,36,36,36,36,36,36,36,36,36,36,36,36,36,36,36,36,36,36,36,36,36,36,36,36,36,36,36,36,36,36,36
STAT,(NULL),NumaPost,44,17737,12868,3733,775,361,0,0,0,0,0,0,0,0,0,0,0,0,0,0,0,0,0,0,0,0,0,0,0,0,0,0,0,0,0,0,0,0,0,0,0,0,0,0,0,0
STAT,(NULL),PopTime,44,99805705087,2219648765,2279478004,2272264603,2263302072,2275423925,2258387009,2266431300,2278821493,2260894942,2262172435,2258917427,2270686504,2259767927,2261837831,2275170327,2279065149,2274342739,2273169815,2253938461,2280228120,2277758384,2268163306,2268335625,2273250521,2256555233,2260950961,2258181707,2267414844,2271498580,2265807054,2258720178,2265711539,2267286539,2266809309,2269609973,2276840909,2277369781,2286691156,2285684990,2273791660,2262372015,2263027311,2279659718,2280264946
STAT,(NULL),PushTime,44,225008061097,5408319682,5092777161,5102856370,5143540323,5114306207,5132103028,5124847144,5116262674,5141586332,5139991740,5146572951,5132006606,5117002823,5132475747,5076798208,5070035931,5089264747,5116461590,5149974877,5069395233,5083187236,5088645689,5116942340,5087968271,5130599819,5135507150,5129415975,5115624438,5093981834,5110496132,5147884268,5111516531,5101688949,5095161044,5124139755,5112521976,5059446098,5048128136,5051393514,5101724252,5110389731,5107801880,5065144631,5062172074
STAT,(NULL),RusageSys,44,12000,12000,0,0,0,0,0,0,0,0,0,0,0,0,0,0,0,0,0,0,0,0,0,0,0,0,0,0,0,0,0,0,0,0,0,0,0,0,0,0,0,0,0,0,0
STAT,(NULL),RusageUser,44,270796000,270796000,0,0,0,0,0,0,0,0,0,0,0,0,0,0,0,0,0,0,0,0,0,0,0,0,0,0,0,0,0,0,0,0,0,0,0,0,0,0,0,0,0,0,0
STAT,(NULL),Threads,44,44,44,0,0,0,0,0,0,0,0,0,0,0,0,0,0,0,0,0,0,0,0,0,0,0,0,0,0,0,0,0,0,0,0,0,0,0,0,0,0,0,0,0,0,0
STAT,(NULL),Time,44,13711412092,13711412092,0,0,0,0,0,0,0,0,0,0,0,0,0,0,0,0,0,0,0,0,0,0,0,0,0,0,0,0,0,0,0,0,0,0,0,0,0,0,0,0,0,0,0
STAT,(NULL),TotalTime,44,34140741020,34140741020,0,0,0,0,0,0,0,0,0,0,0,0,0,0,0,0,0,0,0,0,0,0,0,0,0,0,0,0,0,0,0,0,0,0,0,0,0,0,0,0,0,0,0
STAT,(NULL),UserTime,44,239911033468,5161245193,5458910610,5458275479,5430818473,5444340267,5438414952,5446454683,5443628009,5435293757,5434229092,5427514153,5431080999,5460306131,5439252813,5485105034,5484267392,5469784423,5440773753,5432378104,5485444428,5474080246,5483135575,5455665417,5471994408,5450951546,5434601533,5448205294,5453979191,5472652606,5458418415,5431398389,5458789374,5467608401,5473359306,5440400714,5447033150,5502392974,5500980340,5496619009,5464390968,5466432681,5465275550,5491140847,5494009789
STAT,(NULL),Work,44,595314239691,13529355121,13529865093,13529883545,13529854408,13529855650,13529901109,13529870330,13529849600,13529855744,13529876967,13529858317,13529865363,13529897765,13529889773,13529864292,13529875984,13529870012,13529896057,13529872555,13529886313,13529865521,13529852946,13529887827,13529904939,13529881740,13529883051,13529891617,13529871241,13529871159,13529875401,13529881934,13529899022,13529896542,13529889530,13529899164,13529876745,13529907373,13529899623,13529903964,13529907372,13529878709,13529871562,13529905843,13529892868
STAT,(NULL),nBad,44,59837,1792,1391,1163,1091,1927,472,1703,375,1257,1978,1124,1820,1579,1319,988,833,2658,1011,1473,1131,1155,685,800,1473,665,988,3375,717,1447,1155,1405,1365,459,1816,1987,443,1016,1054,1860,1908,851,867,1191,4070
STAT,(NULL),nEmpty,44,25192607,502342,575999,575680,576133,578786,572085,571408,576324,568742,575336,573012,577466,571073,572064,573577,571148,572391,577670,570207,574562,568572,566550,573510,576307,570216,577191,572894,576404,574427,574810,576054,580373,575090,575484,577020,580594,570488,573959,575169,577133,574644,575152,571140,573421
STAT,(NULL),nEmptyPop,44,608978,13745,14727,14698,14595,14729,14719,14616,14572,14529,14596,14567,14721,14518,14564,14655,14766,14688,14566,14713,14788,14443,14506,13045,12982,12993,13151,13011,13132,13044,13067,12946,13229,13064,13117,13073,13186,12954,13208,13144,13141,13031,13092,13188,13159
STAT,(NULL),nOverall,44,268346460,5361231,6127045,6135818,6115313,6125369,6115849,6112222,6103594,6110515,6105865,6102178,6087438,6126063,6112502,6117709,6115721,6101097,6094733,6100496,6132855,6102762,6109315,6104223,6126789,6122382,6110429,6115774,6122504,6130094,6122022,6114187,6125025,6150555,6132341,6086047,6101317,6137070,6117076,6119290,6120446,6115028,6137310,6104255,6116606
STAT,(NULL),nPop,44,41867544,847484,955158,955735,954970,957912,952761,951656,954531,948444,953662,952608,954973,951019,952635,950955,950412,950116,956263,949798,953807,948972,946375,954521,956963,950734,958226,953348,957454,955036,954824,955976,959609,956668,957447,955607,960342,951678,952837,953432,957923,955449,956848,951432,950944
STAT,(NULL),nPush,44,41864831,787833,952767,954974,954804,954740,955330,953259,956760,955504,952922,953111,954790,957222,957358,956874,954818,954748,952758,957194,950630,953189,955266,957453,955326,955370,955127,957279,955380,957318,955184,955339,954790,957513,957352,954824,952836,955301,956750,956657,953311,955276,957395,955339,956860
STAT,(NULL),nPushInit,44,2713,62,65,64,64,64,65,62,62,61,63,62,62,63,61,64,65,64,60,60,64,61,65,60,61,64,60,62,63,63,65,64,62,64,64,61,62,63,59,62,59,60,62,64,26
==== BENCHMARK TOOK 16.303
==== BENCHMARK START ===
==== PARAMS kernel=4.9.5-64-net1 malloc=libc hostname=rack-mad-04 threads=44 delta=4 prog=sssp-klsm4096mq4  ===
ERROR: ld.so: object '/specific/disk1/home/adamx/malloc/lib64/libjemalloc.so' from LD_PRELOAD cannot be preloaded (cannot open shared object file): ignored.
Galois Benchmark Suite v2.2.1 (r0)
Copyright (C) 2014 The University of Texas at Austin
http://iss.ices.utexas.edu/galois/

application: Single Source Shortest Path
Computes the shortest path from a source node to all nodes in a directed graph using a modified chaotic iteration algorithm
http://iss.ices.utexas.edu/?p=projects/galois/benchmarks/single_source_shortest_path

INFO: CommandLine ./build/debug/apps/sssp/sssp -noverify -t 44 -delta 4 -wl klsm4096mq4 -startNode 0 /specific/disk1/home/mad/Galois-PQ/inputs/scalefree/rmat16p-2e24.gr
INFO: Hostname rack-mad-04
Read 16777216 nodes
Running Asynchronous with CAS version
INFO: Using delta-step of 1
WARNING: Performance varies considerably due to delta parameter.
WARNING: Do not expect the default to be good for your graph.
Node 1 has distance 2
STATTYPE,LOOP,CATEGORY,n,sum,T0,T1,T2,T3,T4,T5,T6,T7,T8,T9,T10,T11,T12,T13,T14,T15,T16,T17,T18,T19,T20,T21,T22,T23,T24,T25,T26,T27,T28,T29,T30,T31,T32,T33,T34,T35,T36,T37,T38,T39,T40,T41,T42,T43
STAT,(NULL),BadWork,44,51272351,785106,992168,1002899,1208903,819786,1163182,419144,2110733,2069065,574100,1991649,901475,887101,890017,433003,1827587,1958699,962075,1006813,839998,1752589,1804603,536980,957339,2048952,658134,571090,1542912,666852,647274,1218231,593607,1913159,584433,888547,772026,695314,1363505,2310384,735674,1559197,730304,898242,2979500
STAT,(NULL),BarrierTime,44,10379022,1138708,483706,497054,467087,465610,451045,456604,377014,351023,320449,328992,366891,325701,327111,355510,235897,276160,198476,248014,207774,209091,103297,116348,109909,119793,115096,93763,120393,119740,99919,120287,119589,90103,98221,88112,105858,89916,81097,102572,110309,108601,78475,57075,42632
STAT,(NULL),ConflictTime,44,0,0,0,0,0,0,0,0,0,0,0,0,0,0,0,0,0,0,0,0,0,0,0,0,0,0,0,0,0,0,0,0,0,0,0,0,0,0,0,0,0,0,0,0,0
STAT,(NULL),Conflicts,44,0,0,0,0,0,0,0,0,0,0,0,0,0,0,0,0,0,0,0,0,0,0,0,0,0,0,0,0,0,0,0,0,0,0,0,0,0,0,0,0,0,0,0,0,0
STAT,(NULL),EmptyPopTime,44,949228580,23762582,22759865,22500758,22695336,25074573,22806071,23054854,22827224,22382830,22619801,23862862,22963735,23699599,22704014,22603687,23351752,22586545,22641970,23067890,22947379,23100621,22819610,21325189,19958918,19794004,19586893,19881606,20834739,19901549,19285571,19902207,19874843,20031745,19841723,19875737,20789980,20275521,20601943,20131202,20235938,19921959,19844028,20116702,20383025
STAT,(NULL),EmptyWork,44,6972866282,157197949,156389161,160458660,159795225,157883787,161437174,158496497,158688844,158123280,164145253,160039543,157437191,157733958,156826308,158307737,156154630,154600561,157021891,161097716,156057906,155397450,157585297,157079151,156290536,159123521,158899062,159780630,158376484,157594257,159349200,156044308,161821849,161670329,159252052,155723126,160806191,157550796,156352664,159547042,157966408,160219476,160593811,157148788,160800583
STAT,(NULL),GaloisTime,44,22580484082,560196646,511954625,508038461,509504122,510198105,512199991,514237900,511278987,511606378,508171122,508865423,515364230,510245721,509958878,510766895,511633965,512821447,514083292,509454938,509441348,512729219,508098667,515129031,514550351,515546921,511117136,512531821,513470095,513419660,516615271,513743315,513459094,513556076,511516639,511604636,512479560,513718809,511626558,511157456,511189867,512064899,515785306,512233655,513117566
STAT,(NULL),InitPushTime,44,6817813,185376,192824,192659,106483,117716,118521,105633,106276,108968,117240,105961,104990,105442,106762,119713,146377,143340,129751,128432,144635,129151,204194,213459,215886,231540,214032,224247,216194,211873,224796,228749,178436,187599,187588,172374,130446,137729,122496,131539,126817,132112,130273,145971,133213
STAT,(NULL),Iterations,44,41868416,819203,952806,950086,951964,956447,954999,955644,953754,953275,950355,953256,953906,952894,946198,950752,952123,948566,955726,950376,951434,948998,948402,957546,958952,957200,958826,957180,959184,954889,953221,961250,959249,960881,953370,954564,959496,955963,953631,953447,958660,959011,962928,953034,954770
STAT,(NULL),LoopTime,44,13582026600,13582026600,0,0,0,0,0,0,0,0,0,0,0,0,0,0,0,0,0,0,0,0,0,0,0,0,0,0,0,0,0,0,0,0,0,0,0,0,0,0,0,0,0,0,0
STAT,(NULL),MeminfoPost,44,1584,36,36,36,36,36,36,36,36,36,36,36,36,36,36,36,36,36,36,36,36,36,36,36,36,36,36,36,36,36,36,36,36,36,36,36,36,36,36,36,36,36,36,36,36
STAT,(NULL),MeminfoPre,44,1584,36,36,36,36,36,36,36,36,36,36,36,36,36,36,36,36,36,36,36,36,36,36,36,36,36,36,36,36,36,36,36,36,36,36,36,36,36,36,36,36,36,36,36,36
STAT,(NULL),NumaPost,44,17737,13080,3743,553,361,0,0,0,0,0,0,0,0,0,0,0,0,0,0,0,0,0,0,0,0,0,0,0,0,0,0,0,0,0,0,0,0,0,0,0,0,0,0,0,0
STAT,(NULL),PopTime,44,98273483828,2188918433,2230722359,2222809410,2218557299,2237036442,2225490976,2237731771,2230671815,2225992608,2213279230,2222788917,2222073088,2224399019,2197802918,2238437275,2239854406,2230365956,2230951359,2215604371,2240816700,2234368109,2230881018,2241850871,2251136097,2233466581,2229854608,2233794657,2236974541,2233514876,2231421766,2238119533,2237805819,2238188075,2225591729,2230254843,2238070912,2255096083,2261459744,2258246402,2241904817,2237846884,2242350343,2256515562,2260465606
STAT,(NULL),PushTime,44,221793015752,5462975556,5044122736,5069563760,5077826678,5051785473,5067201444,5024298060,5033698971,5046083242,5091957121,5075121039,5040620383,5048702369,5090809869,5012246251,4991562592,5015113514,5029640160,5074574679,5014721824,5015175441,5007801084,5028164952,5022648298,5041617743,5045012836,5028852959,5035872964,5024983243,5033195507,5056735468,5042481542,5029418803,5040350626,5035740579,5027596090,4976448099,4959464549,4971566181,5015420784,5018535386,5014907081,4991894561,4966505255
STAT,(NULL),RusageSys,44,16000,16000,0,0,0,0,0,0,0,0,0,0,0,0,0,0,0,0,0,0,0,0,0,0,0,0,0,0,0,0,0,0,0,0,0,0,0,0,0,0,0,0,0,0,0
STAT,(NULL),RusageUser,44,268696000,268696000,0,0,0,0,0,0,0,0,0,0,0,0,0,0,0,0,0,0,0,0,0,0,0,0,0,0,0,0,0,0,0,0,0,0,0,0,0,0,0,0,0,0,0
STAT,(NULL),Threads,44,44,44,0,0,0,0,0,0,0,0,0,0,0,0,0,0,0,0,0,0,0,0,0,0,0,0,0,0,0,0,0,0,0,0,0,0,0,0,0,0,0,0,0,0,0
STAT,(NULL),Time,44,13596911368,13596911368,0,0,0,0,0,0,0,0,0,0,0,0,0,0,0,0,0,0,0,0,0,0,0,0,0,0,0,0,0,0,0,0,0,0,0,0,0,0,0,0,0,0,0
STAT,(NULL),TotalTime,44,29611360158,29611360158,0,0,0,0,0,0,0,0,0,0,0,0,0,0,0,0,0,0,0,0,0,0,0,0,0,0,0,0,0,0,0,0,0,0,0,0,0,0,0,0,0,0,0
STAT,(NULL),UserTime,44,240090955573,5031033786,5458141743,5440720621,5435712136,5442111863,5434956587,5466270230,5466926590,5459904172,5423921036,5433410341,5465633054,5459311653,5445985986,5481727588,5501534973,5488602041,5469752284,5440288846,5480105979,5483321381,5496904473,5460542749,5459509132,5454544356,5459620379,5469251644,5458564463,5474677608,5464225708,5439547245,5448651037,5461227900,5467539250,5470893619,5464349816,5501004034,5514588223,5503444755,5477375737,5475504118,5470611917,5486182926,5502821594
STAT,(NULL),Work,44,590690306553,13424203740,13424799751,13424787361,13424791093,13424760761,13424795299,13424783070,13424809370,13424792507,13424814968,13424814671,13424818667,13424819632,13424815260,13424773745,13424802387,13424766204,13424816207,13424765928,13424770605,13424805185,13424815050,13424783507,13424790040,13424776558,13424785018,13424806527,13424775908,13424774843,13424799602,13424776834,13424776346,13424809103,13424801871,13424811045,13424776197,13424790155,13424811579,13424780776,13424776179,13424776060,13424807182,13424814735,13424785027
STAT,(NULL),nBad,44,60503,862,1154,1148,1428,904,1357,484,2718,2424,678,2422,1049,1031,1037,509,2135,2292,1084,1144,972,2064,2195,619,1114,2462,774,660,1825,768,791,1471,666,2267,659,1095,915,773,1615,2745,830,1831,854,1067,3611
STAT,(NULL),nEmpty,44,25193405,502463,573078,571616,571709,576743,575927,574204,573721,572471,572079,575158,574058,573123,566899,571453,573587,569178,574882,570915,572953,569376,568721,577135,577610,575920,576174,574207,577728,572413,571548,579461,577491,578975,571945,573742,578261,574273,574195,572938,577501,579714,579973,572926,574961
STAT,(NULL),nEmptyPop,44,591789,13307,14120,14050,14267,14314,14323,14373,14258,13921,14298,14284,14388,14180,14277,14135,14445,14054,14135,14370,14339,14348,14130,12681,12672,12638,12519,12719,12660,12694,12268,12796,12750,12820,12667,12627,12600,12902,12965,12757,12873,12712,12642,12730,12781
STAT,(NULL),nOverall,44,268347126,5068766,6117882,6108634,6134620,6116320,6118441,6136355,6130737,6133161,6094414,6110355,6135028,6121402,6109543,6119045,6134178,6112149,6141720,6106750,6115660,6111524,6128115,6106616,6104943,6115365,6135292,6140090,6128461,6135671,6139406,6111880,6116874,6130902,6142807,6127169,6122137,6119871,6124640,6114050,6131076,6130700,6143796,6102780,6117801
STAT,(NULL),nPop,44,41868416,819203,952806,950086,951964,956447,954999,955644,953754,953275,950355,953256,953906,952894,946198,950752,952123,948566,955726,950376,951434,948998,948402,957546,958952,957200,958826,957180,959184,954889,953221,961250,959249,960881,953370,954564,959496,955963,953631,953447,958660,959011,962928,953034,954770
STAT,(NULL),nPush,44,41865703,805516,953677,955758,955928,953787,957797,955876,955924,953912,951526,953686,957798,953651,956029,957662,953357,953622,957867,953770,953639,953696,955680,954262,954171,956458,956557,954415,954198,956549,956389,954378,952238,952019,954601,956431,956315,954175,951807,956126,956084,953915,956338,954220,953899
STAT,(NULL),nPushInit,44,2713,65,65,64,63,64,65,62,62,60,62,62,62,63,61,64,65,64,60,60,64,61,65,60,61,64,60,62,63,63,65,64,62,64,64,61,62,63,59,62,59,60,62,64,26
==== BENCHMARK TOOK 14.330
==== BENCHMARK START ===
==== PARAMS kernel=4.9.5-64-net1 malloc=libc hostname=rack-mad-04 threads=44 delta=4 prog=sssp-klsm4096mq4  ===
ERROR: ld.so: object '/specific/disk1/home/adamx/malloc/lib64/libjemalloc.so' from LD_PRELOAD cannot be preloaded (cannot open shared object file): ignored.
Galois Benchmark Suite v2.2.1 (r0)
Copyright (C) 2014 The University of Texas at Austin
http://iss.ices.utexas.edu/galois/

application: Single Source Shortest Path
Computes the shortest path from a source node to all nodes in a directed graph using a modified chaotic iteration algorithm
http://iss.ices.utexas.edu/?p=projects/galois/benchmarks/single_source_shortest_path

INFO: CommandLine ./build/debug/apps/sssp/sssp -noverify -t 44 -delta 4 -wl klsm4096mq4 -startNode 0 /specific/disk1/home/mad/Galois-PQ/inputs/scalefree/rmat16p-2e24.gr
INFO: Hostname rack-mad-04
Read 16777216 nodes
Running Asynchronous with CAS version
INFO: Using delta-step of 1
WARNING: Performance varies considerably due to delta parameter.
WARNING: Do not expect the default to be good for your graph.
Node 1 has distance 2
STATTYPE,LOOP,CATEGORY,n,sum,T0,T1,T2,T3,T4,T5,T6,T7,T8,T9,T10,T11,T12,T13,T14,T15,T16,T17,T18,T19,T20,T21,T22,T23,T24,T25,T26,T27,T28,T29,T30,T31,T32,T33,T34,T35,T36,T37,T38,T39,T40,T41,T42,T43
STAT,(NULL),BadWork,44,48507813,1537206,1352552,1268915,670048,862114,1349167,3037534,466449,921606,1987734,1229927,930542,397433,2159922,708563,1499708,750569,2402711,1603906,1176025,782332,797883,308629,909371,315004,762603,1472390,1529988,1937759,1206009,537832,1070371,385383,1142454,1434615,539412,761134,1058603,476343,1164328,1060999,565733,754240,1221767
STAT,(NULL),BarrierTime,44,10626998,1115644,528605,519633,465377,466946,494095,494278,362927,380540,330786,339734,391609,361753,395238,376318,290015,292251,281518,306731,250384,248218,251340,76306,78551,50314,72242,63333,70855,99304,99315,98669,73650,69733,87524,83894,86264,74927,98697,98997,62280,53173,74199,56432,54399
STAT,(NULL),ConflictTime,44,0,0,0,0,0,0,0,0,0,0,0,0,0,0,0,0,0,0,0,0,0,0,0,0,0,0,0,0,0,0,0,0,0,0,0,0,0,0,0,0,0,0,0,0,0
STAT,(NULL),Conflicts,44,0,0,0,0,0,0,0,0,0,0,0,0,0,0,0,0,0,0,0,0,0,0,0,0,0,0,0,0,0,0,0,0,0,0,0,0,0,0,0,0,0,0,0,0,0
STAT,(NULL),EmptyPopTime,44,976646128,24728863,23967918,23405632,23072614,23714253,23038912,23386469,24466237,23584396,23569969,24045168,24076455,23627087,23543267,24103738,23639290,25080997,23921927,23330186,23730089,23966907,23673384,20656379,20363639,20626702,20503904,20336145,20372990,20898122,20335263,20570694,20789162,20704308,20312823,20417792,20698546,20683488,20951122,20727810,20364491,20640981,19990533,20938985,21088491
STAT,(NULL),EmptyWork,44,6977129034,162249179,156537217,156545998,156306532,161097375,156176358,157185841,157719415,158922979,157524654,156920896,159780799,156972873,156824990,157490064,156583868,157957585,160529440,158852887,158206670,156176207,160568950,161341116,158607679,159511651,157983144,157570397,163060693,156563740,157336348,160476719,157679797,157316911,159051477,160193256,158081113,160246937,159930298,160394753,160728749,158259205,157976169,158194404,159493701
STAT,(NULL),GaloisTime,44,22590670009,567929239,512605514,511869462,511780692,514803191,513851493,511850494,513356267,511915220,510877625,513464471,510147102,513327059,512090011,512541736,513374035,510018327,511112621,512197350,517072537,511562066,509453173,510827946,510519183,513689302,515361278,513622838,511067313,509324454,514651365,511204395,516399791,512703830,512248872,513186091,512159326,509149063,510586099,507842168,511518064,512774080,512788619,508287420,513558827
STAT,(NULL),InitPushTime,44,6866786,147392,156206,155781,120032,116685,117274,105515,109229,109141,105069,114139,107970,110164,110516,118748,127011,116897,104711,109087,123312,107263,122593,232415,213352,230316,209763,216781,215284,215407,234962,226685,179605,171443,199094,170900,177741,175732,172212,176715,155356,162149,161582,172078,182479
STAT,(NULL),Iterations,44,41864373,817667,949185,955551,949624,955915,954103,953933,952876,954320,952636,958506,955232,955258,956601,951535,950037,947859,953755,955982,954720,951451,951928,956794,954641,957482,959230,957074,956274,954106,957865,956673,961167,956327,956339,954129,956073,952287,953573,950317,957134,958383,957391,950790,951650
STAT,(NULL),LoopTime,44,13655961132,13655961132,0,0,0,0,0,0,0,0,0,0,0,0,0,0,0,0,0,0,0,0,0,0,0,0,0,0,0,0,0,0,0,0,0,0,0,0,0,0,0,0,0,0,0
STAT,(NULL),MeminfoPost,44,1584,36,36,36,36,36,36,36,36,36,36,36,36,36,36,36,36,36,36,36,36,36,36,36,36,36,36,36,36,36,36,36,36,36,36,36,36,36,36,36,36,36,36,36,36
STAT,(NULL),MeminfoPre,44,1584,36,36,36,36,36,36,36,36,36,36,36,36,36,36,36,36,36,36,36,36,36,36,36,36,36,36,36,36,36,36,36,36,36,36,36,36,36,36,36,36,36,36,36,36
STAT,(NULL),NumaPost,44,17738,12869,3733,775,361,0,0,0,0,0,0,0,0,0,0,0,0,0,0,0,0,0,0,0,0,0,0,0,0,0,0,0,0,0,0,0,0,0,0,0,0,0,0,0,0
STAT,(NULL),PopTime,44,99676985986,2197773538,2260126142,2271282888,2244092941,2268504361,2260263046,2274134804,2269010644,2267756348,2254614968,2271933280,2263130375,2266210583,2261553129,2272733986,2271408635,2264878535,2260363866,2268637686,2279445615,2277305429,2276955451,2273511924,2271138435,2267685375,2261111021,2261180392,2257554186,2262802483,2273172190,2255999600,2271557715,2259947735,2263607990,2258148761,2262977992,2274040151,2283213487,2271933051,2267514275,2264468879,2259109065,2276925278,2277269751
STAT,(NULL),PushTime,44,225039694263,5538678275,5109207551,5100791800,5164358015,5133540424,5119703733,5112571691,5106451573,5106177686,5150183708,5101282519,5117758486,5098366453,5106407507,5067508608,5061440794,5089748097,5110399857,5111652215,5058693716,5056928447,5052428143,5111387818,5099122539,5121026851,5121453104,5110028812,5140035172,5121659166,5100343558,5142674684,5096746760,5138865276,5130128460,5116510926,5124800135,5083159407,5066380864,5066234742,5116485428,5104163420,5113514521,5073901579,5066791743
STAT,(NULL),RusageSys,44,4000,4000,0,0,0,0,0,0,0,0,0,0,0,0,0,0,0,0,0,0,0,0,0,0,0,0,0,0,0,0,0,0,0,0,0,0,0,0,0,0,0,0,0,0,0
STAT,(NULL),RusageUser,44,270156000,270156000,0,0,0,0,0,0,0,0,0,0,0,0,0,0,0,0,0,0,0,0,0,0,0,0,0,0,0,0,0,0,0,0,0,0,0,0,0,0,0,0,0,0,0
STAT,(NULL),Threads,44,44,44,0,0,0,0,0,0,0,0,0,0,0,0,0,0,0,0,0,0,0,0,0,0,0,0,0,0,0,0,0,0,0,0,0,0,0,0,0,0,0,0,0,0,0
STAT,(NULL),Time,44,13670582852,13670582852,0,0,0,0,0,0,0,0,0,0,0,0,0,0,0,0,0,0,0,0,0,0,0,0,0,0,0,0,0,0,0,0,0,0,0,0,0,0,0,0,0,0,0
STAT,(NULL),TotalTime,44,34395301299,34395301299,0,0,0,0,0,0,0,0,0,0,0,0,0,0,0,0,0,0,0,0,0,0,0,0,0,0,0,0,0,0,0,0,0,0,0,0,0,0,0,0,0,0,0
STAT,(NULL),UserTime,44,238576895361,5004954230,5433872608,5432422997,5396706399,5394656120,5423284555,5417187572,5425312489,5427960888,5399547058,5428671274,5421422826,5437812907,5435899159,5461939100,5469870513,5448635045,5429989260,5421647716,5459170384,5470378738,5473239543,5418593369,5436567642,5413778999,5419906890,5433580666,5404229512,5425071965,5430481867,5405393738,5433148292,5406781894,5410970879,5427862118,5417605224,5449040760,5455258324,5469186938,5419710282,5436013022,5432939973,5458072109,5458119517
STAT,(NULL),Work,44,593866023784,13496425236,13496954944,13496964476,13496973169,13496937001,13496945859,13496956589,13496979909,13496962685,13496977542,13496959405,13496951973,13496979211,13496948551,13496955302,13496937457,13496942411,13496966375,13496939150,13496945340,13496962573,13496947321,13496983511,13496981666,13497009507,13496988287,13496996702,13496989746,13496957281,13496957113,13496962643,13496986324,13496991619,13496959292,13496976246,13496974607,13496986099,13496957644,13496958528,13496989179,13496991233,13496970438,13496976458,13496967182
STAT,(NULL),nBad,44,58337,1836,1584,1608,795,1004,1650,3708,557,1072,2330,1478,1068,464,2537,811,1939,885,3092,1973,1408,928,982,365,1126,365,920,1883,1833,2400,1444,643,1231,432,1300,1720,641,874,1249,541,1370,1268,646,899,1478
STAT,(NULL),nEmpty,44,25189468,501281,568563,574212,568633,576041,572669,573504,571715,573101,572440,577786,576940,575773,575198,570994,569480,568206,573092,576206,574018,572893,571715,577492,572576,577365,578248,576632,576134,574069,576920,575048,578944,575943,576031,572441,575960,573197,573907,570941,576207,577210,576336,571156,572251
STAT,(NULL),nEmptyPop,44,604803,13582,14692,14453,14230,14563,14243,14432,14448,14477,14562,14817,14795,14591,14613,14826,14511,14690,14813,14501,14563,14737,14524,13026,12845,13010,12898,12812,12889,13141,12760,12963,13161,13100,12864,12880,13024,12929,13112,13019,12876,12996,12654,13022,13159
STAT,(NULL),nOverall,44,268344960,4954852,6139797,6139523,6104969,6103625,6136039,6116654,6131635,6137442,6116537,6136049,6118304,6140490,6139742,6127917,6130041,6107278,6130235,6127334,6131718,6132943,6142111,6115244,6132198,6121678,6138470,6136694,6105662,6114338,6132039,6130017,6140754,6115688,6103649,6122165,6129514,6109486,6095424,6131544,6117993,6136012,6142594,6117429,6111133
STAT,(NULL),nPop,44,41864373,817667,949185,955551,949624,955915,954103,953933,952876,954320,952636,958506,955232,955258,956601,951535,950037,947859,953755,955982,954720,951451,951928,956794,954641,957482,959230,957074,956274,954106,957865,956673,961167,956327,956339,954129,956073,952287,953573,950317,957134,958383,957391,950790,951650
STAT,(NULL),nPush,44,41861659,753454,957551,955662,955882,957358,959726,955510,955564,955302,955612,957323,957222,957320,957639,959503,955412,951367,957685,953229,957231,957250,957183,955338,957569,957354,957701,955576,955637,953665,957684,955809,955549,953462,953513,955919,955626,957415,953195,955223,953349,955628,957769,953557,955136
STAT,(NULL),nPushInit,44,2714,65,65,64,64,64,65,63,62,61,63,64,62,63,61,64,65,64,60,61,64,63,65,59,61,64,59,61,63,63,64,64,62,63,64,61,62,62,58,62,58,60,62,64,26
==== BENCHMARK TOOK 16.487
==== BENCHMARK START ===
==== PARAMS kernel=4.9.5-64-net1 malloc=libc hostname=rack-mad-04 threads=44 delta=4 prog=sssp-klsm4096mq4  ===
ERROR: ld.so: object '/specific/disk1/home/adamx/malloc/lib64/libjemalloc.so' from LD_PRELOAD cannot be preloaded (cannot open shared object file): ignored.
Galois Benchmark Suite v2.2.1 (r0)
Copyright (C) 2014 The University of Texas at Austin
http://iss.ices.utexas.edu/galois/

application: Single Source Shortest Path
Computes the shortest path from a source node to all nodes in a directed graph using a modified chaotic iteration algorithm
http://iss.ices.utexas.edu/?p=projects/galois/benchmarks/single_source_shortest_path

INFO: CommandLine ./build/debug/apps/sssp/sssp -noverify -t 44 -delta 4 -wl klsm4096mq4 -startNode 0 /specific/disk1/home/mad/Galois-PQ/inputs/scalefree/rmat16p-2e24.gr
INFO: Hostname rack-mad-04
Read 16777216 nodes
Running Asynchronous with CAS version
INFO: Using delta-step of 1
WARNING: Performance varies considerably due to delta parameter.
WARNING: Do not expect the default to be good for your graph.
Node 1 has distance 2
STATTYPE,LOOP,CATEGORY,n,sum,T0,T1,T2,T3,T4,T5,T6,T7,T8,T9,T10,T11,T12,T13,T14,T15,T16,T17,T18,T19,T20,T21,T22,T23,T24,T25,T26,T27,T28,T29,T30,T31,T32,T33,T34,T35,T36,T37,T38,T39,T40,T41,T42,T43
STAT,(NULL),BadWork,44,44947301,1233253,1084810,740309,1114059,3108753,924349,496282,553949,1091412,546847,566541,1080389,1570667,664204,1138928,735318,2003403,920480,1504288,992709,478505,1846051,994167,397225,507017,1566716,2105881,391086,799102,645706,656818,954984,814320,1144847,1209545,1513480,1676871,1052801,882386,265277,787300,451021,807992,927253
STAT,(NULL),BarrierTime,44,13192668,1160304,515194,486837,457059,482313,429509,488816,430105,420888,389458,420324,392259,396954,379070,383367,289805,305488,285663,321695,290974,286024,300049,216634,218793,203168,196033,193167,206563,212738,192083,218514,174519,141816,159929,181775,146602,169121,156109,167546,186882,176040,152024,42496,167961
STAT,(NULL),ConflictTime,44,0,0,0,0,0,0,0,0,0,0,0,0,0,0,0,0,0,0,0,0,0,0,0,0,0,0,0,0,0,0,0,0,0,0,0,0,0,0,0,0,0,0,0,0,0
STAT,(NULL),Conflicts,44,0,0,0,0,0,0,0,0,0,0,0,0,0,0,0,0,0,0,0,0,0,0,0,0,0,0,0,0,0,0,0,0,0,0,0,0,0,0,0,0,0,0,0,0,0
STAT,(NULL),EmptyPopTime,44,965340888,25122431,23385615,23022690,22993923,23325753,23107365,23474847,23416836,23248860,23118190,23246184,23333434,23554303,23308390,23471251,23686923,23267836,23078556,23179224,23475985,23653149,23642390,20557478,20473880,20102973,20288481,20067034,20322760,20614379,20603252,20277277,20269221,20631334,20267050,20158045,20604766,20396734,20888607,20540689,20258223,21647165,19998534,20679639,20579232
STAT,(NULL),EmptyWork,44,6983325314,160351376,158309970,157990680,158113192,160944582,157752858,159460174,159293502,156519986,158762297,162152269,159566934,156843741,157891689,158886544,160141389,159216643,158457671,159530680,159133737,156985172,159034657,158701549,160289309,157718585,158502523,159398075,159958386,156805851,158650817,160161774,159887040,157356055,159835156,156849156,160004501,161248987,158199107,156830619,158553406,156857624,157982159,159856490,154338402
STAT,(NULL),GaloisTime,44,22569040481,558789912,512887692,510432511,510198358,515243040,515064469,512204026,511444035,514049632,513266907,511597239,512557922,511340687,514168377,508241578,509811124,509939119,513248422,511918002,513907143,510067765,509772732,511698004,509785769,512204996,509101708,514477895,509481041,511105216,514418687,513520309,511153182,512943682,511660605,510643905,514456068,510114484,509391210,511018690,513203526,513548847,514558100,510645786,509758079
STAT,(NULL),InitPushTime,44,5646672,160372,192401,155391,116721,116518,116181,104662,103807,105494,106055,103072,104013,103178,104386,116369,120624,128335,105560,109517,126237,107670,127054,139452,134318,151436,134877,136100,156555,136467,154203,151105,123804,133869,130219,117538,123734,121777,117459,132701,117343,117265,120970,227135,134728
STAT,(NULL),Iterations,44,41864965,815989,954294,950375,954643,958158,950086,956081,956470,952020,953945,955708,956923,954246,956109,951569,951789,951174,956305,954167,951926,950973,949689,956632,957002,952396,952902,958848,958852,958652,959775,960798,957889,959179,953375,952422,958240,952426,950152,951965,955023,954302,957117,953242,951137
STAT,(NULL),LoopTime,44,13644077472,13644077472,0,0,0,0,0,0,0,0,0,0,0,0,0,0,0,0,0,0,0,0,0,0,0,0,0,0,0,0,0,0,0,0,0,0,0,0,0,0,0,0,0,0,0
STAT,(NULL),MeminfoPost,44,1584,36,36,36,36,36,36,36,36,36,36,36,36,36,36,36,36,36,36,36,36,36,36,36,36,36,36,36,36,36,36,36,36,36,36,36,36,36,36,36,36,36,36,36,36
STAT,(NULL),MeminfoPre,44,1584,36,36,36,36,36,36,36,36,36,36,36,36,36,36,36,36,36,36,36,36,36,36,36,36,36,36,36,36,36,36,36,36,36,36,36,36,36,36,36,36,36,36,36,36
STAT,(NULL),NumaPost,44,17737,13084,3733,559,361,0,0,0,0,0,0,0,0,0,0,0,0,0,0,0,0,0,0,0,0,0,0,0,0,0,0,0,0,0,0,0,0,0,0,0,0,0,0,0,0
STAT,(NULL),PopTime,44,99458488071,2194429534,2266386109,2254336262,2251917412,2265865666,2239587427,2268121440,2273175059,2256210978,2255744123,2256739541,2259047179,2261179712,2260043337,2274516846,2274653123,2272913913,2262455444,2261135784,2265666714,2266818370,2266585955,2265461569,2267725640,2252449951,2240902694,2257431248,2260995409,2268916213,2271188745,2253982571,2256080839,2260403507,2252170655,2251282074,2260708382,2273229027,2271760895,2273071897,2258573098,2252037320,2254116408,2274244283,2274225718
STAT,(NULL),PushTime,44,223308381452,5388842431,5061404202,5092796701,5107429375,5072440190,5117860675,5062039731,5065754196,5089264673,5079614552,5067441081,5072972269,5068473434,5077420109,5057086360,5017082057,5025296994,5053375914,5088236493,5044127120,5035566385,5037866999,5075722871,5049257618,5093505985,5110533921,5076600145,5091438435,5079049922,5070031863,5088948146,5113193671,5083202469,5067703962,5077899009,5064424796,5036220801,5036694607,5024254694,5092925844,5076457453,5072958817,5013154267,5031810215
STAT,(NULL),RusageSys,44,52000,52000,0,0,0,0,0,0,0,0,0,0,0,0,0,0,0,0,0,0,0,0,0,0,0,0,0,0,0,0,0,0,0,0,0,0,0,0,0,0,0,0,0,0,0
STAT,(NULL),RusageUser,44,269864000,269864000,0,0,0,0,0,0,0,0,0,0,0,0,0,0,0,0,0,0,0,0,0,0,0,0,0,0,0,0,0,0,0,0,0,0,0,0,0,0,0,0,0,0,0
STAT,(NULL),Threads,44,44,44,0,0,0,0,0,0,0,0,0,0,0,0,0,0,0,0,0,0,0,0,0,0,0,0,0,0,0,0,0,0,0,0,0,0,0,0,0,0,0,0,0,0,0
STAT,(NULL),Time,44,13659086904,13659086904,0,0,0,0,0,0,0,0,0,0,0,0,0,0,0,0,0,0,0,0,0,0,0,0,0,0,0,0,0,0,0,0,0,0,0,0,0,0,0,0,0,0,0
STAT,(NULL),TotalTime,44,34793315791,34793315791,0,0,0,0,0,0,0,0,0,0,0,0,0,0,0,0,0,0,0,0,0,0,0,0,0,0,0,0,0,0,0,0,0,0,0,0,0,0,0,0,0,0,0
STAT,(NULL),UserTime,44,240044091004,5157202780,5462370944,5446163093,5434089392,5446923249,5431369322,5459439649,5451657523,5445449538,5454237955,5463565814,5457264605,5463350937,5451909428,5462539261,5499368501,5494108922,5474125627,5440741110,5478432521,5491650125,5487841122,5452600011,5477208577,5448759301,5445413293,5456769904,5442546889,5448250386,5449850203,5447852391,5424158072,5450205976,5473106876,5467911818,5464545897,5483533464,5487807772,5499025393,5441227822,5464196080,5465129400,5506159500,5494030561
STAT,(NULL),Work,44,593356295984,13484852584,13485381120,13485393495,13485397756,13485372171,13485407208,13485356453,13485358878,13485367310,13485400253,13485368776,13485359381,13485354369,13485372809,13485354547,13485379518,13485357306,13485401202,13485361448,13485374605,13485397528,13485367371,13485378344,13485377075,13485393540,13485400671,13485403287,13485384920,13485382965,13485402923,13485372633,13485382759,13485406309,13485389914,13485383955,13485410351,13485389134,13485404479,13485381051,13485373577,13485389068,13485408898,13485371265,13485372778
STAT,(NULL),nBad,44,52648,1436,1256,878,1284,3767,1051,560,626,1283,605,618,1246,1771,741,1336,834,2469,1144,1855,1145,544,2251,1158,465,560,1858,2466,427,909,750,753,1096,956,1356,1428,1780,2019,1162,1033,302,906,510,960,1094
STAT,(NULL),nEmpty,44,25190031,486736,574945,567874,572480,577837,568873,575892,575616,570911,571231,573284,576717,573676,575573,573142,571395,572693,575728,574203,572684,571839,570071,577171,577624,572251,572023,579188,580195,579536,580590,578792,580025,580304,572248,571366,578149,573640,570822,573068,575026,571828,576521,573762,572502
STAT,(NULL),nEmptyPop,44,602810,13494,14516,14321,14383,14534,14512,14635,14478,14439,14379,14526,14578,14691,14513,14539,14611,14416,14360,14418,14515,14543,14611,13062,12995,12743,12945,12836,12929,13082,12996,12932,12950,13091,12882,12786,13056,12938,13073,12943,12920,13019,12769,12936,12915
STAT,(NULL),nOverall,44,268339271,5382422,6133891,6114426,6110685,6122267,6123489,6128028,6116225,6129226,6135922,6151347,6121258,6129775,6126140,6096844,6135499,6124741,6141418,6112580,6110647,6118340,6115678,6097955,6134488,6114822,6110993,6115620,6096538,6090493,6095417,6115933,6080234,6108762,6129340,6109335,6125646,6101120,6091230,6096495,6093733,6108201,6125926,6121076,6095066
STAT,(NULL),nPop,44,41864965,815989,954294,950375,954643,958158,950086,956081,956470,952020,953945,955708,956923,954246,956109,951569,951789,951174,956305,954167,951926,950973,949689,956632,957002,952396,952902,958848,958852,958652,959775,960798,957889,959179,953375,952422,958240,952426,950152,951965,955023,954302,957117,953242,951137
STAT,(NULL),nPush,44,41862250,841093,953044,953702,955673,955243,953843,955157,955232,955635,955888,955684,955196,955627,957277,953110,953076,955192,955338,951557,953170,955055,955209,953295,953383,955594,953918,955306,951116,953274,953344,955583,951079,955224,953915,951782,953210,951206,951118,953134,951367,953862,955453,955134,950952
STAT,(NULL),nPushInit,44,2715,65,65,64,64,64,65,62,62,60,63,62,62,63,61,64,65,64,60,60,64,62,65,60,61,64,60,62,63,63,65,64,62,64,64,61,62,63,58,62,59,60,62,64,26
==== BENCHMARK TOOK 16.721
==== BENCHMARK START ===
==== PARAMS kernel=4.9.5-64-net1 malloc=libc hostname=rack-mad-04 threads=44 delta=4 prog=sssp-klsm4096mq4  ===
ERROR: ld.so: object '/specific/disk1/home/adamx/malloc/lib64/libjemalloc.so' from LD_PRELOAD cannot be preloaded (cannot open shared object file): ignored.
Galois Benchmark Suite v2.2.1 (r0)
Copyright (C) 2014 The University of Texas at Austin
http://iss.ices.utexas.edu/galois/

application: Single Source Shortest Path
Computes the shortest path from a source node to all nodes in a directed graph using a modified chaotic iteration algorithm
http://iss.ices.utexas.edu/?p=projects/galois/benchmarks/single_source_shortest_path

INFO: CommandLine ./build/debug/apps/sssp/sssp -noverify -t 44 -delta 4 -wl klsm4096mq4 -startNode 0 /specific/disk1/home/mad/Galois-PQ/inputs/scalefree/rmat16p-2e24.gr
INFO: Hostname rack-mad-04
Read 16777216 nodes
Running Asynchronous with CAS version
INFO: Using delta-step of 1
WARNING: Performance varies considerably due to delta parameter.
WARNING: Do not expect the default to be good for your graph.
Node 1 has distance 2
STATTYPE,LOOP,CATEGORY,n,sum,T0,T1,T2,T3,T4,T5,T6,T7,T8,T9,T10,T11,T12,T13,T14,T15,T16,T17,T18,T19,T20,T21,T22,T23,T24,T25,T26,T27,T28,T29,T30,T31,T32,T33,T34,T35,T36,T37,T38,T39,T40,T41,T42,T43
STAT,(NULL),BadWork,44,48139125,615237,504920,961694,1288558,853901,937161,1032373,1845121,640272,655504,1099203,827274,1131262,1013559,1187431,897535,1783527,967128,1658938,733459,1686326,551613,471898,834855,629574,612456,2148224,654041,1096205,1054639,908169,616266,525894,1748100,978354,2406766,889890,1398966,894743,2630848,389561,2056855,1110317,1210508
STAT,(NULL),BarrierTime,44,10949649,1195740,511839,550606,510621,476056,437706,476462,386815,421010,406226,432960,341291,397899,382906,330142,269420,296842,321819,323855,318973,322638,312457,87489,87418,74362,100375,89720,67717,109266,79829,78907,47230,23930,38808,84180,37935,66978,86648,77555,68550,63786,76694,21625,56364
STAT,(NULL),ConflictTime,44,0,0,0,0,0,0,0,0,0,0,0,0,0,0,0,0,0,0,0,0,0,0,0,0,0,0,0,0,0,0,0,0,0,0,0,0,0,0,0,0,0,0,0,0,0
STAT,(NULL),Conflicts,44,0,0,0,0,0,0,0,0,0,0,0,0,0,0,0,0,0,0,0,0,0,0,0,0,0,0,0,0,0,0,0,0,0,0,0,0,0,0,0,0,0,0,0,0,0
STAT,(NULL),EmptyPopTime,44,973640428,24874636,23728922,23482441,23125944,22800223,23678261,23501657,24672264,24558858,23283146,23508125,23386394,23415934,24529899,23786687,23654061,23827598,23612623,23481870,23190582,23370345,23671440,20669340,20348882,20498254,20640936,20416658,20254804,20713229,21299960,20228757,20481817,20831278,20551090,20449997,20525052,20835780,20861701,20513594,20410713,20495358,20106160,20720773,20644385
STAT,(NULL),EmptyWork,44,6967243581,166773841,161419349,160142986,154896081,156692191,155649291,157175037,160850396,155431745,158804457,159984619,158526810,155588732,158581465,154889300,159077085,154984535,159598106,156649604,156261303,155762799,156483646,158218178,156724734,154517548,159338115,160915590,159627734,158605107,158594748,157881950,160272722,157061509,159457972,160772363,158636938,160014156,156936779,158993491,159112571,157985994,159779940,157938878,161633186
STAT,(NULL),GaloisTime,44,22579186092,565745998,513576222,509757906,512619348,512934312,511332826,509690786,514520123,510575246,513394322,513889600,514603504,517435737,514029117,511006244,512279832,511205761,510180780,510377135,509301600,511501132,512578226,512388745,512878058,511436832,511770816,511146836,517242753,513531279,509500399,511656028,510733109,512093747,510395013,511364266,511664561,512063663,508316537,509130379,511476826,513302931,513242335,510397577,510917645
STAT,(NULL),InitPushTime,44,7907412,167176,192748,191111,108820,116354,119583,110743,107254,105666,105879,104176,106465,106531,106137,131442,127512,127627,111168,111420,126149,112901,129863,263619,236573,259219,248079,243401,230882,235466,261096,260722,225661,248278,250089,216678,225882,220550,211890,219898,217067,221408,223923,242968,217338
STAT,(NULL),Iterations,44,41867695,820464,951925,954802,954165,955966,954178,953711,955349,952666,956358,954553,955628,956164,955484,951825,949036,949000,953754,950999,950638,949324,950443,958103,956229,956324,960613,957779,959976,954538,956724,958623,958158,959426,955306,954949,956850,954193,951086,951640,956444,955465,957435,951074,950328
STAT,(NULL),LoopTime,44,13646341206,13646341206,0,0,0,0,0,0,0,0,0,0,0,0,0,0,0,0,0,0,0,0,0,0,0,0,0,0,0,0,0,0,0,0,0,0,0,0,0,0,0,0,0,0,0
STAT,(NULL),MeminfoPost,44,1584,36,36,36,36,36,36,36,36,36,36,36,36,36,36,36,36,36,36,36,36,36,36,36,36,36,36,36,36,36,36,36,36,36,36,36,36,36,36,36,36,36,36,36,36
STAT,(NULL),MeminfoPre,44,1584,36,36,36,36,36,36,36,36,36,36,36,36,36,36,36,36,36,36,36,36,36,36,36,36,36,36,36,36,36,36,36,36,36,36,36,36,36,36,36,36,36,36,36,36
STAT,(NULL),NumaPost,44,17745,12878,3741,551,575,0,0,0,0,0,0,0,0,0,0,0,0,0,0,0,0,0,0,0,0,0,0,0,0,0,0,0,0,0,0,0,0,0,0,0,0,0,0,0,0
STAT,(NULL),PopTime,44,99700530064,2216224057,2268766289,2267755323,2253863648,2271290560,2261699771,2270855175,2269905963,2259815301,2265312097,2262360956,2263785964,2270760585,2263260652,2273837673,2271853855,2272914909,2261309021,2252440891,2271323179,2271909406,2273919056,2278781297,2268993807,2263051922,2263973298,2263490323,2263522530,2263068528,2268904150,2258444493,2263252807,2263919825,2260394233,2266860822,2258537941,2276522340,2283879229,2285930645,2257798994,2261531415,2259298992,2275284218,2279923924
STAT,(NULL),PushTime,44,223085249532,5382226476,5075351880,5056710082,5097182963,5069672208,5091752923,5067064373,5049040604,5082227113,5085792645,5079905878,5055952986,5045253052,5074284639,5025329422,5013345129,5044295214,5075609650,5087620346,5056303853,5020405724,5012362309,5064872271,5069002858,5089704941,5081498377,5066444261,5065998879,5069643601,5061122575,5097018633,5101465545,5077381443,5069416151,5073433280,5072902493,5012465058,5022649839,5033263786,5079499617,5081269424,5072956914,5037465498,5038084619
STAT,(NULL),RusageSys,44,80000,80000,0,0,0,0,0,0,0,0,0,0,0,0,0,0,0,0,0,0,0,0,0,0,0,0,0,0,0,0,0,0,0,0,0,0,0,0,0,0,0,0,0,0,0
STAT,(NULL),RusageUser,44,269888000,269888000,0,0,0,0,0,0,0,0,0,0,0,0,0,0,0,0,0,0,0,0,0,0,0,0,0,0,0,0,0,0,0,0,0,0,0,0,0,0,0,0,0,0,0
STAT,(NULL),Threads,44,44,44,0,0,0,0,0,0,0,0,0,0,0,0,0,0,0,0,0,0,0,0,0,0,0,0,0,0,0,0,0,0,0,0,0,0,0,0,0,0,0,0,0,0,0
STAT,(NULL),Time,44,13661376114,13661376114,0,0,0,0,0,0,0,0,0,0,0,0,0,0,0,0,0,0,0,0,0,0,0,0,0,0,0,0,0,0,0,0,0,0,0,0,0,0,0,0,0,0,0
STAT,(NULL),TotalTime,44,33269025374,33269025374,0,0,0,0,0,0,0,0,0,0,0,0,0,0,0,0,0,0,0,0,0,0,0,0,0,0,0,0,0,0,0,0,0,0,0,0,0,0,0,0,0,0,0
STAT,(NULL),UserTime,44,240124387644,5131202210,5444211314,5469203184,5445363892,5453661053,5442938783,5458765069,5468064444,5454443465,5440464041,5447401903,5470797219,5474597066,5452365989,5498204110,5506840421,5479825115,5456741223,5456481341,5470671729,5504102737,5508036981,5452118639,5459100371,5447839140,5449829156,5464637336,5460403273,5461486447,5467628780,5441821482,5430843011,5455762914,5466837241,5454169785,5464782494,5505147638,5494407207,5479218950,5458751190,5452465248,5461664753,5485242892,5475846408
STAT,(NULL),Work,44,593459151128,13487166586,13487741414,13487687033,13487705236,13487729097,13487747883,13487717875,13487747282,13487714574,13487730304,13487703073,13487749331,13487692410,13487706584,13487735084,13487737508,13487710340,13487703622,13487702230,13487688987,13487700906,13487694886,13487727451,13487727867,13487741109,13487714528,13487723591,13487747366,13487701531,13487731524,13487737084,13487735467,13487736851,13487718335,13487701602,13487743910,13487718437,13487702254,13487708401,13487721461,13487721902,13487701850,13487743170,13487733192
STAT,(NULL),nBad,44,56226,717,601,1118,1491,997,1112,1160,2136,743,763,1305,980,1327,1217,1355,1034,2235,1141,1935,850,1964,521,557,950,726,717,2475,784,1284,1134,1085,726,617,2042,1132,2914,933,1709,1009,3141,452,2462,1304,1371
STAT,(NULL),nEmpty,44,25192663,496298,572138,573826,573444,573768,574477,573532,574815,572448,576596,573585,574463,574073,573806,571998,568908,570136,573832,571569,571159,569172,570279,576680,575738,575769,579889,577916,579055,574148,576184,579017,579058,578421,575606,576346,575133,573326,571118,572115,575088,576600,577666,572004,571464
STAT,(NULL),nEmptyPop,44,604566,13407,14714,14562,14427,14211,14712,14527,14647,14589,14522,14578,14499,14530,14562,14676,14580,14724,14659,14618,14269,14430,14572,13158,12949,13010,13152,12974,12865,13122,12858,12947,12986,13196,12969,12921,12953,13140,12948,12854,12975,12917,12752,12965,12940
STAT,(NULL),nOverall,44,268342849,5278520,6107401,6138031,6115978,6132573,6113478,6119551,6133362,6116736,6120280,6127838,6127417,6141349,6130298,6127517,6145286,6102570,6122236,6124212,6094782,6132999,6134062,6102271,6110180,6101598,6112827,6121834,6127372,6112044,6121335,6110930,6097276,6113983,6119453,6119341,6122499,6128956,6109098,6092102,6110903,6107692,6135310,6094430,6084939
STAT,(NULL),nPop,44,41867695,820464,951925,954802,954165,955966,954178,953711,955349,952666,956358,954553,955628,956164,955484,951825,949036,949000,953754,950999,950638,949324,950443,958103,956229,956324,960613,957779,959976,954538,956724,958623,958158,959426,955306,954949,956850,954193,951086,951640,956444,955465,957435,951074,950328
STAT,(NULL),nPush,44,41864981,811068,953807,955766,953799,957858,955855,955983,955965,953873,953814,956007,958154,955939,958028,955694,955852,953667,955923,955917,951659,956068,953963,953809,953618,951590,953865,953891,956005,955895,953828,953917,955945,953911,953909,955862,953869,953952,951555,953707,955895,953846,955905,953732,951816
STAT,(NULL),nPushInit,44,2714,65,65,64,63,64,65,62,62,60,63,62,62,62,61,64,65,64,60,60,64,61,65,60,62,64,60,62,63,63,65,64,62,64,64,61,62,63,59,62,59,60,62,64,26
==== BENCHMARK TOOK 16.065
==== BENCHMARK START ===
==== PARAMS kernel=4.9.5-64-net1 malloc=libc hostname=rack-mad-04 threads=44 delta=4 prog=sssp-klsm4096mq4  ===
ERROR: ld.so: object '/specific/disk1/home/adamx/malloc/lib64/libjemalloc.so' from LD_PRELOAD cannot be preloaded (cannot open shared object file): ignored.
Galois Benchmark Suite v2.2.1 (r0)
Copyright (C) 2014 The University of Texas at Austin
http://iss.ices.utexas.edu/galois/

application: Single Source Shortest Path
Computes the shortest path from a source node to all nodes in a directed graph using a modified chaotic iteration algorithm
http://iss.ices.utexas.edu/?p=projects/galois/benchmarks/single_source_shortest_path

INFO: CommandLine ./build/debug/apps/sssp/sssp -noverify -t 44 -delta 4 -wl klsm4096mq4 -startNode 0 /specific/disk1/home/mad/Galois-PQ/inputs/scalefree/rmat16p-2e24.gr
INFO: Hostname rack-mad-04
Read 16777216 nodes
Running Asynchronous with CAS version
INFO: Using delta-step of 1
WARNING: Performance varies considerably due to delta parameter.
WARNING: Do not expect the default to be good for your graph.
Node 1 has distance 2
STATTYPE,LOOP,CATEGORY,n,sum,T0,T1,T2,T3,T4,T5,T6,T7,T8,T9,T10,T11,T12,T13,T14,T15,T16,T17,T18,T19,T20,T21,T22,T23,T24,T25,T26,T27,T28,T29,T30,T31,T32,T33,T34,T35,T36,T37,T38,T39,T40,T41,T42,T43
STAT,(NULL),BadWork,44,53238493,943496,1310785,565494,436530,2852012,667190,777400,2406213,591663,1774167,1212764,1129151,1432158,429104,1251391,804943,1912085,1891000,1240142,758980,619557,1515330,976173,726274,2821993,443713,1016552,815117,471611,753428,373673,1103634,3104042,531697,1462670,1108503,1589320,695508,2160455,2356602,1124042,1322695,873092,886144
STAT,(NULL),BarrierTime,44,11766861,1124588,523063,550495,481018,472569,513195,507785,461056,421360,387115,391986,438331,376603,414438,407662,352100,347160,322974,318946,305703,306871,174170,135597,114944,154402,127761,117232,152019,156775,113758,121274,142890,105604,99976,126792,46801,63055,58350,34263,74028,75033,51262,23807,72050
STAT,(NULL),ConflictTime,44,0,0,0,0,0,0,0,0,0,0,0,0,0,0,0,0,0,0,0,0,0,0,0,0,0,0,0,0,0,0,0,0,0,0,0,0,0,0,0,0,0,0,0,0,0
STAT,(NULL),Conflicts,44,0,0,0,0,0,0,0,0,0,0,0,0,0,0,0,0,0,0,0,0,0,0,0,0,0,0,0,0,0,0,0,0,0,0,0,0,0,0,0,0,0,0,0,0,0
STAT,(NULL),EmptyPopTime,44,981780460,26026641,23616880,23524379,23363225,23384651,23495973,23961293,23960769,23671135,23746618,23714742,23826363,23670104,23436503,23997095,23838221,23217899,24560542,23170431,23713252,23656222,23784673,20488816,21855982,20366359,21600057,20692423,20579474,20670508,20647948,20646165,20494210,20961221,20569935,20402523,20797306,20558926,21030829,20939120,20752221,21600766,21017639,20909065,20861356
STAT,(NULL),EmptyWork,44,6939992507,167332994,158621374,155790059,156939956,157692606,156029806,156889192,157212632,157035138,155395406,160116725,157018307,156553624,155425517,156580162,158776295,156163168,155612683,157332337,158478408,153702676,157739992,158903206,157937304,155661102,160421381,161063183,158519871,157874776,159027194,159124374,158314656,155936766,156429499,160279866,158103434,161623176,152692773,156306019,157462151,160777841,157662364,159642479,153790035
STAT,(NULL),GaloisTime,44,22628380043,580270580,512759446,510374821,514100217,515277327,516187822,513118016,516366044,510802785,514072488,512453515,512844405,511355085,512961098,512809012,511041572,511185335,511534824,511259654,512110283,518939308,512164332,512103344,513817513,511801021,513907295,510980745,514314627,510829031,513221177,513794181,512820397,511817285,513376781,513396961,512185094,511932286,508457705,513306011,511619876,512916505,511474051,516615568,509704620
STAT,(NULL),InitPushTime,44,7618457,185532,197425,191451,120542,116415,116809,105755,110846,106853,108258,104948,104456,107645,106865,119407,120742,120211,105108,106058,120988,104459,226666,208897,240988,263560,208296,216583,216971,214507,233332,236735,208267,230728,232137,207658,206162,209990,203984,210423,208266,205289,205590,230780,211875
STAT,(NULL),Iterations,44,41866454,792261,955575,954517,953989,956738,957450,953576,953471,953997,956088,957946,954969,955467,954627,949576,949159,948556,951444,953962,952205,950938,948051,955895,958171,957089,960918,960387,959909,954772,959093,961680,961102,957928,954948,959090,958431,952990,949674,951149,955563,959197,957358,954934,951614
STAT,(NULL),LoopTime,44,13729923912,13729923912,0,0,0,0,0,0,0,0,0,0,0,0,0,0,0,0,0,0,0,0,0,0,0,0,0,0,0,0,0,0,0,0,0,0,0,0,0,0,0,0,0,0,0
STAT,(NULL),MeminfoPost,44,1584,36,36,36,36,36,36,36,36,36,36,36,36,36,36,36,36,36,36,36,36,36,36,36,36,36,36,36,36,36,36,36,36,36,36,36,36,36,36,36,36,36,36,36,36
STAT,(NULL),MeminfoPre,44,1584,36,36,36,36,36,36,36,36,36,36,36,36,36,36,36,36,36,36,36,36,36,36,36,36,36,36,36,36,36,36,36,36,36,36,36,36,36,36,36,36,36,36,36,36
STAT,(NULL),NumaPost,44,17737,12868,3733,559,577,0,0,0,0,0,0,0,0,0,0,0,0,0,0,0,0,0,0,0,0,0,0,0,0,0,0,0,0,0,0,0,0,0,0,0,0,0,0,0,0
STAT,(NULL),PopTime,44,100100759181,2227350063,2283760764,2277671743,2262571962,2277927461,2273188050,2278806063,2271853155,2279537975,2268246097,2279471163,2271758145,2277365706,2269851655,2283341908,2279498424,2278763814,2265796114,2272090513,2278541664,2283311547,2276911029,2275829192,2275453555,2270520755,2271511591,2275671631,2272591905,2273888674,2279760995,2273748764,2277767600,2263806976,2264995269,2278754898,2276307775,2285101812,2290663468,2289923061,2267480073,2275281323,2266613318,2287481906,2289989625
STAT,(NULL),PushTime,44,226313549918,5568044727,5124234237,5138974411,5182771770,5133233197,5132377771,5138616215,5149380583,5146337198,5157715602,5136590823,5126720039,5125757124,5162277758,5099894958,5105599637,5097706361,5154056611,5151188997,5110767381,5094834696,5118144929,5151126870,5125504895,5146369188,5148934443,5159744410,5135801362,5170429341,5132493012,5152738338,5135349666,5158590650,5145467648,5126315363,5141598775,5102507733,5106208996,5091854310,5143654709,5144805356,5164632759,5077916061,5096281008
STAT,(NULL),RusageSys,44,4000,4000,0,0,0,0,0,0,0,0,0,0,0,0,0,0,0,0,0,0,0,0,0,0,0,0,0,0,0,0,0,0,0,0,0,0,0,0,0,0,0,0,0,0,0
STAT,(NULL),RusageUser,44,271640000,271640000,0,0,0,0,0,0,0,0,0,0,0,0,0,0,0,0,0,0,0,0,0,0,0,0,0,0,0,0,0,0,0,0,0,0,0,0,0,0,0,0,0,0,0
STAT,(NULL),Threads,44,44,44,0,0,0,0,0,0,0,0,0,0,0,0,0,0,0,0,0,0,0,0,0,0,0,0,0,0,0,0,0,0,0,0,0,0,0,0,0,0,0,0,0,0,0
STAT,(NULL),Time,44,13745895699,13745895699,0,0,0,0,0,0,0,0,0,0,0,0,0,0,0,0,0,0,0,0,0,0,0,0,0,0,0,0,0,0,0,0,0,0,0,0,0,0,0,0,0,0,0
STAT,(NULL),TotalTime,44,33130962248,33130962248,0,0,0,0,0,0,0,0,0,0,0,0,0,0,0,0,0,0,0,0,0,0,0,0,0,0,0,0,0,0,0,0,0,0,0,0,0,0,0,0,0,0,0
STAT,(NULL),UserTime,44,240152303119,5001808829,5467845392,5464501658,5431090484,5463324025,5469557032,5459446206,5452063860,5453452703,5451661748,5458490409,5478670668,5476133595,5446884858,5494214111,5492083283,5503801580,5459274998,5455795988,5487228531,5496394552,5482087895,5452380454,5476263744,5466115419,5454461271,5442680920,5469027828,5437140867,5465685116,5450780962,5466086638,5459719517,5469994787,5471685196,5461840467,5489110461,5491780337,5498506198,5469867089,5455451103,5449434734,5508271024,5500206582
STAT,(NULL),Work,44,597145305129,13570979040,13571518982,13571495957,13571520488,13571515802,13571493387,13571489035,13571476727,13571477237,13571511460,13571507461,13571503298,13571518485,13571483646,13571474403,13571487230,13571494079,13571479592,13571484099,13571481222,13571497280,13571475174,13571498968,13571520481,13571476000,13571508203,13571518849,13571482359,13571475795,13571519775,13571508943,13571475191,13571493738,13571497727,13571497546,13571511506,13571489005,13571500100,13571519407,13571474870,13571483353,13571506546,13571507040,13571475643
STAT,(NULL),nBad,44,62041,1106,1519,641,528,2095,754,917,2941,710,2116,1411,1285,1700,491,1524,963,2538,2198,1450,863,726,1821,1194,858,3567,489,1202,917,528,893,418,1218,3742,631,1779,1310,1871,801,2553,2811,1269,1594,1020,1079
STAT,(NULL),nEmpty,44,25191674,482297,574238,573795,573910,575788,574499,572860,573641,574587,575022,575535,573582,574952,574855,569844,570028,568384,572344,573931,573239,571023,569731,575476,575894,576281,579429,579638,577935,575628,576677,579153,578736,577686,575556,578327,577010,572894,570835,571904,575026,576848,577509,573569,571578
STAT,(NULL),nEmptyPop,44,607264,13280,14585,14528,14474,14512,14571,14808,14791,14681,14716,14738,14808,14743,14546,14744,14680,14218,14504,14366,14627,14696,14630,12972,13002,12876,13005,13122,13023,12977,12993,13074,12917,13310,12995,12908,13203,12913,13097,13077,13147,12973,13272,13066,13096
STAT,(NULL),nOverall,44,268348664,4971634,6132239,6133145,6109889,6147787,6151612,6123014,6117364,6129744,6128196,6144657,6146456,6133844,6112466,6126619,6113300,6142153,6118625,6129681,6124117,6132539,6108008,6109621,6128795,6129822,6134254,6106213,6143890,6081053,6126932,6125261,6147022,6123375,6131171,6129348,6125635,6123236,6108840,6112323,6124075,6117068,6114710,6120801,6108130
STAT,(NULL),nPop,44,41866454,792261,955575,954517,953989,956738,957450,953576,953471,953997,956088,957946,954969,955467,954627,949576,949159,948556,951444,953962,952205,950938,948051,955895,958171,957089,960918,960387,959909,954772,959093,961680,961102,957928,954948,959090,958431,952990,949674,951149,955563,959197,957358,954934,951614
STAT,(NULL),nPush,44,41863737,777637,958527,954463,956485,958555,958585,956485,954484,954232,954564,956553,956569,954535,958420,956515,956205,956275,954538,956556,952318,956543,958556,954301,954439,954491,954580,954574,956514,950342,956556,956568,954417,956606,956503,956572,956539,956519,952325,954265,954419,954492,954388,956469,950258
STAT,(NULL),nPushInit,44,2717,65,65,65,64,64,65,62,62,60,62,62,62,63,61,64,65,64,60,60,64,61,65,60,61,64,60,63,63,63,65,64,62,64,64,61,62,63,59,62,60,60,62,64,26
==== BENCHMARK TOOK 15.916
==== BENCHMARK START ===
==== PARAMS kernel=4.9.5-64-net1 malloc=libc hostname=rack-mad-04 threads=44 delta=4 prog=sssp-klsm4096mq4  ===
ERROR: ld.so: object '/specific/disk1/home/adamx/malloc/lib64/libjemalloc.so' from LD_PRELOAD cannot be preloaded (cannot open shared object file): ignored.
Galois Benchmark Suite v2.2.1 (r0)
Copyright (C) 2014 The University of Texas at Austin
http://iss.ices.utexas.edu/galois/

application: Single Source Shortest Path
Computes the shortest path from a source node to all nodes in a directed graph using a modified chaotic iteration algorithm
http://iss.ices.utexas.edu/?p=projects/galois/benchmarks/single_source_shortest_path

INFO: CommandLine ./build/debug/apps/sssp/sssp -noverify -t 44 -delta 4 -wl klsm4096mq4 -startNode 0 /specific/disk1/home/mad/Galois-PQ/inputs/scalefree/rmat16p-2e24.gr
INFO: Hostname rack-mad-04
Read 16777216 nodes
Running Asynchronous with CAS version
INFO: Using delta-step of 1
WARNING: Performance varies considerably due to delta parameter.
WARNING: Do not expect the default to be good for your graph.
Node 1 has distance 2
STATTYPE,LOOP,CATEGORY,n,sum,T0,T1,T2,T3,T4,T5,T6,T7,T8,T9,T10,T11,T12,T13,T14,T15,T16,T17,T18,T19,T20,T21,T22,T23,T24,T25,T26,T27,T28,T29,T30,T31,T32,T33,T34,T35,T36,T37,T38,T39,T40,T41,T42,T43
STAT,(NULL),BadWork,44,56626742,1966766,1280153,1077419,590103,1132578,1207819,713662,1010849,1087719,1344006,1117913,1262609,1587345,1609623,1048536,815383,1212265,1302907,1361141,976009,989322,2077789,619842,645583,1237545,1264500,2098434,1609032,2012331,512160,3061599,1599162,825301,920369,3150608,1641473,591376,1455894,1262679,278539,1854277,610234,952896,1650992
STAT,(NULL),BarrierTime,44,11879778,1095358,542053,533277,480914,485760,478350,508664,437345,445052,454684,418379,420647,406208,421541,386760,278608,295968,307524,322954,281482,300092,284679,123146,148050,144606,140782,149259,114972,113892,135323,131418,96597,55094,47347,87547,103725,106808,87697,103501,93384,115326,97572,17597,79836
STAT,(NULL),ConflictTime,44,0,0,0,0,0,0,0,0,0,0,0,0,0,0,0,0,0,0,0,0,0,0,0,0,0,0,0,0,0,0,0,0,0,0,0,0,0,0,0,0,0,0,0,0,0
STAT,(NULL),Conflicts,44,0,0,0,0,0,0,0,0,0,0,0,0,0,0,0,0,0,0,0,0,0,0,0,0,0,0,0,0,0,0,0,0,0,0,0,0,0,0,0,0,0,0,0,0,0
STAT,(NULL),EmptyPopTime,44,978771053,26509845,23776297,23484042,23617571,23535197,23575254,23782953,23344504,23499907,23318882,23214786,23657900,24596815,23558424,23494574,23448715,23423972,23227209,23434933,23913607,23878466,23371179,21770259,20755630,20516449,20432722,20707202,21644887,20878245,20717218,20314073,20668303,20779033,20854601,20524755,20787549,20688749,20623076,21175425,20687761,20353943,20290643,20858444,21077054
STAT,(NULL),EmptyWork,44,6994125683,171546586,155099547,157367864,162775351,154451499,161518751,154755032,157488445,157611565,159630123,158355512,159998611,160689773,159853169,155736933,154812418,157327906,161905233,159640346,158141392,161428381,158267205,156491829,159826782,159249400,153796002,159581555,157311180,160849146,163192855,158586289,157241455,159158450,159102851,161130821,159224133,160561456,161153644,158038199,157445587,159785511,156465863,160857313,156673720
STAT,(NULL),GaloisTime,44,22610095300,574243901,510764549,512389242,513608652,510717693,510843790,509519803,512837233,511375543,512877963,514498240,511832091,511014489,512790504,510876278,508561893,512012431,512608431,515765869,512105691,511512322,509449223,514141263,514151112,511477925,517645716,514022594,514683403,513790214,513040149,513965769,512553600,513507194,512765911,510730550,514937132,512139028,509280224,512297889,515214390,511082106,514115324,511705257,510642719
STAT,(NULL),InitPushTime,44,7766144,227510,194665,198257,117207,122077,117298,106322,107539,106250,110258,105124,109860,108768,110710,121880,129660,121382,110382,116570,125252,109739,126059,243775,218533,244618,214969,218915,213590,220198,249495,244354,211992,240958,285437,214991,217301,215959,212021,218717,209535,206682,209909,235936,215490
STAT,(NULL),Iterations,44,41875514,779408,952345,953152,957701,951965,953459,951000,953718,954799,954417,954274,956884,954681,956325,954400,950786,951397,955489,955988,952860,949761,950194,958972,957768,959925,961975,959460,960099,957122,959720,959822,961638,959064,957603,957649,958022,953301,950807,952487,960620,958712,959858,954122,951765
STAT,(NULL),LoopTime,44,13779372431,13779372431,0,0,0,0,0,0,0,0,0,0,0,0,0,0,0,0,0,0,0,0,0,0,0,0,0,0,0,0,0,0,0,0,0,0,0,0,0,0,0,0,0,0,0
STAT,(NULL),MeminfoPost,44,1584,36,36,36,36,36,36,36,36,36,36,36,36,36,36,36,36,36,36,36,36,36,36,36,36,36,36,36,36,36,36,36,36,36,36,36,36,36,36,36,36,36,36,36,36
STAT,(NULL),MeminfoPre,44,1584,36,36,36,36,36,36,36,36,36,36,36,36,36,36,36,36,36,36,36,36,36,36,36,36,36,36,36,36,36,36,36,36,36,36,36,36,36,36,36,36,36,36,36,36
STAT,(NULL),NumaPost,44,17725,12869,3935,564,357,0,0,0,0,0,0,0,0,0,0,0,0,0,0,0,0,0,0,0,0,0,0,0,0,0,0,0,0,0,0,0,0,0,0,0,0,0,0,0,0
STAT,(NULL),PopTime,44,100497099698,2204014272,2288026864,2287030676,2280925342,2275796546,2277122514,2281997193,2287270650,2288680999,2282879090,2279159867,2285062580,2278595520,2279665896,2297660803,2295484927,2290325588,2284373492,2279286423,2295073267,2291933267,2290211006,2289407472,2286928303,2288635712,2283513997,2284538053,2281651721,2285648773,2293912605,2274211320,2283474907,2278993622,2277588423,2279161415,2276872518,2295777307,2301356264,2294280042,2286139439,2281950821,2280397771,2298940814,2293141617
STAT,(NULL),PushTime,44,227984051400,5574705657,5190917560,5187730531,5184950865,5209098879,5206484144,5203286829,5180561534,5193737499,5193637076,5200576234,5162917618,5178297686,5171088519,5118566743,5143582592,5117131861,5165657447,5188338003,5136146293,5141437690,5147305694,5161115618,5184486107,5166054278,5173414154,5184878797,5202188563,5168182027,5156845921,5217575353,5183202258,5204389643,5179335591,5188572517,5211397354,5132668175,5137917766,5133049177,5165871273,5178556918,5200056167,5126137669,5131999120
STAT,(NULL),RusageSys,44,52000,52000,0,0,0,0,0,0,0,0,0,0,0,0,0,0,0,0,0,0,0,0,0,0,0,0,0,0,0,0,0,0,0,0,0,0,0,0,0,0,0,0,0,0,0
STAT,(NULL),RusageUser,44,272556000,272556000,0,0,0,0,0,0,0,0,0,0,0,0,0,0,0,0,0,0,0,0,0,0,0,0,0,0,0,0,0,0,0,0,0,0,0,0,0,0,0,0,0,0,0
STAT,(NULL),Threads,44,44,44,0,0,0,0,0,0,0,0,0,0,0,0,0,0,0,0,0,0,0,0,0,0,0,0,0,0,0,0,0,0,0,0,0,0,0,0,0,0,0,0,0,0,0
STAT,(NULL),Time,44,13801422400,13801422400,0,0,0,0,0,0,0,0,0,0,0,0,0,0,0,0,0,0,0,0,0,0,0,0,0,0,0,0,0,0,0,0,0,0,0,0,0,0,0,0,0,0,0
STAT,(NULL),TotalTime,44,34641624638,34641624638,0,0,0,0,0,0,0,0,0,0,0,0,0,0,0,0,0,0,0,0,0,0,0,0,0,0,0,0,0,0,0,0,0,0,0,0,0,0,0,0,0,0,0
STAT,(NULL),UserTime,44,240213062577,5068908955,5451351408,5451934907,5454059081,5446337381,5440389509,5446596132,5458434786,5445032564,5447593144,5444132581,5476468718,5466741654,5472979714,5513600056,5494046237,5519713473,5472165617,5453467873,5494554149,5489747565,5491332731,5477012348,5453787856,5474004846,5471135348,5456207022,5442455888,5470587012,5472228375,5435285202,5462795580,5443107994,5470290826,5459818215,5436716938,5498103148,5489604929,5501097025,5474577732,5468207271,5448612590,5501435935,5506402262
STAT,(NULL),Work,44,599305727191,13620075553,13620593651,13620583252,13620613569,13620604254,13620597795,13620579777,13620590674,13620585842,13620572208,13620611415,13620568329,13620582139,13620565268,13620587361,13620620931,13620612336,13620613150,13620588668,13620622377,13620620674,13620621842,13620610772,13620581823,13620581440,13620592802,13620581547,13620618734,13620618795,13620581519,13620597739,13620600087,13620581668,13620581638,13620607173,13620586939,13620581619,13620607273,13620583632,13620603043,13620583134,13620600273,13620622964,13620611512
STAT,(NULL),nBad,44,64377,2295,1484,1130,657,1147,1393,813,1166,1279,1468,1279,1509,1848,1881,1257,884,1429,1461,1581,1129,1147,2407,678,742,1429,1427,2415,1871,2267,577,3149,1774,951,1067,3718,1987,683,1398,1516,283,2115,648,1129,1909
STAT,(NULL),nEmpty,44,25200136,457507,573121,571872,576667,573403,574357,572985,573916,576124,574536,574632,575713,575096,575670,572360,571117,570114,575175,574991,573113,570373,570660,578476,577432,578841,581385,578563,579439,576416,578805,579133,579601,578947,576347,577696,578061,572640,570432,572434,578912,577557,579337,574524,571656
STAT,(NULL),nEmptyPop,44,606483,13104,14687,14533,14647,14595,14631,14606,14531,14536,14454,14426,14695,14644,14706,14521,14498,14460,14433,14559,14751,14735,14466,12954,13148,13050,12977,13142,13078,13184,13114,12918,13128,13190,13155,12969,13134,12963,12955,13153,13124,12879,12872,13043,13135
STAT,(NULL),nOverall,44,268351000,5133511,6102755,6111485,6130059,6115943,6107720,6092437,6106810,6118016,6121507,6112171,6137887,6118066,6138444,6135020,6113967,6143336,6137569,6105218,6121478,6116624,6118288,6135409,6111898,6154486,6153316,6135868,6109182,6135951,6151941,6108895,6116308,6108028,6127476,6110649,6092687,6135874,6106606,6114316,6129185,6120596,6106123,6125164,6122731
STAT,(NULL),nPop,44,41875514,779408,952345,953152,957701,951965,953459,951000,953718,954799,954417,954274,956884,954681,956325,954400,950786,951397,955489,955988,952860,949761,950194,958972,957768,959925,961975,959460,960099,957122,959720,959822,961638,959064,957603,957649,958022,953301,950807,952487,960620,958712,959858,954122,951765
STAT,(NULL),nPush,44,41872800,802227,956635,952546,956756,954713,958706,954644,952645,954522,954604,954587,958728,956561,956804,958646,956351,956383,956574,952573,952557,954487,954640,956685,954582,956930,956947,954619,954659,956807,956409,954648,954541,952649,954635,952316,952719,956557,950380,954522,954782,956652,954657,956547,952668
STAT,(NULL),nPushInit,44,2714,62,65,64,64,64,65,62,62,61,63,62,62,63,61,64,65,64,60,60,64,61,65,60,61,64,60,62,63,63,65,64,62,64,64,61,62,63,60,62,59,60,62,64,26
==== BENCHMARK TOOK 16.555
==== BENCHMARK START ===
==== PARAMS kernel=4.9.5-64-net1 malloc=libc hostname=rack-mad-04 threads=44 delta=4 prog=sssp-klsm4096mq4  ===
ERROR: ld.so: object '/specific/disk1/home/adamx/malloc/lib64/libjemalloc.so' from LD_PRELOAD cannot be preloaded (cannot open shared object file): ignored.
Galois Benchmark Suite v2.2.1 (r0)
Copyright (C) 2014 The University of Texas at Austin
http://iss.ices.utexas.edu/galois/

application: Single Source Shortest Path
Computes the shortest path from a source node to all nodes in a directed graph using a modified chaotic iteration algorithm
http://iss.ices.utexas.edu/?p=projects/galois/benchmarks/single_source_shortest_path

INFO: CommandLine ./build/debug/apps/sssp/sssp -noverify -t 44 -delta 4 -wl klsm4096mq4 -startNode 0 /specific/disk1/home/mad/Galois-PQ/inputs/scalefree/rmat16p-2e24.gr
INFO: Hostname rack-mad-04
Read 16777216 nodes
Running Asynchronous with CAS version
INFO: Using delta-step of 1
WARNING: Performance varies considerably due to delta parameter.
WARNING: Do not expect the default to be good for your graph.
Node 1 has distance 2
STATTYPE,LOOP,CATEGORY,n,sum,T0,T1,T2,T3,T4,T5,T6,T7,T8,T9,T10,T11,T12,T13,T14,T15,T16,T17,T18,T19,T20,T21,T22,T23,T24,T25,T26,T27,T28,T29,T30,T31,T32,T33,T34,T35,T36,T37,T38,T39,T40,T41,T42,T43
STAT,(NULL),BadWork,44,47743794,433820,726530,637919,1075399,2629845,522882,867400,927629,963872,1284158,1582095,1908194,401436,619566,698502,1683470,390885,820154,1312756,1282734,1450451,1084250,1008051,1809465,1499765,1084130,1839581,922015,781511,661334,1597028,1038587,1066687,2357225,986301,1197306,905533,758852,997670,696174,608713,1270384,790693,562842
STAT,(NULL),BarrierTime,44,9738115,1121204,477208,463286,450096,460124,452193,427886,372913,353821,388747,359101,390883,337131,319113,332166,291817,248330,267180,218382,277621,263059,239994,66583,68659,76229,37844,44709,64869,79985,55078,46386,80112,51326,37151,62052,23177,21912,59682,31893,79993,79901,80244,48158,29917
STAT,(NULL),ConflictTime,44,0,0,0,0,0,0,0,0,0,0,0,0,0,0,0,0,0,0,0,0,0,0,0,0,0,0,0,0,0,0,0,0,0,0,0,0,0,0,0,0,0,0,0,0,0
STAT,(NULL),Conflicts,44,0,0,0,0,0,0,0,0,0,0,0,0,0,0,0,0,0,0,0,0,0,0,0,0,0,0,0,0,0,0,0,0,0,0,0,0,0,0,0,0,0,0,0,0,0
STAT,(NULL),EmptyPopTime,44,984975394,25219502,23855813,25148479,23366005,23718299,23620536,23380490,23396838,23728583,23431752,23656129,23851471,24059773,23519946,25187586,23626963,23807187,23490135,23575499,24778929,24130268,23808599,20663320,21945827,20514737,20543926,20271598,21996892,20987699,20294912,20227056,20665713,20494985,20959022,20842480,20879755,22359620,21160428,20589722,20731689,20251404,20451165,20712669,21071993
STAT,(NULL),EmptyWork,44,6990160681,167782858,158048706,158609343,157031103,158886751,158084507,158952314,160018599,156815098,159789415,158449573,159363554,158214060,159598653,158117465,156251393,154440492,158961285,157809929,160430848,155306564,159867359,155603977,158689627,159058954,161892043,160888600,159512521,156726146,160940204,163081787,160924236,158801184,156185279,159724978,156960250,158169005,157801024,160534949,163824464,160153423,155812249,156881846,157164066
STAT,(NULL),GaloisTime,44,22614115547,590069842,511228241,509033700,511434079,510069870,512072681,512243859,513150575,512288350,511538910,515168691,510611975,511908217,508960977,513457164,510942975,511141410,513300064,509795161,510840330,508907203,512509573,512488927,512429391,509950173,512907304,512575391,512871577,511924018,512342396,512412079,513601970,514170301,515478665,510557590,517023551,513241019,513188558,509174034,512868487,513317019,516061655,512698615,512158980
STAT,(NULL),InitPushTime,44,7605483,144200,155239,157057,126317,116913,126668,104626,105815,106441,109353,116397,104132,110122,107715,119052,123130,120927,112661,109487,121941,109851,124074,236683,247214,264960,237681,239521,239096,243943,265247,273856,211428,210936,233662,210745,202004,199680,193307,201293,202898,208142,210738,236845,203486
STAT,(NULL),Iterations,44,41865080,781490,956267,950969,952437,951055,953776,956820,956068,955381,958515,955517,957010,956777,954034,952984,948172,951504,956033,952745,954468,949705,951935,955329,956319,955319,957899,959414,961133,956025,957767,959504,958915,959473,956941,955747,961976,953757,951926,952366,960164,959717,958712,951767,951248
STAT,(NULL),LoopTime,44,13707342310,13707342310,0,0,0,0,0,0,0,0,0,0,0,0,0,0,0,0,0,0,0,0,0,0,0,0,0,0,0,0,0,0,0,0,0,0,0,0,0,0,0,0,0,0,0
STAT,(NULL),MeminfoPost,44,1584,36,36,36,36,36,36,36,36,36,36,36,36,36,36,36,36,36,36,36,36,36,36,36,36,36,36,36,36,36,36,36,36,36,36,36,36,36,36,36,36,36,36,36,36
STAT,(NULL),MeminfoPre,44,1584,36,36,36,36,36,36,36,36,36,36,36,36,36,36,36,36,36,36,36,36,36,36,36,36,36,36,36,36,36,36,36,36,36,36,36,36,36,36,36,36,36,36,36,36
STAT,(NULL),NumaPost,44,17737,12864,3743,553,577,0,0,0,0,0,0,0,0,0,0,0,0,0,0,0,0,0,0,0,0,0,0,0,0,0,0,0,0,0,0,0,0,0,0,0,0,0,0,0,0
STAT,(NULL),PopTime,44,100013152172,2211719456,2280696804,2268241896,2256506891,2262875568,2261579984,2282565559,2278206131,2274991700,2275441654,2269456894,2272064232,2280329211,2265645729,2279920878,2280919882,2288998561,2278096287,2266544336,2281287942,2276656746,2282226608,2271299827,2271898669,2269015577,2265880961,2271228659,2275468187,2272329543,2274819118,2265114090,2263438249,2270280626,2266950152,2268589653,2278518634,2282328411,2290675057,2290746997,2280933335,2275862186,2266930059,2282911772,2282959461
STAT,(NULL),PushTime,44,225174359701,5561256282,5116045993,5135279516,5163279866,5129018517,5136240955,5102182121,5122763354,5126969139,5129420704,5136694897,5108262146,5117959550,5148335377,5062949342,5093264105,5071149348,5108233407,5123511197,5079237649,5092264963,5065380732,5118083205,5105149389,5139983035,5134350988,5112891153,5097104580,5098747156,5104826898,5128224628,5120010388,5101681100,5108504372,5102036230,5111758976,5075289232,5062345715,5058820792,5092254037,5111903008,5113782018,5074145639,5072768002
STAT,(NULL),RusageSys,44,4000,4000,0,0,0,0,0,0,0,0,0,0,0,0,0,0,0,0,0,0,0,0,0,0,0,0,0,0,0,0,0,0,0,0,0,0,0,0,0,0,0,0,0,0,0
STAT,(NULL),RusageUser,44,271192000,271192000,0,0,0,0,0,0,0,0,0,0,0,0,0,0,0,0,0,0,0,0,0,0,0,0,0,0,0,0,0,0,0,0,0,0,0,0,0,0,0,0,0,0,0
STAT,(NULL),Threads,44,44,44,0,0,0,0,0,0,0,0,0,0,0,0,0,0,0,0,0,0,0,0,0,0,0,0,0,0,0,0,0,0,0,0,0,0,0,0,0,0,0,0,0,0,0
STAT,(NULL),Time,44,13722554329,13722554329,0,0,0,0,0,0,0,0,0,0,0,0,0,0,0,0,0,0,0,0,0,0,0,0,0,0,0,0,0,0,0,0,0,0,0,0,0,0,0,0,0,0,0
STAT,(NULL),TotalTime,44,35376768630,35376768630,0,0,0,0,0,0,0,0,0,0,0,0,0,0,0,0,0,0,0,0,0,0,0,0,0,0,0,0,0,0,0,0,0,0,0,0,0,0,0,0,0,0,0
STAT,(NULL),UserTime,44,240353333610,4992361212,5458537657,5452100841,5436793287,5463844572,5456812999,5469088751,5450875691,5453620368,5448790293,5444984584,5474258179,5455941188,5442349791,5508781144,5483405920,5498875034,5466332434,5467176786,5491835615,5491146174,5504619446,5470272974,5478296683,5449887817,5452834326,5470554607,5481455840,5487694793,5475188934,5459353285,5469771981,5482981989,5480331955,5486658707,5463268222,5497022118,5503238672,5508545042,5477799487,5466923848,5475375176,5501058344,5502286844
STAT,(NULL),Work,44,596160272240,13548544045,13549121860,13549135384,13549094847,13549095850,13549094102,13549138244,13549120769,13549101698,13549103655,13549084730,13549103568,13549112008,13549134649,13549108924,13549086724,13549131732,13549085428,13549138710,13549102735,13549128835,13549104783,13549106349,13549105260,13549090309,13549136280,13549128309,13549109215,13549090214,13549113425,13549115076,13549089948,13549122676,13549122458,13549111808,13549126845,13549128372,13549095372,13549113402,13549090885,13549089733,13549090071,13549107310,13549115643
STAT,(NULL),nBad,44,55881,491,858,654,1271,3215,605,873,1051,1030,1527,1898,2260,446,711,817,2005,435,917,1615,1628,1707,1355,1147,1991,1636,1301,2273,1133,944,792,1952,1199,1167,2732,1175,1355,1041,863,1164,830,621,1557,988,651
STAT,(NULL),nEmpty,44,25190256,481540,576167,569847,572504,569664,572042,574564,574617,575641,578931,573028,577496,576489,574431,573786,570348,572367,575200,570392,574895,570828,572554,573959,576634,573649,575867,577337,577590,574659,575489,576886,577210,575983,575852,574874,581937,573746,571908,571556,578634,578647,575656,572428,572424
STAT,(NULL),nEmptyPop,44,604617,13220,14703,14165,14450,14560,14565,14379,14489,14617,14507,14621,14674,14847,14521,14716,14560,14574,14523,14526,14549,14708,14565,13089,13139,12865,12870,12787,13110,13098,12773,12796,13065,12943,13194,13045,13120,13200,13116,12839,12936,12732,12913,12861,13087
STAT,(NULL),nOverall,44,268342504,4914782,6108265,6123955,6105379,6144877,6119835,6135158,6098032,6122188,6120093,6108059,6137050,6106777,6108268,6139191,6110511,6130059,6130040,6126833,6125481,6103048,6128812,6130929,6138923,6111191,6124525,6141661,6150245,6140211,6135872,6139913,6139148,6148844,6134561,6150496,6122907,6124355,6117770,6122392,6132280,6118800,6142380,6119792,6108616
STAT,(NULL),nPop,44,41865080,781490,956267,950969,952437,951055,953776,956820,956068,955381,958515,955517,957010,956777,954034,952984,948172,951504,956033,952745,954468,949705,951935,955329,956319,955319,957899,959414,961133,956025,957767,959504,958915,959473,956941,955747,961976,953757,951926,952366,960164,959717,958712,951767,951248
STAT,(NULL),nPush,44,41862366,790681,952395,954976,950760,957020,955069,956768,952560,954634,952389,952727,956798,956684,954689,956490,954466,954435,954605,952974,954597,952681,956632,955078,954653,953017,955056,954875,957245,954957,957106,955266,956880,957218,957079,957040,954307,956723,956691,954931,956534,954680,957206,956346,954448
STAT,(NULL),nPushInit,44,2714,65,65,64,64,64,65,63,63,61,63,64,61,63,61,64,65,64,60,61,64,63,65,59,61,64,59,61,63,63,64,64,62,63,64,61,62,62,58,62,58,60,62,64,26
==== BENCHMARK TOOK 16.936
==== BENCHMARK START ===
==== PARAMS kernel=4.9.5-64-net1 malloc=libc hostname=rack-mad-04 threads=44 delta=4 prog=sssp-klsm4096mq4  ===
ERROR: ld.so: object '/specific/disk1/home/adamx/malloc/lib64/libjemalloc.so' from LD_PRELOAD cannot be preloaded (cannot open shared object file): ignored.
Galois Benchmark Suite v2.2.1 (r0)
Copyright (C) 2014 The University of Texas at Austin
http://iss.ices.utexas.edu/galois/

application: Single Source Shortest Path
Computes the shortest path from a source node to all nodes in a directed graph using a modified chaotic iteration algorithm
http://iss.ices.utexas.edu/?p=projects/galois/benchmarks/single_source_shortest_path

INFO: CommandLine ./build/debug/apps/sssp/sssp -noverify -t 44 -delta 4 -wl klsm4096mq4 -startNode 0 /specific/disk1/home/mad/Galois-PQ/inputs/scalefree/rmat16p-2e24.gr
INFO: Hostname rack-mad-04
Read 16777216 nodes
Running Asynchronous with CAS version
INFO: Using delta-step of 1
WARNING: Performance varies considerably due to delta parameter.
WARNING: Do not expect the default to be good for your graph.
Node 1 has distance 2
STATTYPE,LOOP,CATEGORY,n,sum,T0,T1,T2,T3,T4,T5,T6,T7,T8,T9,T10,T11,T12,T13,T14,T15,T16,T17,T18,T19,T20,T21,T22,T23,T24,T25,T26,T27,T28,T29,T30,T31,T32,T33,T34,T35,T36,T37,T38,T39,T40,T41,T42,T43
STAT,(NULL),BadWork,44,56798764,789940,1085164,826838,796195,692576,603916,628314,1829928,1437858,1051236,1455074,1792602,876864,1602384,1114615,3576307,1341265,975741,1559219,1500129,600605,561271,1095380,757311,1048570,608391,627032,1950921,1023718,1539818,1356865,2912566,1176458,1220938,324179,1938728,1597464,970766,1671874,2866478,2671579,1212031,942574,587082
STAT,(NULL),BarrierTime,44,11117424,987079,557328,518918,490781,493598,486652,514242,408802,437241,441539,419559,373645,366383,413609,351533,699512,310715,308055,313501,312563,304601,326452,23137,75277,71578,65481,52787,41514,37648,75486,40337,50250,65095,59488,72610,43481,34899,67542,75983,67921,76779,66033,64635,53155
STAT,(NULL),ConflictTime,44,0,0,0,0,0,0,0,0,0,0,0,0,0,0,0,0,0,0,0,0,0,0,0,0,0,0,0,0,0,0,0,0,0,0,0,0,0,0,0,0,0,0,0,0,0
STAT,(NULL),Conflicts,44,0,0,0,0,0,0,0,0,0,0,0,0,0,0,0,0,0,0,0,0,0,0,0,0,0,0,0,0,0,0,0,0,0,0,0,0,0,0,0,0,0,0,0,0,0
STAT,(NULL),EmptyPopTime,44,978106847,24335375,23566882,24513404,23583975,23652955,23716507,23573087,23468166,23400476,23807731,24436588,23593234,23551240,23415660,23677206,23798845,23575220,23639910,23519117,23687008,23614224,24977900,20330138,20637226,20712695,20140051,21529096,19963561,20588457,20829739,20138869,20890734,20529739,20428820,20345698,20600645,20715409,20910501,21620381,20477344,20297418,20493370,20867990,21954256
STAT,(NULL),EmptyWork,44,6922152300,162049402,158880484,156751501,156162903,155731151,159610644,156815805,157494619,153574901,157222486,153025930,155491568,155471315,157909276,156950523,153220972,154449216,157364589,158307111,156309014,160356608,156797213,157374718,157151112,156624354,160242832,158555225,156492858,157683002,156204101,160529029,157093052,157390423,160551269,156926143,154665305,160342672,159898228,159169827,156028897,159926788,156873242,156282385,156199607
STAT,(NULL),GaloisTime,44,22567899923,569146273,510492643,511258276,510581463,509696230,510038776,512043365,509827697,511527094,514355135,512424634,512114189,510149513,510933057,509867505,508942902,510393163,511416646,512502169,512429165,509414114,508961579,512155785,510382079,513534699,515655342,511325428,515478329,511593982,513188951,511473619,515605167,508818993,509349191,512623672,510719434,511329544,510934568,514222058,511484658,513091122,516383963,509742679,510291072
STAT,(NULL),InitPushTime,44,8256200,250348,192946,192403,117313,115881,117820,104052,103694,104696,104747,104745,103730,106083,105087,124490,123178,118500,103901,108109,122690,110801,128841,236302,240702,296727,236185,242828,243261,243548,296631,296812,238918,252818,250885,243534,240843,242682,235616,239852,248259,235079,240359,250975,239329
STAT,(NULL),Iterations,44,41873036,829484,953890,949917,954558,951171,953420,952575,952898,954361,956135,951109,953007,953302,955342,950583,951354,951240,951910,957559,951593,949617,949999,956874,956323,960213,957767,959051,958076,958939,956266,956195,960009,952209,954227,953266,959027,952548,952602,951612,959576,958196,962041,953386,949609
STAT,(NULL),LoopTime,44,13744940527,13744940527,0,0,0,0,0,0,0,0,0,0,0,0,0,0,0,0,0,0,0,0,0,0,0,0,0,0,0,0,0,0,0,0,0,0,0,0,0,0,0,0,0,0,0
STAT,(NULL),MeminfoPost,44,1584,36,36,36,36,36,36,36,36,36,36,36,36,36,36,36,36,36,36,36,36,36,36,36,36,36,36,36,36,36,36,36,36,36,36,36,36,36,36,36,36,36,36,36,36
STAT,(NULL),MeminfoPre,44,1584,36,36,36,36,36,36,36,36,36,36,36,36,36,36,36,36,36,36,36,36,36,36,36,36,36,36,36,36,36,36,36,36,36,36,36,36,36,36,36,36,36,36,36,36
STAT,(NULL),NumaPost,44,17733,12866,3732,558,577,0,0,0,0,0,0,0,0,0,0,0,0,0,0,0,0,0,0,0,0,0,0,0,0,0,0,0,0,0,0,0,0,0,0,0,0,0,0,0,0
STAT,(NULL),PopTime,44,100181275195,2229463890,2284523648,2271223702,2273133085,2275277540,2271072418,2274002374,2280417555,2283777856,2270779308,2265839018,2270609774,2283393495,2273129891,2282812222,2292075565,2289194346,2271840170,2281766689,2285591238,2282480040,2284224485,2283634544,2286329575,2283209993,2269211954,2270548515,2274484761,2287144325,2273689683,2260552096,2272365955,2258387031,2266863591,2267888324,2278674642,2279596703,2295254451,2288212950,2283521542,2270755212,2279430736,2292474112,2282416191
STAT,(NULL),PushTime,44,227084174499,5537625819,5174430454,5168725049,5182992290,5185899283,5184821635,5159517901,5162574766,5168868202,5187437102,5179847915,5165055570,5147819403,5153895555,5119297745,5109436692,5132828475,5172931670,5161186711,5121732446,5130632372,5131132071,5136320877,5143018914,5141802772,5170787128,5167311674,5163758515,5149492828,5136019425,5195741867,5167744296,5205813140,5161444443,5180964731,5142891823,5123933444,5095630982,5104016900,5143982400,5161607165,5147143693,5097930632,5108127724
STAT,(NULL),RusageSys,44,28000,28000,0,0,0,0,0,0,0,0,0,0,0,0,0,0,0,0,0,0,0,0,0,0,0,0,0,0,0,0,0,0,0,0,0,0,0,0,0,0,0,0,0,0,0
STAT,(NULL),RusageUser,44,271908000,271908000,0,0,0,0,0,0,0,0,0,0,0,0,0,0,0,0,0,0,0,0,0,0,0,0,0,0,0,0,0,0,0,0,0,0,0,0,0,0,0,0,0,0,0
STAT,(NULL),Threads,44,44,44,0,0,0,0,0,0,0,0,0,0,0,0,0,0,0,0,0,0,0,0,0,0,0,0,0,0,0,0,0,0,0,0,0,0,0,0,0,0,0,0,0,0,0
STAT,(NULL),Time,44,13757836357,13757836357,0,0,0,0,0,0,0,0,0,0,0,0,0,0,0,0,0,0,0,0,0,0,0,0,0,0,0,0,0,0,0,0,0,0,0,0,0,0,0,0,0,0,0
STAT,(NULL),TotalTime,44,31413779100,31413779100,0,0,0,0,0,0,0,0,0,0,0,0,0,0,0,0,0,0,0,0,0,0,0,0,0,0,0,0,0,0,0,0,0,0,0,0,0,0,0,0,0,0,0
STAT,(NULL),UserTime,44,240046332684,5063284486,5434013584,5453434680,5439453552,5435650770,5436648969,5459953825,5452127105,5444759392,5432307675,5450335142,5459044633,5465522068,5466626143,5493301086,5498434953,5475469120,5448713548,5448626904,5486157587,5479411343,5479814118,5476091209,5468389806,5470024931,5449871187,5456636723,5455730264,5459406485,5485975393,5437471745,5452208592,5434967232,5467270910,5447158193,5478355382,5489989153,5503278189,5498664976,5470412415,5460228768,5465583511,5508609175,5506917762
STAT,(NULL),Work,44,597802525062,13586021202,13586423161,13586446016,13586445685,13586442781,13586428868,13586416150,13586461644,13586431636,13586428913,13586447411,13586455214,13586460272,13586415600,13586456448,13586037247,13586432436,13586450051,13586440807,13586424290,13586446238,13586409698,13586480436,13586427521,13586432376,13586437352,13586451994,13586461907,13586465795,13586427560,13586462551,13586451803,13586420608,13586432879,13586422244,13586457696,13586462487,13586436390,13586420963,13586421197,13586425494,13586435244,13586420766,13586448031
STAT,(NULL),nBad,44,67643,921,1320,1089,920,817,696,754,2186,1694,1166,1710,2125,1023,1860,1346,4539,1471,1132,1859,1728,698,643,1266,928,1221,719,735,2375,1205,1811,1609,3660,1387,1417,375,2372,1882,1149,1982,3442,3192,1438,1096,685
STAT,(NULL),nEmpty,44,25197985,510193,575539,569242,572249,570927,572672,572501,573300,574057,576864,570536,572209,571487,574758,571100,571813,571617,573068,576749,571864,571451,572354,574509,574978,577930,576314,579901,575421,578390,574490,575045,579921,572691,572959,574111,576339,571535,574007,572141,579229,577092,581373,574120,568939
STAT,(NULL),nEmptyPop,44,604478,13574,14487,14468,14611,14689,14674,14612,14483,14406,14735,14488,14528,14572,14592,14555,14616,14519,14661,14591,14611,14430,14550,12819,12992,13075,12813,12890,12709,13004,13253,12792,13151,12913,12904,12868,13018,12974,13109,12885,12950,12882,12969,13044,13012
STAT,(NULL),nOverall,44,268354266,5065509,6099728,6129506,6123638,6114427,6125687,6120601,6134569,6121875,6109266,6131588,6120982,6130546,6143577,6135364,6136078,6102278,6114856,6110206,6127725,6114451,6115064,6142057,6123673,6131373,6128663,6117734,6133155,6110446,6149461,6110382,6114583,6106683,6126536,6101152,6141475,6108018,6116708,6124257,6133341,6115774,6137190,6132147,6121937
STAT,(NULL),nPop,44,41873036,829484,953890,949917,954558,951171,953420,952575,952898,954361,956135,951109,953007,953302,955342,950583,951354,951240,951910,957559,951593,949617,949999,956874,956323,960213,957767,959051,958076,958939,956266,956195,960009,952209,954227,953266,959027,952548,952602,951612,959576,958196,962041,953386,949609
STAT,(NULL),nPush,44,41870320,802801,955821,954305,954273,956340,958494,956205,958055,956180,954037,954302,956291,954189,956218,958048,955912,955974,953957,954050,956042,951476,955599,956373,954267,956185,954174,954054,954414,953902,956371,954388,956077,954353,952357,950417,956197,954271,953910,955979,955999,952096,955941,955807,954219
STAT,(NULL),nPushInit,44,2716,65,65,64,64,64,65,62,62,60,62,62,62,63,61,64,64,64,60,60,64,61,65,60,62,64,60,62,63,63,65,64,62,64,64,61,62,63,60,62,60,60,62,64,26
==== BENCHMARK TOOK 15.079
