==== BENCHMARK START ===
==== PARAMS kernel=4.9.5-64-net1 malloc=libc hostname=rack-castor threads=44 delta=4 prog=sssp-klsm256mq  ===
ERROR: ld.so: object '/specific/disk1/home/adamx/malloc/lib64/libjemalloc.so' from LD_PRELOAD cannot be preloaded (cannot open shared object file): ignored.
Galois Benchmark Suite v2.2.1 (r0)
Copyright (C) 2014 The University of Texas at Austin
http://iss.ices.utexas.edu/galois/

application: Single Source Shortest Path
Computes the shortest path from a source node to all nodes in a directed graph using a modified chaotic iteration algorithm
http://iss.ices.utexas.edu/?p=projects/galois/benchmarks/single_source_shortest_path

INFO: CommandLine ./build/debug/apps/sssp/sssp -noverify -t 44 -delta 4 -wl klsm256mq -startNode 0 /specific/disk1/home/mad/Galois-PQ/inputs/random/r4-2e26.gr
INFO: Hostname rack-castor
Read 67108864 nodes
Running Asynchronous with CAS version
INFO: Using delta-step of 1
WARNING: Performance varies considerably due to delta parameter.
WARNING: Do not expect the default to be good for your graph.
Node 1 has distance 8445
STATTYPE,LOOP,CATEGORY,n,sum,T0,T1,T2,T3,T4,T5,T6,T7,T8,T9,T10,T11,T12,T13,T14,T15,T16,T17,T18,T19,T20,T21,T22,T23,T24,T25,T26,T27,T28,T29,T30,T31,T32,T33,T34,T35,T36,T37,T38,T39,T40,T41,T42,T43
STAT,(NULL),BadWork,44,2585379,68858,61155,42406,43927,73407,49444,69348,55775,49871,41619,68930,98445,60597,52997,49375,57552,48641,60117,49300,81611,70862,55150,40581,49539,39211,48412,29554,116368,61451,52600,67327,42131,43955,64255,112122,40471,30048,58950,87254,65454,60288,45834,35429,84758
STAT,(NULL),BarrierTime,44,8713203,617872,476129,438661,458319,434021,436277,421176,381332,378304,335283,333091,312966,313002,330047,325976,290661,284608,292381,268411,248590,235583,239038,42739,17006,42653,42766,38597,42772,42711,42654,42400,42746,23606,42591,41729,42167,41702,20153,42233,39650,42814,42631,42320,42835
STAT,(NULL),ConflictTime,44,0,0,0,0,0,0,0,0,0,0,0,0,0,0,0,0,0,0,0,0,0,0,0,0,0,0,0,0,0,0,0,0,0,0,0,0,0,0,0,0,0,0,0,0,0
STAT,(NULL),Conflicts,44,0,0,0,0,0,0,0,0,0,0,0,0,0,0,0,0,0,0,0,0,0,0,0,0,0,0,0,0,0,0,0,0,0,0,0,0,0,0,0,0,0,0,0,0,0
STAT,(NULL),EmptyPopTime,44,6560011023,158611559,151837721,157475341,151316778,149053863,150986806,164364374,162937484,159915976,165370721,155298480,162825076,165286709,163647673,164898809,159961358,166928351,160469258,158104546,158289371,162135261,160929730,139499050,140992963,140820256,132087486,136728270,139052300,139356758,133080721,130763438,144065004,144119431,134372409,140765772,136817743,140594922,145396440,135433890,142266656,136427878,146298724,137259294,133166373
STAT,(NULL),EmptyWork,44,13412534441,304608163,308733756,304043447,302214610,305782704,305111751,304272456,301610358,297404989,303750315,303381764,306452287,306735256,308014774,309268441,303604407,303220546,306635131,301039392,308589592,308916871,300098644,304999902,300144649,305602397,300358240,308667578,299214498,300905919,307829766,303304171,311916015,312140107,303525878,308840500,295051193,304419969,307361112,303622015,309744123,308399908,302657267,305433460,304906120
STAT,(NULL),GaloisTime,44,86443171197,1960236136,1830882581,2023021325,1835444358,1832694419,1840100535,2036130663,2035562576,2061922430,2054035650,2016646056,2009046664,2019428497,2017682658,2019125578,1992040002,2038666562,2014916982,1993453187,1992508251,2002427271,1986231555,2013386972,2036291917,2039860955,1846316580,1950470736,1978532261,1923117689,1835490788,1843850299,2002546155,2023099604,1944319708,1946113771,2030069119,1956534405,1895660342,1816082342,1990067578,1974043558,2064887549,1905688986,1814535947
STAT,(NULL),InitPushTime,44,2841549,32240,126336,97673,36447,36222,35879,40716,40520,38972,35422,38808,47482,47402,37812,38852,38852,38512,37148,45823,32857,37912,37388,107162,107030,107001,106385,106458,106268,107096,105087,105842,77029,77059,76633,77308,76472,76633,75702,76384,54934,54069,53482,54252,53988
STAT,(NULL),Iterations,44,89793090,1986959,2184391,1982394,2196651,2194058,2197538,1938615,1949816,1951890,1941319,2001723,1984986,1971152,1978090,1927250,1975815,1907833,1978400,2023000,2010804,1956536,1983781,1998553,1984783,1976654,2209760,2094377,2057866,2098083,2196967,2211231,2013153,2002115,2087474,2072924,2009251,2024910,2066814,2176424,2024061,2058043,1951643,2080205,2174798
STAT,(NULL),LoopTime,44,35957503604,35957503604,0,0,0,0,0,0,0,0,0,0,0,0,0,0,0,0,0,0,0,0,0,0,0,0,0,0,0,0,0,0,0,0,0,0,0,0,0,0,0,0,0,0,0
STAT,(NULL),MeminfoPost,44,6204,141,141,141,141,141,141,141,141,141,141,141,141,141,141,141,141,141,141,141,141,141,141,141,141,141,141,141,141,141,141,141,141,141,141,141,141,141,141,141,141,141,141,141,141
STAT,(NULL),MeminfoPre,44,6204,141,141,141,141,141,141,141,141,141,141,141,141,141,141,141,141,141,141,141,141,141,141,141,141,141,141,141,141,141,141,141,141,141,141,141,141,141,141,141,141,141,141,141,141
STAT,(NULL),NumaPost,44,18994,12998,4154,1266,576,0,0,0,0,0,0,0,0,0,0,0,0,0,0,0,0,0,0,0,0,0,0,0,0,0,0,0,0,0,0,0,0,0,0,0,0,0,0,0,0
STAT,(NULL),PopTime,44,267789033322,6058078934,6162670667,6077332068,6165961786,6156510733,6168210254,6062744501,6077983314,6060458789,6064813121,6087509075,6085663053,6067766253,6078446738,6054213669,6087469634,6070698574,6076716354,6080946219,6096350320,6073788340,6087395991,6049984329,6041592993,6039594575,6125495595,6086455222,6063332927,6088285795,6115066656,6128036006,6066333371,6054955501,6074942332,6076489682,6048962388,6066149234,6103485462,6134511009,6069092354,6077281198,6043935666,6097544080,6135778560
STAT,(NULL),PushTime,44,816987348014,18708393214,18578212594,18537664087,18562154486,18579280585,18559095558,18556690730,18545044465,18504627502,18516792437,18497359978,18527394033,18530335010,18524224129,18595113940,18555477574,18550196074,18528570395,18521548323,18520101014,18571983143,18566625476,18577919943,18556493860,18563966122,18601197664,18575776671,18543477219,18598847945,18635162851,18612443599,18560894972,18536900028,18551453980,18571595851,18528936431,18623696615,18652039757,18647500901,18553598293,18547116206,18518052937,18643415408,18649976014
STAT,(NULL),RusageSys,44,4000,4000,0,0,0,0,0,0,0,0,0,0,0,0,0,0,0,0,0,0,0,0,0,0,0,0,0,0,0,0,0,0,0,0,0,0,0,0,0,0,0,0,0,0,0
STAT,(NULL),RusageUser,44,707148000,707148000,0,0,0,0,0,0,0,0,0,0,0,0,0,0,0,0,0,0,0,0,0,0,0,0,0,0,0,0,0,0,0,0,0,0,0,0,0,0,0,0,0,0,0
STAT,(NULL),Threads,44,44,44,0,0,0,0,0,0,0,0,0,0,0,0,0,0,0,0,0,0,0,0,0,0,0,0,0,0,0,0,0,0,0,0,0,0,0,0,0,0,0,0,0,0,0
STAT,(NULL),Time,44,35972761978,35972761978,0,0,0,0,0,0,0,0,0,0,0,0,0,0,0,0,0,0,0,0,0,0,0,0,0,0,0,0,0,0,0,0,0,0,0,0,0,0,0,0,0,0,0
STAT,(NULL),TotalTime,44,65155234648,65155234648,0,0,0,0,0,0,0,0,0,0,0,0,0,0,0,0,0,0,0,0,0,0,0,0,0,0,0,0,0,0,0,0,0,0,0,0,0,0,0,0,0,0,0
STAT,(NULL),UserTime,44,362751354624,8126966934,8284557451,8217359778,8299805061,8293574878,8293392314,8192694612,8193759261,8232566110,8212134774,8256700352,8225515587,8227344302,8224881520,8174276951,8218343787,8187189643,8229588681,8261804507,8241058861,8197645645,8215616211,8231106331,8241382063,8227051738,8311440141,8258797473,8293288097,8266381542,8290264874,8298498596,8231140345,8245681610,8308282259,8273091780,8277061207,8225500444,8212955016,8279745900,8252128002,8273627415,8241064829,8227554386,8278533356
STAT,(NULL),Work,44,1553948408369,35317028272,35316999751,35316998747,35317007419,35317007106,35316999693,35317009636,35317009730,35317016495,35317014915,35317007261,35317005435,35316999988,35317007554,35317011556,35316999114,35317016950,35317000441,35317008615,35316999946,35317006720,35317003406,35317006898,35317034786,35317006795,35317006612,35317014996,35317008862,35317008852,35317006385,35317006784,35317009393,35317026573,35317007411,35317008222,35317008318,35317008437,35317029968,35317006875,35317014233,35317006341,35317007142,35317009148,35317006588
STAT,(NULL),nBad,44,1823,38,41,35,32,54,36,54,45,38,29,47,58,46,35,33,44,38,41,35,49,52,36,35,35,29,30,22,87,46,35,45,32,28,51,76,30,22,40,56,51,48,31,21,57
STAT,(NULL),nEmpty,44,22683767,501661,546371,511090,549351,548340,550168,482743,489748,497413,487432,512440,495146,496917,496464,484107,504232,475868,499810,518711,504915,496336,502445,510875,509636,509084,556058,531386,521486,530462,550946,556157,503098,507287,530452,524025,521258,512294,511702,547400,506527,526608,495301,523847,546170
STAT,(NULL),nEmptyPop,44,3430216,81184,83638,81556,83644,83074,83313,80790,80694,80708,81319,81052,81356,81489,81690,81591,81803,80340,81158,82048,81380,81363,81808,73879,73889,73054,75871,74609,73733,74553,75244,75095,74412,73526,73785,74120,73478,74006,74697,75510,73133,74355,73180,74155,74934
STAT,(NULL),nOverall,44,268437277,5942716,6553829,5886624,6593243,6580927,6588145,5824665,5840361,5820996,5818312,5961226,5956301,5894765,5927058,5773549,5884092,5727876,5915624,6020287,6022845,5840240,5924853,5951338,5899367,5864941,6615775,6249592,6145851,6272070,6585947,6619213,6035838,5979562,6227959,6193586,5951056,6052605,6215457,6516232,6068772,6125590,5826518,6227279,6514195
STAT,(NULL),nPop,44,89793090,1986959,2184391,1982394,2196651,2194058,2197538,1938615,1949816,1951890,1941319,2001723,1984986,1971152,1978090,1927250,1975815,1907833,1978400,2023000,2010804,1956536,1983781,1998553,1984783,1976654,2209760,2094377,2057866,2098083,2196967,2211231,2013153,2002115,2087474,2072924,2009251,2024910,2066814,2176424,2024061,2058043,1951643,2080205,2174798
STAT,(NULL),nPush,44,89793088,1989279,2208147,1945055,2222875,2219525,2222157,1969986,1971962,1941489,1953976,1975937,2025703,1988776,1982579,1947311,1956041,1929723,1955489,1968159,2035179,1924031,1967380,2005516,1978420,1923982,2225778,2081121,2013977,2092304,2213676,2228218,2053613,1987981,2060614,2064161,1930867,2022263,2111949,2193221,2028807,2042305,1951698,2090424,2191434
STAT,(NULL),nPushInit,44,2,1,1,0,0,0,0,0,0,0,0,0,0,0,0,0,0,0,0,0,0,0,0,0,0,0,0,0,0,0,0,0,0,0,0,0,0,0,0,0,0,0,0,0,0
==== BENCHMARK TOOK 30.420
==== BENCHMARK START ===
==== PARAMS kernel=4.9.5-64-net1 malloc=libc hostname=rack-castor threads=44 delta=4 prog=sssp-klsm256mq  ===
ERROR: ld.so: object '/specific/disk1/home/adamx/malloc/lib64/libjemalloc.so' from LD_PRELOAD cannot be preloaded (cannot open shared object file): ignored.
Galois Benchmark Suite v2.2.1 (r0)
Copyright (C) 2014 The University of Texas at Austin
http://iss.ices.utexas.edu/galois/

application: Single Source Shortest Path
Computes the shortest path from a source node to all nodes in a directed graph using a modified chaotic iteration algorithm
http://iss.ices.utexas.edu/?p=projects/galois/benchmarks/single_source_shortest_path

INFO: CommandLine ./build/debug/apps/sssp/sssp -noverify -t 44 -delta 4 -wl klsm256mq -startNode 0 /specific/disk1/home/mad/Galois-PQ/inputs/random/r4-2e26.gr
INFO: Hostname rack-castor
Read 67108864 nodes
Running Asynchronous with CAS version
INFO: Using delta-step of 1
WARNING: Performance varies considerably due to delta parameter.
WARNING: Do not expect the default to be good for your graph.
Node 1 has distance 8445
STATTYPE,LOOP,CATEGORY,n,sum,T0,T1,T2,T3,T4,T5,T6,T7,T8,T9,T10,T11,T12,T13,T14,T15,T16,T17,T18,T19,T20,T21,T22,T23,T24,T25,T26,T27,T28,T29,T30,T31,T32,T33,T34,T35,T36,T37,T38,T39,T40,T41,T42,T43
STAT,(NULL),BadWork,44,1507709,28066,32634,44235,39640,62120,48153,43123,43814,26286,35606,29197,15965,36757,27124,71402,59951,27882,7003,64399,25688,65814,30154,25713,16692,34267,25975,33522,27596,36362,27230,21037,37968,36028,27373,31540,34275,17188,38574,50379,12711,32923,21441,24261,29641
STAT,(NULL),BarrierTime,44,8074614,655176,456635,456547,435961,412557,406016,391922,290490,351324,286738,316366,238260,226453,305606,308633,254740,196150,247816,246352,142044,212452,230538,46344,47963,48228,47598,48482,48326,48477,48621,48562,27001,48335,48155,48095,48796,16845,48255,49017,48117,47967,45406,48654,48594
STAT,(NULL),ConflictTime,44,0,0,0,0,0,0,0,0,0,0,0,0,0,0,0,0,0,0,0,0,0,0,0,0,0,0,0,0,0,0,0,0,0,0,0,0,0,0,0,0,0,0,0,0,0
STAT,(NULL),Conflicts,44,0,0,0,0,0,0,0,0,0,0,0,0,0,0,0,0,0,0,0,0,0,0,0,0,0,0,0,0,0,0,0,0,0,0,0,0,0,0,0,0,0,0,0,0,0
STAT,(NULL),EmptyPopTime,44,6638711266,154512299,152535975,162325234,152168384,151512578,151022021,166392836,166856105,158332115,166490360,166322218,161677821,165361797,167959643,165381906,166493569,163866597,157410106,160638963,167078388,167242834,164701968,147748277,147565110,150045817,131942360,137612285,139452308,141670267,131464655,130812960,136493670,142414261,140960243,139026545,140096096,145432732,138706794,134035792,140546317,140393508,149471616,141046517,135489419
STAT,(NULL),EmptyWork,44,13511437965,302701768,305101545,303897568,302657944,306100217,309156742,305740252,300947956,302612080,305329797,309546522,305932042,307307942,310283191,310027149,310927342,300807259,302118852,314465999,310522359,314131326,310621675,306195521,306415294,309257374,310279698,307196903,306079585,304733013,308940127,310882940,303465445,307464715,307256919,303731487,305605702,306959760,304571577,306191536,309996972,314047588,307946987,309085506,304195789
STAT,(NULL),GaloisTime,44,87501295035,1937496783,1834268420,2050656944,1847123734,1845515536,1851266447,2086029371,2103036922,2035761656,2070612861,2071484347,2027386965,2055763684,2069124185,2007978905,2037348801,2039222951,2000068916,2005022101,2057675585,2020744768,2002494518,2008385059,2040272427,2112807629,1851336707,1960918000,2022744429,2004291735,1929912979,1848993997,2002582906,1987375493,2030405649,1989625773,2069972207,1988883707,1953094930,1828120273,1995671714,1962102732,2113078100,1919463255,1825170934
STAT,(NULL),InitPushTime,44,2757675,31708,127150,73726,36529,36481,36511,44462,67364,39092,39256,35439,60596,64666,34505,39452,39380,38868,37252,36896,88304,38144,34220,100225,99631,99476,99719,99073,98846,98765,98597,97672,67291,66997,57053,57574,66198,65369,65164,65120,55212,54692,55095,55176,54729
STAT,(NULL),Iterations,44,89792242,2064320,2199956,1986927,2211217,2211760,2214808,1915045,1912724,2007333,1939861,1944408,2008926,1962095,1939392,1978100,1927832,1954622,2042669,2016516,1956923,1951333,1963751,1994342,1969798,1910412,2226258,2101453,2031594,2020470,2207463,2225339,2063765,2066864,2022813,2048825,1991125,2007608,2071265,2193926,2063022,2074521,1918560,2079657,2192644
STAT,(NULL),LoopTime,44,36335759843,36335759843,0,0,0,0,0,0,0,0,0,0,0,0,0,0,0,0,0,0,0,0,0,0,0,0,0,0,0,0,0,0,0,0,0,0,0,0,0,0,0,0,0,0,0
STAT,(NULL),MeminfoPost,44,6204,141,141,141,141,141,141,141,141,141,141,141,141,141,141,141,141,141,141,141,141,141,141,141,141,141,141,141,141,141,141,141,141,141,141,141,141,141,141,141,141,141,141,141,141
STAT,(NULL),MeminfoPre,44,6204,141,141,141,141,141,141,141,141,141,141,141,141,141,141,141,141,141,141,141,141,141,141,141,141,141,141,141,141,141,141,141,141,141,141,141,141,141,141,141,141,141,141,141,141
STAT,(NULL),NumaPost,44,18994,12987,4367,1064,576,0,0,0,0,0,0,0,0,0,0,0,0,0,0,0,0,0,0,0,0,0,0,0,0,0,0,0,0,0,0,0,0,0,0,0,0,0,0,0,0
STAT,(NULL),PopTime,44,270873830391,6153184340,6247202560,6152240102,6248195164,6247096259,6244124176,6127863980,6133398240,6161471012,6146785777,6144912463,6138359351,6136322050,6138683507,6157982366,6146526143,6151508061,6170412623,6170015521,6135298257,6149743701,6149336999,6117793707,6111471079,6104776816,6206086936,6160892180,6131288578,6128752081,6180911821,6195066953,6136629707,6138237412,6118333516,6140320551,6101240756,6136013114,6151250306,6209313929,6141533506,6159836215,6084815382,6167331162,6201272032
STAT,(NULL),PushTime,44,824793325035,18864178832,18779863987,18685569952,18748697836,18756576244,18728129385,18705646873,18686653167,18675408728,18705040086,18693656022,18696170283,18701097794,18695715237,18735895741,18751862110,18715804870,18683025968,18704572338,18693299287,18749942180,18772213186,18809309528,18755195759,18713711217,18786441739,18756015486,18729933156,18773046585,18775426951,18808721716,18723009124,18757370513,18742672972,18748637449,18686740801,18792546579,18784288074,18838031140,18738358872,18772232605,18700878319,18809753448,18861982896
STAT,(NULL),RusageSys,44,0,0,0,0,0,0,0,0,0,0,0,0,0,0,0,0,0,0,0,0,0,0,0,0,0,0,0,0,0,0,0,0,0,0,0,0,0,0,0,0,0,0,0,0,0
STAT,(NULL),RusageUser,44,713828000,713828000,0,0,0,0,0,0,0,0,0,0,0,0,0,0,0,0,0,0,0,0,0,0,0,0,0,0,0,0,0,0,0,0,0,0,0,0,0,0,0,0,0,0,0
STAT,(NULL),Threads,44,44,44,0,0,0,0,0,0,0,0,0,0,0,0,0,0,0,0,0,0,0,0,0,0,0,0,0,0,0,0,0,0,0,0,0,0,0,0,0,0,0,0,0,0,0
STAT,(NULL),Time,44,36350943742,36350943742,0,0,0,0,0,0,0,0,0,0,0,0,0,0,0,0,0,0,0,0,0,0,0,0,0,0,0,0,0,0,0,0,0,0,0,0,0,0,0,0,0,0,0
STAT,(NULL),TotalTime,44,64300943224,64300943224,0,0,0,0,0,0,0,0,0,0,0,0,0,0,0,0,0,0,0,0,0,0,0,0,0,0,0,0,0,0,0,0,0,0,0,0,0,0,0,0,0,0,0
STAT,(NULL),UserTime,44,365305577027,8238474158,8331573100,8295859661,8351707282,8343749580,8366852620,8258877982,8259653657,8316964677,8256289705,8264628403,8321022340,8284695213,8268786037,8273284376,8237390015,8279341218,8337515117,8295834778,8286673328,8248744455,8251181403,8261117741,8289630531,8259950768,8364461952,8327914124,8321051852,8298055461,8323893157,8356070391,8348370377,8317687160,8310920467,8329207962,8346893357,8280713585,8318637602,8334857213,8324441906,8301936026,8294358708,8303869604,8322437978
STAT,(NULL),Work,44,1568629140083,35650657189,35650646188,35650651129,35650651126,35650659176,35650671694,35650664206,35650650396,35650661010,35650681340,35650665119,35650677808,35650679768,35650674616,35650659305,35650654828,35650677218,35650661448,35650669084,35650652416,35650660844,35650654034,35650664835,35650658797,35650661132,35650657282,35650658138,35650658447,35650660578,35650659192,35650658809,35650680010,35650658410,35650660354,35650661942,35650658274,35650690768,35650658504,35650658427,35650661429,35650656964,35650660358,35650659123,35650658368
STAT,(NULL),nBad,44,1011,18,26,31,28,37,33,30,36,17,25,20,7,29,19,46,31,20,5,46,14,34,22,13,8,21,22,26,21,23,16,14,21,31,16,26,20,13,24,38,9,23,13,19,20
STAT,(NULL),nEmpty,44,22683131,531676,553939,508212,554423,556718,557945,484344,483424,510805,485385,483847,509809,499501,482818,502761,484714,501938,522001,506139,487651,484717,490781,491283,491583,483666,562074,538451,513011,507690,556395,562319,531497,520402,514710,517438,519342,507958,531561,553332,522962,516466,485017,519139,553287
STAT,(NULL),nEmptyPop,44,3427424,82276,83739,81582,82976,83976,83993,80624,80328,81066,80657,80771,81308,81563,80783,81818,81058,82031,81853,81228,80591,81122,81528,72651,73033,73014,75399,74026,73476,73733,74871,74985,74089,74358,73734,73888,73557,74207,75219,75611,74104,73888,72588,74577,75545
STAT,(NULL),nOverall,44,268436465,6131108,6583749,5912152,6625579,6615082,6628077,5722285,5717567,5983753,5816124,5842351,5998936,5850110,5827915,5900158,5770070,5811040,6082290,6042300,5881894,5867502,5892700,6012561,5913696,5709089,6657755,6251374,6071871,6053079,6607277,6651956,6129349,6188197,6033546,6124439,5885572,5994763,6160292,6561848,6156098,6234285,5736235,6243455,6556986
STAT,(NULL),nPop,44,89792242,2064320,2199956,1986927,2211217,2211760,2214808,1915045,1912724,2007333,1939861,1944408,2008926,1962095,1939392,1978100,1927832,1954622,2042669,2016516,1956923,1951333,1963751,1994342,1969798,1910412,2226258,2101453,2031594,2020470,2207463,2225339,2063765,2066864,2022813,2048825,1991125,2007608,2071265,2193926,2063022,2074521,1918560,2079657,2192644
STAT,(NULL),nPush,44,89792240,2014220,2212710,1964649,2227315,2219946,2229945,1916756,1913674,1974410,1971642,1970835,2009802,1947560,1989535,1960374,1928873,1941036,1986416,2015099,2001722,2003644,1984378,2059410,1984399,1890605,2231784,2062501,2036955,2031453,2219207,2230546,2032039,2076355,2004062,2068528,1903896,1991899,2040191,2201419,2039001,2093518,1903498,2107327,2199106
STAT,(NULL),nPushInit,44,2,1,1,0,0,0,0,0,0,0,0,0,0,0,0,0,0,0,0,0,0,0,0,0,0,0,0,0,0,0,0,0,0,0,0,0,0,0,0,0,0,0,0,0,0
==== BENCHMARK TOOK 30.091
==== BENCHMARK START ===
==== PARAMS kernel=4.9.5-64-net1 malloc=libc hostname=rack-castor threads=44 delta=4 prog=sssp-klsm256mq  ===
ERROR: ld.so: object '/specific/disk1/home/adamx/malloc/lib64/libjemalloc.so' from LD_PRELOAD cannot be preloaded (cannot open shared object file): ignored.
Galois Benchmark Suite v2.2.1 (r0)
Copyright (C) 2014 The University of Texas at Austin
http://iss.ices.utexas.edu/galois/

application: Single Source Shortest Path
Computes the shortest path from a source node to all nodes in a directed graph using a modified chaotic iteration algorithm
http://iss.ices.utexas.edu/?p=projects/galois/benchmarks/single_source_shortest_path

INFO: CommandLine ./build/debug/apps/sssp/sssp -noverify -t 44 -delta 4 -wl klsm256mq -startNode 0 /specific/disk1/home/mad/Galois-PQ/inputs/random/r4-2e26.gr
INFO: Hostname rack-castor
Read 67108864 nodes
Running Asynchronous with CAS version
INFO: Using delta-step of 1
WARNING: Performance varies considerably due to delta parameter.
WARNING: Do not expect the default to be good for your graph.
Node 1 has distance 8445
STATTYPE,LOOP,CATEGORY,n,sum,T0,T1,T2,T3,T4,T5,T6,T7,T8,T9,T10,T11,T12,T13,T14,T15,T16,T17,T18,T19,T20,T21,T22,T23,T24,T25,T26,T27,T28,T29,T30,T31,T32,T33,T34,T35,T36,T37,T38,T39,T40,T41,T42,T43
STAT,(NULL),BadWork,44,2777143,134840,69293,51423,68071,80465,74774,65797,39020,73831,30289,89530,131319,35879,53476,51728,37838,76093,16349,63638,43053,65616,50591,71329,74480,50902,76442,26787,35433,37310,75831,60764,52777,93965,86295,58607,30382,67301,67197,54700,53791,64380,58139,64101,113317
STAT,(NULL),BarrierTime,44,8493571,645000,490228,495420,460993,436644,447203,430380,330156,347351,383492,240408,306597,326641,343052,273545,279139,224844,211145,222694,274884,234152,224594,37109,38261,42084,38771,40247,38090,14920,41671,42681,39268,42294,42378,38111,38727,38540,43153,42710,42154,37974,41257,42383,42226
STAT,(NULL),ConflictTime,44,0,0,0,0,0,0,0,0,0,0,0,0,0,0,0,0,0,0,0,0,0,0,0,0,0,0,0,0,0,0,0,0,0,0,0,0,0,0,0,0,0,0,0,0,0
STAT,(NULL),Conflicts,44,0,0,0,0,0,0,0,0,0,0,0,0,0,0,0,0,0,0,0,0,0,0,0,0,0,0,0,0,0,0,0,0,0,0,0,0,0,0,0,0,0,0,0,0,0
STAT,(NULL),EmptyPopTime,44,6592243965,156186335,151434301,163089108,151271038,150666516,149565615,166927491,169580257,163756790,163944886,161881419,157674643,167408914,160106105,167620195,162756962,165715237,162061067,157306864,159206545,163849842,160101742,142790533,145786462,141639302,130821106,138194927,133704518,142949441,133966847,133152532,143031019,133279953,141295964,137110931,146149958,136949326,145466574,133952862,145294278,137567802,142517910,141154054,133355794
STAT,(NULL),EmptyWork,44,13472870192,302269498,301491932,308513787,300948807,302494860,303511021,311087595,311916689,301883598,304814751,309263320,306761324,308451729,310346405,306064691,303881810,309878538,298922263,308876632,308487469,302831605,303429378,305801631,302028415,305646993,303966825,301878704,309232196,303907608,302948864,309646641,312598163,301500568,308349254,302644417,309766421,305965961,306955507,311404800,306678354,311581458,306781879,311508728,305949103
STAT,(NULL),GaloisTime,44,87467521518,1913168625,1831678536,2027364374,1842666334,1839832215,1844364392,2036128176,2081589318,2069649471,2076166803,2040538221,1983317857,2074631657,2043447794,2044547324,2006946924,2054684819,2095951289,2021035176,2033475813,2016465913,2049135483,2010083050,2018249634,2100758084,1854564522,2019323841,1975562428,2037869178,1840099329,1854473603,2008465054,1932099070,1996906064,1994538478,2101197557,1944355926,1979871391,1837184231,2045675295,1940887914,2178121637,1941524897,1828923821
STAT,(NULL),InitPushTime,44,2822418,37362,128210,41372,36426,36314,36438,40808,62868,39228,39348,65435,56540,34581,37896,65098,35604,38788,34982,38472,32882,34541,39040,109560,109707,109333,108863,108753,109326,108702,108497,107932,69484,68779,67379,66755,57083,57537,58058,57405,67240,68134,68633,67665,55360
STAT,(NULL),Iterations,44,89793105,2056486,2193759,1979042,2208747,2201696,2207703,1947740,1912722,1943342,1943053,1990646,2058135,1931684,1986851,1919055,1971075,1928860,1939035,2016208,2012229,1966590,1943947,2016334,1997496,1938843,2221815,2030831,2094956,1991392,2209373,2226109,2042311,2148613,2049052,2066652,1930814,2075249,2008253,2189970,1978885,2112186,1946918,2071795,2186653
STAT,(NULL),LoopTime,44,36406792055,36406792055,0,0,0,0,0,0,0,0,0,0,0,0,0,0,0,0,0,0,0,0,0,0,0,0,0,0,0,0,0,0,0,0,0,0,0,0,0,0,0,0,0,0,0
STAT,(NULL),MeminfoPost,44,6204,141,141,141,141,141,141,141,141,141,141,141,141,141,141,141,141,141,141,141,141,141,141,141,141,141,141,141,141,141,141,141,141,141,141,141,141,141,141,141,141,141,141,141,141
STAT,(NULL),MeminfoPre,44,6204,141,141,141,141,141,141,141,141,141,141,141,141,141,141,141,141,141,141,141,141,141,141,141,141,141,141,141,141,141,141,141,141,141,141,141,141,141,141,141,141,141,141,141,141
STAT,(NULL),NumaPost,44,18994,12991,4147,1280,576,0,0,0,0,0,0,0,0,0,0,0,0,0,0,0,0,0,0,0,0,0,0,0,0,0,0,0,0,0,0,0,0,0,0,0,0,0,0,0,0
STAT,(NULL),PopTime,44,269867839012,6137682163,6227346422,6136909616,6219618606,6203192420,6214032589,6132668130,6116553733,6104905280,6114089816,6144516335,6149516506,6103871339,6132598299,6103454160,6134608770,6114269172,6090661634,6149625045,6141598888,6123911572,6114767760,6107252551,6113724188,6073554573,6175671466,6100254475,6129732952,6093999900,6186975715,6181156116,6120758274,6150559284,6113237326,6124957667,6068583260,6134659347,6124022717,6179557005,6095466566,6134045230,6044466024,6131652228,6173153893
STAT,(NULL),PushTime,44,828348273999,18977344612,18862909319,18803514933,18830952139,18863929727,18844021681,18817742873,18780735769,18794560691,18772971020,18749719190,18792071464,18780854319,18759521226,18839312844,18839454095,18806223653,18763740235,18769788218,18761392735,18831193686,18797767341,18842762018,18838789789,18797356481,18858673334,18813006127,18820367739,18833680515,18902989517,18863969648,18810197013,18837287829,18822131844,18807120808,18782708092,18885307039,18862877764,18912438614,18812118781,18836157238,18765713527,18873883100,18929015412
STAT,(NULL),RusageSys,44,0,0,0,0,0,0,0,0,0,0,0,0,0,0,0,0,0,0,0,0,0,0,0,0,0,0,0,0,0,0,0,0,0,0,0,0,0,0,0,0,0,0,0,0,0
STAT,(NULL),RusageUser,44,714568000,714568000,0,0,0,0,0,0,0,0,0,0,0,0,0,0,0,0,0,0,0,0,0,0,0,0,0,0,0,0,0,0,0,0,0,0,0,0,0,0,0,0,0,0,0
STAT,(NULL),Threads,44,44,44,0,0,0,0,0,0,0,0,0,0,0,0,0,0,0,0,0,0,0,0,0,0,0,0,0,0,0,0,0,0,0,0,0,0,0,0,0,0,0,0,0,0,0
STAT,(NULL),Time,44,36426438892,36426438892,0,0,0,0,0,0,0,0,0,0,0,0,0,0,0,0,0,0,0,0,0,0,0,0,0,0,0,0,0,0,0,0,0,0,0,0,0,0,0,0,0,0,0
STAT,(NULL),TotalTime,44,63179682322,63179682322,0,0,0,0,0,0,0,0,0,0,0,0,0,0,0,0,0,0,0,0,0,0,0,0,0,0,0,0,0,0,0,0,0,0,0,0,0,0,0,0,0,0,0
STAT,(NULL),UserTime,44,364495641205,8200716797,8312506385,8247980974,8341915864,8327255712,8331876325,8222818133,8226992872,8252615846,8255385432,8281449751,8298027256,8252154657,8281351395,8226369057,8239723398,8236602459,8276035120,8280739403,8283211138,8249119272,8262170698,8278684413,8268794263,8268418439,8363676916,8314715480,8318773905,8274967374,8320393894,8344975988,8292324966,8332647431,8305452626,8321002281,8278968803,8280136295,8268180569,8312836449,8282141148,8327134063,8249771706,8287649931,8316976321
STAT,(NULL),Work,44,1570249789533,35687504185,35687464445,35687500044,35687478491,35687502018,35687471934,35687482698,35687474444,35687469117,35687481020,35687512102,35687470499,35687502052,35687475670,35687476455,35687469527,35687524721,35687507665,35687485787,35687486882,35687521077,35687484655,35687503455,35687500976,35687500202,35687503858,35687501678,35687506673,35687520554,35687498737,35687501815,35687502050,35687499916,35687498873,35687505808,35687504797,35687505190,35687500470,35687496163,35687496276,35687504118,35687499876,35687496259,35687496301
STAT,(NULL),nBad,44,1888,49,53,39,53,61,51,51,27,51,18,47,42,27,40,41,25,54,12,48,31,46,35,50,55,39,60,20,23,29,57,43,40,62,60,26,18,47,51,39,42,45,42,50,89
STAT,(NULL),nEmpty,44,22683782,517618,550004,492925,553394,550521,553438,483277,478224,489179,490037,502611,519411,482657,507690,481673,494954,492711,502140,521413,510935,498897,503062,499046,497123,502974,556896,514033,540154,504131,556566,561797,511129,547397,517615,531806,491178,529645,502913,551311,497653,531107,489232,522960,550345
STAT,(NULL),nEmptyPop,44,3425329,81669,83753,80921,83391,83565,82947,81193,81013,80930,81034,81270,82331,80920,81381,80928,81352,81226,81267,82159,81931,81986,81267,73087,73445,72664,74780,73312,73692,73234,75353,74900,73594,74492,73945,74107,72794,74244,74457,74967,72953,74406,72482,74745,75242
STAT,(NULL),nOverall,44,268437342,6155424,6578822,5942567,6620577,6608693,6617262,5856960,5737952,5815977,5816408,5950884,6152791,5795317,5920015,5747096,5905280,5742751,5747518,5979173,6003718,5871826,5760229,6069405,5997013,5742299,6656244,6064367,6221938,5947489,6610523,6657599,6123164,6402168,6131215,6140779,5757727,6186299,6016285,6554217,5921756,6323198,5834315,6203186,6548916
STAT,(NULL),nPop,44,89793105,2056486,2193759,1979042,2208747,2201696,2207703,1947740,1912722,1943342,1943053,1990646,2058135,1931684,1986851,1919055,1971075,1928860,1939035,2016208,2012229,1966590,1943947,2016334,1997496,1938843,2221815,2030831,2094956,1991392,2209373,2226109,2042311,2148613,2049052,2066652,1930814,2075249,2008253,2189970,1978885,2112186,1946918,2071795,2186653
STAT,(NULL),nPush,44,89793103,2057346,2219609,1988788,2233123,2230371,2234782,1966391,1931321,1968837,1940204,1954428,2066190,1962292,1949406,1923504,1997759,1913232,1888293,1968026,2006731,1954398,1896677,2076309,2018828,1897633,2240285,2034806,2047888,1980847,2223895,2242673,2052451,2151900,2049269,2016420,1892596,2071336,2013461,2206995,1991714,2094934,1975296,2057335,2204524
STAT,(NULL),nPushInit,44,2,1,1,0,0,0,0,0,0,0,0,0,0,0,0,0,0,0,0,0,0,0,0,0,0,0,0,0,0,0,0,0,0,0,0,0,0,0,0,0,0,0,0,0,0
==== BENCHMARK TOOK 29.587
==== BENCHMARK START ===
==== PARAMS kernel=4.9.5-64-net1 malloc=libc hostname=rack-castor threads=44 delta=4 prog=sssp-klsm256mq  ===
ERROR: ld.so: object '/specific/disk1/home/adamx/malloc/lib64/libjemalloc.so' from LD_PRELOAD cannot be preloaded (cannot open shared object file): ignored.
Galois Benchmark Suite v2.2.1 (r0)
Copyright (C) 2014 The University of Texas at Austin
http://iss.ices.utexas.edu/galois/

application: Single Source Shortest Path
Computes the shortest path from a source node to all nodes in a directed graph using a modified chaotic iteration algorithm
http://iss.ices.utexas.edu/?p=projects/galois/benchmarks/single_source_shortest_path

INFO: CommandLine ./build/debug/apps/sssp/sssp -noverify -t 44 -delta 4 -wl klsm256mq -startNode 0 /specific/disk1/home/mad/Galois-PQ/inputs/random/r4-2e26.gr
INFO: Hostname rack-castor
Read 67108864 nodes
Running Asynchronous with CAS version
INFO: Using delta-step of 1
WARNING: Performance varies considerably due to delta parameter.
WARNING: Do not expect the default to be good for your graph.
Node 1 has distance 8445
STATTYPE,LOOP,CATEGORY,n,sum,T0,T1,T2,T3,T4,T5,T6,T7,T8,T9,T10,T11,T12,T13,T14,T15,T16,T17,T18,T19,T20,T21,T22,T23,T24,T25,T26,T27,T28,T29,T30,T31,T32,T33,T34,T35,T36,T37,T38,T39,T40,T41,T42,T43
STAT,(NULL),BadWork,44,2080590,61887,79852,34231,22943,42257,59906,22178,27717,69078,39066,43055,23140,18840,69051,25815,28244,54193,66939,47280,63426,49750,61950,71628,145969,33579,36450,107497,18208,58298,34636,44755,33092,26348,29141,63035,15063,96509,16513,42078,35885,36599,61162,29081,34266
STAT,(NULL),BarrierTime,44,8251271,630424,442740,473348,417087,415427,403941,387172,339396,263063,286578,338594,302773,272024,237595,290140,198132,202387,199360,140908,189672,173247,186388,83682,84277,65112,83403,83883,83799,61338,83916,83136,83443,52296,83678,40399,54408,55930,55236,39242,58505,56121,58608,55632,54831
STAT,(NULL),ConflictTime,44,0,0,0,0,0,0,0,0,0,0,0,0,0,0,0,0,0,0,0,0,0,0,0,0,0,0,0,0,0,0,0,0,0,0,0,0,0,0,0,0,0,0,0,0,0
STAT,(NULL),Conflicts,44,0,0,0,0,0,0,0,0,0,0,0,0,0,0,0,0,0,0,0,0,0,0,0,0,0,0,0,0,0,0,0,0,0,0,0,0,0,0,0,0,0,0,0,0,0
STAT,(NULL),EmptyPopTime,44,6620681991,155948262,153033883,161756752,149931678,150471393,150401160,166054822,164822502,161686550,162413396,159397487,162464872,161913981,162589915,165020420,163284548,159547248,159226938,157651717,161270815,166331655,166660074,148077733,144957154,149220491,131278436,142400927,137126161,144132636,131920476,131631390,145325496,141176951,141121454,141489248,147669101,143294959,139077738,133464298,141800482,140729659,149804673,139056163,134046297
STAT,(NULL),EmptyWork,44,13454033954,301599254,299285652,300875858,307540247,303217310,306443861,305159174,302567979,303371351,306665174,297339121,305879346,309926481,308020560,305786718,310382828,293399698,308446433,303120478,312865383,312054161,300140317,311470848,304962777,308613846,314457307,305870151,308338646,308293058,302624785,308318089,304960890,304263156,310007853,304185678,309648005,309651204,302406813,302316172,303623210,309777511,304395342,305551819,306209410
STAT,(NULL),GaloisTime,44,87535522548,1921827415,1840014414,2018243682,1848505902,1853267875,1849995717,2056380024,2052822347,2048596749,2027819225,2016775383,2031502202,2056330925,2059151075,2024480905,1987879526,2009645045,2055799619,2013057980,2052318443,2050387089,2003215570,2059818617,2049070185,2216242574,1858322276,2019229236,2002541802,1981714851,1848453283,1862107393,2009336916,2014404176,1990137667,1988754297,2076875931,1971630543,1943290689,1828404861,2026773006,2010130276,2112593542,1956911669,1830761646
STAT,(NULL),InitPushTime,44,2539075,32312,126757,41744,36404,36571,36028,42336,36818,65986,62034,38880,34520,39692,63954,38976,53328,52788,52408,86915,53084,52812,53142,107426,70525,70650,71331,70539,71068,70166,69813,70605,57978,58300,56958,56687,57039,57185,56900,56401,54758,54340,53892,54692,54333
STAT,(NULL),Iterations,44,89792562,2068041,2198077,1999615,2210471,2207645,2212924,1946246,1952180,1979254,1989275,2023534,1991327,1967717,1964548,1974441,1989509,1996336,1986295,2031597,1971526,1929640,1969030,1954589,1975291,1891967,2222679,2018418,2058484,2052255,2211796,2223773,2035190,2028839,2053379,2054254,1962359,2026596,2057516,2189449,2025368,2030122,1906332,2065142,2189536
STAT,(NULL),LoopTime,44,36492630468,36492630468,0,0,0,0,0,0,0,0,0,0,0,0,0,0,0,0,0,0,0,0,0,0,0,0,0,0,0,0,0,0,0,0,0,0,0,0,0,0,0,0,0,0,0
STAT,(NULL),MeminfoPost,44,6204,141,141,141,141,141,141,141,141,141,141,141,141,141,141,141,141,141,141,141,141,141,141,141,141,141,141,141,141,141,141,141,141,141,141,141,141,141,141,141,141,141,141,141,141
STAT,(NULL),MeminfoPre,44,6204,141,141,141,141,141,141,141,141,141,141,141,141,141,141,141,141,141,141,141,141,141,141,141,141,141,141,141,141,141,141,141,141,141,141,141,141,141,141,141,141,141,141,141,141
STAT,(NULL),NumaPost,44,19002,12989,4143,1078,792,0,0,0,0,0,0,0,0,0,0,0,0,0,0,0,0,0,0,0,0,0,0,0,0,0,0,0,0,0,0,0,0,0,0,0,0,0,0,0,0
STAT,(NULL),PopTime,44,270068485239,6122065410,6213833572,6149616056,6214212738,6214229863,6222685267,6123930712,6114909034,6129150300,6120701829,6147473134,6128867791,6104328417,6116373000,6136071213,6144239555,6132937132,6119648856,6137935143,6123433143,6117380970,6141312718,6085824447,6093274382,6049308279,6183673245,6113350726,6115367947,6134336614,6194350597,6175191638,6113431588,6120184291,6127614847,6142281606,6105166074,6133144480,6150035162,6192210277,6118714811,6132665307,6075821118,6143821834,6193380116
STAT,(NULL),PushTime,44,828359885874,18979516832,18859270762,18801748556,18826712019,18848630246,18809757478,18796033417,18804854923,18769825488,18803627026,18762810312,18788603609,18785036297,18779655541,18803715938,18844925259,18812306081,18761273475,18775889819,18770031206,18809868529,18855717115,18854746240,18828766610,18766536017,18876280274,18829508866,18814253080,18842478460,18895710082,18860723536,18827839301,18809383767,18814877556,18832539923,18775389510,18877540085,18883378737,18910358719,18807203998,18820182547,18795534124,18864582139,18922262375
STAT,(NULL),RusageSys,44,16000,16000,0,0,0,0,0,0,0,0,0,0,0,0,0,0,0,0,0,0,0,0,0,0,0,0,0,0,0,0,0,0,0,0,0,0,0,0,0,0,0,0,0,0,0
STAT,(NULL),RusageUser,44,714912000,714912000,0,0,0,0,0,0,0,0,0,0,0,0,0,0,0,0,0,0,0,0,0,0,0,0,0,0,0,0,0,0,0,0,0,0,0,0,0,0,0,0,0,0,0
STAT,(NULL),Threads,44,44,44,0,0,0,0,0,0,0,0,0,0,0,0,0,0,0,0,0,0,0,0,0,0,0,0,0,0,0,0,0,0,0,0,0,0,0,0,0,0,0,0,0,0,0
STAT,(NULL),Time,44,36507894656,36507894656,0,0,0,0,0,0,0,0,0,0,0,0,0,0,0,0,0,0,0,0,0,0,0,0,0,0,0,0,0,0,0,0,0,0,0,0,0,0,0,0,0,0,0
STAT,(NULL),TotalTime,44,66574131263,66574131263,0,0,0,0,0,0,0,0,0,0,0,0,0,0,0,0,0,0,0,0,0,0,0,0,0,0,0,0,0,0,0,0,0,0,0,0,0,0,0,0,0,0,0
STAT,(NULL),UserTime,44,364991397310,8224269115,8339786464,8272987124,8358324746,8335411959,8365944912,8257670111,8265251845,8292595252,8283999736,8321432838,8287910507,8287692368,8279436958,8270152178,8254515666,8297393062,8300831859,8317572116,8285308200,8249207147,8238181370,8245289340,8284195562,8215306981,8341215660,8294867005,8327599349,8294271221,8332167245,8367255688,8304332253,8315815703,8321468221,8295978084,8290478642,8269965857,8287039025,8338472473,8307112027,8291741222,8267077753,8295304350,8318568116
STAT,(NULL),Work,44,1571035661930,35705364240,35705357260,35705349656,35705360868,35705362058,35705351637,35705352884,35705362420,35705367286,35705348584,35705358433,35705359018,35705375273,35705348320,35705361052,35705360090,35705359265,35705360664,35705348429,35705356756,35705383199,35705359512,35705350080,35705345907,35705370316,35705346880,35705348307,35705346434,35705377546,35705346152,35705347771,35705346478,35705356815,35705349606,35705371570,35705351370,35705346530,35705353090,35705346310,35705349002,35705346070,35705346063,35705352954,35705359775
STAT,(NULL),nBad,44,1311,48,52,23,17,32,44,18,23,45,28,31,18,12,49,17,19,39,35,34,53,33,47,53,33,25,27,23,14,41,20,31,20,19,22,43,9,35,11,33,25,24,44,18,24
STAT,(NULL),nEmpty,44,22683377,519889,551067,503276,554131,554096,556145,487756,495455,493657,497264,514868,504823,502248,494798,504662,500168,515507,511698,519963,496244,486883,494088,489167,501461,477121,559492,505459,527203,517495,557968,559600,510184,513020,522786,519339,498965,506802,523500,551606,514167,512394,476488,529724,550750
STAT,(NULL),nEmptyPop,44,3430937,82116,84047,81471,83554,83674,83759,81382,81731,80832,81001,82302,81310,81585,80899,82212,81632,82317,81836,82121,80608,81170,81119,73247,73096,72634,75029,73541,73948,74289,75107,75438,73894,73790,73895,73727,73094,73517,74201,75084,74258,73874,72926,74496,75174
STAT,(NULL),nOverall,44,268436765,6190741,6588309,5982479,6621867,6620041,6629224,5830230,5830742,5942576,5970535,6035028,5947388,5861270,5880153,5879842,5955144,5925814,5897938,6045707,5899972,5767478,5902305,5865084,5893808,5657366,6652099,6051631,6125833,6143907,6615191,6659088,6099051,6066956,6123501,6138957,5854223,6080104,6134600,6553157,6043113,6070475,5713465,6136435,6553938
STAT,(NULL),nPop,44,89792562,2068041,2198077,1999615,2210471,2207645,2212924,1946246,1952180,1979254,1989275,2023534,1991327,1967717,1964548,1974441,1989509,1996336,1986295,2031597,1971526,1929640,1969030,1954589,1975291,1891967,2222679,2018418,2058484,2052255,2211796,2223773,2035190,2028839,2053379,2054254,1962359,2026596,2057516,2189449,2025368,2030122,1906332,2065142,2189536
STAT,(NULL),nPush,44,89792560,2070140,2220074,1996946,2233438,2230141,2233766,1952052,1941177,2013523,2014594,1988374,1993850,1958413,1957525,1956618,1998294,1936754,1937925,1986088,1987264,1916210,1987080,1976229,1958155,1909267,2239915,2067032,2029814,2048442,2226250,2241428,2041748,2036760,2026166,2057852,1940026,2040551,2019663,2204017,2005151,2054363,1920847,2032320,2206318
STAT,(NULL),nPushInit,44,2,1,1,0,0,0,0,0,0,0,0,0,0,0,0,0,0,0,0,0,0,0,0,0,0,0,0,0,0,0,0,0,0,0,0,0,0,0,0,0,0,0,0,0,0
==== BENCHMARK TOOK 31.057
==== BENCHMARK START ===
==== PARAMS kernel=4.9.5-64-net1 malloc=libc hostname=rack-castor threads=44 delta=4 prog=sssp-klsm256mq  ===
ERROR: ld.so: object '/specific/disk1/home/adamx/malloc/lib64/libjemalloc.so' from LD_PRELOAD cannot be preloaded (cannot open shared object file): ignored.
Galois Benchmark Suite v2.2.1 (r0)
Copyright (C) 2014 The University of Texas at Austin
http://iss.ices.utexas.edu/galois/

application: Single Source Shortest Path
Computes the shortest path from a source node to all nodes in a directed graph using a modified chaotic iteration algorithm
http://iss.ices.utexas.edu/?p=projects/galois/benchmarks/single_source_shortest_path

INFO: CommandLine ./build/debug/apps/sssp/sssp -noverify -t 44 -delta 4 -wl klsm256mq -startNode 0 /specific/disk1/home/mad/Galois-PQ/inputs/random/r4-2e26.gr
INFO: Hostname rack-castor
Read 67108864 nodes
Running Asynchronous with CAS version
INFO: Using delta-step of 1
WARNING: Performance varies considerably due to delta parameter.
WARNING: Do not expect the default to be good for your graph.
Node 1 has distance 8445
STATTYPE,LOOP,CATEGORY,n,sum,T0,T1,T2,T3,T4,T5,T6,T7,T8,T9,T10,T11,T12,T13,T14,T15,T16,T17,T18,T19,T20,T21,T22,T23,T24,T25,T26,T27,T28,T29,T30,T31,T32,T33,T34,T35,T36,T37,T38,T39,T40,T41,T42,T43
STAT,(NULL),BadWork,44,1899015,89714,90979,39635,25505,25300,49122,44273,21410,14887,47848,28284,63437,41523,26754,38084,40978,48029,43350,52701,28861,26830,52130,50614,22941,45529,49828,60214,19421,40493,28430,53209,43399,66526,41320,25401,41859,14456,31704,42392,46629,35801,76586,77162,45467
STAT,(NULL),BarrierTime,44,7980728,593888,467838,486326,431027,427486,418086,416271,295419,321749,275902,318019,314732,320728,320984,313875,230184,248796,187888,203196,195306,144744,178492,14931,22183,23104,45034,45310,34335,46312,44880,45803,45697,46076,46092,40047,42027,38366,41802,23247,45592,45818,45406,42806,44924
STAT,(NULL),ConflictTime,44,0,0,0,0,0,0,0,0,0,0,0,0,0,0,0,0,0,0,0,0,0,0,0,0,0,0,0,0,0,0,0,0,0,0,0,0,0,0,0,0,0,0,0,0,0
STAT,(NULL),Conflicts,44,0,0,0,0,0,0,0,0,0,0,0,0,0,0,0,0,0,0,0,0,0,0,0,0,0,0,0,0,0,0,0,0,0,0,0,0,0,0,0,0,0,0,0,0,0
STAT,(NULL),EmptyPopTime,44,6623729691,161480752,150195342,172107301,148576799,149073874,150254752,162692060,166308635,159854050,163415414,156664456,164546995,160223052,161036802,163634787,162310047,161071886,161124911,161189905,170120400,168948626,163140170,144281387,151067192,139475404,131106655,140635399,143289603,140088937,134900484,131431230,137671572,138095547,139837083,141929446,148115877,140076011,143997455,133422308,144735221,139859931,145541261,140972989,135227683
STAT,(NULL),EmptyWork,44,13528945406,302155817,301621352,312025417,306714842,306149523,308044865,309646584,308381602,302346115,309299639,304348035,305091927,309402782,301192234,301916511,306973877,302191838,309921828,305105304,309928599,313929844,306121531,310219566,307952335,310415813,310935407,306669822,308678722,299269382,312073960,309163330,314736365,305757131,308979034,306351690,314798754,304268963,306142344,308379344,310076723,305214155,307387471,313399230,305565799
STAT,(NULL),GaloisTime,44,87857055858,1980858496,1842786058,2034973980,1851980792,1853119728,1850348403,2065756582,2074777034,2052857317,2083616208,1990355650,2049210863,2048743021,2070916766,2041495806,1982389030,2026115161,2046967478,2025327564,2068702468,2057966335,2044037774,2041793316,2118025779,2079448781,1854140646,2038289905,2016030559,2005962252,1849170110,1861020090,1995650277,2029603254,2003689457,1999476883,2123393258,1993538754,1989896340,1836856757,2054912544,1964252260,2080971243,1950224348,1827406531
STAT,(NULL),InitPushTime,44,2732625,32628,126894,41500,36217,36144,35910,40692,67202,35992,48581,39144,38228,38228,34760,35349,39108,38656,39132,38344,38168,76566,47442,106422,106055,106040,105636,105695,105145,105915,105329,104529,69842,69300,69410,69036,57127,56731,56606,56613,54692,55015,53548,54751,54303
STAT,(NULL),Iterations,44,89792662,1989095,2205686,1971528,2217373,2213385,2216275,1955971,1937739,2005052,1946161,2064722,1983794,1991850,1959156,1959092,1998875,1966852,1984150,2004817,1944071,1931873,1954967,1988067,1903840,2001221,2230157,2034529,2037318,2047144,2219336,2232861,2074634,2044658,2071397,2040751,1914449,2025225,2018831,2198343,1990493,2097597,1965291,2059165,2194871
STAT,(NULL),LoopTime,44,36286069800,36286069800,0,0,0,0,0,0,0,0,0,0,0,0,0,0,0,0,0,0,0,0,0,0,0,0,0,0,0,0,0,0,0,0,0,0,0,0,0,0,0,0,0,0,0
STAT,(NULL),MeminfoPost,44,6204,141,141,141,141,141,141,141,141,141,141,141,141,141,141,141,141,141,141,141,141,141,141,141,141,141,141,141,141,141,141,141,141,141,141,141,141,141,141,141,141,141,141,141,141
STAT,(NULL),MeminfoPre,44,6204,141,141,141,141,141,141,141,141,141,141,141,141,141,141,141,141,141,141,141,141,141,141,141,141,141,141,141,141,141,141,141,141,141,141,141,141,141,141,141,141,141,141,141,141
STAT,(NULL),NumaPost,44,18993,12986,4156,1275,576,0,0,0,0,0,0,0,0,0,0,0,0,0,0,0,0,0,0,0,0,0,0,0,0,0,0,0,0,0,0,0,0,0,0,0,0,0,0,0,0
STAT,(NULL),PopTime,44,270444125757,6124910860,6231370635,6149837406,6233270868,6219502945,6230589533,6135382324,6123091844,6137111220,6125408684,6166128766,6134347127,6132743343,6128861414,6136094502,6163872096,6135321730,6138898762,6139691139,6120120876,6133765342,6138888243,6120639938,6092990159,6099386259,6197857306,6119966921,6126610329,6126614974,6192809112,6190333846,6146699917,6117003925,6143110647,6132714040,6089088604,6138047442,6133655239,6201195567,6103214566,6152723467,6101382734,6144771911,6194099195
STAT,(NULL),PushTime,44,824917813939,18872821594,18786699873,18723563029,18752668850,18788390901,18757468630,18716454449,18712502698,18681892706,18679878313,18706385663,18694717167,18707065491,18701666829,18752225721,18791143162,18745426502,18686299680,18709866470,18709003494,18725953545,18747993374,18751201215,18710474636,18708721298,18795249529,18733000997,18754414394,18765593834,18818726369,18797817253,18723408831,18717282269,18705494253,18767591500,18708543614,18784478136,18787621669,18841400521,18739067243,18764257787,18707454169,18822513839,18863412442
STAT,(NULL),RusageSys,44,8000,8000,0,0,0,0,0,0,0,0,0,0,0,0,0,0,0,0,0,0,0,0,0,0,0,0,0,0,0,0,0,0,0,0,0,0,0,0,0,0,0,0,0,0,0
STAT,(NULL),RusageUser,44,713588000,713588000,0,0,0,0,0,0,0,0,0,0,0,0,0,0,0,0,0,0,0,0,0,0,0,0,0,0,0,0,0,0,0,0,0,0,0,0,0,0,0,0,0,0,0
STAT,(NULL),Threads,44,44,44,0,0,0,0,0,0,0,0,0,0,0,0,0,0,0,0,0,0,0,0,0,0,0,0,0,0,0,0,0,0,0,0,0,0,0,0,0,0,0,0,0,0,0
STAT,(NULL),Time,44,36301622554,36301622554,0,0,0,0,0,0,0,0,0,0,0,0,0,0,0,0,0,0,0,0,0,0,0,0,0,0,0,0,0,0,0,0,0,0,0,0,0,0,0,0,0,0,0
STAT,(NULL),TotalTime,44,65133771570,65133771570,0,0,0,0,0,0,0,0,0,0,0,0,0,0,0,0,0,0,0,0,0,0,0,0,0,0,0,0,0,0,0,0,0,0,0,0,0,0,0,0,0,0,0
STAT,(NULL),UserTime,44,364755364421,8197020521,8326572125,8246744065,8346040056,8323013047,8342545040,8249319250,8254188455,8305188911,8277632710,8315369452,8291336691,8281074472,8275578252,8243884949,8232562882,8269123807,8296039209,8298070334,8261374961,8238686004,8239068437,8271116072,8258740388,8301804491,8349960813,8300687654,8290228885,8301721531,8331570797,8349485331,8321083187,8331508269,8338139976,8291187310,8255310788,8278841441,8277938170,8317996893,8287244284,8312943174,8296513766,8267368444,8313539127
STAT,(NULL),Work,44,1568132505544,35639383268,35639361281,35639385494,35639385077,35639360877,35639372478,35639361312,35639365882,35639368452,35639388304,35639360966,35639372742,35639361115,35639371062,35639381694,35639388670,35639370916,35639393840,35639381172,35639385962,35639366816,35639384007,35639400683,35639393783,35639392988,35639371972,35639370273,35639377306,35639368082,35639373445,35639368255,35639370251,35639368714,35639366061,35639377456,35639372077,35639374978,35639370665,35639393249,35639366914,35639372738,35639369919,35639367602,35639366746
STAT,(NULL),nBad,44,1432,75,69,26,19,20,36,35,11,10,39,22,50,32,21,29,32,37,29,37,18,21,44,41,20,33,37,38,15,31,23,35,28,47,29,23,32,11,27,33,36,29,52,65,35
STAT,(NULL),nEmpty,44,22683450,501116,553595,489278,555143,554470,554696,499600,491191,513457,494025,524458,495303,510257,492249,496174,498324,500205,499173,507020,478062,483667,491310,500828,479631,521253,561495,512987,508277,527908,558634,562979,530726,524162,531086,512010,484139,517566,509521,553434,503536,532955,499269,516811,551470
STAT,(NULL),nEmptyPop,44,3418765,80542,83693,80656,82846,83246,83535,81066,81047,81682,80900,81989,80998,80970,79908,81187,81178,81334,80586,81245,80461,80937,80733,73091,72897,73343,74938,73449,73639,74294,75438,75210,74242,73888,74117,73940,72622,73902,74230,75144,73342,74657,72733,73666,75244
STAT,(NULL),nOverall,44,268436886,5952260,6609066,5925505,6648503,6634188,6645450,5828873,5786104,5967678,5808827,6161079,5955355,5930053,5867842,5853085,6005435,5869747,5939321,5988770,5862889,5789883,5857322,5950352,5696196,5920120,6674347,6089104,6115394,6074715,6643259,6678982,6176062,6080919,6161755,6111757,5725510,6032516,6035546,6579612,5945640,6257098,5860705,6165932,6574130
STAT,(NULL),nPop,44,89792662,1989095,2205686,1971528,2217373,2213385,2216275,1955971,1937739,2005052,1946161,2064722,1983794,1991850,1959156,1959092,1998875,1966852,1984150,2004817,1944071,1931873,1954967,1988067,1903840,2001221,2230157,2034529,2037318,2047144,2219336,2232861,2074634,2044658,2071397,2040751,1914449,2025225,2018831,2198343,1990493,2097597,1965291,2059165,2194871
STAT,(NULL),nPush,44,89792660,1988321,2221943,1989070,2234469,2230537,2235243,1933655,1924553,1986849,1917006,2031394,1996153,1986818,1996133,1990158,2032015,1938299,1990695,1984083,1966270,1926574,1984684,2013430,1920067,1926951,2241268,2054429,2078567,2010145,2231497,2241997,2043842,2019553,2026729,2058442,1902007,1995197,1988347,2207079,1987876,2102870,1964969,2086873,2205603
STAT,(NULL),nPushInit,44,2,1,1,0,0,0,0,0,0,0,0,0,0,0,0,0,0,0,0,0,0,0,0,0,0,0,0,0,0,0,0,0,0,0,0,0,0,0,0,0,0,0,0,0,0
==== BENCHMARK TOOK 30.432
==== BENCHMARK START ===
==== PARAMS kernel=4.9.5-64-net1 malloc=libc hostname=rack-castor threads=44 delta=4 prog=sssp-klsm256mq  ===
ERROR: ld.so: object '/specific/disk1/home/adamx/malloc/lib64/libjemalloc.so' from LD_PRELOAD cannot be preloaded (cannot open shared object file): ignored.
Galois Benchmark Suite v2.2.1 (r0)
Copyright (C) 2014 The University of Texas at Austin
http://iss.ices.utexas.edu/galois/

application: Single Source Shortest Path
Computes the shortest path from a source node to all nodes in a directed graph using a modified chaotic iteration algorithm
http://iss.ices.utexas.edu/?p=projects/galois/benchmarks/single_source_shortest_path

INFO: CommandLine ./build/debug/apps/sssp/sssp -noverify -t 44 -delta 4 -wl klsm256mq -startNode 0 /specific/disk1/home/mad/Galois-PQ/inputs/random/r4-2e26.gr
INFO: Hostname rack-castor
Read 67108864 nodes
Running Asynchronous with CAS version
INFO: Using delta-step of 1
WARNING: Performance varies considerably due to delta parameter.
WARNING: Do not expect the default to be good for your graph.
Node 1 has distance 8445
STATTYPE,LOOP,CATEGORY,n,sum,T0,T1,T2,T3,T4,T5,T6,T7,T8,T9,T10,T11,T12,T13,T14,T15,T16,T17,T18,T19,T20,T21,T22,T23,T24,T25,T26,T27,T28,T29,T30,T31,T32,T33,T34,T35,T36,T37,T38,T39,T40,T41,T42,T43
STAT,(NULL),BadWork,44,1828818,21541,55863,23738,53976,51040,41466,41542,37612,17166,50974,69533,48543,49672,66436,42210,45942,51991,23811,28542,65965,36012,11778,56616,31289,19049,45693,36217,15220,39031,31430,57236,29145,34957,59026,47865,27526,35069,34973,48528,45816,30394,29279,70031,69075
STAT,(NULL),BarrierTime,44,8271997,618542,466054,462796,441122,431075,422039,369256,344433,279817,355824,350446,280702,313228,301600,228628,220484,248264,252010,221902,247992,245655,253457,45799,24354,46206,46411,45430,43416,46114,41508,46162,44764,39892,44519,39940,38321,38251,18730,45872,45413,43950,39642,45770,46207
STAT,(NULL),ConflictTime,44,0,0,0,0,0,0,0,0,0,0,0,0,0,0,0,0,0,0,0,0,0,0,0,0,0,0,0,0,0,0,0,0,0,0,0,0,0,0,0,0,0,0,0,0,0
STAT,(NULL),Conflicts,44,0,0,0,0,0,0,0,0,0,0,0,0,0,0,0,0,0,0,0,0,0,0,0,0,0,0,0,0,0,0,0,0,0,0,0,0,0,0,0,0,0,0,0,0,0
STAT,(NULL),EmptyPopTime,44,6586478415,159216160,150225075,166055414,149828229,151345252,150940664,159974380,160226043,166283883,161371671,160609790,162522788,163046038,165970873,171523105,160890414,165809445,157443344,160248132,168015930,159017976,159883630,143803482,140832611,144797541,130521624,140003228,136596786,137953396,130411717,131866676,138290140,142255637,141313997,137228516,147338594,136659784,141577743,134358987,143377393,137643909,147723110,136194949,135280359
STAT,(NULL),EmptyWork,44,13498395969,303330066,305823164,310241357,304092090,303582345,296492845,300169269,300164045,304551547,309454063,306972978,305959849,303323976,305288068,304049446,305607787,307520720,303321084,310083387,309720637,305332619,302293323,312326658,305273498,312905083,303680873,305283387,314238186,307933898,312078381,315183229,305502622,309452671,307868010,305625549,315016503,306435451,305321311,305171251,310674281,310647217,310390435,305046004,304966806
STAT,(NULL),GaloisTime,44,87032206345,1953178241,1829007591,2042613052,1838306332,1841653773,1839486515,2016336810,2073847520,2062290786,2022722871,2032750756,2042657207,2072154486,2073003358,2083327092,2007205005,1992640438,2068879159,2026857500,2048051780,1993448602,2034570315,2005926614,2041186129,2014180844,1851352830,1947451552,1981348471,1961345560,1840591331,1849787430,1972758082,2017012399,1990287595,1975103117,2068587997,1933630617,1969432927,1819856034,2022732540,1932062072,2105151916,1911477545,1825953554
STAT,(NULL),InitPushTime,44,2635232,30188,124293,73880,36875,36757,36223,40960,40596,66059,39552,39112,47935,38376,37948,65010,39300,38596,38740,38472,37072,34247,37672,105277,105424,105219,105571,104999,104772,104881,59393,59077,58527,58183,56885,57090,56790,56482,72923,71874,54516,54046,55528,55521,54391
STAT,(NULL),Iterations,44,89792541,2002510,2194035,1953285,2204183,2205295,2204419,2000526,1954125,1933556,2000796,1991892,1968454,1939061,1934366,1877925,1976231,1973781,1953951,1994935,1948214,2000165,1955946,2009816,1995099,2001329,2220995,2093453,2076238,2071970,2207919,2219984,2090765,2016844,2035872,2065047,1943832,2074766,2024591,2186106,2002826,2102797,1903879,2093472,2187290
STAT,(NULL),LoopTime,44,36236029126,36236029126,0,0,0,0,0,0,0,0,0,0,0,0,0,0,0,0,0,0,0,0,0,0,0,0,0,0,0,0,0,0,0,0,0,0,0,0,0,0,0,0,0,0,0
STAT,(NULL),MeminfoPost,44,6204,141,141,141,141,141,141,141,141,141,141,141,141,141,141,141,141,141,141,141,141,141,141,141,141,141,141,141,141,141,141,141,141,141,141,141,141,141,141,141,141,141,141,141,141
STAT,(NULL),MeminfoPre,44,6204,141,141,141,141,141,141,141,141,141,141,141,141,141,141,141,141,141,141,141,141,141,141,141,141,141,141,141,141,141,141,141,141,141,141,141,141,141,141,141,141,141,141,141,141
STAT,(NULL),NumaPost,44,18975,12994,4139,1050,792,0,0,0,0,0,0,0,0,0,0,0,0,0,0,0,0,0,0,0,0,0,0,0,0,0,0,0,0,0,0,0,0,0,0,0,0,0,0,0,0
STAT,(NULL),PopTime,44,269617780918,6101838336,6214939894,6130552213,6212992474,6210737632,6216749249,6144707388,6125720848,6114455761,6126978926,6121284543,6119543158,6113855196,6109222613,6089968611,6119800108,6136735294,6098042019,6120350922,6119277226,6128134903,6126485188,6108021515,6089457886,6080147706,6165151197,6119275701,6113108752,6110238528,6149995343,6162896582,6115090849,6092301777,6116712797,6121500562,6075459768,6119177730,6109821756,6173240527,6110967034,6129243003,6049906508,6133904139,6169788756
STAT,(NULL),PushTime,44,825596108243,18903129414,18801543483,18716422416,18770598390,18765293838,18762771291,18722276025,18677991913,18731263318,18719988026,18729458952,18711784337,18688533881,18698190347,18733631898,18765581461,18771032289,18709404408,18710192145,18703466035,18755034890,18722294889,18762017651,18734968776,18788883212,18790680414,18807434518,18750452986,18802159047,18825274363,18808590390,18773907935,18770307977,18760221368,18753364841,18741063511,18820452520,18793076369,18880947234,18746246670,18811017304,18725937927,18816458102,18862761482
STAT,(NULL),RusageSys,44,96000,96000,0,0,0,0,0,0,0,0,0,0,0,0,0,0,0,0,0,0,0,0,0,0,0,0,0,0,0,0,0,0,0,0,0,0,0,0,0,0,0,0,0,0,0
STAT,(NULL),RusageUser,44,712624000,712624000,0,0,0,0,0,0,0,0,0,0,0,0,0,0,0,0,0,0,0,0,0,0,0,0,0,0,0,0,0,0,0,0,0,0,0,0,0,0,0,0,0,0,0
STAT,(NULL),Threads,44,44,44,0,0,0,0,0,0,0,0,0,0,0,0,0,0,0,0,0,0,0,0,0,0,0,0,0,0,0,0,0,0,0,0,0,0,0,0,0,0,0,0,0,0,0
STAT,(NULL),Time,44,36249230018,36249230018,0,0,0,0,0,0,0,0,0,0,0,0,0,0,0,0,0,0,0,0,0,0,0,0,0,0,0,0,0,0,0,0,0,0,0,0,0,0,0,0,0,0,0
STAT,(NULL),TotalTime,44,65442631812,65442631812,0,0,0,0,0,0,0,0,0,0,0,0,0,0,0,0,0,0,0,0,0,0,0,0,0,0,0,0,0,0,0,0,0,0,0,0,0,0,0,0,0,0,0
STAT,(NULL),UserTime,44,363849665728,8174323545,8293471136,8229129968,8319197134,8322403062,8328573939,8251551442,8257062227,8216167758,8254499150,8243937172,8252547608,8254103569,8243341853,8212513112,8235930169,8221276398,8257924156,8267282647,8246483322,8254047125,8249486983,8262918836,8283297869,8254099366,8353627460,8275566018,8299268744,8275384092,8336662533,8326689940,8289464066,8263683485,8278609864,8302192027,8247547485,8278658022,8275785541,8281439890,8261016306,8274400189,8255904049,8291933248,8296263223
STAT,(NULL),Work,44,1566186375410,35595139509,35595128697,35595137820,35595137202,35595148879,35595134329,35595170295,35595147162,35595150508,35595134322,35595141552,35595153210,35595141170,35595157400,35595161792,35595167656,35595144536,35595132704,35595137281,35595149614,35595155009,35595140109,35595137591,35595160018,35595138236,35595139334,35595141624,35595143680,35595139038,35595146985,35595137988,35595138612,35595147219,35595143162,35595147401,35595149326,35595149886,35595165452,35595137531,35595138408,35595141251,35595148210,35595136810,35595136892
STAT,(NULL),nBad,44,1325,11,38,15,44,40,28,30,25,10,36,54,36,38,48,27,31,40,18,22,51,25,10,41,23,13,38,25,10,28,26,43,20,24,45,39,21,28,23,39,31,22,16,42,51
STAT,(NULL),nEmpty,44,22683347,504666,551859,481528,551874,554557,552617,513843,506009,476881,504564,507411,496323,493169,486007,472840,506910,490090,504278,509023,478334,510989,504185,508108,515907,501445,560265,522100,525709,526188,555115,559666,534264,504364,509893,527987,484963,529278,515299,551704,503942,528706,474743,534444,551300
STAT,(NULL),nEmptyPop,44,3420338,81315,83384,80542,83432,83291,83163,82119,81096,79997,81026,81418,80778,80540,81294,80189,81629,81282,80416,80916,80832,81553,81326,73589,73307,73139,74811,74051,73815,74356,74395,74813,74069,73423,73791,74053,72749,74345,74403,75847,73327,74700,72199,74174,75444
STAT,(NULL),nOverall,44,268436779,5989509,6568984,5890818,6609592,6601054,6605191,5948732,5787454,5824215,5980501,5935794,5886495,5786253,5795212,5618579,5876583,5932458,5800512,5943102,5877772,5958013,5810724,6004357,5917549,5999305,6643121,6287384,6204514,6186573,6613109,6644331,6221818,6052584,6100578,6150013,5838760,6180100,6032714,6537939,5998148,6297308,5716111,6238966,6543950
STAT,(NULL),nPop,44,89792541,2002510,2194035,1953285,2204183,2205295,2204419,2000526,1954125,1933556,2000796,1991892,1968454,1939061,1934366,1877925,1976231,1973781,1953951,1994935,1948214,2000165,1955946,2009816,1995099,2001329,2220995,2093453,2076238,2071970,2207919,2219984,2090765,2016844,2035872,2065047,1943832,2074766,2024591,2186106,2002826,2102797,1903879,2093472,2187290
STAT,(NULL),nPush,44,89792539,2013677,2207006,1984999,2222690,2216690,2222483,1962644,1911245,1971918,2018515,1989526,1980648,1926620,1952416,1869848,1951139,1999382,1916227,1981136,1999710,1983928,1936988,2016392,1927556,2012961,2227752,2126535,2059815,2054051,2217030,2230584,2055335,2036554,2056788,2054209,1958752,2028381,1995679,2192217,2035714,2121514,1917181,2053165,2194939
STAT,(NULL),nPushInit,44,2,1,1,0,0,0,0,0,0,0,0,0,0,0,0,0,0,0,0,0,0,0,0,0,0,0,0,0,0,0,0,0,0,0,0,0,0,0,0,0,0,0,0,0,0
==== BENCHMARK TOOK 30.655
==== BENCHMARK START ===
==== PARAMS kernel=4.9.5-64-net1 malloc=libc hostname=rack-castor threads=44 delta=4 prog=sssp-klsm256mq  ===
ERROR: ld.so: object '/specific/disk1/home/adamx/malloc/lib64/libjemalloc.so' from LD_PRELOAD cannot be preloaded (cannot open shared object file): ignored.
Galois Benchmark Suite v2.2.1 (r0)
Copyright (C) 2014 The University of Texas at Austin
http://iss.ices.utexas.edu/galois/

application: Single Source Shortest Path
Computes the shortest path from a source node to all nodes in a directed graph using a modified chaotic iteration algorithm
http://iss.ices.utexas.edu/?p=projects/galois/benchmarks/single_source_shortest_path

INFO: CommandLine ./build/debug/apps/sssp/sssp -noverify -t 44 -delta 4 -wl klsm256mq -startNode 0 /specific/disk1/home/mad/Galois-PQ/inputs/random/r4-2e26.gr
INFO: Hostname rack-castor
Read 67108864 nodes
Running Asynchronous with CAS version
INFO: Using delta-step of 1
WARNING: Performance varies considerably due to delta parameter.
WARNING: Do not expect the default to be good for your graph.
Node 1 has distance 8445
STATTYPE,LOOP,CATEGORY,n,sum,T0,T1,T2,T3,T4,T5,T6,T7,T8,T9,T10,T11,T12,T13,T14,T15,T16,T17,T18,T19,T20,T21,T22,T23,T24,T25,T26,T27,T28,T29,T30,T31,T32,T33,T34,T35,T36,T37,T38,T39,T40,T41,T42,T43
STAT,(NULL),BadWork,44,2820216,75410,73860,73738,52994,70210,89991,54507,90157,45460,46042,69098,32697,48674,62327,26906,106732,66489,65107,105849,47536,54970,67426,59715,38104,52940,75312,77234,34016,57052,36309,69493,29131,80419,86890,68355,75284,66289,98064,62455,63689,50898,85170,73938,53279
STAT,(NULL),BarrierTime,44,7862156,603470,432400,411932,408323,388613,390010,375330,313200,261240,317712,249839,202950,289670,287624,264048,220128,215138,80805,117618,227192,239746,148180,70288,63084,70836,71104,72392,70876,71116,70758,70953,70855,70698,71102,68543,24492,27380,58068,58569,70896,65031,70896,70376,58675
STAT,(NULL),ConflictTime,44,0,0,0,0,0,0,0,0,0,0,0,0,0,0,0,0,0,0,0,0,0,0,0,0,0,0,0,0,0,0,0,0,0,0,0,0,0,0,0,0,0,0,0,0,0
STAT,(NULL),Conflicts,44,0,0,0,0,0,0,0,0,0,0,0,0,0,0,0,0,0,0,0,0,0,0,0,0,0,0,0,0,0,0,0,0,0,0,0,0,0,0,0,0,0,0,0,0,0
STAT,(NULL),EmptyPopTime,44,6698915595,155871278,151641393,164221721,152401817,152512644,151842763,167383675,165293768,164571728,164308848,162865191,163076113,164259837,167216890,165552806,167525797,167299818,162197992,161589197,161588292,163071011,164579540,145541092,147156861,146734789,133575531,144296230,141270173,145413497,134197824,133172187,138858192,141784796,146643595,144819734,150833800,144164923,143152081,135479295,138572884,146550227,150725989,148461992,136637784
STAT,(NULL),EmptyWork,44,13459956703,300264272,304252321,306916105,308297564,302666763,308084371,302326607,305629199,303128462,305034390,303418500,301795895,304342444,305670624,307531832,310906592,311882584,304595875,303809693,301884056,302061251,305045545,303824971,309553099,307401206,309116787,305261720,311875734,308538359,305279194,309370110,302640435,311918014,313410319,309820946,305316295,297789882,304822186,306684728,303173975,310905643,304593015,304413750,304701390
STAT,(NULL),GaloisTime,44,87074780040,1924611072,1842357751,2030728230,1846371221,1842919119,1843808422,2034721463,2048648636,2051905689,2050809247,2051041248,2042792145,2034863973,2061854031,2038993856,1989894412,1999628481,2016671934,2031757687,2023469461,2006488330,2015810000,2037171739,2037122676,2025204759,1845626215,2004710018,1998400473,1966367284,1841614123,1853864225,1987649603,1989855946,1995128651,1964403468,2085355244,1997123393,1916703061,1826005099,1966273429,1995820206,2082226385,1997005070,1831002565
STAT,(NULL),InitPushTime,44,2301957,32836,127869,68980,36365,47464,35922,36991,40516,65677,39248,53479,64760,34502,37844,39172,39212,35212,73517,66468,36340,34363,66816,78356,78588,43024,76414,77916,77856,76623,77052,75665,45650,42461,44273,44729,37644,38428,36699,36101,42372,42288,40996,40864,34405
STAT,(NULL),Iterations,44,89793397,2042907,2196748,1982477,2207489,2204345,2206430,1962684,1961751,1986865,1955510,1981264,1972232,1980734,1951709,1937656,1973926,1973626,2005927,1987715,2000885,1969182,1959788,1980742,1971442,2001604,2219431,2024624,2043859,2049943,2210701,2221835,2066099,2056775,2040759,2068071,1939181,2008126,2077479,2188376,2083098,2025874,1936041,1989646,2187841
STAT,(NULL),LoopTime,44,36277376068,36277376068,0,0,0,0,0,0,0,0,0,0,0,0,0,0,0,0,0,0,0,0,0,0,0,0,0,0,0,0,0,0,0,0,0,0,0,0,0,0,0,0,0,0,0
STAT,(NULL),MeminfoPost,44,6204,141,141,141,141,141,141,141,141,141,141,141,141,141,141,141,141,141,141,141,141,141,141,141,141,141,141,141,141,141,141,141,141,141,141,141,141,141,141,141,141,141,141,141,141
STAT,(NULL),MeminfoPre,44,6204,141,141,141,141,141,141,141,141,141,141,141,141,141,141,141,141,141,141,141,141,141,141,141,141,141,141,141,141,141,141,141,141,141,141,141,141,141,141,141,141,141,141,141,141
STAT,(NULL),NumaPost,44,18990,12986,4150,1062,792,0,0,0,0,0,0,0,0,0,0,0,0,0,0,0,0,0,0,0,0,0,0,0,0,0,0,0,0,0,0,0,0,0,0,0,0,0,0,0,0
STAT,(NULL),PopTime,44,269810620112,6110563981,6221145348,6124899025,6208692283,6213775546,6211969203,6126792491,6118104340,6123163547,6112281113,6129134457,6109171812,6121924933,6109943907,6114249734,6128085422,6126058627,6126215682,6114733908,6123651038,6109156524,6137969583,6100889165,6102219387,6102404273,6189903873,6117897096,6109925493,6143307147,6176628382,6172917286,6107590361,6121530502,6126569353,6131813519,6053915576,6117771302,6151197127,6180330378,6119701927,6107017693,6069901911,6103463761,6182042096
STAT,(NULL),PushTime,44,825764185738,18923546798,18784688456,18738306458,18785954954,18782471488,18766634241,18720061186,18719677360,18688620724,18739819212,18686795177,18715044689,18727849709,18714172344,18757966029,18797993115,18767617341,18730692527,18720877330,18719945469,18791861644,18750940736,18764732519,18762470258,18762550097,18796071606,18763319662,18772411841,18784361202,18832443482,18804004250,18767779243,18741844676,18736383289,18755781520,18759033525,18790333203,18826496116,18850475322,18770226739,18768651736,18731469784,18826425854,18865382827
STAT,(NULL),RusageSys,44,8000,8000,0,0,0,0,0,0,0,0,0,0,0,0,0,0,0,0,0,0,0,0,0,0,0,0,0,0,0,0,0,0,0,0,0,0,0,0,0,0,0,0,0,0,0
STAT,(NULL),RusageUser,44,713148000,713148000,0,0,0,0,0,0,0,0,0,0,0,0,0,0,0,0,0,0,0,0,0,0,0,0,0,0,0,0,0,0,0,0,0,0,0,0,0,0,0,0,0,0,0
STAT,(NULL),Threads,44,44,44,0,0,0,0,0,0,0,0,0,0,0,0,0,0,0,0,0,0,0,0,0,0,0,0,0,0,0,0,0,0,0,0,0,0,0,0,0,0,0,0,0,0,0
STAT,(NULL),Time,44,36292643310,36292643310,0,0,0,0,0,0,0,0,0,0,0,0,0,0,0,0,0,0,0,0,0,0,0,0,0,0,0,0,0,0,0,0,0,0,0,0,0,0,0,0,0,0,0
STAT,(NULL),TotalTime,44,64500275636,64500275636,0,0,0,0,0,0,0,0,0,0,0,0,0,0,0,0,0,0,0,0,0,0,0,0,0,0,0,0,0,0,0,0,0,0,0,0,0,0,0,0,0,0,0
STAT,(NULL),UserTime,44,364334943046,8202035087,8312807351,8251825096,8315176644,8322548730,8334557628,8265611165,8259541963,8285500640,8244643632,8283638178,8285013194,8263654685,8258038358,8232601679,8222491170,8244411271,8276517447,8284128043,8286357750,8244257121,8242550890,8264735900,8258371448,8272600743,8342601858,8281410978,8283012156,8268908763,8326732459,8343567712,8312378159,8309961644,8298760607,8310257377,8262443994,8269714292,8274524957,8317920972,8318947061,8287950441,8277979316,8237125239,8297129248
STAT,(NULL),Work,44,1567149308842,35617049612,35617021577,35617053864,35617021088,35617028740,35617023941,35617042771,35617038666,35617026913,35617037954,35617028600,35617048596,35617034967,35617027634,35617041004,35617034344,35617054494,35617055980,35617063032,35617040854,35617027315,35617038190,35617019774,35617018573,35617018793,35617018681,35617014780,35617017378,35617018371,35617014549,35617014440,35617016040,35617018625,35617021287,35617024683,35617048579,35617045180,35617022142,35617014919,35617020034,35617027159,35617014548,35617022130,35617018041
STAT,(NULL),nBad,44,2160,62,65,57,35,52,66,40,70,35,34,52,27,32,41,22,85,48,52,84,36,46,55,46,31,44,60,62,25,42,30,56,18,59,63,55,49,49,73,48,47,43,67,57,40
STAT,(NULL),nEmpty,44,22683996,521950,551627,505754,555246,553674,554337,492944,499052,506895,494700,505934,498429,500030,493774,491585,486797,489972,504902,505974,505767,501453,498491,500931,496345,505443,560086,506631,515705,516245,558363,561196,532182,521501,511975,513871,492435,511339,523499,552836,534227,509777,487118,501722,551282
STAT,(NULL),nEmptyPop,44,3461533,81768,84012,82222,84018,83813,84401,81694,81793,81589,82173,82237,81534,81994,81887,81862,81657,82134,81350,81866,82257,82530,82661,74211,74056,74596,75424,74542,74350,75420,76182,75428,75369,75291,74819,75097,74196,74589,75725,76339,75049,74731,73298,75232,76137
STAT,(NULL),nOverall,44,268437614,6084420,6579059,5906960,6606150,6605780,6609709,5879724,5850241,5917359,5843268,5896990,5895342,5925205,5833304,5785141,5948242,5932122,6005119,5926496,5981385,5872677,5848419,5920938,5900528,5982695,6640341,6069119,6108916,6135455,6609283,6642977,6138848,6144117,6116052,6215224,5787527,5987200,6214194,6541038,6194509,6066838,5792333,5951094,6545276
STAT,(NULL),nPop,44,89793397,2042907,2196748,1982477,2207489,2204345,2206430,1962684,1961751,1986865,1955510,1981264,1972232,1980734,1951709,1937656,1973926,1973626,2005927,1987715,2000885,1969182,1959788,1980742,1971442,2001604,2219431,2024624,2043859,2049943,2210701,2221835,2066099,2056775,2040759,2068071,1939181,2008126,2077479,2188376,2083098,2025874,1936041,1989646,2187841
STAT,(NULL),nPush,44,89793395,2018845,2212612,1945801,2222130,2219879,2222810,1968793,1940856,1939688,1966618,1946769,1953202,2008599,1929057,1942098,2002457,2006717,2022653,1958740,2008649,1932715,1955709,1984474,1982469,1994308,2229253,2050206,2066891,2082615,2215528,2231155,2036026,2064774,2054797,2089173,1917800,1987606,2069108,2192522,2051945,2047011,1932911,1991939,2195487
STAT,(NULL),nPushInit,44,2,1,1,0,0,0,0,0,0,0,0,0,0,0,0,0,0,0,0,0,0,0,0,0,0,0,0,0,0,0,0,0,0,0,0,0,0,0,0,0,0,0,0,0,0
==== BENCHMARK TOOK 30.204
==== BENCHMARK START ===
==== PARAMS kernel=4.9.5-64-net1 malloc=libc hostname=rack-castor threads=44 delta=4 prog=sssp-klsm256mq  ===
ERROR: ld.so: object '/specific/disk1/home/adamx/malloc/lib64/libjemalloc.so' from LD_PRELOAD cannot be preloaded (cannot open shared object file): ignored.
Galois Benchmark Suite v2.2.1 (r0)
Copyright (C) 2014 The University of Texas at Austin
http://iss.ices.utexas.edu/galois/

application: Single Source Shortest Path
Computes the shortest path from a source node to all nodes in a directed graph using a modified chaotic iteration algorithm
http://iss.ices.utexas.edu/?p=projects/galois/benchmarks/single_source_shortest_path

INFO: CommandLine ./build/debug/apps/sssp/sssp -noverify -t 44 -delta 4 -wl klsm256mq -startNode 0 /specific/disk1/home/mad/Galois-PQ/inputs/random/r4-2e26.gr
INFO: Hostname rack-castor
Read 67108864 nodes
Running Asynchronous with CAS version
INFO: Using delta-step of 1
WARNING: Performance varies considerably due to delta parameter.
WARNING: Do not expect the default to be good for your graph.
Node 1 has distance 8445
STATTYPE,LOOP,CATEGORY,n,sum,T0,T1,T2,T3,T4,T5,T6,T7,T8,T9,T10,T11,T12,T13,T14,T15,T16,T17,T18,T19,T20,T21,T22,T23,T24,T25,T26,T27,T28,T29,T30,T31,T32,T33,T34,T35,T36,T37,T38,T39,T40,T41,T42,T43
STAT,(NULL),BadWork,44,2767191,73474,60434,64568,90518,52306,54844,74878,66502,61007,56131,65161,56089,40560,29232,100781,40247,58369,92872,53932,50718,74407,35599,53066,84250,99168,49058,69999,86290,40225,50999,75978,44768,82683,56838,51310,77883,28785,80359,59328,82201,64787,43720,62666,70201
STAT,(NULL),BarrierTime,44,9667055,610270,500878,477066,477154,473743,469432,466308,361736,379018,379645,377460,396161,367828,389205,322192,256288,293140,266912,295536,276452,253315,274194,42815,44135,56554,65860,63718,66370,58277,66216,66835,35554,42916,66434,65338,66592,66224,66373,66747,62124,66497,56628,50080,60835
STAT,(NULL),ConflictTime,44,0,0,0,0,0,0,0,0,0,0,0,0,0,0,0,0,0,0,0,0,0,0,0,0,0,0,0,0,0,0,0,0,0,0,0,0,0,0,0,0,0,0,0,0,0
STAT,(NULL),Conflicts,44,0,0,0,0,0,0,0,0,0,0,0,0,0,0,0,0,0,0,0,0,0,0,0,0,0,0,0,0,0,0,0,0,0,0,0,0,0,0,0,0,0,0,0,0,0
STAT,(NULL),EmptyPopTime,44,6576383930,150592962,151752158,163215071,149996736,149919271,149971134,162366936,164144688,162862526,162566134,166728973,156291965,165254175,160455301,164781148,162485241,160354844,160104787,159749506,161735618,164373737,162993620,139717049,146556868,144617116,132465451,142950263,134144182,138094141,131411801,131771830,139524085,138595311,140137826,143646984,145716255,138858462,140516100,132499403,142303297,135823998,149912991,140325516,134098470
STAT,(NULL),EmptyWork,44,13465705362,296746196,307860109,300869077,306165236,308455110,303619817,303263979,305988564,306529385,302651565,306012025,303600262,304459989,302337228,305460061,307548690,300500780,306571426,309882819,309443578,298572043,308798577,315123644,308792838,307024415,316425248,303815668,311822821,307804692,307441759,305012403,306185782,307758001,304352861,314552336,300418074,300205380,304451440,300189719,307736799,311145589,306239673,308879349,304990355
STAT,(NULL),GaloisTime,44,87398380119,1902099240,1833859321,2076831744,1846930811,1845426425,1846464204,2060125329,2106655277,2081942475,2063149769,2094127161,2031195666,2072971006,2036990723,2050778010,1986048575,2040799006,2007025492,2020074488,2010759650,2033536609,2048398238,2000733391,1998828783,2076461730,1853817081,2021582448,1922211056,1977315982,1838925921,1852665915,1997767658,1989905439,2012392591,1980602288,2112341387,1979488371,1989808384,1826331530,2014330636,1979411752,2131071177,1920741158,1825456222
STAT,(NULL),InitPushTime,44,2579656,33344,88562,66900,36620,36450,35864,40628,40352,35264,35473,38868,34383,38068,34053,39068,39284,36854,37012,33334,36904,38012,37644,103906,103708,103613,102696,102923,103334,103033,102644,102865,61277,58227,59282,59825,58058,57984,58454,57904,57193,58417,58821,55432,57119
STAT,(NULL),Iterations,44,89793279,2092952,2199463,1933674,2209377,2208806,2209696,1957124,1909312,1955476,1959979,1915080,2017016,1947167,1989649,1930475,2001785,1954816,2019324,2005673,2009507,1945385,1939908,2037347,2014018,1953858,2223048,2004176,2143911,2064169,2212036,2225238,2059547,2049035,2043851,2038278,1917987,2037780,2009159,2187057,2019823,2073400,1893228,2084743,2189946
STAT,(NULL),LoopTime,44,36274322513,36274322513,0,0,0,0,0,0,0,0,0,0,0,0,0,0,0,0,0,0,0,0,0,0,0,0,0,0,0,0,0,0,0,0,0,0,0,0,0,0,0,0,0,0,0
STAT,(NULL),MeminfoPost,44,6204,141,141,141,141,141,141,141,141,141,141,141,141,141,141,141,141,141,141,141,141,141,141,141,141,141,141,141,141,141,141,141,141,141,141,141,141,141,141,141,141,141,141,141,141
STAT,(NULL),MeminfoPre,44,6204,141,141,141,141,141,141,141,141,141,141,141,141,141,141,141,141,141,141,141,141,141,141,141,141,141,141,141,141,141,141,141,141,141,141,141,141,141,141,141,141,141,141,141,141
STAT,(NULL),NumaPost,44,18998,12988,4152,1282,576,0,0,0,0,0,0,0,0,0,0,0,0,0,0,0,0,0,0,0,0,0,0,0,0,0,0,0,0,0,0,0,0,0,0,0,0,0,0,0,0
STAT,(NULL),PopTime,44,269619454304,6159038454,6234205488,6097345044,6212742829,6222782681,6217741327,6111905877,6113277365,6097800560,6109254758,6094892549,6129039882,6100566108,6109064398,6107169809,6124652919,6108545246,6132870442,6132672447,6123981038,6107872836,6112262224,6114460051,6120931230,6078153477,6180575525,6101099130,6149253728,6118354318,6183352533,6176315958,6107780730,6113378394,6110785694,6099262213,6062367943,6108474749,6104205203,6158619186,6105067597,6101833343,6061693609,6128482287,6175323125
STAT,(NULL),PushTime,44,826130002760,18905461482,18797636739,18726106353,18778768503,18767466655,18777660828,18732291062,18675710724,18714552854,18714451661,18712980618,18713966445,18714129729,18735394275,18750715345,18805078586,18757867103,18732654345,18724229833,18753243926,18783233172,18744494987,18780760077,18799526940,18771714297,18809997237,18782954106,18802070135,18787089230,18840896051,18816735289,18751759453,18790337610,18744710269,18814630963,18760929571,18825147680,18817835326,18907777760,18774641994,18778114776,18727406337,18850463200,18876409234
STAT,(NULL),RusageSys,44,0,0,0,0,0,0,0,0,0,0,0,0,0,0,0,0,0,0,0,0,0,0,0,0,0,0,0,0,0,0,0,0,0,0,0,0,0,0,0,0,0,0,0,0,0
STAT,(NULL),RusageUser,44,713456000,713456000,0,0,0,0,0,0,0,0,0,0,0,0,0,0,0,0,0,0,0,0,0,0,0,0,0,0,0,0,0,0,0,0,0,0,0,0,0,0,0,0,0,0,0
STAT,(NULL),Threads,44,44,44,0,0,0,0,0,0,0,0,0,0,0,0,0,0,0,0,0,0,0,0,0,0,0,0,0,0,0,0,0,0,0,0,0,0,0,0,0,0,0,0,0,0,0
STAT,(NULL),Time,44,36289539250,36289539250,0,0,0,0,0,0,0,0,0,0,0,0,0,0,0,0,0,0,0,0,0,0,0,0,0,0,0,0,0,0,0,0,0,0,0,0,0,0,0,0,0,0,0
STAT,(NULL),TotalTime,44,62611701176,62611701176,0,0,0,0,0,0,0,0,0,0,0,0,0,0,0,0,0,0,0,0,0,0,0,0,0,0,0,0,0,0,0,0,0,0,0,0,0,0,0,0,0,0,0
STAT,(NULL),UserTime,44,364614931908,8217985484,8306611369,8267560615,8337323147,8337876507,8336470246,8261976217,8266150660,8268240469,8279855161,8257187352,8297831106,8274548651,8287687679,8253024011,8246114485,8263861956,8292699814,8285320162,8272763336,8244336947,8254979550,8281135420,8257293729,8253959593,8338649017,8279526542,8312428123,8303271170,8329902005,8349428043,8328913331,8291954525,8319551617,8279234051,8250156330,8279754971,8275112979,8306511585,8287847137,8325599678,8255607153,8283038010,8315651975
STAT,(NULL),Work,44,1567810572441,35632069571,35632047901,35632084959,35632042952,35632048651,35632051227,35632042972,35632070650,35632061712,35632060310,35632056602,35632039613,35632068382,35632050442,35632072016,35632076308,35632037757,35632066690,35632046999,35632057474,35632074576,35632060009,35632075460,35632075122,35632062628,35632052235,35632054896,35632052471,35632061651,35632056134,35632052222,35632069065,35632052584,35632053190,35632053490,35632053880,35632052473,35632052291,35632052237,35632055744,35632051872,35632062200,35632072292,35632060531
STAT,(NULL),nBad,44,2061,60,46,48,68,37,41,57,51,46,37,46,41,33,21,69,35,45,76,43,35,58,29,37,63,74,38,47,69,31,38,49,36,63,42,39,57,21,58,43,60,53,20,50,51
STAT,(NULL),nEmpty,44,22683903,537585,553077,491396,553747,554590,554654,497455,486712,492807,491105,476737,524078,489387,500730,487461,509112,499080,508127,503987,502514,493259,494051,521105,492201,496230,561290,501510,541330,525480,557324,561270,524009,513129,516862,503963,489256,523270,510740,551279,506402,533320,475817,525638,550827
STAT,(NULL),nEmptyPop,44,3416208,81551,83491,80533,82907,83370,83325,81196,80099,80931,80875,80110,82274,80810,81291,80489,81925,81000,81100,81449,80934,81348,80954,73558,72816,72812,74681,73109,74378,73498,74751,74787,73439,73284,73494,73864,73138,74282,73472,74925,73767,73818,72146,74886,75341
STAT,(NULL),nOverall,44,268437515,6218934,6584547,5771362,6622448,6613167,6620797,5841702,5694258,5852842,5874671,5752122,5972394,5832028,5955533,5771964,5970479,5821487,6043408,6002428,6027667,5810156,5783635,6067240,6082065,5828262,6647736,6013737,6413727,6157830,6621163,6651496,6145193,6141885,6103573,6139596,5712045,6060474,5992748,6542759,6056886,6159379,5670607,6237763,6553322
STAT,(NULL),nPop,44,89793279,2092952,2199463,1933674,2209377,2208806,2209696,1957124,1909312,1955476,1959979,1915080,2017016,1947167,1989649,1930475,2001785,1954816,2019324,2005673,2009507,1945385,1939908,2037347,2014018,1953858,2223048,2004176,2143911,2064169,2212036,2225238,2059547,2049035,2043851,2038278,1917987,2037780,2009159,2187057,2019823,2073400,1893228,2084743,2189946
STAT,(NULL),nPush,44,89793277,2058230,2214883,1913100,2229675,2228261,2230023,1927500,1878558,1953819,1984410,1932280,1946871,1965295,2007515,1947204,1947407,1950474,2025072,2003088,2031279,1942600,1914523,1996988,2077350,1947697,2234330,2031049,2153338,2040394,2224605,2236687,2034390,2062738,2039475,2095435,1920175,2018492,1995160,2199894,2021310,2031235,1920556,2078192,2201720
STAT,(NULL),nPushInit,44,2,1,1,0,0,0,0,0,0,0,0,0,0,0,0,0,0,0,0,0,0,0,0,0,0,0,0,0,0,0,0,0,0,0,0,0,0,0,0,0,0,0,0,0,0
==== BENCHMARK TOOK 29.304
==== BENCHMARK START ===
==== PARAMS kernel=4.9.5-64-net1 malloc=libc hostname=rack-castor threads=44 delta=4 prog=sssp-klsm256mq  ===
ERROR: ld.so: object '/specific/disk1/home/adamx/malloc/lib64/libjemalloc.so' from LD_PRELOAD cannot be preloaded (cannot open shared object file): ignored.
Galois Benchmark Suite v2.2.1 (r0)
Copyright (C) 2014 The University of Texas at Austin
http://iss.ices.utexas.edu/galois/

application: Single Source Shortest Path
Computes the shortest path from a source node to all nodes in a directed graph using a modified chaotic iteration algorithm
http://iss.ices.utexas.edu/?p=projects/galois/benchmarks/single_source_shortest_path

INFO: CommandLine ./build/debug/apps/sssp/sssp -noverify -t 44 -delta 4 -wl klsm256mq -startNode 0 /specific/disk1/home/mad/Galois-PQ/inputs/random/r4-2e26.gr
INFO: Hostname rack-castor
Read 67108864 nodes
Running Asynchronous with CAS version
INFO: Using delta-step of 1
WARNING: Performance varies considerably due to delta parameter.
WARNING: Do not expect the default to be good for your graph.
Node 1 has distance 8445
STATTYPE,LOOP,CATEGORY,n,sum,T0,T1,T2,T3,T4,T5,T6,T7,T8,T9,T10,T11,T12,T13,T14,T15,T16,T17,T18,T19,T20,T21,T22,T23,T24,T25,T26,T27,T28,T29,T30,T31,T32,T33,T34,T35,T36,T37,T38,T39,T40,T41,T42,T43
STAT,(NULL),BadWork,44,2354172,53208,40524,37325,72474,68388,43805,44034,70162,20186,34215,53972,73961,53334,39489,30877,44343,53771,46411,67675,34895,46191,37702,49277,59196,37720,43109,60141,58512,67140,53131,55691,60429,41840,113665,54690,64334,64818,39088,41774,75788,49544,44630,42055,110658
STAT,(NULL),BarrierTime,44,8878740,671608,485408,470269,468348,445927,439481,378728,314887,325387,343364,339460,334888,332149,301624,280059,243184,249688,226852,156006,249224,234670,148811,75516,77185,61476,76383,74874,75277,66568,78398,76835,62950,55944,45646,32122,67936,57834,65143,62775,63147,69899,66585,59133,67092
STAT,(NULL),ConflictTime,44,0,0,0,0,0,0,0,0,0,0,0,0,0,0,0,0,0,0,0,0,0,0,0,0,0,0,0,0,0,0,0,0,0,0,0,0,0,0,0,0,0,0,0,0,0
STAT,(NULL),Conflicts,44,0,0,0,0,0,0,0,0,0,0,0,0,0,0,0,0,0,0,0,0,0,0,0,0,0,0,0,0,0,0,0,0,0,0,0,0,0,0,0,0,0,0,0,0,0
STAT,(NULL),EmptyPopTime,44,6660221295,157111495,151924539,165644791,150533158,150571694,150708666,165361865,163060181,167185919,161899898,165224133,164798234,160390507,164069748,163493735,168783243,172090289,163345428,165489876,163682345,163884532,165939998,146525958,148861505,149017961,132449696,140882790,137173804,143985310,132323667,132975392,142233927,139666124,136210145,141773334,148963109,142211301,146257919,133245540,143373662,139334732,141088941,141233634,135238570
STAT,(NULL),EmptyWork,44,13567299698,311276905,303674460,314706070,306324928,310249918,306625644,304865895,305543949,311257193,309858017,310037447,311221826,299719160,302071391,305580065,308838394,310890185,308916885,308840396,309120759,305776580,307506376,307747402,313262279,309815654,310266901,305846032,304548858,302006552,307352886,306592840,306245580,308374279,306296312,314289232,311575625,309429884,299282774,314831939,311517883,308353571,310702641,313604711,312453420
STAT,(NULL),GaloisTime,44,88044026016,1955710861,1846589480,2080665351,1852948735,1855430539,1851107105,2083721678,2061584224,2079291721,2074134249,2095027376,2047634958,2058181803,2064943913,2042668871,2066558420,2072910331,2070448695,2029623173,2068495450,2038863965,2037795647,2055741366,2050477972,2066757851,1865387543,2001991378,2002805644,1998322127,1849787775,1859636434,2046833718,1991588242,1983632393,1980252818,2090471236,2013678896,2014159673,1842633978,2020127760,1984566770,2109257554,1948534821,1833043522
STAT,(NULL),InitPushTime,44,2925449,30244,128523,72692,38044,36796,36350,41092,50581,49954,53572,56116,52892,52440,39116,39436,41272,40760,57489,81532,38688,40000,85184,100247,99374,100203,99432,99264,70738,69813,70760,70012,77931,76941,77257,77117,75936,75049,75995,76699,75519,73634,73671,73619,73465
STAT,(NULL),Iterations,44,89793011,2039084,2208986,1945037,2219838,2216798,2221121,1939034,1970368,1963720,1969739,1947531,1998865,1993117,1967289,1960157,1921514,1901477,1970277,2005607,1968807,1959015,1957001,1974251,1977307,1972859,2233134,2062520,2074045,2056044,2222325,2234794,2011841,2081956,2096864,2060978,1946477,2005020,1983180,2200309,2038004,2077625,1971987,2068359,2198750
STAT,(NULL),LoopTime,44,36501963394,36501963394,0,0,0,0,0,0,0,0,0,0,0,0,0,0,0,0,0,0,0,0,0,0,0,0,0,0,0,0,0,0,0,0,0,0,0,0,0,0,0,0,0,0,0
STAT,(NULL),MeminfoPost,44,6204,141,141,141,141,141,141,141,141,141,141,141,141,141,141,141,141,141,141,141,141,141,141,141,141,141,141,141,141,141,141,141,141,141,141,141,141,141,141,141,141,141,141,141,141
STAT,(NULL),MeminfoPre,44,6204,141,141,141,141,141,141,141,141,141,141,141,141,141,141,141,141,141,141,141,141,141,141,141,141,141,141,141,141,141,141,141,141,141,141,141,141,141,141,141,141,141,141,141,141
STAT,(NULL),NumaPost,44,18998,13204,4152,1066,576,0,0,0,0,0,0,0,0,0,0,0,0,0,0,0,0,0,0,0,0,0,0,0,0,0,0,0,0,0,0,0,0,0,0,0,0,0,0,0,0
STAT,(NULL),PopTime,44,271081807008,6135009154,6263424902,6152967407,6247940005,6244618185,6253252319,6130312443,6167687245,6154016441,6150998577,6136182871,6170972567,6149498338,6144693629,6161645178,6147058464,6126764958,6148000996,6160914564,6147631260,6164216162,6161745844,6118278776,6106311219,6113857942,6210824864,6142669035,6160554572,6162914767,6207520365,6202883879,6131573358,6145776448,6152910704,6156538492,6105868797,6140062854,6139088321,6205879486,6152941662,6149377993,6094792444,6151902628,6209726893
STAT,(NULL),PushTime,44,829868803382,19023052879,18886418705,18814741529,18873255144,18879111893,18865551030,18833773528,18794825097,18794683132,18802569565,18803343914,18789279757,18799195977,18815199313,18840596787,18841634746,18857347871,18794471509,18822604004,18808093391,18859664270,18851785184,18879526148,18889684090,18860704100,18887408713,18867331879,18841979054,18873010260,18939313381,18890489590,18839077768,18874643909,18865000383,18879762420,18841979345,18892992743,18909558576,18960713403,18840216748,18867374051,18816121871,18932413291,18968302434
STAT,(NULL),RusageSys,44,4000,4000,0,0,0,0,0,0,0,0,0,0,0,0,0,0,0,0,0,0,0,0,0,0,0,0,0,0,0,0,0,0,0,0,0,0,0,0,0,0,0,0,0,0,0
STAT,(NULL),RusageUser,44,716656000,716656000,0,0,0,0,0,0,0,0,0,0,0,0,0,0,0,0,0,0,0,0,0,0,0,0,0,0,0,0,0,0,0,0,0,0,0,0,0,0,0,0,0,0,0
STAT,(NULL),Threads,44,44,44,0,0,0,0,0,0,0,0,0,0,0,0,0,0,0,0,0,0,0,0,0,0,0,0,0,0,0,0,0,0,0,0,0,0,0,0,0,0,0,0,0,0,0
STAT,(NULL),Time,44,36516900966,36516900966,0,0,0,0,0,0,0,0,0,0,0,0,0,0,0,0,0,0,0,0,0,0,0,0,0,0,0,0,0,0,0,0,0,0,0,0,0,0,0,0,0,0,0
STAT,(NULL),TotalTime,44,64993044726,64993044726,0,0,0,0,0,0,0,0,0,0,0,0,0,0,0,0,0,0,0,0,0,0,0,0,0,0,0,0,0,0,0,0,0,0,0,0,0,0,0,0,0,0,0
STAT,(NULL),UserTime,44,365619487842,8209692464,8339822453,8263132152,8360855403,8351873268,8364613058,8273820381,8299157211,8285423058,8292395690,8282039747,8307949772,8324870595,8300880092,8277872074,8258984639,8251853320,8306670803,8304384863,8294832223,8259451438,8267079965,8284036644,8283257787,8291702768,8385516672,8333134098,8344792098,8311615242,8355556558,8399276505,8325890859,8331805618,8347805189,8319238235,8292997288,8293479388,8283507389,8334550409,8323676306,8342847461,8319891135,8304165606,8333089918
STAT,(NULL),Work,44,1574846559478,35791969618,35791947992,35791961671,35791950759,35791957660,35791962642,35791961614,35791991382,35791978474,35791952324,35791951724,35791963866,35791949544,35791964150,35791980583,35791974254,35791968626,35791961929,35791981903,35791968568,35791984140,35791964398,35791963282,35791966093,35791980495,35791961378,35791970758,35791969355,35791978004,35791962583,35791965471,35791972378,35791982072,35791968951,35791963511,35791969696,35791972348,35791969666,35791967364,35791967804,35791962964,35791963054,35791972153,35791962277
STAT,(NULL),nBad,44,1795,41,32,28,53,57,33,33,56,17,25,41,62,39,31,21,32,38,35,53,23,34,29,39,46,26,30,46,44,51,37,41,50,33,84,41,50,47,31,34,62,37,36,33,84
STAT,(NULL),nEmpty,44,22683699,511645,555178,489711,557139,557176,557805,494061,498062,484157,500043,488824,502216,514053,498954,497890,485236,475094,499318,508312,496948,496011,494026,498050,492752,493643,562676,517443,529334,521540,560721,563937,511019,528269,541857,515687,486890,509163,497373,553319,515397,528216,514974,523213,556367
STAT,(NULL),nEmptyPop,44,3432556,81395,83998,80815,83942,83675,83807,80996,81029,81005,81008,81259,81427,81318,81175,81302,81369,81236,81700,82460,80983,81556,81979,73337,73821,73205,75571,73777,73928,73930,75355,75365,73352,74289,74486,74154,73039,73670,73848,75345,73853,74344,73237,75109,76107
STAT,(NULL),nOverall,44,268437249,6108767,6615634,5820885,6652352,6636589,6651056,5780394,5888492,5914906,5880519,5835516,5986012,5919595,5872888,5847848,5741654,5707779,5883530,5986725,5887194,5853817,5852671,5902434,5938102,5920946,6680644,6180901,6178307,6135650,6645730,6682440,6006697,6215554,6221585,6181104,5838346,5984718,5942288,6583391,6088389,6196376,5831923,6182219,6574682
STAT,(NULL),nPop,44,89793011,2039084,2208986,1945037,2219838,2216798,2221121,1939034,1970368,1963720,1969739,1947531,1998865,1993117,1967289,1960157,1921514,1901477,1970277,2005607,1968807,1959015,1957001,1974251,1977307,1972859,2233134,2062520,2074045,2056044,2222325,2234794,2011841,2081956,2096864,2060978,1946477,2005020,1983180,2200309,2038004,2077625,1971987,2068359,2198750
STAT,(NULL),nPush,44,89793009,2067782,2227041,1966720,2241520,2236313,2240425,1905758,1958983,2003586,1957179,1949326,1994763,1942390,1955646,1964959,1919422,1938295,1948596,1996981,1960868,1986450,1949675,1964065,1969824,1990298,2243867,2066308,2047157,2053976,2232367,2245722,2010474,2084946,2027768,2084080,1953928,2007455,2008435,2210785,2021390,2076689,1924700,2045253,2210844
STAT,(NULL),nPushInit,44,2,1,1,0,0,0,0,0,0,0,0,0,0,0,0,0,0,0,0,0,0,0,0,0,0,0,0,0,0,0,0,0,0,0,0,0,0,0,0,0,0,0,0,0,0
==== BENCHMARK TOOK 30.383
==== BENCHMARK START ===
==== PARAMS kernel=4.9.5-64-net1 malloc=libc hostname=rack-castor threads=44 delta=4 prog=sssp-klsm256mq  ===
ERROR: ld.so: object '/specific/disk1/home/adamx/malloc/lib64/libjemalloc.so' from LD_PRELOAD cannot be preloaded (cannot open shared object file): ignored.
Galois Benchmark Suite v2.2.1 (r0)
Copyright (C) 2014 The University of Texas at Austin
http://iss.ices.utexas.edu/galois/

application: Single Source Shortest Path
Computes the shortest path from a source node to all nodes in a directed graph using a modified chaotic iteration algorithm
http://iss.ices.utexas.edu/?p=projects/galois/benchmarks/single_source_shortest_path

INFO: CommandLine ./build/debug/apps/sssp/sssp -noverify -t 44 -delta 4 -wl klsm256mq -startNode 0 /specific/disk1/home/mad/Galois-PQ/inputs/random/r4-2e26.gr
INFO: Hostname rack-castor
Read 67108864 nodes
Running Asynchronous with CAS version
INFO: Using delta-step of 1
WARNING: Performance varies considerably due to delta parameter.
WARNING: Do not expect the default to be good for your graph.
Node 1 has distance 8445
STATTYPE,LOOP,CATEGORY,n,sum,T0,T1,T2,T3,T4,T5,T6,T7,T8,T9,T10,T11,T12,T13,T14,T15,T16,T17,T18,T19,T20,T21,T22,T23,T24,T25,T26,T27,T28,T29,T30,T31,T32,T33,T34,T35,T36,T37,T38,T39,T40,T41,T42,T43
STAT,(NULL),BadWork,44,2830704,83311,68745,81808,50443,54649,41950,72889,84734,68709,23314,80055,63330,36688,38204,61648,76701,67650,118725,42371,57409,78490,86751,43655,68112,99679,79296,56993,56540,51488,74867,58821,75440,46728,28185,89804,47291,56784,34104,62514,72747,68103,46549,85093,89337
STAT,(NULL),BarrierTime,44,8402846,666453,488823,484250,457235,448837,443259,413116,368434,368820,384084,329664,326468,322493,256081,321385,160618,199335,224624,214725,220491,211822,182941,45298,45377,45694,44735,45296,22857,45643,45980,45900,44609,38601,28023,42511,24221,45100,44838,44958,36542,38792,44778,44619,44516
STAT,(NULL),ConflictTime,44,0,0,0,0,0,0,0,0,0,0,0,0,0,0,0,0,0,0,0,0,0,0,0,0,0,0,0,0,0,0,0,0,0,0,0,0,0,0,0,0,0,0,0,0,0
STAT,(NULL),Conflicts,44,0,0,0,0,0,0,0,0,0,0,0,0,0,0,0,0,0,0,0,0,0,0,0,0,0,0,0,0,0,0,0,0,0,0,0,0,0,0,0,0,0,0,0,0,0
STAT,(NULL),EmptyPopTime,44,6632003338,156660005,152336636,166290917,149799663,150146330,151444932,164307648,166429707,159910788,166832318,166028794,159622685,162590891,163690498,163449364,162113158,165786896,164742693,162450136,166726864,171180309,164432508,144601284,144811326,141932093,131723312,144664205,142967688,135378345,131400165,131539893,136830298,142514690,137835618,137186896,145047137,139104615,141869386,133974520,143125150,142554784,152936032,139855828,133176333
STAT,(NULL),EmptyWork,44,13520876084,304310105,302838998,306198290,302283519,308442874,303509893,311735250,305530690,303670000,305198702,305609541,304317593,307724073,304894296,310783927,317006646,306167910,309349794,313034920,306998625,306185585,307035275,312777494,303875728,298467931,314910087,308057886,307577096,304626043,307571716,303691480,315063723,314236395,305412167,311134297,309542123,300057308,307012959,305045408,310152003,303574471,308484548,308957181,307821534
STAT,(NULL),GaloisTime,44,87548195668,1925098775,1840752758,2014345469,1851597230,1848157513,1845351619,2021975397,2065533553,2046589108,2085859330,2082069345,2043420638,2010455190,2092116883,1987042104,1960369900,2009592254,2040559095,2045436490,2071619703,2063159713,2057785783,2073138865,2101164187,2099502479,1856520493,2034476708,2040003626,1958711671,1848538340,1855286214,1958277126,1973166048,1941146515,1980172243,2070810490,1987971709,1982289812,1829127605,2018461567,2043736811,2120287661,1934143767,1832373881
STAT,(NULL),InitPushTime,44,2750867,33344,127959,41468,36429,36283,35953,46072,40600,39388,39180,38760,38828,34521,68892,35109,83783,44144,40238,37296,36572,39168,63462,107059,107456,106670,106267,106209,105842,106106,105776,105006,58182,58094,57354,57017,56327,56812,69754,56093,70430,54289,53812,54890,53973
STAT,(NULL),Iterations,44,89793238,2040756,2201923,1979301,2216424,2212798,2214215,1987550,1944860,1995635,1934536,1934101,2001055,2001360,1937951,1988748,2025486,1961573,1978524,1984863,1945705,1903353,1920347,1960072,1940999,1942070,2229526,2007268,2013056,2107080,2218618,2229822,2104401,2081411,2114127,2082958,1979836,2034119,2023699,2197745,2023148,2009210,1910519,2076914,2195576
STAT,(NULL),LoopTime,44,36307327791,36307327791,0,0,0,0,0,0,0,0,0,0,0,0,0,0,0,0,0,0,0,0,0,0,0,0,0,0,0,0,0,0,0,0,0,0,0,0,0,0,0,0,0,0,0
STAT,(NULL),MeminfoPost,44,6204,141,141,141,141,141,141,141,141,141,141,141,141,141,141,141,141,141,141,141,141,141,141,141,141,141,141,141,141,141,141,141,141,141,141,141,141,141,141,141,141,141,141,141,141
STAT,(NULL),MeminfoPre,44,6204,141,141,141,141,141,141,141,141,141,141,141,141,141,141,141,141,141,141,141,141,141,141,141,141,141,141,141,141,141,141,141,141,141,141,141,141,141,141,141,141,141,141,141,141
STAT,(NULL),NumaPost,44,18987,12984,4156,1271,576,0,0,0,0,0,0,0,0,0,0,0,0,0,0,0,0,0,0,0,0,0,0,0,0,0,0,0,0,0,0,0,0,0,0,0,0,0,0,0,0
STAT,(NULL),PopTime,44,270636396193,6150404482,6235982955,6156930302,6228430583,6245699521,6240784783,6163292559,6134215538,6143171607,6137782473,6119830045,6156558115,6150008243,6114560711,6149082409,6169512220,6136605048,6144964023,6130127737,6133962553,6118231841,6115534302,6105798171,6103686164,6082723779,6196479242,6123120693,6114427822,6154539535,6193415419,6195808132,6155527936,6158530503,6154993263,6140337271,6108566536,6133163522,6143530342,6204557673,6130771613,6126054552,6078325676,6155612361,6200753938
STAT,(NULL),PushTime,44,824556255206,18913103346,18773511250,18761024819,18740911779,18741730574,18747119065,18706717258,18693981054,18689280587,18678548378,18692006935,18653094070,18722370571,18667032730,18774661992,18776054461,18770406304,18685759413,18712250491,18708848204,18748939779,18744395546,18715388042,18701056081,18716719701,18781685062,18714590314,18717280981,18736745222,18806065329,18774815016,18736710712,18717017366,18740688923,18733866063,18688120022,18774933889,18787498007,18833446279,18714266347,18713494547,18701404025,18815448507,18833266165
STAT,(NULL),RusageSys,44,0,0,0,0,0,0,0,0,0,0,0,0,0,0,0,0,0,0,0,0,0,0,0,0,0,0,0,0,0,0,0,0,0,0,0,0,0,0,0,0,0,0,0,0,0
STAT,(NULL),RusageUser,44,713464000,713464000,0,0,0,0,0,0,0,0,0,0,0,0,0,0,0,0,0,0,0,0,0,0,0,0,0,0,0,0,0,0,0,0,0,0,0,0,0,0,0,0,0,0,0
STAT,(NULL),Threads,44,44,44,0,0,0,0,0,0,0,0,0,0,0,0,0,0,0,0,0,0,0,0,0,0,0,0,0,0,0,0,0,0,0,0,0,0,0,0,0,0,0,0,0,0,0
STAT,(NULL),Time,44,36322507386,36322507386,0,0,0,0,0,0,0,0,0,0,0,0,0,0,0,0,0,0,0,0,0,0,0,0,0,0,0,0,0,0,0,0,0,0,0,0,0,0,0,0,0,0,0
STAT,(NULL),TotalTime,44,62087960492,62087960492,0,0,0,0,0,0,0,0,0,0,0,0,0,0,0,0,0,0,0,0,0,0,0,0,0,0,0,0,0,0,0,0,0,0,0,0,0,0,0,0,0,0,0
STAT,(NULL),UserTime,44,364919509013,8182540122,8326692643,8227328751,8359095970,8337943088,8343909809,8264091710,8266428498,8289496384,8257897365,8266575250,8315105479,8278969063,8289821299,8247099937,8247059899,8243559738,8286745068,8268820098,8243964309,8224423413,8242932703,8280415272,8277526337,8292773610,8350801069,8307209507,8309862497,8342118033,8345128473,8370978493,8329709750,8326654598,8352043208,8329422468,8310032962,8296888289,8269918954,8325967467,8315342685,8302704812,8270681357,8278101477,8324727099
STAT,(NULL),Work,44,1567818879677,35632254702,35632229682,35632267828,35632241395,35632248966,35632233770,35632246658,35632253562,35632251042,35632231710,35632233350,35632241336,35632256344,35632264163,35632252004,35632237460,35632269862,35632256258,35632272141,35632267575,35632266710,35632238895,35632243144,35632238402,35632239303,35632239793,35632239246,35632261844,35632238203,35632237938,35632238138,35632239700,35632249488,35632260723,35632246865,35632261705,35632238277,35632239697,35632238971,35632245774,35632250476,35632238297,35632239348,35632238932
STAT,(NULL),nBad,44,2047,61,50,63,38,41,32,58,48,52,17,51,45,25,30,45,57,52,73,31,44,55,68,28,51,62,63,38,39,41,55,44,56,33,18,62,36,45,27,45,54,47,32,66,69
STAT,(NULL),nEmpty,44,22683869,514169,554262,486511,555872,557809,557158,498221,489809,508314,486549,482613,514534,500754,494328,495176,510974,488973,496902,505127,485695,475083,484885,493604,494535,502730,564807,501976,510337,546536,560940,562228,538295,524248,530103,536835,505711,520437,511591,556049,511183,511310,478176,524620,553900
STAT,(NULL),nEmptyPop,44,3420207,81168,83700,80340,83479,83326,83979,80963,80835,81161,80682,80531,81716,81436,80970,81011,82499,80822,81402,80983,80532,80655,80497,72655,72427,72425,74756,73549,73240,74608,74893,75199,74151,74328,73759,74786,73474,73936,73954,75649,73750,73633,72700,74607,75041
STAT,(NULL),nOverall,44,268437501,6105251,6593882,5970450,6640085,6615640,6628997,5957793,5816446,5950286,5790893,5809846,5942360,6004691,5773984,5976156,6054194,5895406,5923871,5921312,5837221,5710601,5744604,5865887,5784815,5757128,6659179,6019207,6014452,6240895,6630485,6671969,6262896,6230179,6337447,6185715,5897203,6052610,6052335,6568950,6044842,5993418,5732354,6206597,6564969
STAT,(NULL),nPop,44,89793238,2040756,2201923,1979301,2216424,2212798,2214215,1987550,1944860,1995635,1934536,1934101,2001055,2001360,1937951,1988748,2025486,1961573,1978524,1984863,1945705,1903353,1920347,1960072,1940999,1942070,2229526,2007268,2013056,2107080,2218618,2229822,2104401,2081411,2114127,2082958,1979836,2034119,2023699,2197745,2023148,2009210,1910519,2076914,2195576
STAT,(NULL),nPush,44,89793236,2062656,2215367,2037561,2233479,2221822,2226317,1963851,1951291,1967551,1959555,1953354,1960995,2036931,1912130,2016294,1989387,1989538,2000417,1979458,1973575,1932650,1923719,1972537,1944214,1914721,2234167,2023413,2008865,2029920,2221007,2234768,2078739,2067088,2123576,2045311,1931000,2009625,2022548,2201371,2015140,1991048,1939778,2076490,2200012
STAT,(NULL),nPushInit,44,2,1,1,0,0,0,0,0,0,0,0,0,0,0,0,0,0,0,0,0,0,0,0,0,0,0,0,0,0,0,0,0,0,0,0,0,0,0,0,0,0,0,0,0,0
==== BENCHMARK TOOK 29.157
