==== BENCHMARK START ===
==== PARAMS kernel=4.9.5-64-net1 malloc=libc hostname=rack-castor threads=22 delta=4 prog=sssp-capq  ===
Galois Benchmark Suite v2.2.1 (r0)
Copyright (C) 2014 The University of Texas at Austin
http://iss.ices.utexas.edu/galois/

application: Single Source Shortest Path
Computes the shortest path from a source node to all nodes in a directed graph using a modified chaotic iteration algorithm
http://iss.ices.utexas.edu/?p=projects/galois/benchmarks/single_source_shortest_path

INFO: CommandLine ./build/debug/apps/sssp/sssp -noverify -t 22 -delta 4 -wl capq -startNode 0 /specific/disk1/home/mad/Galois-PQ/inputs/planar10M.gr
INFO: Hostname rack-castor
Read 10000000 nodes
Running Asynchronous with CAS version
INFO: Using delta-step of 1
WARNING: Performance varies considerably due to delta parameter.
WARNING: Do not expect the default to be good for your graph.
Node 1 has distance 7300
STATTYPE,LOOP,CATEGORY,n,sum,T0,T1,T2,T3,T4,T5,T6,T7,T8,T9,T10,T11,T12,T13,T14,T15,T16,T17,T18,T19,T20,T21
STAT,(NULL),BadWork,22,7908045908,365661101,429125067,404434183,425151775,426995728,433430541,308555769,309569019,356255172,320031555,328490434,414156665,330567264,338240204,369488820,287348343,373061233,284275604,285129628,399518430,358625077,359934296
STAT,(NULL),BarrierTime,22,2829213,428500,262753,248924,228827,231874,168936,183860,130771,141360,96804,100923,105711,103800,48128,110946,28370,50456,54780,62874,10548,19652,10416
STAT,(NULL),ConflictTime,22,0,0,0,0,0,0,0,0,0,0,0,0,0,0,0,0,0,0,0,0,0,0,0
STAT,(NULL),Conflicts,22,0,0,0,0,0,0,0,0,0,0,0,0,0,0,0,0,0,0,0,0,0,0,0
STAT,(NULL),EmptyPopTime,22,15575222,573336,556664,1077956,644749,640230,804643,764868,632524,584152,738300,604391,845042,1026813,809545,804144,366032,459588,716707,630462,695336,785036,814704
STAT,(NULL),EmptyWork,22,3298492905,148303121,145361669,150673973,147382222,143393345,144471130,153026944,149203880,150241887,152161153,152237914,145988738,150826010,151916336,147298129,151978413,155267280,145493338,153036628,152878531,154339437,153012827
STAT,(NULL),GaloisTime,22,19047718293,839801133,834393243,860980704,836979047,833450349,835378392,881625607,869121449,878406974,884414968,880608621,846416850,882078162,877453112,852554311,891533379,881721715,864938527,893596926,870211809,869635179,882417836
STAT,(NULL),InitPushTime,22,975017,28144,107985,74872,37030,2428,78775,44512,43374,38928,39284,38596,38244,38116,63873,35658,47960,38416,37172,33510,36480,34068,37592
STAT,(NULL),Iterations,22,25119772,1152262,1271843,1173885,1288396,1274482,1279495,1084012,1095088,1084758,1093094,1116109,1219815,1068379,1098290,1193716,1026985,1091509,1077805,1043428,1179536,1110557,1096328
STAT,(NULL),LoopTime,22,9056596248,9056596248,0,0,0,0,0,0,0,0,0,0,0,0,0,0,0,0,0,0,0,0,0
STAT,(NULL),MeminfoPost,22,946,43,43,43,43,43,43,43,43,43,43,43,43,43,43,43,43,43,43,43,43,43,43
STAT,(NULL),MeminfoPre,22,946,43,43,43,43,43,43,43,43,43,43,43,43,43,43,43,43,43,43,43,43,43,43
STAT,(NULL),NumaPost,22,27838,26582,243,852,161,0,0,0,0,0,0,0,0,0,0,0,0,0,0,0,0,0,0
STAT,(NULL),PopTime,22,21308105595,987661918,996320991,983524825,991061374,982855878,986579560,965879745,955575112,951171378,955859672,969880955,975581056,948627033,954916039,968464415,949812721,974443640,939734752,949395394,967566333,983398951,969793853
STAT,(NULL),PushTime,22,77169580095,3550816263,3547352628,3496202414,3535969870,3559617770,3547567954,3485619138,3511248868,3504240514,3479596735,3487436512,3533812652,3483851241,3495205038,3527103227,3457020438,3478984065,3540930962,3476432796,3513651387,3474417344,3482502279
STAT,(NULL),RusageSys,22,108000,108000,0,0,0,0,0,0,0,0,0,0,0,0,0,0,0,0,0,0,0,0,0
STAT,(NULL),RusageUser,22,88108000,88108000,0,0,0,0,0,0,0,0,0,0,0,0,0,0,0,0,0,0,0,0,0
STAT,(NULL),Threads,22,22,22,0,0,0,0,0,0,0,0,0,0,0,0,0,0,0,0,0,0,0,0,0
STAT,(NULL),Time,22,9058513024,9058513024,0,0,0,0,0,0,0,0,0,0,0,0,0,0,0,0,0,0,0,0,0
STAT,(NULL),TotalTime,22,18956265140,18956265140,0,0,0,0,0,0,0,0,0,0,0,0,0,0,0,0,0,0,0,0,0
STAT,(NULL),UserTime,22,73013124764,3284325183,3287491717,3319020452,3299439082,3291525952,3296676410,3324565024,3325699085,3326837683,3338710988,3320714193,3308839260,3345074933,3331182254,3315259641,3360772422,3320606546,3319667102,3338390910,3306480480,3328906040,3322939407
STAT,(NULL),Work,22,193854129589,8811560398,8811545667,8811549856,8811544311,8811550674,8811545746,8811552926,8811550463,8811551380,8811554668,8811550251,8811549786,8811550050,8811551435,8811552723,8811552378,8811553550,8811551231,8811551306,8811555452,8811550952,8811554386
STAT,(NULL),nBad,22,16269049,754148,890754,842473,879694,888066,902268,633127,639812,729769,659751,674195,851971,684724,697400,752719,563641,763878,556991,576540,829125,754736,743267
STAT,(NULL),nEmpty,22,13776756,632691,702629,648630,716068,704507,706581,595977,596328,588457,598022,612360,670944,577374,596538,657520,555920,600563,580898,569336,651793,608838,604782
STAT,(NULL),nEmptyPop,22,2350,109,89,109,111,115,97,119,96,95,116,110,82,109,119,118,90,107,112,98,118,114,117
STAT,(NULL),nOverall,22,136268837,6240140,6837560,6308177,6875782,6851324,6885316,5862613,5992062,5961969,5947307,6050599,6595325,5898798,6028968,6444533,5658785,5896850,5971123,5693888,6339665,6024980,5903073
STAT,(NULL),nPop,22,25119772,1152262,1271843,1173885,1288396,1274482,1279495,1084012,1095088,1084758,1093094,1116109,1219815,1068379,1098290,1193716,1026985,1091509,1077805,1043428,1179536,1110557,1096328
STAT,(NULL),nPush,22,25119767,1149620,1262228,1148368,1275505,1273337,1275933,1082651,1112407,1093871,1095265,1120447,1213898,1081462,1107304,1197460,1037821,1075166,1121132,1053143,1164051,1101209,1077489
STAT,(NULL),nPushInit,22,5,1,1,1,1,0,1,0,0,0,0,0,0,0,0,0,0,0,0,0,0,0,0
==== BENCHMARK TOOK 9.402
==== BENCHMARK START ===
==== PARAMS kernel=4.9.5-64-net1 malloc=libc hostname=rack-castor threads=22 delta=4 prog=sssp-capq  ===
Galois Benchmark Suite v2.2.1 (r0)
Copyright (C) 2014 The University of Texas at Austin
http://iss.ices.utexas.edu/galois/

application: Single Source Shortest Path
Computes the shortest path from a source node to all nodes in a directed graph using a modified chaotic iteration algorithm
http://iss.ices.utexas.edu/?p=projects/galois/benchmarks/single_source_shortest_path

INFO: CommandLine ./build/debug/apps/sssp/sssp -noverify -t 22 -delta 4 -wl capq -startNode 0 /specific/disk1/home/mad/Galois-PQ/inputs/planar10M.gr
INFO: Hostname rack-castor
Read 10000000 nodes
Running Asynchronous with CAS version
INFO: Using delta-step of 1
WARNING: Performance varies considerably due to delta parameter.
WARNING: Do not expect the default to be good for your graph.
Node 1 has distance 7300
STATTYPE,LOOP,CATEGORY,n,sum,T0,T1,T2,T3,T4,T5,T6,T7,T8,T9,T10,T11,T12,T13,T14,T15,T16,T17,T18,T19,T20,T21
STAT,(NULL),BadWork,22,7819613726,320762175,414352020,376756289,396131446,402413325,388340580,327853973,346886011,423214413,297587720,307738013,337122319,292506348,349623364,327161144,367386500,329461732,358871140,365207564,423465102,359149699,307622849
STAT,(NULL),BarrierTime,22,3913463,466859,312140,272943,276888,300482,197221,168587,190015,203302,193468,196290,145545,135384,136728,134052,96312,31472,91344,91244,100760,97505,74922
STAT,(NULL),ConflictTime,22,0,0,0,0,0,0,0,0,0,0,0,0,0,0,0,0,0,0,0,0,0,0,0
STAT,(NULL),Conflicts,22,0,0,0,0,0,0,0,0,0,0,0,0,0,0,0,0,0,0,0,0,0,0,0
STAT,(NULL),EmptyPopTime,22,55047564,965482,1015017,863432,1049784,1172068,633485,3624169,971032,828772,3459483,3543080,3821195,3368704,3730628,3279992,3696512,3671716,947696,3794888,3615637,3441677,3553115
STAT,(NULL),EmptyWork,22,3370512183,148579415,149333669,156429486,145603271,146924589,152224541,153149232,148789985,150509589,149925815,158630619,154341561,160156041,155515285,152151994,158509068,156392613,153719233,155640846,156252833,153732542,153999956
STAT,(NULL),GaloisTime,22,19421939516,862153540,843351998,899844908,843366843,848238860,848994039,897894430,864758863,873448670,890191100,909195912,887875614,914935753,891177773,877319789,893820383,904041027,894928560,905114511,881161892,889717609,900407442
STAT,(NULL),InitPushTime,22,983390,28842,106333,71956,39368,2732,90204,67745,40260,35164,39500,35021,34669,38292,38124,39092,35401,64167,37320,37152,33064,34172,34812
STAT,(NULL),Iterations,22,25119870,1120028,1292293,1087724,1282567,1284438,1293044,1084442,1207571,1206626,1093107,1062119,1115090,1047384,1146850,1149044,1090137,1045924,1108467,1066844,1181508,1121401,1033262
STAT,(NULL),LoopTime,22,9184932156,9184932156,0,0,0,0,0,0,0,0,0,0,0,0,0,0,0,0,0,0,0,0,0
STAT,(NULL),MeminfoPost,22,946,43,43,43,43,43,43,43,43,43,43,43,43,43,43,43,43,43,43,43,43,43,43
STAT,(NULL),MeminfoPre,22,946,43,43,43,43,43,43,43,43,43,43,43,43,43,43,43,43,43,43,43,43,43,43
STAT,(NULL),NumaPost,22,27507,26237,241,652,377,0,0,0,0,0,0,0,0,0,0,0,0,0,0,0,0,0,0
STAT,(NULL),PopTime,22,21602424794,988214088,1014142163,972684916,993357101,995632706,1005169253,970986868,1000623342,991261938,974346014,974127459,968542290,973602581,982972467,977306794,982631125,965774180,978129816,974372644,987185652,982890636,948470761
STAT,(NULL),PushTime,22,78700105155,3647479140,3631778620,3557121684,3641812776,3641226064,3610974281,3564846012,3593014064,3590247010,3553928693,3539612910,3572462503,3521088559,3561227094,3576848591,3546911346,3537988318,3564165364,3552760397,3578420400,3554012533,3562178796
STAT,(NULL),RusageSys,22,112000,112000,0,0,0,0,0,0,0,0,0,0,0,0,0,0,0,0,0,0,0,0,0
STAT,(NULL),RusageUser,22,89660000,89660000,0,0,0,0,0,0,0,0,0,0,0,0,0,0,0,0,0,0,0,0,0
STAT,(NULL),Threads,22,22,22,0,0,0,0,0,0,0,0,0,0,0,0,0,0,0,0,0,0,0,0,0
STAT,(NULL),Time,22,9187340820,9187340820,0,0,0,0,0,0,0,0,0,0,0,0,0,0,0,0,0,0,0,0,0
STAT,(NULL),TotalTime,22,19760407518,19760407518,0,0,0,0,0,0,0,0,0,0,0,0,0,0,0,0,0,0,0,0,0
STAT,(NULL),UserTime,22,74131063663,3319926538,3327697822,3380374109,3342130775,3334129741,3349322480,3376820152,3359164372,3361028293,3395472447,3382212766,3380283272,3394172172,3372700109,3380417234,3381755168,3399451092,3375433277,3375641530,3360688620,3383529466,3398712228
STAT,(NULL),Work,22,197282965790,8967410242,8967400570,8967427460,8967400182,8967403862,8967400975,8967404106,8967404957,8967405693,8967404176,8967414492,8967407545,8967406570,8967404588,8967404543,8967407385,8967403564,8967406002,8967407128,8967408311,8967405823,8967427616
STAT,(NULL),nBad,22,16333881,657688,877083,783201,833633,848658,821877,674434,731218,903633,616797,625966,704286,600591,726865,675917,775058,677108,751882,763468,899056,749908,635554
STAT,(NULL),nEmpty,22,13770981,609551,717753,595166,707377,711109,715721,587509,664622,663679,591947,581922,610810,575298,631278,628926,597481,568153,606391,581845,652612,613495,558336
STAT,(NULL),nEmptyPop,22,7707,116,132,105,134,133,122,317,126,127,500,527,535,551,522,546,521,315,130,587,600,509,552
STAT,(NULL),nOverall,22,136333669,6132026,6905781,5914213,6914751,6887794,6936967,5966694,6522346,6522317,6020455,5768058,6056918,5666733,6193563,6251525,5917842,5739772,6029728,5826676,6354682,6099250,5705578
STAT,(NULL),nPop,22,25119870,1120028,1292293,1087724,1282567,1284438,1293044,1084442,1207571,1206626,1093107,1062119,1115090,1047384,1146850,1149044,1090137,1045924,1108467,1066844,1181508,1121401,1033262
STAT,(NULL),nPush,22,25119865,1137399,1283580,1075314,1290691,1287059,1287951,1095238,1214345,1195323,1116402,1063540,1117931,1039067,1141534,1160012,1076108,1048856,1104858,1061643,1158209,1114454,1050351
STAT,(NULL),nPushInit,22,5,1,1,1,1,0,1,0,0,0,0,0,0,0,0,0,0,0,0,0,0,0,0
==== BENCHMARK TOOK 9.803
==== BENCHMARK START ===
==== PARAMS kernel=4.9.5-64-net1 malloc=libc hostname=rack-castor threads=22 delta=4 prog=sssp-capq  ===
Galois Benchmark Suite v2.2.1 (r0)
Copyright (C) 2014 The University of Texas at Austin
http://iss.ices.utexas.edu/galois/

application: Single Source Shortest Path
Computes the shortest path from a source node to all nodes in a directed graph using a modified chaotic iteration algorithm
http://iss.ices.utexas.edu/?p=projects/galois/benchmarks/single_source_shortest_path

INFO: CommandLine ./build/debug/apps/sssp/sssp -noverify -t 22 -delta 4 -wl capq -startNode 0 /specific/disk1/home/mad/Galois-PQ/inputs/planar10M.gr
INFO: Hostname rack-castor
Read 10000000 nodes
Running Asynchronous with CAS version
INFO: Using delta-step of 1
WARNING: Performance varies considerably due to delta parameter.
WARNING: Do not expect the default to be good for your graph.
Node 1 has distance 7300
STATTYPE,LOOP,CATEGORY,n,sum,T0,T1,T2,T3,T4,T5,T6,T7,T8,T9,T10,T11,T12,T13,T14,T15,T16,T17,T18,T19,T20,T21
STAT,(NULL),BadWork,22,7938846235,362968246,430099720,335348991,426330701,437590138,435663906,301895817,336717497,337797918,357576936,353110219,380435215,355077847,330825715,308774679,365842173,313524597,356324853,399819446,320557465,384213900,308350256
STAT,(NULL),BarrierTime,22,2874484,442688,274235,222483,219602,255570,161304,136380,138863,149812,140164,130975,119186,109739,11794,46207,46097,48624,51400,59332,44483,48408,17138
STAT,(NULL),ConflictTime,22,0,0,0,0,0,0,0,0,0,0,0,0,0,0,0,0,0,0,0,0,0,0,0
STAT,(NULL),Conflicts,22,0,0,0,0,0,0,0,0,0,0,0,0,0,0,0,0,0,0,0,0,0,0,0
STAT,(NULL),EmptyPopTime,22,30663183,843404,916240,752032,946132,948143,1088270,929400,2891953,2661497,773004,2486277,2199619,1222767,853357,2923681,1396314,976105,879288,341747,2613503,957760,1062690
STAT,(NULL),EmptyWork,22,3263109096,147656715,144443344,150129356,145702920,146280071,144130124,156227930,150473195,148178312,151385422,148278474,149039231,149423755,145028502,149947844,145687697,148483056,150964739,150476450,147964497,145837263,147370199
STAT,(NULL),GaloisTime,22,18892632788,835861806,826134418,877657179,833985615,833310512,827764324,889517520,872909431,864580624,858989287,864924731,848801272,877945019,854285473,892066529,835796193,867617578,880756834,859933793,876913576,848163486,864717588
STAT,(NULL),InitPushTime,22,984136,20672,72230,80711,87453,2482,78250,40340,39932,35133,38904,43608,34681,38352,55968,38876,38928,38416,37332,33340,39654,37648,51226
STAT,(NULL),Iterations,22,25130423,1135439,1271446,1091661,1276593,1281832,1268825,1038500,1075259,1134799,1160439,1133536,1197156,1086297,1143439,1006114,1195473,1082811,1064288,1173696,1077091,1174619,1061110
STAT,(NULL),LoopTime,22,8979643264,8979643264,0,0,0,0,0,0,0,0,0,0,0,0,0,0,0,0,0,0,0,0,0
STAT,(NULL),MeminfoPost,22,946,43,43,43,43,43,43,43,43,43,43,43,43,43,43,43,43,43,43,43,43,43,43
STAT,(NULL),MeminfoPre,22,946,43,43,43,43,43,43,43,43,43,43,43,43,43,43,43,43,43,43,43,43,43,43
STAT,(NULL),NumaPost,22,27091,25834,459,637,161,0,0,0,0,0,0,0,0,0,0,0,0,0,0,0,0,0,0
STAT,(NULL),PopTime,22,21083510601,970251693,980029961,941569893,973690655,975723747,968797326,947427962,944843533,953108113,968052058,958604699,974351121,950324009,946333986,936357192,982943494,949045815,947963399,959857448,934804710,965433004,953996783
STAT,(NULL),PushTime,22,76711048383,3542532525,3524465246,3469801411,3531451408,3514833913,3530871186,3442144436,3477516750,3468834656,3480067386,3474163751,3494961390,3463095045,3500475502,3433633949,3498660794,3469401743,3464854242,3484293663,3464548326,3505859941,3474581120
STAT,(NULL),RusageSys,22,68000,68000,0,0,0,0,0,0,0,0,0,0,0,0,0,0,0,0,0,0,0,0,0
STAT,(NULL),RusageUser,22,87508000,87508000,0,0,0,0,0,0,0,0,0,0,0,0,0,0,0,0,0,0,0,0,0
STAT,(NULL),Threads,22,22,22,0,0,0,0,0,0,0,0,0,0,0,0,0,0,0,0,0,0,0,0,0
STAT,(NULL),Time,22,8981525704,8981525704,0,0,0,0,0,0,0,0,0,0,0,0,0,0,0,0,0,0,0,0,0
STAT,(NULL),TotalTime,22,19642150185,19642150185,0,0,0,0,0,0,0,0,0,0,0,0,0,0,0,0,0,0,0,0,0
STAT,(NULL),UserTime,22,72471883380,3250710321,3271865575,3307937909,3262076643,3276764740,3275204237,3311608872,3299222588,3310494070,3288590053,3299399600,3278504288,3305846455,3300878667,3332929582,3283372941,3312333986,3302438172,3292956590,3321013049,3281607298,3306127744
STAT,(NULL),Work,22,192454425577,8747937704,8747924307,8747919857,8747922404,8747929574,8747927363,8747928876,8747928379,8747929019,8747930206,8747927719,8747928727,8747928635,8747926467,8747927909,8747929038,8747928273,8747931690,8747931846,8747928778,8747932060,8747926746
STAT,(NULL),nBad,22,16364262,747563,895253,682108,889454,910723,906061,606078,698113,700309,738416,731731,790959,728952,673393,627284,754976,647122,740197,826925,656202,788768,623675
STAT,(NULL),nEmpty,22,13779216,624428,704637,596760,707859,711391,698232,571312,585494,620431,639338,620855,661647,591936,622604,542456,658715,587273,580139,649775,582720,645043,576171
STAT,(NULL),nEmptyPop,22,3603,171,176,139,175,181,175,157,182,181,171,157,140,169,172,174,149,185,155,72,162,175,185
STAT,(NULL),nOverall,22,136364050,6141981,6810793,5942666,6835006,6852007,6858501,5610338,5883763,6177527,6260170,6158049,6434645,5938708,6257885,5565266,6450752,5952600,5815099,6292349,5936620,6364928,5824397
STAT,(NULL),nPop,22,25130423,1135439,1271446,1091661,1276593,1281832,1268825,1038500,1075259,1134799,1160439,1133536,1197156,1086297,1143439,1006114,1195473,1082811,1064288,1173696,1077091,1174619,1061110
STAT,(NULL),nPush,22,25130418,1128627,1258714,1092639,1265593,1266136,1270610,1029837,1086043,1143682,1159489,1133321,1191326,1089363,1164011,1010295,1192513,1095547,1057640,1152361,1093425,1179933,1069313
STAT,(NULL),nPushInit,22,5,1,1,1,1,0,1,0,0,0,0,0,0,0,0,0,0,0,0,0,0,0,0
==== BENCHMARK TOOK 9.755
==== BENCHMARK START ===
==== PARAMS kernel=4.9.5-64-net1 malloc=libc hostname=rack-castor threads=22 delta=4 prog=sssp-capq  ===
Galois Benchmark Suite v2.2.1 (r0)
Copyright (C) 2014 The University of Texas at Austin
http://iss.ices.utexas.edu/galois/

application: Single Source Shortest Path
Computes the shortest path from a source node to all nodes in a directed graph using a modified chaotic iteration algorithm
http://iss.ices.utexas.edu/?p=projects/galois/benchmarks/single_source_shortest_path

INFO: CommandLine ./build/debug/apps/sssp/sssp -noverify -t 22 -delta 4 -wl capq -startNode 0 /specific/disk1/home/mad/Galois-PQ/inputs/planar10M.gr
INFO: Hostname rack-castor
Read 10000000 nodes
Running Asynchronous with CAS version
INFO: Using delta-step of 1
WARNING: Performance varies considerably due to delta parameter.
WARNING: Do not expect the default to be good for your graph.
Node 1 has distance 7300
STATTYPE,LOOP,CATEGORY,n,sum,T0,T1,T2,T3,T4,T5,T6,T7,T8,T9,T10,T11,T12,T13,T14,T15,T16,T17,T18,T19,T20,T21
STAT,(NULL),BadWork,22,7808354585,349366690,394938213,338299291,389730432,413869002,417030325,331001632,319579931,329783202,250903965,410801254,330579181,285250243,367999208,369383517,379267057,287836890,330778373,372138631,375632204,408288148,355897196
STAT,(NULL),BarrierTime,22,4095707,473468,401634,372701,290143,308498,226757,242036,202161,196768,132945,141585,164448,106144,165092,161044,95223,7055,94692,90932,101732,97702,22947
STAT,(NULL),ConflictTime,22,0,0,0,0,0,0,0,0,0,0,0,0,0,0,0,0,0,0,0,0,0,0,0
STAT,(NULL),Conflicts,22,0,0,0,0,0,0,0,0,0,0,0,0,0,0,0,0,0,0,0,0,0,0,0
STAT,(NULL),EmptyPopTime,22,36369965,1147936,1439949,1263058,1463510,941244,1399496,2619924,1436548,1276316,1066560,1039219,885828,1404951,4323896,983336,3799278,1276685,1073088,3883061,1316868,974460,1354754
STAT,(NULL),EmptyWork,22,3368848414,148244408,148040503,150058024,146440443,145715621,144627283,157189622,156761782,163510011,153793815,160941868,155379057,155961902,152009273,155745309,151582479,154693769,154503693,155850097,150291863,149945959,157561633
STAT,(NULL),GaloisTime,22,19484837625,856348955,852025368,894308345,850248543,846842329,846665979,898620781,912414621,914783895,902146467,892427563,902675539,905805016,890954188,896016083,876416026,908766255,899781910,900846609,880212746,856691506,899838901
STAT,(NULL),InitPushTime,22,894045,21840,39812,38536,37188,2488,78599,44008,36217,38928,65692,35494,38396,64313,38000,39008,35239,64042,37108,34262,32887,34560,37428
STAT,(NULL),Iterations,22,25125231,1199059,1286047,1074882,1285441,1292442,1289156,1108180,1050254,1103320,1079096,1175949,1075230,1085546,1126931,1087954,1140550,1015143,1075505,1082706,1170469,1243270,1078101
STAT,(NULL),LoopTime,22,9205729503,9205729503,0,0,0,0,0,0,0,0,0,0,0,0,0,0,0,0,0,0,0,0,0
STAT,(NULL),MeminfoPost,22,946,43,43,43,43,43,43,43,43,43,43,43,43,43,43,43,43,43,43,43,43,43,43
STAT,(NULL),MeminfoPre,22,946,43,43,43,43,43,43,43,43,43,43,43,43,43,43,43,43,43,43,43,43,43,43
STAT,(NULL),NumaPost,22,27256,25983,232,664,377,0,0,0,0,0,0,0,0,0,0,0,0,0,0,0,0,0,0
STAT,(NULL),PopTime,22,21694859708,1007273626,1014337957,967724643,1005082426,1004137131,997108299,996439551,977560426,1000197458,966823141,1000435468,964405891,969057124,969712398,996296421,989324969,957375925,963187233,966201245,983507369,1012704046,985966961
STAT,(NULL),PushTime,22,78761045614,3646267759,3617609921,3565681708,3622143336,3638110356,3635092271,3554737117,3546890056,3534385325,3564542913,3556822622,3560617065,3555165462,3590018447,3553869635,3593307424,3544270067,3564009747,3563853155,3590223086,3609752132,3553676010
STAT,(NULL),RusageSys,22,56000,56000,0,0,0,0,0,0,0,0,0,0,0,0,0,0,0,0,0,0,0,0,0
STAT,(NULL),RusageUser,22,89900000,89900000,0,0,0,0,0,0,0,0,0,0,0,0,0,0,0,0,0,0,0,0,0
STAT,(NULL),Threads,22,22,22,0,0,0,0,0,0,0,0,0,0,0,0,0,0,0,0,0,0,0,0,0
STAT,(NULL),Time,22,9207621565,9207621565,0,0,0,0,0,0,0,0,0,0,0,0,0,0,0,0,0,0,0,0,0
STAT,(NULL),TotalTime,22,19742238392,19742238392,0,0,0,0,0,0,0,0,0,0,0,0,0,0,0,0,0,0,0,0,0
STAT,(NULL),UserTime,22,74336640770,3326288952,3352114919,3406534342,3360189039,3349825179,3360674366,3375966671,3390509933,3371419571,3397199279,3373907926,3401611966,3398176631,3378553876,3382663262,3371142047,3419186983,3403016617,3394941645,3380021878,3355519577,3387176111
STAT,(NULL),Work,22,197684338679,8985657120,8985642254,8985643604,8985643228,8985647595,8985643371,8985648738,8985650799,8985648716,8985645648,8985674091,8985648378,8985648788,8985649654,8985649470,8985652694,8985670166,8985649012,8985649057,8985648747,8985650871,8985676678
STAT,(NULL),nBad,22,16349398,734553,823405,702166,816157,882981,888436,700716,660615,694795,495426,858703,692050,579163,768217,770169,803955,586277,689034,786201,801000,866008,749371
STAT,(NULL),nEmpty,22,13775374,662635,712052,576487,708122,713275,707402,609402,573353,613995,587116,656928,582382,596349,617235,596325,625266,546945,583472,587812,639240,690653,588928
STAT,(NULL),nEmptyPop,22,3740,165,163,163,188,162,156,166,184,184,179,148,168,180,167,148,177,166,171,187,179,177,162
STAT,(NULL),nOverall,22,136349186,6447459,6898465,5987576,6935765,6962289,6991538,5988762,5727205,5877741,5911210,6233871,5921420,5875319,6125583,5900765,6191179,5623141,5910356,5942867,6382720,6641620,5872335
STAT,(NULL),nPop,22,25125231,1199059,1286047,1074882,1285441,1292442,1289156,1108180,1050254,1103320,1079096,1175949,1075230,1085546,1126931,1087954,1140550,1015143,1075505,1082706,1170469,1243270,1078101
STAT,(NULL),nPush,22,25125226,1201344,1284805,1099349,1296823,1297349,1303181,1098349,1046453,1079524,1107471,1135928,1086284,1089377,1131608,1066698,1138536,1029415,1084201,1077914,1177985,1225325,1067307
STAT,(NULL),nPushInit,22,5,1,1,1,1,0,1,0,0,0,0,0,0,0,0,0,0,0,0,0,0,0,0
==== BENCHMARK TOOK 9.827
==== BENCHMARK START ===
==== PARAMS kernel=4.9.5-64-net1 malloc=libc hostname=rack-castor threads=22 delta=4 prog=sssp-capq  ===
Galois Benchmark Suite v2.2.1 (r0)
Copyright (C) 2014 The University of Texas at Austin
http://iss.ices.utexas.edu/galois/

application: Single Source Shortest Path
Computes the shortest path from a source node to all nodes in a directed graph using a modified chaotic iteration algorithm
http://iss.ices.utexas.edu/?p=projects/galois/benchmarks/single_source_shortest_path

INFO: CommandLine ./build/debug/apps/sssp/sssp -noverify -t 22 -delta 4 -wl capq -startNode 0 /specific/disk1/home/mad/Galois-PQ/inputs/planar10M.gr
INFO: Hostname rack-castor
Read 10000000 nodes
Running Asynchronous with CAS version
INFO: Using delta-step of 1
WARNING: Performance varies considerably due to delta parameter.
WARNING: Do not expect the default to be good for your graph.
Node 1 has distance 7300
STATTYPE,LOOP,CATEGORY,n,sum,T0,T1,T2,T3,T4,T5,T6,T7,T8,T9,T10,T11,T12,T13,T14,T15,T16,T17,T18,T19,T20,T21
STAT,(NULL),BadWork,22,7795652385,390436909,412890408,355091412,419328589,416310633,409563175,333281767,364564647,356875970,336587288,351358928,323406788,358148686,324389442,299290220,345075837,311907230,369244939,346349341,371344602,322898801,277306773
STAT,(NULL),BarrierTime,22,4780399,462705,386963,344327,347558,331581,278969,324445,215533,204935,169574,160139,218280,219638,227518,206328,47141,124108,137371,135779,102559,99370,35578
STAT,(NULL),ConflictTime,22,0,0,0,0,0,0,0,0,0,0,0,0,0,0,0,0,0,0,0,0,0,0,0
STAT,(NULL),Conflicts,22,0,0,0,0,0,0,0,0,0,0,0,0,0,0,0,0,0,0,0,0,0,0,0
STAT,(NULL),EmptyPopTime,22,52941175,1047728,1271941,1113274,1209469,3621727,1619187,3290486,3207725,3135931,3585406,3030749,920804,1006522,3422352,3549836,3031151,3165342,884320,951761,3029114,3616132,3230218
STAT,(NULL),EmptyWork,22,3267313362,147309949,147689302,152017482,143119196,146009155,145778132,152639679,148461557,147224090,146302449,152689820,154402274,151441978,150258684,151776029,147931516,149093098,147440535,143741205,148245068,146255702,147486462
STAT,(NULL),GaloisTime,22,18996889564,853044107,834874782,875726922,832584294,838501121,833286944,885391553,861764922,859748269,877220223,889850605,877330791,871675042,882777307,878386506,847729208,875606934,855149135,846128047,875222748,865144295,879745809
STAT,(NULL),InitPushTime,22,980368,63728,71247,86421,35112,2373,78445,44962,36602,35640,36095,38776,38624,38476,34384,39208,64841,38484,33640,33813,32946,34335,62216
STAT,(NULL),Iterations,22,25114473,1117958,1283372,1097896,1273225,1289075,1289369,1063388,1144947,1179717,1065284,1051376,1098073,1109453,1075227,1093223,1177833,1064215,1197941,1194474,1114119,1090383,1043925
STAT,(NULL),LoopTime,22,9000486259,9000486259,0,0,0,0,0,0,0,0,0,0,0,0,0,0,0,0,0,0,0,0,0
STAT,(NULL),MeminfoPost,22,946,43,43,43,43,43,43,43,43,43,43,43,43,43,43,43,43,43,43,43,43,43,43
STAT,(NULL),MeminfoPre,22,946,43,43,43,43,43,43,43,43,43,43,43,43,43,43,43,43,43,43,43,43,43,43
STAT,(NULL),NumaPost,22,27123,25860,236,650,377,0,0,0,0,0,0,0,0,0,0,0,0,0,0,0,0,0,0
STAT,(NULL),PopTime,22,21298310968,974391028,1005624368,965638026,988305142,991562327,997400765,974069334,969908015,983352519,937486098,943661712,966305123,970677354,954493982,965390900,966849073,955050625,968571134,963980174,953644835,946349730,955598704
STAT,(NULL),PushTime,22,77108651648,3568833521,3529127708,3481467740,3552893664,3536235374,3539169485,3461590965,3515229882,3498517186,3515172636,3474309910,3479018280,3483012439,3472366383,3465254047,3523514122,3483176856,3513983072,3536965048,3499435590,3510068920,3469308820
STAT,(NULL),RusageSys,22,68000,68000,0,0,0,0,0,0,0,0,0,0,0,0,0,0,0,0,0,0,0,0,0
STAT,(NULL),RusageUser,22,88040000,88040000,0,0,0,0,0,0,0,0,0,0,0,0,0,0,0,0,0,0,0,0,0
STAT,(NULL),Threads,22,22,22,0,0,0,0,0,0,0,0,0,0,0,0,0,0,0,0,0,0,0,0,0
STAT,(NULL),Time,22,9002348774,9002348774,0,0,0,0,0,0,0,0,0,0,0,0,0,0,0,0,0,0,0,0,0
STAT,(NULL),TotalTime,22,17995221316,17995221316,0,0,0,0,0,0,0,0,0,0,0,0,0,0,0,0,0,0,0,0,0
STAT,(NULL),UserTime,22,72893667367,3256180639,3282217627,3324841720,3282691614,3284878224,3283553114,3323826440,3302237453,3308829952,3321040982,3337266024,3322831022,3322993822,3337491295,3336451754,3311750196,3334715245,3314782863,3309041748,3321232548,3329375427,3345437658
STAT,(NULL),Work,22,193619579653,8800897955,8800880877,8800910755,8800879554,8800886044,8800881217,8800886981,8800885541,8800902394,8800913169,8800914639,8800887226,8800884696,8800886590,8800887728,8800882486,8800888192,8800886092,8800885159,8800884880,8800884836,8800882642
STAT,(NULL),nBad,22,16306663,826823,871148,745241,886186,879326,871406,695052,752267,741330,704489,737009,665520,746239,681323,617145,725325,638937,774780,728951,793775,663650,560741
STAT,(NULL),nEmpty,22,13768060,613817,716621,600264,703082,719102,719183,579786,626881,648986,574470,570387,602845,606520,586534,603244,647015,577417,660248,652596,604729,590568,563765
STAT,(NULL),nEmptyPop,22,6481,158,171,149,168,396,149,357,428,430,419,386,167,152,423,429,238,434,148,150,430,475,224
STAT,(NULL),nOverall,22,136306451,6057153,6807966,5978555,6853500,6846484,6852358,5807272,6224127,6376698,5894677,5774603,5947336,6039617,5871905,5884041,6376037,5848163,6459982,6513279,6121097,6006224,5765377
STAT,(NULL),nPop,22,25114473,1117958,1283372,1097896,1273225,1289075,1289369,1063388,1144947,1179717,1065284,1051376,1098073,1109453,1075227,1093223,1177833,1064215,1197941,1194474,1114119,1090383,1043925
STAT,(NULL),nPush,22,25114468,1104158,1256364,1095426,1272644,1267791,1270839,1057730,1148658,1182750,1084096,1047091,1092946,1098913,1077279,1085506,1185873,1071797,1192885,1220568,1125342,1110329,1065483
STAT,(NULL),nPushInit,22,5,1,1,1,1,0,1,0,0,0,0,0,0,0,0,0,0,0,0,0,0,0,0
==== BENCHMARK TOOK 8.934
==== BENCHMARK START ===
==== PARAMS kernel=4.9.5-64-net1 malloc=libc hostname=rack-castor threads=22 delta=4 prog=sssp-capq  ===
Galois Benchmark Suite v2.2.1 (r0)
Copyright (C) 2014 The University of Texas at Austin
http://iss.ices.utexas.edu/galois/

application: Single Source Shortest Path
Computes the shortest path from a source node to all nodes in a directed graph using a modified chaotic iteration algorithm
http://iss.ices.utexas.edu/?p=projects/galois/benchmarks/single_source_shortest_path

INFO: CommandLine ./build/debug/apps/sssp/sssp -noverify -t 22 -delta 4 -wl capq -startNode 0 /specific/disk1/home/mad/Galois-PQ/inputs/planar10M.gr
INFO: Hostname rack-castor
Read 10000000 nodes
Running Asynchronous with CAS version
INFO: Using delta-step of 1
WARNING: Performance varies considerably due to delta parameter.
WARNING: Do not expect the default to be good for your graph.
Node 1 has distance 7300
STATTYPE,LOOP,CATEGORY,n,sum,T0,T1,T2,T3,T4,T5,T6,T7,T8,T9,T10,T11,T12,T13,T14,T15,T16,T17,T18,T19,T20,T21
STAT,(NULL),BadWork,22,7998789525,367947300,419363696,344714804,449501309,414378893,434292073,317372030,362495369,371446011,378719758,319077152,383927781,334433367,356392433,375697016,354910018,330728703,337009925,364779595,326396167,297194341,358011784
STAT,(NULL),BarrierTime,22,3051232,413703,337716,282544,236820,256542,170083,184836,141096,144020,140812,66051,94580,95492,103945,90816,33538,42956,46820,47806,54915,22997,43144
STAT,(NULL),ConflictTime,22,0,0,0,0,0,0,0,0,0,0,0,0,0,0,0,0,0,0,0,0,0,0,0
STAT,(NULL),Conflicts,22,0,0,0,0,0,0,0,0,0,0,0,0,0,0,0,0,0,0,0,0,0,0,0
STAT,(NULL),EmptyPopTime,22,61299375,1424632,2330873,351148,1050184,3850584,1333670,3859924,3792140,1388536,1064700,3614425,1154108,3981780,1138920,4143272,3743870,3812173,3753053,3617452,3959859,4005356,3928716
STAT,(NULL),EmptyWork,22,3413304881,148134434,149014965,157010392,148528917,149467672,148275626,155228125,165444632,158414303,156526077,158311050,155819168,153324190,164208728,154511750,153533370,150588928,158617172,154138680,154967011,159335409,159904282
STAT,(NULL),GaloisTime,22,19788799713,865955857,854633025,921798504,855630048,855319090,860588843,920429851,934911057,926908261,905175172,924757434,903765186,908117844,926414319,897890829,915286662,883736590,897226234,895750603,904983389,914735500,914785415
STAT,(NULL),InitPushTime,22,878528,20124,40796,39076,35722,2704,79807,44788,40504,39096,41652,65450,38696,38668,34939,40924,42628,39360,37620,37248,33304,47050,38372
STAT,(NULL),Iterations,22,25135359,1173251,1304465,1036233,1316551,1304964,1315594,1058937,1043794,1071428,1148986,1065695,1175846,1090029,1066173,1111839,1062092,1166456,1166921,1189744,1123151,1066200,1077010
STAT,(NULL),LoopTime,22,9330414755,9330414755,0,0,0,0,0,0,0,0,0,0,0,0,0,0,0,0,0,0,0,0,0
STAT,(NULL),MeminfoPost,22,946,43,43,43,43,43,43,43,43,43,43,43,43,43,43,43,43,43,43,43,43,43,43
STAT,(NULL),MeminfoPre,22,946,43,43,43,43,43,43,43,43,43,43,43,43,43,43,43,43,43,43,43,43,43,43
STAT,(NULL),NumaPost,22,27473,26200,448,664,161,0,0,0,0,0,0,0,0,0,0,0,0,0,0,0,0,0,0
STAT,(NULL),PopTime,22,21929669961,1013524525,1030832355,973913539,1030001842,1029781430,1022975045,981198842,997137329,990084918,994275650,992854582,999102859,982470224,998329067,977942184,973664448,975381479,1007549360,995483250,992246636,983354665,987565732
STAT,(NULL),PushTime,22,80120663715,3728104880,3692515873,3621393030,3698600385,3690294698,3693052825,3619620534,3582141253,3604588728,3635976542,3596917359,3652655450,3635192178,3590879577,3654623515,3616995932,3679867737,3633465993,3641096319,3629666863,3620648115,3602365929
STAT,(NULL),RusageSys,22,68000,68000,0,0,0,0,0,0,0,0,0,0,0,0,0,0,0,0,0,0,0,0,0
STAT,(NULL),RusageUser,22,91176000,91176000,0,0,0,0,0,0,0,0,0,0,0,0,0,0,0,0,0,0,0,0,0
STAT,(NULL),Threads,22,22,22,0,0,0,0,0,0,0,0,0,0,0,0,0,0,0,0,0,0,0,0,0
STAT,(NULL),Time,22,9332283387,9332283387,0,0,0,0,0,0,0,0,0,0,0,0,0,0,0,0,0,0,0,0,0
STAT,(NULL),TotalTime,22,18367332956,18367332956,0,0,0,0,0,0,0,0,0,0,0,0,0,0,0,0,0,0,0,0,0
STAT,(NULL),UserTime,22,75196902832,3356975600,3384789183,3439649827,3380306013,3385405841,3387893040,3433784998,3430694687,3432737790,3421100977,3437662654,3401623773,3431034510,3433151497,3425007220,3450898306,3420733592,3413509698,3424034014,3428296081,3432041949,3445571582
STAT,(NULL),Work,22,200512243494,9114199192,9114184791,9114188664,9114184665,9114189909,9114187083,9114194062,9114193986,9114193156,9114190782,9114207736,9114195048,9114193762,9114195403,9114192378,9114196998,9114190545,9114194686,9114190758,9114195264,9114193086,9114191540
STAT,(NULL),nBad,22,16406768,763945,860004,705333,935663,855379,908743,646695,747809,760291,780982,652321,784416,674053,733022,772455,727511,673918,682130,745503,664183,593814,738598
STAT,(NULL),nEmpty,22,13780735,643060,724906,558465,729794,721603,728964,574945,576204,584064,628054,581204,650346,591828,583617,604480,574095,635378,646609,657770,613983,583493,587873
STAT,(NULL),nEmptyPop,22,9432,193,982,76,214,594,239,605,544,235,229,398,236,508,217,561,524,573,367,468,619,518,532
STAT,(NULL),nOverall,22,136406556,6370497,6967212,5740209,7053591,7008537,7051533,5815109,5611587,5854443,6254868,5816373,6314238,5983317,5796416,6098619,5859879,6381770,6250356,6390517,6113441,5797684,5876360
STAT,(NULL),nPop,22,25135359,1173251,1304465,1036233,1316551,1304964,1315594,1058937,1043794,1071428,1148986,1065695,1175846,1090029,1066173,1111839,1062092,1166456,1166921,1189744,1123151,1066200,1077010
STAT,(NULL),nPush,22,25135354,1179235,1298170,1048847,1313714,1302385,1313544,1071171,1014032,1061689,1149526,1067496,1167776,1101838,1053327,1121018,1069913,1190483,1156712,1186836,1128367,1074465,1064810
STAT,(NULL),nPushInit,22,5,1,1,1,1,0,1,0,0,0,0,0,0,0,0,0,0,0,0,0,0,0,0
==== BENCHMARK TOOK 9.138
==== BENCHMARK START ===
==== PARAMS kernel=4.9.5-64-net1 malloc=libc hostname=rack-castor threads=22 delta=4 prog=sssp-capq  ===
Galois Benchmark Suite v2.2.1 (r0)
Copyright (C) 2014 The University of Texas at Austin
http://iss.ices.utexas.edu/galois/

application: Single Source Shortest Path
Computes the shortest path from a source node to all nodes in a directed graph using a modified chaotic iteration algorithm
http://iss.ices.utexas.edu/?p=projects/galois/benchmarks/single_source_shortest_path

INFO: CommandLine ./build/debug/apps/sssp/sssp -noverify -t 22 -delta 4 -wl capq -startNode 0 /specific/disk1/home/mad/Galois-PQ/inputs/planar10M.gr
INFO: Hostname rack-castor
Read 10000000 nodes
Running Asynchronous with CAS version
INFO: Using delta-step of 1
WARNING: Performance varies considerably due to delta parameter.
WARNING: Do not expect the default to be good for your graph.
Node 1 has distance 7300
STATTYPE,LOOP,CATEGORY,n,sum,T0,T1,T2,T3,T4,T5,T6,T7,T8,T9,T10,T11,T12,T13,T14,T15,T16,T17,T18,T19,T20,T21
STAT,(NULL),BadWork,22,7964318591,356613896,439694883,318824020,439416202,429840144,430011318,297038272,364671743,290570531,319170536,322439047,339443223,388773800,378383815,370898442,314872891,381606383,353725553,336287002,400552980,343494632,347989278
STAT,(NULL),BarrierTime,22,4603287,580404,373891,339174,337829,347217,245631,221272,243078,243966,185652,170264,153862,200941,165530,134057,123298,141700,87883,143972,38256,91004,34406
STAT,(NULL),ConflictTime,22,0,0,0,0,0,0,0,0,0,0,0,0,0,0,0,0,0,0,0,0,0,0,0
STAT,(NULL),Conflicts,22,0,0,0,0,0,0,0,0,0,0,0,0,0,0,0,0,0,0,0,0,0,0,0
STAT,(NULL),EmptyPopTime,22,24338146,1435812,958739,948976,1554152,1135322,819591,793008,2459099,856292,1138208,913430,1582684,858104,907999,1281516,919479,1300544,974522,942000,785056,878728,894885
STAT,(NULL),EmptyWork,22,3455304020,156698052,150743941,159567968,148952100,148087737,151090639,158297251,158119353,156737672,158671679,157008701,158579794,159656158,160604888,155681437,155315272,157450838,155787417,158521697,166791180,162661101,160279145
STAT,(NULL),GaloisTime,22,19962017911,883919345,860492208,924242012,866550713,861610561,869346343,920574673,904021395,929087135,933728966,923904123,914172041,910004245,922146368,912581897,919188128,907570457,917842633,915376040,924979840,922186813,918491975
STAT,(NULL),InitPushTime,22,1185708,23804,111134,110404,80517,2464,99027,79796,36696,36578,39196,34988,56478,34721,38124,65135,35813,38616,62898,36992,61871,37932,62524
STAT,(NULL),Iterations,22,25128968,1200414,1317513,1095133,1326149,1318083,1331787,1067401,1190380,1059726,1043737,1081259,1104652,1102443,1134425,1098586,1060088,1104889,1103816,1114658,1127465,1075356,1071008
STAT,(NULL),LoopTime,22,9420333078,9420333078,0,0,0,0,0,0,0,0,0,0,0,0,0,0,0,0,0,0,0,0,0
STAT,(NULL),MeminfoPost,22,946,43,43,43,43,43,43,43,43,43,43,43,43,43,43,43,43,43,43,43,43,43,43
STAT,(NULL),MeminfoPre,22,946,43,43,43,43,43,43,43,43,43,43,43,43,43,43,43,43,43,43,43,43,43,43
STAT,(NULL),NumaPost,22,27408,26142,461,644,161,0,0,0,0,0,0,0,0,0,0,0,0,0,0,0,0,0,0
STAT,(NULL),PopTime,22,22065753232,1026506352,1031352717,993590995,1029718590,1027793375,1036598191,999137605,1009475902,967171939,984977079,968852719,991919017,994874030,1003038502,1011970680,978100019,1003125390,979544158,991874195,1029270793,1009571183,997289801
STAT,(NULL),PushTime,22,80561265858,3728240947,3714187773,3644579728,3718506512,3727750834,3707135521,3629683833,3671805410,3652752397,3635373163,3656007979,3651795457,3656081814,3641544593,3645429366,3653997402,3653702740,3653792747,3643582118,3614610764,3613948274,3646756486
STAT,(NULL),RusageSys,22,76000,76000,0,0,0,0,0,0,0,0,0,0,0,0,0,0,0,0,0,0,0,0,0
STAT,(NULL),RusageUser,22,91708000,91708000,0,0,0,0,0,0,0,0,0,0,0,0,0,0,0,0,0,0,0,0,0
STAT,(NULL),Threads,22,22,22,0,0,0,0,0,0,0,0,0,0,0,0,0,0,0,0,0,0,0,0,0
STAT,(NULL),Time,22,9422570906,9422570906,0,0,0,0,0,0,0,0,0,0,0,0,0,0,0,0,0,0,0,0,0
STAT,(NULL),TotalTime,22,19644519266,19644519266,0,0,0,0,0,0,0,0,0,0,0,0,0,0,0,0,0,0,0,0,0
STAT,(NULL),UserTime,22,75629906649,3371314458,3410377461,3445180168,3402830924,3401741565,3403124114,3459631998,3422240306,3461513543,3454230077,3461434974,3450070917,3446646757,3439875517,3441173272,3460598235,3444969555,3460176244,3457822340,3431678739,3458870481,3444405004
STAT,(NULL),Work,22,201700348565,9168202152,9168188950,9168188023,9168188316,9168194030,9168189749,9168195616,9168194499,9168194195,9168197164,9168221091,9168195704,9168194264,9168221424,9168193572,9168219231,9168196588,9168191534,9168197842,9168194216,9168194744,9168195661
STAT,(NULL),nBad,22,16370675,738353,908481,650725,909811,893207,886318,590374,764346,595134,644459,663018,696797,795796,769697,760122,632548,786752,726441,693628,839811,711008,713849
STAT,(NULL),nEmpty,22,13777429,666163,728911,600587,736447,729333,742916,582344,660015,574530,565712,585688,601095,598283,624800,597913,572433,602848,598903,608516,627111,589182,583699
STAT,(NULL),nEmptyPop,22,2986,148,142,128,130,149,144,143,149,124,143,131,139,112,128,127,127,128,144,143,139,137,131
STAT,(NULL),nOverall,22,136370463,6417607,7071549,5939833,7088167,7078699,7080392,5827200,6372930,5829498,5741037,5952652,6046355,6054542,6119709,6013980,5855552,6033530,6064907,6079598,6010449,5836718,5855559
STAT,(NULL),nPop,22,25128968,1200414,1317513,1095133,1326149,1318083,1331787,1067401,1190380,1059726,1043737,1081259,1104652,1102443,1134425,1098586,1060088,1104889,1103816,1114658,1127465,1075356,1071008
STAT,(NULL),nPush,22,25128963,1186916,1312912,1094283,1320582,1319606,1320538,1075612,1185314,1087031,1052062,1097509,1113744,1106212,1122443,1098630,1081213,1100039,1115413,1117234,1087451,1064286,1069933
STAT,(NULL),nPushInit,22,5,1,1,1,1,0,1,0,0,0,0,0,0,0,0,0,0,0,0,0,0,0,0
==== BENCHMARK TOOK 9.684
==== BENCHMARK START ===
==== PARAMS kernel=4.9.5-64-net1 malloc=libc hostname=rack-castor threads=22 delta=4 prog=sssp-capq  ===
Galois Benchmark Suite v2.2.1 (r0)
Copyright (C) 2014 The University of Texas at Austin
http://iss.ices.utexas.edu/galois/

application: Single Source Shortest Path
Computes the shortest path from a source node to all nodes in a directed graph using a modified chaotic iteration algorithm
http://iss.ices.utexas.edu/?p=projects/galois/benchmarks/single_source_shortest_path

INFO: CommandLine ./build/debug/apps/sssp/sssp -noverify -t 22 -delta 4 -wl capq -startNode 0 /specific/disk1/home/mad/Galois-PQ/inputs/planar10M.gr
INFO: Hostname rack-castor
Read 10000000 nodes
Running Asynchronous with CAS version
INFO: Using delta-step of 1
WARNING: Performance varies considerably due to delta parameter.
WARNING: Do not expect the default to be good for your graph.
Node 1 has distance 7300
STATTYPE,LOOP,CATEGORY,n,sum,T0,T1,T2,T3,T4,T5,T6,T7,T8,T9,T10,T11,T12,T13,T14,T15,T16,T17,T18,T19,T20,T21
STAT,(NULL),BadWork,22,7964023761,403829213,422033662,287078250,422175498,447307395,420433032,332343041,396062715,349785648,327404975,355981269,375618698,322998895,322745953,338616723,298257525,369611084,352839786,404682068,319134700,326943939,368139692
STAT,(NULL),BarrierTime,22,4542748,538358,340503,325020,312314,321901,241930,229492,227262,192923,188708,185179,191770,191736,187904,189160,101618,125300,68738,35505,131447,128392,87588
STAT,(NULL),ConflictTime,22,0,0,0,0,0,0,0,0,0,0,0,0,0,0,0,0,0,0,0,0,0,0,0
STAT,(NULL),Conflicts,22,0,0,0,0,0,0,0,0,0,0,0,0,0,0,0,0,0,0,0,0,0,0,0
STAT,(NULL),EmptyPopTime,22,26794103,589997,594109,692624,688037,706386,1464508,2123814,655145,1005768,785882,598942,2372926,942440,899032,645616,2363033,885580,2551888,652020,587635,2797389,2191332
STAT,(NULL),EmptyWork,22,3341611726,143144744,145262650,155288912,146551170,146588314,148251242,154502255,150946785,155792982,153774156,154871809,150252586,150832482,154714415,159099585,155489198,155058624,156163648,154299622,148555843,151446568,150724136
STAT,(NULL),GaloisTime,22,19376290031,831059880,845523184,909339451,844877433,845316638,846961868,892862773,881326106,900842888,872309293,896382712,884703916,887776815,894749982,904739868,903702602,900674199,908012835,879174424,881487783,880605947,883859434
STAT,(NULL),InitPushTime,22,1031283,20328,119335,116588,36202,2652,88907,55184,36732,35239,39152,38736,38172,38092,38980,38972,38888,38264,37372,62128,36324,37660,37376
STAT,(NULL),Iterations,22,25139850,1262132,1284271,1032963,1290119,1293540,1301259,1119247,1158751,1087733,1177719,1081890,1140341,1124344,1103033,1031949,1030754,1047901,1060005,1174230,1109822,1111686,1116161
STAT,(NULL),LoopTime,22,9180905259,9180905259,0,0,0,0,0,0,0,0,0,0,0,0,0,0,0,0,0,0,0,0,0
STAT,(NULL),MeminfoPost,22,946,43,43,43,43,43,43,43,43,43,43,43,43,43,43,43,43,43,43,43,43,43,43
STAT,(NULL),MeminfoPre,22,946,43,43,43,43,43,43,43,43,43,43,43,43,43,43,43,43,43,43,43,43,43,43
STAT,(NULL),NumaPost,22,27166,25906,244,855,161,0,0,0,0,0,0,0,0,0,0,0,0,0,0,0,0,0,0
STAT,(NULL),PopTime,22,21657316269,1002193749,1007931765,976452638,1003551049,1003365832,1014316045,977835394,988705110,977642497,974023255,966927086,981516092,980253130,976895556,983187724,968591005,979958151,970842383,987546630,965297902,983605558,986677718
STAT,(NULL),PushTime,22,78239681602,3670516578,3608196290,3514105666,3613333457,3596540360,3599179136,3551092319,3561601776,3529241617,3579978203,3538970377,3548974749,3541291587,3537784092,3488926033,3523550353,3513324375,3512144994,3564829619,3564397278,3544448014,3537254729
STAT,(NULL),RusageSys,22,80000,80000,0,0,0,0,0,0,0,0,0,0,0,0,0,0,0,0,0,0,0,0,0
STAT,(NULL),RusageUser,22,89360000,89360000,0,0,0,0,0,0,0,0,0,0,0,0,0,0,0,0,0,0,0,0,0
STAT,(NULL),Threads,22,22,22,0,0,0,0,0,0,0,0,0,0,0,0,0,0,0,0,0,0,0,0,0
STAT,(NULL),Time,22,9182714461,9182714461,0,0,0,0,0,0,0,0,0,0,0,0,0,0,0,0,0,0,0,0,0
STAT,(NULL),TotalTime,22,18774195986,18774195986,0,0,0,0,0,0,0,0,0,0,0,0,0,0,0,0,0,0,0,0,0
STAT,(NULL),UserTime,22,73897195679,3286079526,3326074463,3377705505,3324578800,3341069808,3323409820,3355172502,3350350331,3369062792,3352715796,3375837150,3365765985,3372489244,3368544559,3396985084,3379890249,3383684511,3383870052,3347082088,3373262069,3370684968,3372880377
STAT,(NULL),Work,22,196540581330,8933664432,8933653438,8933658060,8933652200,8933658138,8933653119,8933683512,8933658533,8933660914,8933687018,8933658012,8933657704,8933659158,8933662056,8933656910,8933683092,8933661152,8933681340,8933655558,8933658004,8933657606,8933661374
STAT,(NULL),nBad,22,16402596,847347,885786,561132,886715,935633,883017,680482,827987,707826,663451,718724,784196,654111,654299,696057,596319,768789,730599,842665,652703,659620,765138
STAT,(NULL),nEmpty,22,13785736,696372,709087,564753,713415,712624,722812,618699,635735,597323,649245,589375,621876,614731,607333,562362,562676,568545,577694,646659,600016,605569,608835
STAT,(NULL),nEmptyPop,22,2431,97,114,92,117,119,113,100,102,117,90,107,98,121,128,110,111,122,100,117,116,122,118
STAT,(NULL),nOverall,22,136402384,6798603,6914238,5622164,6933745,6980971,6951935,6014082,6285473,5889480,6349855,5918892,6226336,6118253,5953755,5635733,5618661,5756617,5793415,6340221,6125829,6078496,6095630
STAT,(NULL),nPop,22,25139850,1262132,1284271,1032963,1290119,1293540,1301259,1119247,1158751,1087733,1177719,1081890,1140341,1124344,1103033,1031949,1030754,1047901,1060005,1174230,1109822,1111686,1116161
STAT,(NULL),nPush,22,25139845,1265311,1279387,1038041,1292080,1290649,1290048,1110251,1155326,1080563,1187404,1087496,1139642,1127032,1097594,1020201,1036192,1038489,1058722,1165544,1139742,1125655,1114476
STAT,(NULL),nPushInit,22,5,1,1,1,1,0,1,0,0,0,0,0,0,0,0,0,0,0,0,0,0,0,0
==== BENCHMARK TOOK 9.324
==== BENCHMARK START ===
==== PARAMS kernel=4.9.5-64-net1 malloc=libc hostname=rack-castor threads=22 delta=4 prog=sssp-capq  ===
Galois Benchmark Suite v2.2.1 (r0)
Copyright (C) 2014 The University of Texas at Austin
http://iss.ices.utexas.edu/galois/

application: Single Source Shortest Path
Computes the shortest path from a source node to all nodes in a directed graph using a modified chaotic iteration algorithm
http://iss.ices.utexas.edu/?p=projects/galois/benchmarks/single_source_shortest_path

INFO: CommandLine ./build/debug/apps/sssp/sssp -noverify -t 22 -delta 4 -wl capq -startNode 0 /specific/disk1/home/mad/Galois-PQ/inputs/planar10M.gr
INFO: Hostname rack-castor
Read 10000000 nodes
Running Asynchronous with CAS version
INFO: Using delta-step of 1
WARNING: Performance varies considerably due to delta parameter.
WARNING: Do not expect the default to be good for your graph.
Node 1 has distance 7300
STATTYPE,LOOP,CATEGORY,n,sum,T0,T1,T2,T3,T4,T5,T6,T7,T8,T9,T10,T11,T12,T13,T14,T15,T16,T17,T18,T19,T20,T21
STAT,(NULL),BadWork,22,7494255468,385219058,395186927,289431891,411286450,404013657,417468440,298962650,324955515,366219341,287648365,339279359,309718146,318039295,287359010,364249545,325912884,350522210,340808126,362498947,326751142,250110047,338614463
STAT,(NULL),BarrierTime,22,4063433,417676,328247,337984,296190,318148,253410,203259,137435,200990,131151,189980,184040,207200,125881,102668,97136,93356,95176,103418,104225,36048,99815
STAT,(NULL),ConflictTime,22,0,0,0,0,0,0,0,0,0,0,0,0,0,0,0,0,0,0,0,0,0,0,0
STAT,(NULL),Conflicts,22,0,0,0,0,0,0,0,0,0,0,0,0,0,0,0,0,0,0,0,0,0,0,0
STAT,(NULL),EmptyPopTime,22,23446565,1070274,883774,1168372,931157,1061277,1382819,994072,872121,1062715,882980,845058,1079012,1045484,683269,877584,2442176,996136,1305424,905654,982189,889810,1085208
STAT,(NULL),EmptyWork,22,3394652098,149140727,145687932,151756481,147454290,145113308,147002165,154950099,151985761,152443683,154109699,155891719,150951226,160569808,151155901,155095537,153123735,156673417,151529147,153391238,151214406,204114834,151296985
STAT,(NULL),GaloisTime,22,19529917176,854540910,851254686,900249594,845063249,849697846,851870556,918302602,886499924,891596971,907300463,908199150,899351021,920112857,901857005,888832757,885790833,901587594,898267427,881583406,883517056,905773549,898667720
STAT,(NULL),InitPushTime,22,1017382,58138,82203,65628,36007,2607,78050,41664,63126,35348,66051,39000,45720,34839,34593,57344,36532,38800,37532,33318,32957,63580,34345
STAT,(NULL),Iterations,22,25017691,1209168,1290635,1058820,1293325,1287517,1295135,1029704,1098754,1126451,1056103,1106172,1080946,1036055,1082545,1102232,1134864,1074292,1106891,1131961,1159135,1189556,1067430
STAT,(NULL),LoopTime,22,9276988014,9276988014,0,0,0,0,0,0,0,0,0,0,0,0,0,0,0,0,0,0,0,0,0
STAT,(NULL),MeminfoPost,22,946,43,43,43,43,43,43,43,43,43,43,43,43,43,43,43,43,43,43,43,43,43,43
STAT,(NULL),MeminfoPre,22,946,43,43,43,43,43,43,43,43,43,43,43,43,43,43,43,43,43,43,43,43,43,43
STAT,(NULL),NumaPost,22,27475,26203,232,664,376,0,0,0,0,0,0,0,0,0,0,0,0,0,0,0,0,0,0
STAT,(NULL),PopTime,22,21689065150,998656131,1007280253,961251282,1001378796,999010638,997842469,967635763,972573110,978554383,959284714,977235005,959231511,963454121,943583496,976880533,983892102,990046981,964191559,969158090,982218537,1167544102,968161574
STAT,(NULL),PushTime,22,79712482593,3697943706,3669225353,3612193420,3665961846,3662128461,3676716443,3579658751,3631602373,3619761601,3610670995,3590929621,3627119687,3587277604,3622660655,3625448042,3621807073,3589426371,3618229153,3633483951,3622199185,3539483854,3608554448
STAT,(NULL),RusageSys,22,136000,136000,0,0,0,0,0,0,0,0,0,0,0,0,0,0,0,0,0,0,0,0,0
STAT,(NULL),RusageUser,22,90264000,90264000,0,0,0,0,0,0,0,0,0,0,0,0,0,0,0,0,0,0,0,0,0
STAT,(NULL),Threads,22,22,22,0,0,0,0,0,0,0,0,0,0,0,0,0,0,0,0,0,0,0,0,0
STAT,(NULL),Time,22,9278840793,9278840793,0,0,0,0,0,0,0,0,0,0,0,0,0,0,0,0,0,0,0,0,0
STAT,(NULL),TotalTime,22,19131915656,19131915656,0,0,0,0,0,0,0,0,0,0,0,0,0,0,0,0,0,0,0,0,0
STAT,(NULL),UserTime,22,74308606259,3328564822,3355582270,3403294075,3369125494,3372906738,3355100918,3408378519,3386382039,3386498163,3397665525,3396815503,3392185709,3397459402,3409977576,3382780329,3382863196,3391187323,3396395097,3391394378,3389788463,3212108861,3402151859
STAT,(NULL),Work,22,198660025921,9030008959,9029993471,9029996180,9029991921,9029998226,9029993201,9030027050,9029995854,9030002081,9029997606,9030003354,9029999178,9030000412,9030025885,9029998626,9030001094,9029998470,9029997565,9030000618,9029998386,9029996062,9030001722
STAT,(NULL),nBad,22,15540059,806575,823049,578930,867165,850879,867294,613110,674046,771647,580185,710154,633230,658915,576743,761781,675982,711631,712441,751274,678609,527737,708682
STAT,(NULL),nEmpty,22,13734630,666291,712224,572239,710521,704940,713002,559733,594849,611283,572013,607781,584614,566051,585585,599805,624258,585703,600985,612992,632933,739635,577193
STAT,(NULL),nEmptyPop,22,3317,140,155,163,132,147,166,135,143,159,156,156,164,128,133,144,143,160,165,158,163,144,163
STAT,(NULL),nOverall,22,135539847,6523647,6950271,5843768,7003143,6999699,6997898,5641922,6055982,6186179,5814875,5987712,5959118,5647669,5971447,6033931,6130160,5871261,6075943,6235570,6323301,5397495,5888856
STAT,(NULL),nPop,22,25017691,1209168,1290635,1058820,1293325,1287517,1295135,1029704,1098754,1126451,1056103,1106172,1080946,1036055,1082545,1102232,1134864,1074292,1106891,1131961,1159135,1189556,1067430
STAT,(NULL),nPush,22,25017686,1206623,1298562,1081869,1303320,1304226,1304318,1040191,1122529,1138991,1076189,1101935,1104328,1037277,1115831,1106097,1132800,1070913,1119160,1150322,1174871,942735,1084599
STAT,(NULL),nPushInit,22,5,1,1,1,1,0,1,0,0,0,0,0,0,0,0,0,0,0,0,0,0,0,0
==== BENCHMARK TOOK 9.482
==== BENCHMARK START ===
==== PARAMS kernel=4.9.5-64-net1 malloc=libc hostname=rack-castor threads=22 delta=4 prog=sssp-capq  ===
Galois Benchmark Suite v2.2.1 (r0)
Copyright (C) 2014 The University of Texas at Austin
http://iss.ices.utexas.edu/galois/

application: Single Source Shortest Path
Computes the shortest path from a source node to all nodes in a directed graph using a modified chaotic iteration algorithm
http://iss.ices.utexas.edu/?p=projects/galois/benchmarks/single_source_shortest_path

INFO: CommandLine ./build/debug/apps/sssp/sssp -noverify -t 22 -delta 4 -wl capq -startNode 0 /specific/disk1/home/mad/Galois-PQ/inputs/planar10M.gr
INFO: Hostname rack-castor
Read 10000000 nodes
Running Asynchronous with CAS version
INFO: Using delta-step of 1
WARNING: Performance varies considerably due to delta parameter.
WARNING: Do not expect the default to be good for your graph.
Node 1 has distance 7300
STATTYPE,LOOP,CATEGORY,n,sum,T0,T1,T2,T3,T4,T5,T6,T7,T8,T9,T10,T11,T12,T13,T14,T15,T16,T17,T18,T19,T20,T21
STAT,(NULL),BadWork,22,7899584858,397124493,433166914,319206294,428764848,421462052,436937863,320332081,368858706,353811839,391372072,350788462,295167136,303552398,315357780,357462803,373170912,360872251,341478378,368813164,329125380,285468354,347290678
STAT,(NULL),BarrierTime,22,3748746,492558,313690,298068,269772,288203,207929,222476,172372,126475,146596,146548,145974,141300,151554,150583,84658,90055,91413,66296,84523,28675,29028
STAT,(NULL),ConflictTime,22,0,0,0,0,0,0,0,0,0,0,0,0,0,0,0,0,0,0,0,0,0,0,0
STAT,(NULL),Conflicts,22,0,0,0,0,0,0,0,0,0,0,0,0,0,0,0,0,0,0,0,0,0,0,0
STAT,(NULL),EmptyPopTime,22,15509137,300988,241327,367172,406071,666968,374975,317888,449308,343871,2331950,1984338,2010502,340000,1977377,558249,331880,309142,375134,527473,448371,340166,505987
STAT,(NULL),EmptyWork,22,3292007460,147906230,146736876,156312282,144939044,144162424,143981105,153719904,149377223,150093981,149374227,153250357,147840817,146148102,150463833,149027881,156505160,157417615,149176449,153459796,148434229,146756567,146923358
STAT,(NULL),GaloisTime,22,19012998486,837681822,834921339,904430064,834470362,833932575,833393901,879990232,857356898,861188363,862413862,880345470,869655559,863840992,876513870,859602842,872765810,891451649,871958217,877032348,867753552,873092623,869206136
STAT,(NULL),InitPushTime,22,950719,16244,71585,68800,35904,2394,78966,44368,40264,54158,42450,47988,38140,38020,34117,35100,35018,34587,33473,37184,38032,62099,61828
STAT,(NULL),Iterations,22,25132926,1164120,1282034,1021128,1283359,1272499,1276862,1090986,1181108,1165654,1174680,1114411,1110810,1119474,1084442,1112263,1111810,1044600,1113640,1130111,1123603,1063475,1091857
STAT,(NULL),LoopTime,22,9047455171,9047455171,0,0,0,0,0,0,0,0,0,0,0,0,0,0,0,0,0,0,0,0,0
STAT,(NULL),MeminfoPost,22,946,43,43,43,43,43,43,43,43,43,43,43,43,43,43,43,43,43,43,43,43,43,43
STAT,(NULL),MeminfoPre,22,946,43,43,43,43,43,43,43,43,43,43,43,43,43,43,43,43,43,43,43,43,43,43
STAT,(NULL),NumaPost,22,27956,26908,239,648,161,0,0,0,0,0,0,0,0,0,0,0,0,0,0,0,0,0,0
STAT,(NULL),PopTime,22,21239798011,974163038,985709628,957975059,992635560,976259519,971232267,961475440,966290810,968198470,974050891,960430225,942499448,950416489,950058729,971124619,981903428,971196928,943459502,975798162,945469815,962837377,956612607
STAT,(NULL),PushTime,22,77146794972,3556874721,3541504483,3437639213,3547570213,3552308223,3554215047,3475152423,3522153285,3521752144,3514702549,3479232330,3522515134,3526343825,3494314444,3504601527,3467420438,3451991463,3501879110,3480157327,3517456794,3483589454,3493420825
STAT,(NULL),RusageSys,22,56000,56000,0,0,0,0,0,0,0,0,0,0,0,0,0,0,0,0,0,0,0,0,0
STAT,(NULL),RusageUser,22,88076000,88076000,0,0,0,0,0,0,0,0,0,0,0,0,0,0,0,0,0,0,0,0,0
STAT,(NULL),Threads,22,22,22,0,0,0,0,0,0,0,0,0,0,0,0,0,0,0,0,0,0,0,0,0
STAT,(NULL),Time,22,9049201625,9049201625,0,0,0,0,0,0,0,0,0,0,0,0,0,0,0,0,0,0,0,0,0
STAT,(NULL),TotalTime,22,19805418548,19805418548,0,0,0,0,0,0,0,0,0,0,0,0,0,0,0,0,0,0,0,0,0
STAT,(NULL),UserTime,22,72957055727,3285988690,3293799642,3346191146,3282890743,3295588432,3299713435,3332262847,3307289088,3301337365,3300046641,3327675580,3318395364,3315828360,3329588323,3318003089,3323989166,3330552134,3336071177,3315941094,3323357268,3336300066,3336246077
STAT,(NULL),Work,22,193665634117,8802988473,8802974858,8802978604,8802973866,8802978900,8802974570,8802981798,8802983712,8802994017,8803001618,8802988705,8802979528,8802983948,8802982547,8802980457,8802986000,8802983862,8802985294,8802998930,8802981776,8802975334,8802977320
STAT,(NULL),nBad,22,16415718,830964,911355,658216,908654,888134,916222,657386,768335,720047,814935,734789,606399,619854,649789,744374,772012,757830,711817,770516,686328,573876,713886
STAT,(NULL),nEmpty,22,13777386,640859,710547,556325,711469,699678,704068,601145,653457,641466,647316,613445,604639,610476,590050,603311,611739,569355,604900,624456,613617,574638,590430
STAT,(NULL),nEmptyPop,22,1282,43,56,62,64,63,63,61,60,57,58,52,66,57,62,66,61,43,59,64,49,53,63
STAT,(NULL),nOverall,22,136415506,6284672,6866551,5581750,6870060,6881472,6884978,5882996,6343591,6294861,6335563,6021031,6079643,6118682,5939073,6113402,6002258,5705944,6112553,6071326,6131386,5870416,6023298
STAT,(NULL),nPop,22,25132926,1164120,1282034,1021128,1283359,1272499,1276862,1090986,1181108,1165654,1174680,1114411,1110810,1119474,1084442,1112263,1111810,1044600,1113640,1130111,1123603,1063475,1091857
STAT,(NULL),nPush,22,25132921,1148927,1264382,1011192,1271649,1271421,1274986,1080396,1177560,1163111,1167686,1106665,1139802,1143594,1099692,1120998,1089238,1028369,1133343,1109372,1139879,1087304,1103355
STAT,(NULL),nPushInit,22,5,1,1,1,1,0,1,0,0,0,0,0,0,0,0,0,0,0,0,0,0,0,0
==== BENCHMARK TOOK 9.642
