==== BENCHMARK START ===
==== PARAMS kernel=4.9.5-64-net1 malloc=libc hostname=rack-mad-04 threads=22 delta=4 prog=sssp-spraylist  ===
Galois Benchmark Suite v2.2.1 (r0)
Copyright (C) 2014 The University of Texas at Austin
http://iss.ices.utexas.edu/galois/

application: Single Source Shortest Path
Computes the shortest path from a source node to all nodes in a directed graph using a modified chaotic iteration algorithm
http://iss.ices.utexas.edu/?p=projects/galois/benchmarks/single_source_shortest_path

INFO: CommandLine ./build/debug/apps/sssp/sssp -noverify -t 22 -delta 4 -wl spraylist -startNode 0 /specific/disk1/home/mad/Galois-PQ/inputs/planar10M.gr
INFO: Hostname rack-mad-04
Read 10000000 nodes
Running Asynchronous with CAS version
INFO: Using delta-step of 1
WARNING: Performance varies considerably due to delta parameter.
WARNING: Do not expect the default to be good for your graph.
Node 1 has distance 7300
STATTYPE,LOOP,CATEGORY,n,sum,T0,T1,T2,T3,T4,T5,T6,T7,T8,T9,T10,T11,T12,T13,T14,T15,T16,T17,T18,T19,T20,T21
STAT,(NULL),BadWork,22,15024742,677281,592745,707236,648094,637130,746304,729041,665552,661061,737036,714220,709841,699515,678557,672949,758552,624398,672239,746315,616575,661693,668408
STAT,(NULL),BarrierTime,22,754089,17796,18514,21848,23654,73192,12918,35755,36080,35033,38043,36842,37935,37831,39120,39336,38401,38617,37158,37197,37426,26178,35215
STAT,(NULL),ConflictTime,22,0,0,0,0,0,0,0,0,0,0,0,0,0,0,0,0,0,0,0,0,0,0,0
STAT,(NULL),Conflicts,22,0,0,0,0,0,0,0,0,0,0,0,0,0,0,0,0,0,0,0,0,0,0,0
STAT,(NULL),EmptyPopTime,22,1222907783,61237458,56803423,57401105,57657391,56193087,57634952,57637533,56157120,57628146,46774815,56466704,58012894,56625812,56755967,46250230,55612108,56329262,55832530,56398257,57498243,46165931,55834815
STAT,(NULL),EmptyWork,22,2773679784,134085700,126739094,127429669,129334131,125156385,123731954,129525732,124662103,128008656,123849890,125517402,129323392,124980555,124175565,125775572,124157926,122498135,126646704,125437476,123555162,124658206,124430375
STAT,(NULL),GaloisTime,22,15336957868,746351949,700625498,712476079,706540217,693963660,692517308,709556010,690586661,690728332,686047285,696940654,716578877,702897522,695516235,675933839,690346664,689286175,695352806,695173351,686173367,676550367,686815012
STAT,(NULL),InitPushTime,22,971685,74852,78876,76836,71444,2385,80645,39997,39230,36523,35974,35676,42025,39466,38869,35643,37997,35124,34448,33610,34551,33813,33701
STAT,(NULL),Iterations,22,22152657,841179,1020339,1038153,1035347,1013198,1014782,1037773,1008669,1010822,1005319,1015044,1045170,1020639,1018107,992085,1001247,1003423,1013755,1015082,1006690,991865,1003969
STAT,(NULL),LoopTime,22,9614364777,9614364777,0,0,0,0,0,0,0,0,0,0,0,0,0,0,0,0,0,0,0,0,0
STAT,(NULL),MeminfoPost,22,946,43,43,43,43,43,43,43,43,43,43,43,43,43,43,43,43,43,43,43,43,43,43
STAT,(NULL),MeminfoPre,22,946,43,43,43,43,43,43,43,43,43,43,43,43,43,43,43,43,43,43,43,43,43,43
STAT,(NULL),NumaPost,22,9969,8974,212,597,186,0,0,0,0,0,0,0,0,0,0,0,0,0,0,0,0,0,0
STAT,(NULL),PopTime,22,59791575486,2546531597,2675155686,2551316172,2636364262,2749186533,2742242385,2577939252,2756766386,2755504668,2833866086,2739504581,2540210290,2707270202,2744778117,2845396470,2763862743,2761477236,2742122966,2745592056,2764264864,2845482347,2766740587
STAT,(NULL),PushTime,22,71955142479,3376038671,3289643877,3353177626,3303947047,3251743912,3253107083,3338782881,3254243820,3248351018,3210595527,3252332198,3348539606,3265648504,3247383423,3225490562,3254664913,3257681104,3253661237,3244943435,3248945786,3219970699,3256249550
STAT,(NULL),RusageSys,22,0,0,0,0,0,0,0,0,0,0,0,0,0,0,0,0,0,0,0,0,0,0,0
STAT,(NULL),RusageUser,22,95100000,95100000,0,0,0,0,0,0,0,0,0,0,0,0,0,0,0,0,0,0,0,0,0
STAT,(NULL),Threads,22,22,22,0,0,0,0,0,0,0,0,0,0,0,0,0,0,0,0,0,0,0,0,0
STAT,(NULL),Time,22,9615192805,9615192805,0,0,0,0,0,0,0,0,0,0,0,0,0,0,0,0,0,0,0,0,0
STAT,(NULL),TotalTime,22,20354403951,20354403951,0,0,0,0,0,0,0,0,0,0,0,0,0,0,0,0,0,0,0,0,0
STAT,(NULL),UserTime,22,57880354221,2633964337,2649242202,2696409371,2664366525,2621966402,2628976206,2684768107,2615794351,2617988680,2597076379,2627447867,2705544529,2640786968,2629600824,2579362602,2609565513,2610938237,2624593906,2630665738,2617773137,2585382593,2608139747
STAT,(NULL),Work,22,208962121877,9498288836,9498277269,9498277758,9498277718,9498277491,9498277542,9498277169,9498278343,9498277669,9498278058,9498277466,9498277624,9498277475,9498278046,9498277390,9498278197,9498277393,9498278889,9498278104,9498277888,9498278128,9498277424
STAT,(NULL),nBad,22,32991,1450,1297,1593,1466,1427,1627,1559,1465,1487,1613,1594,1559,1518,1467,1469,1613,1413,1484,1655,1334,1434,1467
STAT,(NULL),nEmpty,22,12149907,460680,559112,569088,568127,555378,555931,569878,553585,554289,552426,556422,573345,560164,558535,543911,549214,550405,555589,556146,552496,543951,551235
STAT,(NULL),nEmptyPop,22,1867992,72568,87622,89155,89230,87296,87874,89227,87023,87103,73332,87476,89745,87847,87678,72302,85899,86642,86714,87439,87154,72249,86417
STAT,(NULL),nOverall,22,120032779,4565320,5533481,5628109,5603174,5490975,5509595,5614133,5462283,5475767,5436271,5506192,5664619,5523748,5512567,5380819,5426997,5433791,5500306,5507295,5449738,5375224,5432375
STAT,(NULL),nPop,22,22152657,841179,1020339,1038153,1035347,1013198,1014782,1037773,1008669,1010822,1005319,1015044,1045170,1020639,1018107,992085,1001247,1003423,1013755,1015082,1006690,991865,1003969
STAT,(NULL),nPush,22,22152652,843648,1019152,1040037,1034462,1012829,1017839,1035939,1007312,1009879,1003137,1015351,1048556,1018928,1016696,993345,1001992,1004410,1014703,1015739,1004458,991810,1002430
STAT,(NULL),nPushInit,22,5,1,1,1,1,0,1,0,0,0,0,0,0,0,0,0,0,0,0,0,0,0,0
==== BENCHMARK TOOK 10.068
==== BENCHMARK START ===
==== PARAMS kernel=4.9.5-64-net1 malloc=libc hostname=rack-mad-04 threads=22 delta=4 prog=sssp-spraylist  ===
Galois Benchmark Suite v2.2.1 (r0)
Copyright (C) 2014 The University of Texas at Austin
http://iss.ices.utexas.edu/galois/

application: Single Source Shortest Path
Computes the shortest path from a source node to all nodes in a directed graph using a modified chaotic iteration algorithm
http://iss.ices.utexas.edu/?p=projects/galois/benchmarks/single_source_shortest_path

INFO: CommandLine ./build/debug/apps/sssp/sssp -noverify -t 22 -delta 4 -wl spraylist -startNode 0 /specific/disk1/home/mad/Galois-PQ/inputs/planar10M.gr
INFO: Hostname rack-mad-04
Read 10000000 nodes
Running Asynchronous with CAS version
INFO: Using delta-step of 1
WARNING: Performance varies considerably due to delta parameter.
WARNING: Do not expect the default to be good for your graph.
Node 1 has distance 7300
STATTYPE,LOOP,CATEGORY,n,sum,T0,T1,T2,T3,T4,T5,T6,T7,T8,T9,T10,T11,T12,T13,T14,T15,T16,T17,T18,T19,T20,T21
STAT,(NULL),BadWork,22,16413024,645891,744976,892305,815876,785114,801897,657327,673990,739813,716702,760459,665035,749265,817590,782214,618759,766310,791445,734388,739838,660753,853077
STAT,(NULL),BarrierTime,22,639552,26468,20453,18656,23423,71763,10948,31273,31513,31968,30909,30572,32241,32141,30866,10429,32809,30306,30684,30615,31395,29799,20321
STAT,(NULL),ConflictTime,22,0,0,0,0,0,0,0,0,0,0,0,0,0,0,0,0,0,0,0,0,0,0,0
STAT,(NULL),Conflicts,22,0,0,0,0,0,0,0,0,0,0,0,0,0,0,0,0,0,0,0,0,0,0,0
STAT,(NULL),EmptyPopTime,22,1248641358,51077197,56866704,56136011,57264774,58627442,56367094,57304652,56229398,58240508,56287994,58584124,57906503,57571362,56324152,55863047,55509579,56151824,56563239,57169760,59930645,55901188,56764161
STAT,(NULL),EmptyWork,22,2791381835,131287114,124143423,125792083,124778598,128834087,124687647,128965091,124860179,131483303,125005096,128064906,129189517,126127900,126562015,126084355,125609140,127711264,125548689,127979101,126538881,126723267,125406179
STAT,(NULL),GaloisTime,22,15390819610,732002856,686302926,695164163,695897370,715371700,699337108,707520894,689400727,714363805,693996568,717161147,716038272,693004145,696102886,688714394,685642252,687423314,696392764,694238008,707841478,689287250,689615583
STAT,(NULL),InitPushTime,22,982009,64464,70057,72625,67590,2279,79005,41906,41120,39193,39622,39406,43861,41779,41384,38192,40213,37903,38083,35145,37767,35297,35118
STAT,(NULL),Iterations,22,22153264,781419,1004391,1006986,1016363,1046758,1016481,1030597,1005666,1041713,1013632,1045830,1045357,1011638,1015806,1001145,1000426,1000543,1019105,1014104,1031375,1001265,1002664
STAT,(NULL),LoopTime,22,9669738652,9669738652,0,0,0,0,0,0,0,0,0,0,0,0,0,0,0,0,0,0,0,0,0
STAT,(NULL),MeminfoPost,22,946,43,43,43,43,43,43,43,43,43,43,43,43,43,43,43,43,43,43,43,43,43,43
STAT,(NULL),MeminfoPre,22,946,43,43,43,43,43,43,43,43,43,43,43,43,43,43,43,43,43,43,43,43,43,43
STAT,(NULL),NumaPost,22,9980,8977,216,601,186,0,0,0,0,0,0,0,0,0,0,0,0,0,0,0,0,0,0
STAT,(NULL),PopTime,22,59647576275,2702077255,2776032864,2772238957,2767053544,2563756721,2757364588,2619454117,2775839998,2559881179,2762491518,2550314307,2562626289,2767245881,2756688892,2775917779,2781256216,2772565169,2729537221,2756421804,2583688274,2778166785,2776956917
STAT,(NULL),PushTime,22,72171836900,3320871259,3256824247,3250126769,3243027577,3343643063,3244951516,3328206185,3257455849,3353041258,3248012618,3347981956,3342699689,3247522025,3248197520,3255935371,3249906803,3259262794,3266109558,3252143380,3345340785,3256809281,3253767397
STAT,(NULL),RusageSys,22,0,0,0,0,0,0,0,0,0,0,0,0,0,0,0,0,0,0,0,0,0,0,0
STAT,(NULL),RusageUser,22,95212000,95212000,0,0,0,0,0,0,0,0,0,0,0,0,0,0,0,0,0,0,0,0,0
STAT,(NULL),Threads,22,22,22,0,0,0,0,0,0,0,0,0,0,0,0,0,0,0,0,0,0,0,0,0
STAT,(NULL),Time,22,9670565040,9670565040,0,0,0,0,0,0,0,0,0,0,0,0,0,0,0,0,0,0,0,0,0
STAT,(NULL),TotalTime,22,20098892248,20098892248,0,0,0,0,0,0,0,0,0,0,0,0,0,0,0,0,0,0,0,0,0
STAT,(NULL),UserTime,22,57962017006,2572331355,2609477103,2610191032,2621627513,2699415583,2626939584,2668198249,2605862778,2692639271,2623854917,2707542462,2701188912,2618176909,2625774123,2607132988,2611724703,2606534458,2635497874,2621697538,2686309303,2602761201,2607139150
STAT,(NULL),Work,22,209213812261,9509726992,9509716723,9509718713,9509718896,9509718203,9509716680,9509718741,9509717839,9509718546,9509718495,9509718768,9509718586,9509717779,9509718734,9509716814,9509718465,9509718404,9509718461,9509718604,9509719041,9509719129,9509719648
STAT,(NULL),nBad,22,36214,1339,1617,1927,1800,1707,1820,1436,1491,1644,1580,1692,1496,1665,1829,1796,1331,1674,1757,1638,1633,1522,1820
STAT,(NULL),nEmpty,22,12150231,428920,550428,551152,557971,575150,557835,565340,551915,571730,555814,573155,573523,554920,556873,548908,548645,548313,558957,556252,565266,549383,549781
STAT,(NULL),nEmptyPop,22,1896436,58276,85996,86550,87020,89660,87394,88641,86815,89890,87285,89654,89994,87237,87256,86468,85691,86471,87589,87046,88890,86494,86119
STAT,(NULL),nOverall,22,120036002,4228715,5446917,5469847,5499034,5659143,5503654,5584482,5445885,5641110,5494456,5671170,5660040,5482249,5503813,5427868,5424269,5427640,5522121,5493874,5593745,5422350,5433620
STAT,(NULL),nPop,22,22153264,781419,1004391,1006986,1016363,1046758,1016481,1030597,1005666,1041713,1013632,1045830,1045357,1011638,1015806,1001145,1000426,1000543,1019105,1014104,1031375,1001265,1002664
STAT,(NULL),nPush,22,22153259,780859,1007038,1006716,1013413,1043623,1015672,1030251,1008139,1040696,1014443,1046732,1045605,1011851,1015744,1001556,1000728,1003143,1018461,1015318,1032098,1001115,1000058
STAT,(NULL),nPushInit,22,5,1,1,1,1,0,1,0,0,0,0,0,0,0,0,0,0,0,0,0,0,0,0
==== BENCHMARK TOOK 10.023
==== BENCHMARK START ===
==== PARAMS kernel=4.9.5-64-net1 malloc=libc hostname=rack-mad-04 threads=22 delta=4 prog=sssp-spraylist  ===
Galois Benchmark Suite v2.2.1 (r0)
Copyright (C) 2014 The University of Texas at Austin
http://iss.ices.utexas.edu/galois/

application: Single Source Shortest Path
Computes the shortest path from a source node to all nodes in a directed graph using a modified chaotic iteration algorithm
http://iss.ices.utexas.edu/?p=projects/galois/benchmarks/single_source_shortest_path

INFO: CommandLine ./build/debug/apps/sssp/sssp -noverify -t 22 -delta 4 -wl spraylist -startNode 0 /specific/disk1/home/mad/Galois-PQ/inputs/planar10M.gr
INFO: Hostname rack-mad-04
Read 10000000 nodes
Running Asynchronous with CAS version
INFO: Using delta-step of 1
WARNING: Performance varies considerably due to delta parameter.
WARNING: Do not expect the default to be good for your graph.
Node 1 has distance 7300
STATTYPE,LOOP,CATEGORY,n,sum,T0,T1,T2,T3,T4,T5,T6,T7,T8,T9,T10,T11,T12,T13,T14,T15,T16,T17,T18,T19,T20,T21
STAT,(NULL),BadWork,22,15779088,677755,733561,804839,671303,716456,582613,705665,712598,768799,784211,724808,671480,724384,681388,753702,769312,748263,714421,763352,741068,666738,662372
STAT,(NULL),BarrierTime,22,944017,35366,39144,36884,38878,85985,23927,46025,46076,45909,45210,46673,46689,46902,48801,46774,48267,37880,23620,11118,49571,46791,47527
STAT,(NULL),ConflictTime,22,0,0,0,0,0,0,0,0,0,0,0,0,0,0,0,0,0,0,0,0,0,0,0
STAT,(NULL),Conflicts,22,0,0,0,0,0,0,0,0,0,0,0,0,0,0,0,0,0,0,0,0,0,0,0
STAT,(NULL),EmptyPopTime,22,1209661223,60447162,56140079,47903484,56273172,56316782,56514419,56134499,56179928,57055611,56636035,57579328,56459950,57447031,58916018,55921106,46092901,56893310,56237849,45731964,46032856,55765206,56982533
STAT,(NULL),EmptyWork,22,2785507808,130449899,124091461,127051236,124665095,125217998,128301228,125761998,126554409,124468019,127581340,130772856,125291839,126768749,131197658,124268596,124792781,126814416,127217330,129029551,122209719,126766241,126235389
STAT,(NULL),GaloisTime,22,15366671475,739546010,689002810,705173028,697434442,695805904,697592677,690086290,689815638,693391841,696453938,714133957,696500813,712109384,716668239,688731440,677880390,710315092,692956606,712644040,676240169,686244252,687944515
STAT,(NULL),InitPushTime,22,979559,68218,65842,69993,66999,2467,79361,42310,41749,39378,39114,38705,43672,40780,41660,38714,40016,37788,37096,36013,36672,36553,36459
STAT,(NULL),Iterations,22,22153104,791699,1006393,1034262,1014443,1013516,1016138,1009411,1007962,1008566,1019744,1044959,1015401,1034626,1046501,1008091,990591,1030916,1014202,1047388,992269,1002829,1003197
STAT,(NULL),LoopTime,22,9606377008,9606377008,0,0,0,0,0,0,0,0,0,0,0,0,0,0,0,0,0,0,0,0,0
STAT,(NULL),MeminfoPost,22,946,43,43,43,43,43,43,43,43,43,43,43,43,43,43,43,43,43,43,43,43,43,43
STAT,(NULL),MeminfoPre,22,946,43,43,43,43,43,43,43,43,43,43,43,43,43,43,43,43,43,43,43,43,43,43
STAT,(NULL),NumaPost,22,9984,8981,435,388,180,0,0,0,0,0,0,0,0,0,0,0,0,0,0,0,0,0,0
STAT,(NULL),PopTime,22,59654668807,2689129191,2764097797,2619642784,2744708607,2757787840,2747443834,2766225446,2771512418,2752357722,2713753002,2549221757,2745179230,2605314390,2553623538,2734804468,2851724383,2585255286,2750978545,2570535233,2844531157,2767612201,2769229978
STAT,(NULL),PushTime,22,72100857871,3314629274,3259078003,3328432858,3254053800,3244567978,3250883064,3249110523,3247337412,3260257852,3270351057,3354948825,3251488718,3320909876,3340124151,3273933616,3221585780,3339306456,3246859505,3334701225,3232708613,3253460839,3252128446
STAT,(NULL),RusageSys,22,0,0,0,0,0,0,0,0,0,0,0,0,0,0,0,0,0,0,0,0,0,0,0
STAT,(NULL),RusageUser,22,95148000,95148000,0,0,0,0,0,0,0,0,0,0,0,0,0,0,0,0,0,0,0,0,0
STAT,(NULL),Threads,22,22,22,0,0,0,0,0,0,0,0,0,0,0,0,0,0,0,0,0,0,0,0,0
STAT,(NULL),Time,22,9607167892,9607167892,0,0,0,0,0,0,0,0,0,0,0,0,0,0,0,0,0,0,0,0,0
STAT,(NULL),TotalTime,22,20182536178,20182536178,0,0,0,0,0,0,0,0,0,0,0,0,0,0,0,0,0,0,0,0,0
STAT,(NULL),UserTime,22,57949261507,2568827138,2610618603,2674825500,2625893231,2623331933,2622292942,2615710045,2611628845,2615497492,2638253177,2696371326,2628108267,2680478698,2702499049,2625369385,2580951865,2684444190,2628779270,2710386734,2581306090,2613179765,2610507962
STAT,(NULL),Work,22,209068074580,9503104167,9503095199,9503093227,9503092171,9503095184,9503094750,9503092526,9503094401,9503095330,9503093557,9503093333,9503094635,9503093861,9503092328,9503092662,9503093014,9503094258,9503093758,9503095567,9503092523,9503094429,9503093700
STAT,(NULL),nBad,22,34544,1471,1638,1768,1508,1566,1280,1522,1537,1710,1681,1562,1429,1572,1443,1625,1701,1612,1610,1725,1623,1525,1436
STAT,(NULL),nEmpty,22,12150199,434314,552432,567667,555595,556355,557192,554562,552570,552591,559871,573066,557035,567046,573177,552996,543081,565298,556595,574616,543425,549999,550716
STAT,(NULL),nEmptyPop,22,1852906,68658,86573,75317,87539,87399,87722,87031,86923,86495,87825,89610,87750,89175,89744,86774,72187,88245,87296,75569,72312,86216,86546
STAT,(NULL),nOverall,22,120034332,4288105,5449262,5597692,5506698,5486192,5508358,5456114,5462961,5472672,5519279,5664322,5500483,5612936,5677163,5461949,5370267,5587060,5493350,5670079,5386381,5432055,5430954
STAT,(NULL),nPop,22,22153104,791699,1006393,1034262,1014443,1013516,1016138,1009411,1007962,1008566,1019744,1044959,1015401,1034626,1046501,1008091,990591,1030916,1014202,1047388,992269,1002829,1003197
STAT,(NULL),nPush,22,22153099,792569,1006910,1032218,1017288,1011984,1016482,1008171,1006964,1011395,1020043,1045361,1016192,1037055,1046860,1008620,990086,1030111,1014491,1044129,994259,1000512,1001399
STAT,(NULL),nPushInit,22,5,1,1,1,1,0,1,0,0,0,0,0,0,0,0,0,0,0,0,0,0,0,0
==== BENCHMARK TOOK 10.382
==== BENCHMARK START ===
==== PARAMS kernel=4.9.5-64-net1 malloc=libc hostname=rack-mad-04 threads=22 delta=4 prog=sssp-spraylist  ===
Galois Benchmark Suite v2.2.1 (r0)
Copyright (C) 2014 The University of Texas at Austin
http://iss.ices.utexas.edu/galois/

application: Single Source Shortest Path
Computes the shortest path from a source node to all nodes in a directed graph using a modified chaotic iteration algorithm
http://iss.ices.utexas.edu/?p=projects/galois/benchmarks/single_source_shortest_path

INFO: CommandLine ./build/debug/apps/sssp/sssp -noverify -t 22 -delta 4 -wl spraylist -startNode 0 /specific/disk1/home/mad/Galois-PQ/inputs/planar10M.gr
INFO: Hostname rack-mad-04
Read 10000000 nodes
Running Asynchronous with CAS version
INFO: Using delta-step of 1
WARNING: Performance varies considerably due to delta parameter.
WARNING: Do not expect the default to be good for your graph.
Node 1 has distance 7300
STATTYPE,LOOP,CATEGORY,n,sum,T0,T1,T2,T3,T4,T5,T6,T7,T8,T9,T10,T11,T12,T13,T14,T15,T16,T17,T18,T19,T20,T21
STAT,(NULL),BadWork,22,16973063,481305,775234,876880,783996,702348,806049,822141,803439,770402,619730,718990,820258,759092,946409,851850,753656,682516,779035,870123,857881,792353,699376
STAT,(NULL),BarrierTime,22,3043838,384296,261930,261381,230936,235619,185088,200045,141410,144305,108328,111562,151229,151591,117656,115007,49161,49569,50646,51698,14046,14935,13400
STAT,(NULL),ConflictTime,22,0,0,0,0,0,0,0,0,0,0,0,0,0,0,0,0,0,0,0,0,0,0,0
STAT,(NULL),Conflicts,22,0,0,0,0,0,0,0,0,0,0,0,0,0,0,0,0,0,0,0,0,0,0,0
STAT,(NULL),EmptyPopTime,22,1213405868,61068265,55977521,58555721,43037741,55981401,56128237,55785252,55974785,56089575,56041551,55846318,48134458,56598264,57950327,55662066,55539037,57280503,56083213,56230807,48037040,55659712,55744074
STAT,(NULL),EmptyWork,22,2772812927,133005115,125528679,124729927,129562152,123859958,123168888,124674117,125911083,123775741,125662140,126178090,128666122,124831893,130682642,123518527,123140592,127901263,127051051,125396961,128645525,123322144,123600317
STAT,(NULL),GaloisTime,22,15339673832,738758013,690962088,694445466,716028725,692930310,694707926,690228970,688788985,691773396,691927947,694627740,709353625,693544997,714641849,685043042,682717996,704910654,690909101,693666888,707137171,684620492,687948451
STAT,(NULL),InitPushTime,22,1019033,88352,120875,119573,38738,2503,84152,38768,36547,36065,35622,35767,35458,35054,34860,35504,35461,35072,34004,33489,34508,34469,34192
STAT,(NULL),Iterations,22,22152371,855182,1003944,1010149,1044408,1007617,1009999,1006057,1004602,1006999,1011145,1011562,1034688,1012707,1045794,1000893,998332,1030356,1010913,1012878,1037602,996824,999720
STAT,(NULL),LoopTime,22,9661389771,9661389771,0,0,0,0,0,0,0,0,0,0,0,0,0,0,0,0,0,0,0,0,0
STAT,(NULL),MeminfoPost,22,946,43,43,43,43,43,43,43,43,43,43,43,43,43,43,43,43,43,43,43,43,43,43
STAT,(NULL),MeminfoPre,22,946,43,43,43,43,43,43,43,43,43,43,43,43,43,43,43,43,43,43,43,43,43,43
STAT,(NULL),NumaPost,22,9999,9000,223,592,184,0,0,0,0,0,0,0,0,0,0,0,0,0,0,0,0,0,0
STAT,(NULL),PopTime,22,59501871248,2547774073,2765957632,2724466623,2560600724,2752729798,2743743701,2767625065,2768539525,2755917909,2762147928,2758261339,2611054954,2731346615,2540544393,2776514509,2774911810,2564967157,2757270443,2760489118,2533279723,2770381217,2773346992
STAT,(NULL),PushTime,22,72045567034,3377210029,3245004745,3264881964,3341025902,3251822432,3250514337,3240625929,3245737122,3249834833,3239899253,3236809990,3316069131,3255640427,3346660426,3245158884,3244204284,3345618195,3243111040,3241368538,3369572413,3251537733,3243259427
STAT,(NULL),RusageSys,22,0,0,0,0,0,0,0,0,0,0,0,0,0,0,0,0,0,0,0,0,0,0,0
STAT,(NULL),RusageUser,22,94988000,94988000,0,0,0,0,0,0,0,0,0,0,0,0,0,0,0,0,0,0,0,0,0
STAT,(NULL),Threads,22,22,22,0,0,0,0,0,0,0,0,0,0,0,0,0,0,0,0,0,0,0,0,0
STAT,(NULL),Time,22,9662349339,9662349339,0,0,0,0,0,0,0,0,0,0,0,0,0,0,0,0,0,0,0,0,0
STAT,(NULL),TotalTime,22,19705926476,19705926476,0,0,0,0,0,0,0,0,0,0,0,0,0,0,0,0,0,0,0,0,0
STAT,(NULL),UserTime,22,57836599989,2628996207,2603384288,2619734907,2696559964,2609490954,2618551931,2607876121,2601863717,2609424143,2611136835,2615091707,2673535999,2624853100,2696335407,2600918414,2606302008,2686137388,2612390879,2609663530,2700142532,2601293774,2602916184
STAT,(NULL),Work,22,208711521626,9486894914,9486887095,9486886194,9486887232,9486886692,9486886394,9486887147,9486886947,9486887314,9486887274,9486887098,9486885942,9486887113,9486887763,9486887572,9486887551,9486886069,9486887696,9486887362,9486886476,9486886194,9486887587
STAT,(NULL),nBad,22,35778,966,1635,1828,1601,1534,1702,1717,1719,1637,1351,1507,1732,1583,1987,1788,1614,1446,1656,1819,1774,1695,1487
STAT,(NULL),nEmpty,22,12149394,468476,551072,553717,572849,551818,553267,552254,551603,552533,554691,554676,567305,555211,574021,549324,547271,565325,554489,555916,569185,545952,548439
STAT,(NULL),nEmptyPop,22,1863212,73806,86547,86784,71462,86889,86994,86455,86510,86823,86990,86806,76875,87657,90121,86073,85928,88784,86704,87301,75533,85863,86307
STAT,(NULL),nOverall,22,120035566,4641254,5436423,5477350,5659563,5469052,5483022,5445343,5438145,5453033,5478011,5481285,5607646,5489261,5660961,5420354,5410376,5580856,5478010,5479617,5621006,5412083,5412915
STAT,(NULL),nPop,22,22152371,855182,1003944,1010149,1044408,1007617,1009999,1006057,1004602,1006999,1011145,1011562,1034688,1012707,1045794,1000893,998332,1030356,1010913,1012878,1037602,996824,999720
STAT,(NULL),nPush,22,22152366,858038,1002979,1011195,1045444,1010274,1014234,1002744,1003265,1006219,1011278,1010010,1033456,1013013,1046054,997720,997726,1032176,1010319,1010677,1039451,999351,996743
STAT,(NULL),nPushInit,22,5,1,1,1,1,0,1,0,0,0,0,0,0,0,0,0,0,0,0,0,0,0,0
==== BENCHMARK TOOK 9.802
==== BENCHMARK START ===
==== PARAMS kernel=4.9.5-64-net1 malloc=libc hostname=rack-mad-04 threads=22 delta=4 prog=sssp-spraylist  ===
Galois Benchmark Suite v2.2.1 (r0)
Copyright (C) 2014 The University of Texas at Austin
http://iss.ices.utexas.edu/galois/

application: Single Source Shortest Path
Computes the shortest path from a source node to all nodes in a directed graph using a modified chaotic iteration algorithm
http://iss.ices.utexas.edu/?p=projects/galois/benchmarks/single_source_shortest_path

INFO: CommandLine ./build/debug/apps/sssp/sssp -noverify -t 22 -delta 4 -wl spraylist -startNode 0 /specific/disk1/home/mad/Galois-PQ/inputs/planar10M.gr
INFO: Hostname rack-mad-04
Read 10000000 nodes
Running Asynchronous with CAS version
INFO: Using delta-step of 1
WARNING: Performance varies considerably due to delta parameter.
WARNING: Do not expect the default to be good for your graph.
Node 1 has distance 7300
STATTYPE,LOOP,CATEGORY,n,sum,T0,T1,T2,T3,T4,T5,T6,T7,T8,T9,T10,T11,T12,T13,T14,T15,T16,T17,T18,T19,T20,T21
STAT,(NULL),BadWork,22,19394107,840547,921413,974905,801466,938748,958517,907923,904290,982802,944834,813271,773640,889249,811286,871979,916670,881320,921137,813129,862968,875825,788188
STAT,(NULL),BarrierTime,22,1233119,24930,48592,50452,52463,98157,37354,56438,57584,58305,56353,58854,57427,56486,57518,58611,57346,59129,56083,57685,59064,56481,57807
STAT,(NULL),ConflictTime,22,0,0,0,0,0,0,0,0,0,0,0,0,0,0,0,0,0,0,0,0,0,0,0
STAT,(NULL),Conflicts,22,0,0,0,0,0,0,0,0,0,0,0,0,0,0,0,0,0,0,0,0,0,0,0
STAT,(NULL),EmptyPopTime,22,1236079606,61249288,55925936,57365484,56382144,56506136,56812082,57278489,55751358,46123337,56787964,56511377,56755900,56399698,56112713,55625927,56058019,57209257,57347218,56428741,55998546,55710264,55739728
STAT,(NULL),EmptyWork,22,2774153728,134059639,124525912,125398786,125496168,126047194,126882195,127068370,126868564,125147677,125280622,124680601,124694720,126431625,128234986,123822974,123740589,127850192,126579706,127355980,124672391,125714166,123600671
STAT,(NULL),GaloisTime,22,15317849304,743934618,696847270,689633080,698570210,696035789,697363593,692013625,691659215,684169097,696854319,695562913,696307891,696484932,697635822,691317523,688724914,706037974,694415159,694916522,689488542,691773410,688102886
STAT,(NULL),InitPushTime,22,997136,67189,74163,72151,67144,2215,79576,44049,42367,39980,39351,38383,44240,42528,43132,40313,41035,38195,37822,35940,37795,35188,34380
STAT,(NULL),Iterations,22,22153533,877973,1009734,1011134,1017505,1014270,1020247,1009548,1009621,1001262,1018030,1016488,1018320,1016728,1019553,1004054,1005688,1034185,1014754,1017194,1006199,1006133,1004913
STAT,(NULL),LoopTime,22,9601595258,9601595258,0,0,0,0,0,0,0,0,0,0,0,0,0,0,0,0,0,0,0,0,0
STAT,(NULL),MeminfoPost,22,946,43,43,43,43,43,43,43,43,43,43,43,43,43,43,43,43,43,43,43,43,43,43
STAT,(NULL),MeminfoPre,22,946,43,43,43,43,43,43,43,43,43,43,43,43,43,43,43,43,43,43,43,43,43,43
STAT,(NULL),NumaPost,22,9999,9216,223,376,184,0,0,0,0,0,0,0,0,0,0,0,0,0,0,0,0,0,0
STAT,(NULL),PopTime,22,60177372949,2543111402,2758470491,2760468427,2748745063,2740995700,2740728208,2750765762,2760329836,2837714157,2748611587,2742585826,2749618064,2745220552,2741671211,2749380989,2758995959,2560398409,2739662309,2746421560,2751736351,2743777359,2757963727
STAT,(NULL),PushTime,22,71872321746,3377660634,3255418968,3258900800,3250760126,3265529970,3254171038,3259388217,3261535631,3224493300,3243207479,3263159056,3245950615,3249239902,3248487873,3265513519,3264596671,3356489923,3263522055,3258775166,3264926777,3273839152,3266754874
STAT,(NULL),RusageSys,22,0,0,0,0,0,0,0,0,0,0,0,0,0,0,0,0,0,0,0,0,0,0,0
STAT,(NULL),RusageUser,22,95192000,95192000,0,0,0,0,0,0,0,0,0,0,0,0,0,0,0,0,0,0,0,0,0
STAT,(NULL),Threads,22,22,22,0,0,0,0,0,0,0,0,0,0,0,0,0,0,0,0,0,0,0,0,0
STAT,(NULL),Time,22,9602434332,9602434332,0,0,0,0,0,0,0,0,0,0,0,0,0,0,0,0,0,0,0,0,0
STAT,(NULL),TotalTime,22,20280647937,20280647937,0,0,0,0,0,0,0,0,0,0,0,0,0,0,0,0,0,0,0,0,0
STAT,(NULL),UserTime,22,57781570028,2647226929,2616054350,2615476420,2627289490,2622128824,2631285763,2620728729,2611098351,2589595833,2636501661,2624743206,2633916153,2633466158,2635100137,2621582186,2615126602,2699256897,2625716207,2623345553,2620419932,2616428956,2615081691
STAT,(NULL),Work,22,209160748781,9507336953,9507305168,9507305477,9507305171,9507305390,9507305629,9507305978,9507305444,9507305447,9507305720,9507305277,9507305177,9507305295,9507305605,9507305177,9507305119,9507305207,9507305064,9507305420,9507304822,9507305086,9507305155
STAT,(NULL),nBad,22,43113,1901,2077,2102,1790,2059,2142,2000,1973,2203,2144,1818,1764,2031,1785,1917,2050,1949,2030,1827,1886,1916,1749
STAT,(NULL),nEmpty,22,12149942,483047,553682,554179,557377,555980,560368,553487,554344,549018,558532,557797,558680,557318,558916,550069,552616,566962,555540,557889,551029,552220,550892
STAT,(NULL),nEmptyPop,22,1892161,75795,86821,87027,87565,87546,87928,86899,86470,72708,88082,87554,87572,87365,87144,86044,86776,88803,87237,87447,86735,86451,86192
STAT,(NULL),nOverall,22,120042901,4740167,5471585,5483092,5519040,5498587,5518990,5475780,5464479,5426325,5511510,5504566,5512614,5510387,5524933,5450459,5437696,5610453,5508194,5511935,5462378,5450532,5449199
STAT,(NULL),nPop,22,22153533,877973,1009734,1011134,1017505,1014270,1020247,1009548,1009621,1001262,1018030,1016488,1018320,1016728,1019553,1004054,1005688,1034185,1014754,1017194,1006199,1006133,1004913
STAT,(NULL),nPush,22,22153528,874202,1007713,1011006,1018912,1017083,1017479,1010640,1010133,1002470,1015209,1016934,1016270,1013323,1018836,1006533,1003384,1036329,1017565,1018095,1008632,1007319,1005461
STAT,(NULL),nPushInit,22,5,1,1,1,1,0,1,0,0,0,0,0,0,0,0,0,0,0,0,0,0,0,0
==== BENCHMARK TOOK 10.118
==== BENCHMARK START ===
==== PARAMS kernel=4.9.5-64-net1 malloc=libc hostname=rack-mad-04 threads=22 delta=4 prog=sssp-spraylist  ===
Galois Benchmark Suite v2.2.1 (r0)
Copyright (C) 2014 The University of Texas at Austin
http://iss.ices.utexas.edu/galois/

application: Single Source Shortest Path
Computes the shortest path from a source node to all nodes in a directed graph using a modified chaotic iteration algorithm
http://iss.ices.utexas.edu/?p=projects/galois/benchmarks/single_source_shortest_path

INFO: CommandLine ./build/debug/apps/sssp/sssp -noverify -t 22 -delta 4 -wl spraylist -startNode 0 /specific/disk1/home/mad/Galois-PQ/inputs/planar10M.gr
INFO: Hostname rack-mad-04
Read 10000000 nodes
Running Asynchronous with CAS version
INFO: Using delta-step of 1
WARNING: Performance varies considerably due to delta parameter.
WARNING: Do not expect the default to be good for your graph.
Node 1 has distance 7300
STATTYPE,LOOP,CATEGORY,n,sum,T0,T1,T2,T3,T4,T5,T6,T7,T8,T9,T10,T11,T12,T13,T14,T15,T16,T17,T18,T19,T20,T21
STAT,(NULL),BadWork,22,19904501,1817917,794080,892139,802719,894212,829205,883932,700763,839054,831558,756878,756788,1935887,815382,795426,788248,814754,839755,843914,782149,725863,763878
STAT,(NULL),BarrierTime,22,1361990,26277,57409,57410,57922,104274,38677,65603,62410,64100,64292,64659,63916,64604,63357,62255,63490,62862,62517,63236,65038,63311,64371
STAT,(NULL),ConflictTime,22,0,0,0,0,0,0,0,0,0,0,0,0,0,0,0,0,0,0,0,0,0,0,0
STAT,(NULL),Conflicts,22,0,0,0,0,0,0,0,0,0,0,0,0,0,0,0,0,0,0,0,0,0,0,0
STAT,(NULL),EmptyPopTime,22,1236750109,59695970,56050134,56346680,56306817,56751767,56417087,56232351,55970001,57777240,56167752,56732269,57111641,55946376,57666652,55985731,55853407,55773698,56130365,56120787,46504896,57319413,57889075
STAT,(NULL),EmptyWork,22,2795485859,132151721,127380067,127081052,126102960,125624546,129515982,126830545,127170761,130643957,128017681,125183552,127016901,126574128,128812542,124026302,123841747,125886692,125709020,126934269,124443826,128341997,128195611
STAT,(NULL),GaloisTime,22,15346810901,725784638,691143019,692190119,694644650,702442147,694805344,693042709,690198609,712155096,696417605,696192380,698929429,699786197,715778464,692205728,684817359,685966201,695372523,693751367,686977308,704008093,700201916
STAT,(NULL),InitPushTime,22,1176020,75092,79027,77522,73586,2470,92151,51844,51641,48652,48418,48497,52809,50463,51271,48100,49775,47729,47584,43800,46952,44252,44385
STAT,(NULL),Iterations,22,22153410,831316,1008759,1009613,1016023,1025544,1016138,1008453,1009832,1033476,1015700,1014470,1017539,1013910,1046228,1005665,1000491,1005186,1012186,1015007,1004830,1025113,1017931
STAT,(NULL),LoopTime,22,9600510588,9600510588,0,0,0,0,0,0,0,0,0,0,0,0,0,0,0,0,0,0,0,0,0
STAT,(NULL),MeminfoPost,22,946,43,43,43,43,43,43,43,43,43,43,43,43,43,43,43,43,43,43,43,43,43,43
STAT,(NULL),MeminfoPre,22,946,43,43,43,43,43,43,43,43,43,43,43,43,43,43,43,43,43,43,43,43,43,43
STAT,(NULL),NumaPost,22,9983,8979,217,601,186,0,0,0,0,0,0,0,0,0,0,0,0,0,0,0,0,0,0
STAT,(NULL),PopTime,22,59996921789,2707831755,2761755573,2760465975,2755465502,2684773402,2746694100,2752103853,2767298690,2608791794,2749638701,2753915472,2750979020,2758743392,2566145623,2769250195,2768850722,2765747265,2753281543,2751171028,2773294339,2618949701,2671774144
STAT,(NULL),PushTime,22,71978539921,3306702227,3258152612,3256847106,3244708086,3289130769,3254030630,3263352843,3255192489,3327681967,3256226918,3253290260,3247445404,3248232227,3338173623,3254263401,3263152916,3257518392,3257827656,3252043686,3259244515,3331035303,3304286891
STAT,(NULL),RusageSys,22,0,0,0,0,0,0,0,0,0,0,0,0,0,0,0,0,0,0,0,0,0,0,0
STAT,(NULL),RusageUser,22,95076000,95076000,0,0,0,0,0,0,0,0,0,0,0,0,0,0,0,0,0,0,0,0,0
STAT,(NULL),Threads,22,22,22,0,0,0,0,0,0,0,0,0,0,0,0,0,0,0,0,0,0,0,0,0
STAT,(NULL),Time,22,9601401355,9601401355,0,0,0,0,0,0,0,0,0,0,0,0,0,0,0,0,0,0,0,0,0
STAT,(NULL),TotalTime,22,20467540688,20467540688,0,0,0,0,0,0,0,0,0,0,0,0,0,0,0,0,0,0,0,0,0
STAT,(NULL),UserTime,22,57555483281,2563741845,2601426940,2602977441,2618680682,2637186731,2614445478,2604346369,2600077868,2658859108,2609440250,2610594895,2614426854,2606626104,2689331536,2600178290,2599392131,2605015970,2607587976,2615887621,2605444035,2656254321,2633560836
STAT,(NULL),Work,22,208911607393,9496013853,9495980396,9495981761,9495980375,9495980587,9495980581,9495980527,9495980496,9495981082,9495980466,9495979883,9495980785,9495980669,9495980220,9495980897,9495979959,9495980059,9495981270,9495980745,9495980347,9495980694,9495981741
STAT,(NULL),nBad,22,38535,1497,1749,1996,1735,2018,1800,1909,1492,1789,1788,1673,1625,1710,1770,1755,1741,1801,1840,1837,1734,1638,1638
STAT,(NULL),nEmpty,22,12150205,456592,553968,554300,556855,562794,556920,553316,554435,566025,557173,555609,558417,556136,574161,552573,547339,552178,554370,556058,550600,562331,558055
STAT,(NULL),nEmptyPop,22,1894635,71910,86782,87163,87464,88098,87634,86979,86771,89226,87378,87824,87182,87081,89743,86642,86206,86454,86953,87257,73978,88361,87549
STAT,(NULL),nOverall,22,120038323,4496335,5458065,5463492,5506951,5551446,5511634,5466417,5467446,5608401,5501748,5506487,5508995,5493564,5666144,5436117,5436831,5435663,5494904,5507411,5451086,5550824,5518362
STAT,(NULL),nPop,22,22153410,831316,1008759,1009613,1016023,1025544,1016138,1008453,1009832,1033476,1015700,1014470,1017539,1013910,1046228,1005665,1000491,1005186,1012186,1015007,1004830,1025113,1017931
STAT,(NULL),nPush,22,22153405,829715,1006497,1008997,1016096,1024417,1017453,1010950,1008129,1033344,1016077,1016070,1015320,1013204,1047267,1002087,1002525,1002146,1017140,1017453,1005616,1025181,1017721
STAT,(NULL),nPushInit,22,5,1,1,1,1,0,1,0,0,0,0,0,0,0,0,0,0,0,0,0,0,0,0
==== BENCHMARK TOOK 10.238
==== BENCHMARK START ===
==== PARAMS kernel=4.9.5-64-net1 malloc=libc hostname=rack-mad-04 threads=22 delta=4 prog=sssp-spraylist  ===
Galois Benchmark Suite v2.2.1 (r0)
Copyright (C) 2014 The University of Texas at Austin
http://iss.ices.utexas.edu/galois/

application: Single Source Shortest Path
Computes the shortest path from a source node to all nodes in a directed graph using a modified chaotic iteration algorithm
http://iss.ices.utexas.edu/?p=projects/galois/benchmarks/single_source_shortest_path

INFO: CommandLine ./build/debug/apps/sssp/sssp -noverify -t 22 -delta 4 -wl spraylist -startNode 0 /specific/disk1/home/mad/Galois-PQ/inputs/planar10M.gr
INFO: Hostname rack-mad-04
Read 10000000 nodes
Running Asynchronous with CAS version
INFO: Using delta-step of 1
WARNING: Performance varies considerably due to delta parameter.
WARNING: Do not expect the default to be good for your graph.
Node 1 has distance 7300
STATTYPE,LOOP,CATEGORY,n,sum,T0,T1,T2,T3,T4,T5,T6,T7,T8,T9,T10,T11,T12,T13,T14,T15,T16,T17,T18,T19,T20,T21
STAT,(NULL),BadWork,22,15994835,803377,723669,735106,712152,733934,577046,698416,679414,744906,742324,735329,734543,755655,660707,745167,679649,742476,789197,811763,663147,733208,793650
STAT,(NULL),BarrierTime,22,628354,27423,24600,21430,22337,77552,8069,26610,26633,30272,28939,28105,27848,28260,28491,28797,27162,27724,25787,27763,27090,28090,29372
STAT,(NULL),ConflictTime,22,0,0,0,0,0,0,0,0,0,0,0,0,0,0,0,0,0,0,0,0,0,0,0
STAT,(NULL),Conflicts,22,0,0,0,0,0,0,0,0,0,0,0,0,0,0,0,0,0,0,0,0,0,0,0
STAT,(NULL),EmptyPopTime,22,1214601410,60449718,56486261,55821600,56270936,55878778,56234759,55520325,55726024,57463716,56172471,55521011,56323638,55913844,56934118,57333673,57287684,55672055,48306131,48553598,55415390,55389008,45926672
STAT,(NULL),EmptyWork,22,2770307473,131089738,125487922,124514757,123851850,124940921,123847686,123781953,127040678,126673641,123904129,123958286,125054413,125056895,127267582,128992634,126553120,124723266,129191617,131576531,124885287,125541474,122373093
STAT,(NULL),GaloisTime,22,15276296931,730522693,685154996,687623564,692065817,688311430,693585915,686790767,686572683,710390744,692798950,696449493,690549879,688584853,692579974,703234477,704539563,683038671,713624868,710480977,683354159,684712453,671330005
STAT,(NULL),InitPushTime,22,1216427,76506,77682,78845,75795,2576,89763,53777,53073,50985,51762,51519,55494,53601,53052,49668,51999,49092,49316,47156,49705,47996,47065
STAT,(NULL),Iterations,22,22152225,916876,1000406,1003243,1011471,1006843,1008997,1002967,1002606,1032227,1009350,1009493,1009625,1007419,1012018,1027818,1024470,998620,1041525,1046569,999114,994542,986026
STAT,(NULL),LoopTime,22,9542956007,9542956007,0,0,0,0,0,0,0,0,0,0,0,0,0,0,0,0,0,0,0,0,0
STAT,(NULL),MeminfoPost,22,946,43,43,43,43,43,43,43,43,43,43,43,43,43,43,43,43,43,43,43,43,43,43
STAT,(NULL),MeminfoPre,22,946,43,43,43,43,43,43,43,43,43,43,43,43,43,43,43,43,43,43,43,43,43,43
STAT,(NULL),NumaPost,22,9984,9197,219,388,180,0,0,0,0,0,0,0,0,0,0,0,0,0,0,0,0,0,0
STAT,(NULL),PopTime,22,59241152769,2518519539,2747215356,2748073897,2740754352,2737942504,2731379510,2750362827,2751056563,2561021016,2736205709,2737701207,2738413753,2743494388,2742761372,2551363585,2553914560,2750459858,2537474401,2508462013,2754288063,2752784130,2847504166
STAT,(NULL),PushTime,22,71709623077,3357641567,3238738945,3233260249,3224284712,3238938774,3232092033,3234265410,3236073555,3321973722,3233705567,3231000403,3227920880,3236711515,3221740751,3330465895,3333370291,3233855101,3326852475,3346582172,3231780412,3240154442,3198214206
STAT,(NULL),RusageSys,22,0,0,0,0,0,0,0,0,0,0,0,0,0,0,0,0,0,0,0,0,0,0,0
STAT,(NULL),RusageUser,22,94620000,94620000,0,0,0,0,0,0,0,0,0,0,0,0,0,0,0,0,0,0,0,0,0
STAT,(NULL),Threads,22,22,22,0,0,0,0,0,0,0,0,0,0,0,0,0,0,0,0,0,0,0,0,0
STAT,(NULL),Time,22,9543690907,9543690907,0,0,0,0,0,0,0,0,0,0,0,0,0,0,0,0,0,0,0,0,0
STAT,(NULL),TotalTime,22,19486695076,19486695076,0,0,0,0,0,0,0,0,0,0,0,0,0,0,0,0,0,0,0,0,0
STAT,(NULL),UserTime,22,57696566859,2652164778,2597305026,2601094409,2613161370,2604376306,2613248079,2599667434,2593919586,2672865179,2607601359,2605758270,2612126523,2600627324,2609105143,2678998076,2674722794,2602639689,2694939187,2704733343,2600665769,2591806932,2565040283
STAT,(NULL),Work,22,207909911058,9450454549,9450449945,9450450671,9450451311,9450449785,9450449633,9450450094,9450450799,9450449992,9450450140,9450450719,9450450656,9450450416,9450450950,9450449281,9450449991,9450450307,9450450033,9450450255,9450450871,9450449995,9450450665
STAT,(NULL),nBad,22,35847,1828,1597,1694,1569,1623,1292,1501,1535,1618,1659,1629,1682,1648,1481,1683,1526,1669,1758,1875,1530,1632,1818
STAT,(NULL),nEmpty,22,12149235,502428,548625,550726,555303,552181,552428,550185,550526,566060,553843,553778,553255,553521,555165,563724,561871,547447,570767,573506,547370,545631,540895
STAT,(NULL),nEmptyPop,22,1865622,78992,85605,86437,87073,86865,87191,86010,86349,88759,87021,86368,87204,86571,86769,88581,88243,85953,75806,76349,85718,85612,72146
STAT,(NULL),nOverall,22,120035635,4972508,5422949,5431168,5474349,5455501,5479790,5433277,5427085,5594712,5466837,5466479,5473986,5444740,5483187,5570739,5552410,5412117,5647446,5676625,5420208,5390778,5338744
STAT,(NULL),nPop,22,22152225,916876,1000406,1003243,1011471,1006843,1008997,1002967,1002606,1032227,1009350,1009493,1009625,1007419,1012018,1027818,1024470,998620,1041525,1046569,999114,994542,986026
STAT,(NULL),nPush,22,22152220,918606,1003448,1003120,1009683,1008236,1012237,1002458,1002299,1031601,1008887,1008858,1008566,1006246,1010194,1027596,1027101,997176,1039664,1045969,998245,998279,983751
STAT,(NULL),nPushInit,22,5,1,1,1,1,0,1,0,0,0,0,0,0,0,0,0,0,0,0,0,0,0,0
==== BENCHMARK TOOK 9.722
==== BENCHMARK START ===
==== PARAMS kernel=4.9.5-64-net1 malloc=libc hostname=rack-mad-04 threads=22 delta=4 prog=sssp-spraylist  ===
Galois Benchmark Suite v2.2.1 (r0)
Copyright (C) 2014 The University of Texas at Austin
http://iss.ices.utexas.edu/galois/

application: Single Source Shortest Path
Computes the shortest path from a source node to all nodes in a directed graph using a modified chaotic iteration algorithm
http://iss.ices.utexas.edu/?p=projects/galois/benchmarks/single_source_shortest_path

INFO: CommandLine ./build/debug/apps/sssp/sssp -noverify -t 22 -delta 4 -wl spraylist -startNode 0 /specific/disk1/home/mad/Galois-PQ/inputs/planar10M.gr
INFO: Hostname rack-mad-04
Read 10000000 nodes
Running Asynchronous with CAS version
INFO: Using delta-step of 1
WARNING: Performance varies considerably due to delta parameter.
WARNING: Do not expect the default to be good for your graph.
Node 1 has distance 7300
STATTYPE,LOOP,CATEGORY,n,sum,T0,T1,T2,T3,T4,T5,T6,T7,T8,T9,T10,T11,T12,T13,T14,T15,T16,T17,T18,T19,T20,T21
STAT,(NULL),BadWork,22,21071927,851424,978347,1119296,927570,1006060,939317,968946,966313,1061620,934405,955118,944727,968562,849234,834157,929619,936225,1072298,1031817,1001200,881383,914289
STAT,(NULL),BarrierTime,22,1328510,40787,67366,66303,56438,104720,39536,60692,61266,61863,61026,62444,63946,61064,62274,61018,62896,36172,51592,61208,60890,62808,62201
STAT,(NULL),ConflictTime,22,0,0,0,0,0,0,0,0,0,0,0,0,0,0,0,0,0,0,0,0,0,0,0
STAT,(NULL),Conflicts,22,0,0,0,0,0,0,0,0,0,0,0,0,0,0,0,0,0,0,0,0,0,0,0
STAT,(NULL),EmptyPopTime,22,1245522414,59680164,55962307,56155827,56688356,58117777,57888752,55718303,55516961,56214478,55970892,56120709,58040136,56006928,56441351,55553053,56619425,55667060,57871096,57537567,55382446,56465913,55902913
STAT,(NULL),EmptyWork,22,2784216283,128404085,124047204,125661864,128217479,127643863,130732760,124840757,123588498,126892409,126053089,124488569,131515706,126004938,126317406,124414899,124264430,124503260,128894614,127477677,126267704,127768233,126216839
STAT,(NULL),GaloisTime,22,15320568275,718881195,687660109,693312846,697010215,705672402,716805636,692673439,689128346,693119618,693268877,694398180,715623118,694461074,695815097,685893884,686396506,686890725,714792539,693418122,687271737,693978406,684096204
STAT,(NULL),InitPushTime,22,1225642,70208,69687,68977,77458,2379,93738,55819,55446,52821,52238,52290,56705,55170,55136,52746,54396,51668,51722,49310,50907,48157,48664
STAT,(NULL),Iterations,22,22154646,856334,1005731,1006999,1015274,1028285,1045725,1006368,1006637,1007896,1012337,1013047,1043198,1011819,1014684,1003477,998990,1000505,1043192,1015609,1003867,1015041,999631
STAT,(NULL),LoopTime,22,9590606898,9590606898,0,0,0,0,0,0,0,0,0,0,0,0,0,0,0,0,0,0,0,0,0
STAT,(NULL),MeminfoPost,22,946,43,43,43,43,43,43,43,43,43,43,43,43,43,43,43,43,43,43,43,43,43,43
STAT,(NULL),MeminfoPre,22,946,43,43,43,43,43,43,43,43,43,43,43,43,43,43,43,43,43,43,43,43,43,43
STAT,(NULL),NumaPost,22,9966,8973,211,380,402,0,0,0,0,0,0,0,0,0,0,0,0,0,0,0,0,0,0
STAT,(NULL),PopTime,22,59773052138,2709448150,2760807992,2755368523,2741435625,2639113853,2539881595,2758127462,2763353132,2753585300,2752286623,2756653112,2544838657,2755532526,2747682293,2775292069,2763391730,2767743390,2547375156,2747658249,2766692019,2666194627,2760590055
STAT,(NULL),PushTime,22,71798295985,3287597229,3247998002,3248957844,3244108361,3290928020,3334435895,3243359859,3244076742,3248485734,3244270302,3238288325,3336768052,3241680323,3239660635,3237839542,3254392710,3242936284,3338656579,3238091264,3242356032,3299403638,3254004613
STAT,(NULL),RusageSys,22,0,0,0,0,0,0,0,0,0,0,0,0,0,0,0,0,0,0,0,0,0,0,0
STAT,(NULL),RusageUser,22,94980000,94980000,0,0,0,0,0,0,0,0,0,0,0,0,0,0,0,0,0,0,0,0,0
STAT,(NULL),Threads,22,22,22,0,0,0,0,0,0,0,0,0,0,0,0,0,0,0,0,0,0,0,0,0
STAT,(NULL),Time,22,9591492806,9591492806,0,0,0,0,0,0,0,0,0,0,0,0,0,0,0,0,0,0,0,0,0
STAT,(NULL),TotalTime,22,20270675676,20270675676,0,0,0,0,0,0,0,0,0,0,0,0,0,0,0,0,0,0,0,0,0
STAT,(NULL),UserTime,22,57775462641,2582221101,2609757326,2606774780,2618772205,2664756994,2706487449,2611513080,2610569343,2607935528,2614383020,2616284057,2699447474,2612546859,2620316492,2607238048,2601166527,2608491589,2698643156,2622050121,2608262996,2642421950,2605422546
STAT,(NULL),Work,22,208698684049,9486333624,9486303152,9486301501,9486302229,9486302487,9486302229,9486302909,9486302217,9486302766,9486303154,9486302035,9486303009,9486302387,9486302639,9486301392,9486301030,9486301734,9486302869,9486302263,9486302842,9486303048,9486302533
STAT,(NULL),nBad,22,46172,1885,2103,2372,1993,2287,1978,2227,2123,2211,2035,2112,2089,2193,1833,1816,2069,2018,2297,2281,2217,1978,2055
STAT,(NULL),nEmpty,22,12150799,469250,551747,552137,557030,563781,573556,551550,552130,552592,554449,555905,571937,555678,556532,550749,547956,548189,572007,558071,551091,556296,548166
STAT,(NULL),nEmptyPop,22,1907339,74564,86370,86829,87821,88545,90006,86409,86374,86841,86976,87037,90220,86890,87623,86259,85746,86163,89758,87591,85819,87248,86250
STAT,(NULL),nOverall,22,120045960,4646185,5448881,5454838,5498263,5576785,5664928,5459523,5452913,5464521,5494201,5483672,5654077,5473935,5497737,5432122,5412497,5427136,5655189,5490939,5434893,5503872,5418853
STAT,(NULL),nPop,22,22154646,856334,1005731,1006999,1015274,1028285,1045725,1006368,1006637,1007896,1012337,1013047,1043198,1011819,1014684,1003477,998990,1000505,1043192,1015609,1003867,1015041,999631
STAT,(NULL),nPush,22,22154641,856607,1005863,1006793,1014760,1029489,1046172,1006459,1005628,1009852,1013245,1011954,1045161,1010078,1015123,998845,1001416,1000873,1043865,1013029,1002468,1015337,1001624
STAT,(NULL),nPushInit,22,5,1,1,1,1,0,1,0,0,0,0,0,0,0,0,0,0,0,0,0,0,0,0
==== BENCHMARK TOOK 10.132
==== BENCHMARK START ===
==== PARAMS kernel=4.9.5-64-net1 malloc=libc hostname=rack-mad-04 threads=22 delta=4 prog=sssp-spraylist  ===
Galois Benchmark Suite v2.2.1 (r0)
Copyright (C) 2014 The University of Texas at Austin
http://iss.ices.utexas.edu/galois/

application: Single Source Shortest Path
Computes the shortest path from a source node to all nodes in a directed graph using a modified chaotic iteration algorithm
http://iss.ices.utexas.edu/?p=projects/galois/benchmarks/single_source_shortest_path

INFO: CommandLine ./build/debug/apps/sssp/sssp -noverify -t 22 -delta 4 -wl spraylist -startNode 0 /specific/disk1/home/mad/Galois-PQ/inputs/planar10M.gr
INFO: Hostname rack-mad-04
Read 10000000 nodes
Running Asynchronous with CAS version
INFO: Using delta-step of 1
WARNING: Performance varies considerably due to delta parameter.
WARNING: Do not expect the default to be good for your graph.
Node 1 has distance 7300
STATTYPE,LOOP,CATEGORY,n,sum,T0,T1,T2,T3,T4,T5,T6,T7,T8,T9,T10,T11,T12,T13,T14,T15,T16,T17,T18,T19,T20,T21
STAT,(NULL),BadWork,22,18446935,524785,846531,768973,774820,930160,870495,800374,886400,885299,884351,686817,921501,815160,1015409,815977,1008660,837657,891842,880501,760773,847784,792666
STAT,(NULL),BarrierTime,22,3350261,307632,320348,297887,264095,247251,162792,195641,168768,168613,120400,121421,125031,127852,111095,125281,88104,89768,91107,93710,41073,41792,40600
STAT,(NULL),ConflictTime,22,0,0,0,0,0,0,0,0,0,0,0,0,0,0,0,0,0,0,0,0,0,0,0
STAT,(NULL),Conflicts,22,0,0,0,0,0,0,0,0,0,0,0,0,0,0,0,0,0,0,0,0,0,0,0
STAT,(NULL),EmptyPopTime,22,1239373753,53769538,56384996,56065661,57006928,56928173,57279426,56607526,56323504,58055776,56742914,58497779,56619418,57918150,56925004,58233040,44543164,55953628,56588533,59127483,57999574,56091316,55712222
STAT,(NULL),EmptyWork,22,2824132048,133750990,127159989,126581408,128897442,126271925,129911865,125356927,127654241,131553361,126231535,131535812,126957592,128602694,125304029,125522200,127846338,128098424,129012622,133361872,131005798,126220457,127294527
STAT,(NULL),GaloisTime,22,15492497676,744401214,695068178,694657987,698010447,696636111,709114833,698221188,701319771,717378268,701539540,722024249,698690804,721081596,700145567,692128992,691431591,691394091,704114220,722563847,707817789,692662735,692094658
STAT,(NULL),InitPushTime,22,1022066,90082,55912,48008,43500,2932,100964,56808,43892,43224,42212,42128,41392,41532,41792,41760,42016,41480,40172,39588,41208,40800,40664
STAT,(NULL),Iterations,22,22152841,764467,1007817,1009027,1016577,1013710,1029975,1008338,1008747,1042834,1015798,1046907,1017955,1047184,1016509,1002952,1004141,1004281,1016698,1044622,1029044,1002104,1003154
STAT,(NULL),LoopTime,22,9730024825,9730024825,0,0,0,0,0,0,0,0,0,0,0,0,0,0,0,0,0,0,0,0,0
STAT,(NULL),MeminfoPost,22,946,43,43,43,43,43,43,43,43,43,43,43,43,43,43,43,43,43,43,43,43,43,43
STAT,(NULL),MeminfoPre,22,946,43,43,43,43,43,43,43,43,43,43,43,43,43,43,43,43,43,43,43,43,43,43
STAT,(NULL),NumaPost,22,9980,8977,216,385,402,0,0,0,0,0,0,0,0,0,0,0,0,0,0,0,0,0,0
STAT,(NULL),PopTime,22,60278498875,2724720063,2799970816,2792652542,2781423656,2788130172,2690296519,2791428594,2790726798,2588496000,2776389104,2577776290,2789541252,2579851006,2778227958,2795835188,2816773475,2798890881,2785782979,2594478592,2636537390,2801407319,2799162281
STAT,(NULL),PushTime,22,72607541732,3335892386,3269433855,3277802122,3273602751,3275678753,3316220869,3278642447,3276966066,3373254551,3274205334,3366342106,3270268850,3366606130,3276230884,3281715426,3276495311,3274649744,3271629517,3357987801,3355130600,3282207684,3276578545
STAT,(NULL),RusageSys,22,0,0,0,0,0,0,0,0,0,0,0,0,0,0,0,0,0,0,0,0,0,0,0
STAT,(NULL),RusageUser,22,95908000,95908000,0,0,0,0,0,0,0,0,0,0,0,0,0,0,0,0,0,0,0,0,0
STAT,(NULL),Threads,22,22,22,0,0,0,0,0,0,0,0,0,0,0,0,0,0,0,0,0,0,0,0,0
STAT,(NULL),Time,22,9731139192,9731139192,0,0,0,0,0,0,0,0,0,0,0,0,0,0,0,0,0,0,0,0,0
STAT,(NULL),TotalTime,22,20835668659,20835668659,0,0,0,0,0,0,0,0,0,0,0,0,0,0,0,0,0,0,0,0,0
STAT,(NULL),UserTime,22,58291596427,2586264738,2630783935,2631042203,2639860655,2635156562,2675978786,2628545573,2625811214,2710064112,2643693564,2722625778,2636724163,2724742556,2641968674,2625366406,2621712422,2629815480,2631674313,2711282179,2690311193,2620212471,2627959450
STAT,(NULL),Work,22,210735204947,9578901706,9578870435,9578871026,9578870959,9578870819,9578871259,9578870634,9578871762,9578871287,9578873658,9578871595,9578872106,9578870639,9578872353,9578872280,9578872145,9578871805,9578871860,9578871566,9578871054,9578872630,9578871369
STAT,(NULL),nBad,22,35300,945,1600,1506,1518,1751,1709,1527,1686,1705,1680,1341,1749,1592,1933,1612,1939,1568,1694,1637,1458,1642,1508
STAT,(NULL),nEmpty,22,12149879,419627,552221,552675,557868,555691,565280,552314,553040,571330,557538,573556,558945,574856,557474,549872,551535,550772,558245,572774,564696,549673,549897
STAT,(NULL),nEmptyPop,22,1884350,57622,86726,86577,87675,87351,88631,87161,86994,89783,87595,90157,87677,89706,87739,86170,72609,86024,87196,89826,89028,86169,85934
STAT,(NULL),nOverall,22,120035088,4136511,5466374,5472770,5504740,5496145,5577931,5472205,5466860,5655427,5498214,5678367,5507163,5667270,5511601,5439108,5431465,5442030,5501042,5666083,5573956,5428818,5441008
STAT,(NULL),nPop,22,22152841,764467,1007817,1009027,1016577,1013710,1029975,1008338,1008747,1042834,1015798,1046907,1017955,1047184,1016509,1002952,1004141,1004281,1016698,1044622,1029044,1002104,1003154
STAT,(NULL),nPush,22,22152836,761760,1007184,1008771,1017673,1014267,1030600,1009762,1008904,1042031,1015877,1047001,1015967,1045417,1019281,1004998,1002057,1004865,1013549,1046126,1029560,1004139,1003047
STAT,(NULL),nPushInit,22,5,1,1,1,1,0,1,0,0,0,0,0,0,0,0,0,0,0,0,0,0,0,0
==== BENCHMARK TOOK 10.317
==== BENCHMARK START ===
==== PARAMS kernel=4.9.5-64-net1 malloc=libc hostname=rack-mad-04 threads=22 delta=4 prog=sssp-spraylist  ===
Galois Benchmark Suite v2.2.1 (r0)
Copyright (C) 2014 The University of Texas at Austin
http://iss.ices.utexas.edu/galois/

application: Single Source Shortest Path
Computes the shortest path from a source node to all nodes in a directed graph using a modified chaotic iteration algorithm
http://iss.ices.utexas.edu/?p=projects/galois/benchmarks/single_source_shortest_path

INFO: CommandLine ./build/debug/apps/sssp/sssp -noverify -t 22 -delta 4 -wl spraylist -startNode 0 /specific/disk1/home/mad/Galois-PQ/inputs/planar10M.gr
INFO: Hostname rack-mad-04
Read 10000000 nodes
Running Asynchronous with CAS version
INFO: Using delta-step of 1
WARNING: Performance varies considerably due to delta parameter.
WARNING: Do not expect the default to be good for your graph.
Node 1 has distance 7300
STATTYPE,LOOP,CATEGORY,n,sum,T0,T1,T2,T3,T4,T5,T6,T7,T8,T9,T10,T11,T12,T13,T14,T15,T16,T17,T18,T19,T20,T21
STAT,(NULL),BadWork,22,14880684,580100,738341,660125,610103,623092,611327,699632,664628,761822,774693,657411,766358,629741,674449,758000,713983,615356,594873,630237,688854,703625,723934
STAT,(NULL),BarrierTime,22,1339938,31326,67077,65466,67131,104896,39971,59634,59713,61806,60701,59823,60803,61693,61560,51592,60978,61205,61791,59785,61154,59801,62032
STAT,(NULL),ConflictTime,22,0,0,0,0,0,0,0,0,0,0,0,0,0,0,0,0,0,0,0,0,0,0,0
STAT,(NULL),Conflicts,22,0,0,0,0,0,0,0,0,0,0,0,0,0,0,0,0,0,0,0,0,0,0,0
STAT,(NULL),EmptyPopTime,22,1247882926,61051516,57840255,57623083,57003454,56142713,56932769,55843618,56313182,55944233,55963668,56049484,57144376,55778370,56535614,55662457,55799610,57730404,57918988,56016431,55758550,57414070,55416081
STAT,(NULL),EmptyWork,22,2779153357,135503617,124746838,128420029,128247467,123310535,128515370,125207378,126523019,125510978,124937857,124331060,126894064,124391350,126351726,123621306,124707894,127066644,128928739,125520498,124318187,128759268,123339533
STAT,(NULL),GaloisTime,22,15350754258,747205624,689526773,706849442,704005846,692346677,705371101,687841463,688177107,689351964,695376067,694015462,694301475,692004001,695816017,684730299,689614691,711657790,711245993,692831730,686297996,707758601,684428139
STAT,(NULL),InitPushTime,22,1129093,67972,60954,64626,62659,2470,88628,51817,51874,48925,48172,48913,53349,50976,50639,48888,50691,48124,47778,44683,47198,44698,45059
STAT,(NULL),Iterations,22,22152732,841912,1007040,1032716,1029437,1011180,1029486,1004586,1004980,1008340,1011493,1013010,1013580,1011442,1015167,1000161,1001552,1032791,1040051,1012251,1002831,1029459,999267
STAT,(NULL),LoopTime,22,9599768579,9599768579,0,0,0,0,0,0,0,0,0,0,0,0,0,0,0,0,0,0,0,0,0
STAT,(NULL),MeminfoPost,22,946,43,43,43,43,43,43,43,43,43,43,43,43,43,43,43,43,43,43,43,43,43,43
STAT,(NULL),MeminfoPre,22,946,43,43,43,43,43,43,43,43,43,43,43,43,43,43,43,43,43,43,43,43,43,43
STAT,(NULL),NumaPost,22,9988,8974,445,383,186,0,0,0,0,0,0,0,0,0,0,0,0,0,0,0,0,0,0
STAT,(NULL),PopTime,22,59596939074,2518297460,2754931617,2598768203,2662656121,2764818368,2659829920,2758847459,2775452240,2768393484,2757581679,2759447324,2762023700,2765059497,2753799237,2769029784,2774633996,2565188952,2568417381,2757761125,2770052237,2560937937,2771011353
STAT,(NULL),PushTime,22,72054298582,3393810917,3257379759,3327062424,3291948658,3242441432,3284230634,3257616382,3245859782,3241797824,3246577026,3240414302,3240694663,3239375395,3241864041,3254908932,3248195876,3347851773,3334401750,3251008625,3251295260,3358275318,3257287809
STAT,(NULL),RusageSys,22,0,0,0,0,0,0,0,0,0,0,0,0,0,0,0,0,0,0,0,0,0,0,0
STAT,(NULL),RusageUser,22,95072000,95072000,0,0,0,0,0,0,0,0,0,0,0,0,0,0,0,0,0,0,0,0,0
STAT,(NULL),Threads,22,22,22,0,0,0,0,0,0,0,0,0,0,0,0,0,0,0,0,0,0,0,0,0
STAT,(NULL),Time,22,9600658326,9600658326,0,0,0,0,0,0,0,0,0,0,0,0,0,0,0,0,0,0,0,0,0
STAT,(NULL),TotalTime,22,20231881596,20231881596,0,0,0,0,0,0,0,0,0,0,0,0,0,0,0,0,0,0,0,0,0
STAT,(NULL),UserTime,22,57868535733,2639473394,2610918638,2676621006,2651481763,2616284197,2660463983,2609987607,2603018744,2614344948,2614907389,2621086120,2614285338,2618736065,2620977105,2607390856,2602392399,2685848724,2694430895,2612205583,2607621525,2682198489,2603860965
STAT,(NULL),Work,22,208899131688,9495447640,9495412881,9495413536,9495413130,9495413570,9495415285,9495413266,9495413197,9495412942,9495413176,9495413148,9495413436,9495414010,9495413521,9495413542,9495413922,9495413603,9495413136,9495413415,9495413989,9495413588,9495413755
STAT,(NULL),nBad,22,32290,1226,1567,1516,1340,1352,1270,1593,1440,1668,1694,1333,1639,1419,1449,1632,1521,1307,1325,1384,1532,1518,1565
STAT,(NULL),nEmpty,22,12150037,461987,552867,566092,565429,554722,564580,550349,551559,552943,553859,555875,556180,554505,556394,548442,549112,566659,570312,555383,550042,564333,548413
STAT,(NULL),nEmptyPop,22,1906815,72731,87456,89166,88248,87051,88243,86447,86869,86685,86830,87085,86993,86443,87654,86051,86345,89237,89580,86695,86409,88862,85735
STAT,(NULL),nOverall,22,120032078,4560460,5451287,5594804,5567580,5477096,5578102,5452021,5440734,5466140,5490670,5485303,5488643,5485999,5503917,5421966,5425487,5594917,5636725,5484036,5431374,5584444,5410373
STAT,(NULL),nPop,22,22152732,841912,1007040,1032716,1029437,1011180,1029486,1004586,1004980,1008340,1011493,1013010,1013580,1011442,1015167,1000161,1001552,1032791,1040051,1012251,1002831,1029459,999267
STAT,(NULL),nPush,22,22152727,844448,1006933,1031779,1028979,1009725,1028029,1006503,1005845,1006733,1012490,1011825,1012486,1010402,1013400,1002406,996899,1032120,1041396,1014599,1001688,1032814,1001228
STAT,(NULL),nPushInit,22,5,1,1,1,1,0,1,0,0,0,0,0,0,0,0,0,0,0,0,0,0,0,0
==== BENCHMARK TOOK 10.047
