==== BENCHMARK START ===
==== PARAMS kernel=4.9.5-64-net1 malloc=libc hostname=rack-mad-04 threads=44 delta=4 prog=sssp-klsm64mq4  ===
ERROR: ld.so: object '/specific/disk1/home/adamx/malloc/lib64/libjemalloc.so' from LD_PRELOAD cannot be preloaded (cannot open shared object file): ignored.
Galois Benchmark Suite v2.2.1 (r0)
Copyright (C) 2014 The University of Texas at Austin
http://iss.ices.utexas.edu/galois/

application: Single Source Shortest Path
Computes the shortest path from a source node to all nodes in a directed graph using a modified chaotic iteration algorithm
http://iss.ices.utexas.edu/?p=projects/galois/benchmarks/single_source_shortest_path

INFO: CommandLine ./build/debug/apps/sssp/sssp -noverify -t 44 -delta 4 -wl klsm64mq4 -startNode 0 /specific/disk1/home/mad/Galois-PQ/inputs/ljournal-2008.gr
INFO: Hostname rack-mad-04
Read 5363260 nodes
Running Asynchronous with CAS version
INFO: Using delta-step of 1
WARNING: Performance varies considerably due to delta parameter.
WARNING: Do not expect the default to be good for your graph.
Node 1 has distance 126
STATTYPE,LOOP,CATEGORY,n,sum,T0,T1,T2,T3,T4,T5,T6,T7,T8,T9,T10,T11,T12,T13,T14,T15,T16,T17,T18,T19,T20,T21,T22,T23,T24,T25,T26,T27,T28,T29,T30,T31,T32,T33,T34,T35,T36,T37,T38,T39,T40,T41,T42,T43
STAT,(NULL),BadWork,44,9504915,439992,231244,184140,44356,220416,250062,224227,473976,226268,127280,240108,191103,331705,210444,73637,106042,278540,61192,583960,67196,290858,189122,117456,227586,71901,241766,142876,110604,235885,357144,233049,77752,49240,200140,343394,217332,121015,537625,317491,252556,100415,103348,191655,208817
STAT,(NULL),BarrierTime,44,7455154,629753,391039,420611,403144,392934,376449,376967,322893,314479,325034,319963,268636,271912,273045,257686,212696,205314,204606,195583,208405,206741,205510,29632,32439,16923,34678,34113,34887,34201,29567,34149,31511,33944,29029,20328,34671,34307,30270,29910,28218,34480,20006,31790,32701
STAT,(NULL),ConflictTime,44,0,0,0,0,0,0,0,0,0,0,0,0,0,0,0,0,0,0,0,0,0,0,0,0,0,0,0,0,0,0,0,0,0,0,0,0,0,0,0,0,0,0,0,0,0
STAT,(NULL),Conflicts,44,0,0,0,0,0,0,0,0,0,0,0,0,0,0,0,0,0,0,0,0,0,0,0,0,0,0,0,0,0,0,0,0,0,0,0,0,0,0,0,0,0,0,0,0,0
STAT,(NULL),EmptyPopTime,44,229650416,5766364,5322540,5862571,5401742,5534019,5623455,5328621,5393149,5394516,5404653,5467959,5283943,5628747,5482240,5669422,5670969,5476745,5641085,5639857,5114855,5570405,5316875,5016267,5158677,4796184,5119460,4988103,5082359,4900060,4850567,4682604,4975557,5042836,4983947,5003046,4901399,4865781,4899321,4996583,4623011,4864279,5052778,5148577,4704288
STAT,(NULL),EmptyWork,44,1486127335,33423236,33329668,34045994,33273610,33735120,34124140,33154764,34690911,34198147,33852438,33826908,34872887,35133508,33265577,32509634,32586613,32186907,34248108,34093274,33056626,33934546,33811091,33945905,33893754,34007711,35165010,34105707,33327346,34511982,34031713,33316700,30869011,34784798,34359058,35083542,34038361,33373400,33587566,34879162,32911907,34126160,34261170,32477393,33716272
STAT,(NULL),GaloisTime,44,4945134679,115563102,112090255,111980923,111969666,112860117,112682222,111883189,111725663,112292618,112872503,112453150,114826351,111742981,111939703,114008078,111613043,111291680,112760149,112777043,111584190,111637509,111112428,112518015,112066092,113216066,112861436,112563706,112732412,111908849,111832852,112846063,112998585,112641879,112252627,112489046,112905518,111075644,110567144,111231473,112086413,113711701,112915670,113103358,110943567
STAT,(NULL),InitPushTime,44,2486400,4076,153468,106580,40848,40720,40348,40964,40972,40568,40016,39492,38912,39060,38256,39628,40460,40472,39632,38756,39512,39628,39592,142150,102481,102356,100092,102161,101540,100726,98876,101749,37796,36212,36888,58857,36288,36684,36760,36436,35940,34444,55352,35128,35524
STAT,(NULL),Iterations,44,9362872,207489,212903,211874,212724,212969,213368,212348,212280,212939,213757,212506,213462,212226,212513,211793,212011,211008,213752,213861,211505,211832,211000,214067,212374,213094,214554,213887,214659,211663,213601,214541,214249,213936,215055,214036,214473,210900,211046,211406,213885,214452,214915,211053,210906
STAT,(NULL),LoopTime,44,2918217537,2918217537,0,0,0,0,0,0,0,0,0,0,0,0,0,0,0,0,0,0,0,0,0,0,0,0,0,0,0,0,0,0,0,0,0,0,0,0,0,0,0,0,0,0,0
STAT,(NULL),MeminfoPost,44,572,13,13,13,13,13,13,13,13,13,13,13,13,13,13,13,13,13,13,13,13,13,13,13,13,13,13,13,13,13,13,13,13,13,13,13,13,13,13,13,13,13,13,13,13
STAT,(NULL),MeminfoPre,44,572,13,13,13,13,13,13,13,13,13,13,13,13,13,13,13,13,13,13,13,13,13,13,13,13,13,13,13,13,13,13,13,13,13,13,13,13,13,13,13,13,13,13,13,13
STAT,(NULL),NumaPost,44,11041,9756,619,325,341,0,0,0,0,0,0,0,0,0,0,0,0,0,0,0,0,0,0,0,0,0,0,0,0,0,0,0,0,0,0,0,0,0,0,0,0,0,0,0,0
STAT,(NULL),PopTime,44,23219191889,527942437,526192696,524201873,524468331,527365432,526798386,527124918,524793937,525689402,528860816,524935203,526754768,525830213,527225156,527209511,527159577,525288905,527747600,528427199,529476625,528113866,527671773,530453340,527140896,526923062,528452618,530299158,526977936,525194951,528149822,527672016,526765777,528994266,529746447,530088595,530146629,527153864,528520953,529137121,529317713,532982940,529683048,529017132,527094981
STAT,(NULL),PushTime,44,51910780158,1176983740,1179750477,1181000321,1180685864,1177491866,1174131552,1182168389,1184434873,1182536059,1178353828,1179862849,1172592582,1182588967,1181934507,1180566171,1177893184,1184860875,1167562886,1171888173,1181721996,1175288880,1181358279,1175371660,1185016289,1185103747,1170668256,1175875661,1178386616,1191823944,1181387454,1178985573,1177061870,1181115889,1177682732,1177449118,1178912903,1188975041,1188766794,1180234374,1180501338,1173046411,1177933097,1185888554,1184936519
STAT,(NULL),RusageSys,44,0,0,0,0,0,0,0,0,0,0,0,0,0,0,0,0,0,0,0,0,0,0,0,0,0,0,0,0,0,0,0,0,0,0,0,0,0,0,0,0,0,0,0,0,0
STAT,(NULL),RusageUser,44,57644000,57644000,0,0,0,0,0,0,0,0,0,0,0,0,0,0,0,0,0,0,0,0,0,0,0,0,0,0,0,0,0,0,0,0,0,0,0,0,0,0,0,0,0,0,0
STAT,(NULL),Threads,44,44,44,0,0,0,0,0,0,0,0,0,0,0,0,0,0,0,0,0,0,0,0,0,0,0,0,0,0,0,0,0,0,0,0,0,0,0,0,0,0,0,0,0,0,0
STAT,(NULL),Time,44,2929761203,2929761203,0,0,0,0,0,0,0,0,0,0,0,0,0,0,0,0,0,0,0,0,0,0,0,0,0,0,0,0,0,0,0,0,0,0,0,0,0,0,0,0,0,0,0
STAT,(NULL),TotalTime,44,7973948711,7973948711,0,0,0,0,0,0,0,0,0,0,0,0,0,0,0,0,0,0,0,0,0,0,0,0,0,0,0,0,0,0,0,0,0,0,0,0,0,0,0,0,0,0,0
STAT,(NULL),UserTime,44,44848562365,1018486302,1021477845,1021076738,1022372244,1021181412,1024807048,1018508353,1017131029,1018056029,1018824079,1021621441,1023838290,1017243942,1018323213,1018205146,1023246403,1019062687,1030208251,1025342666,1017214784,1023623186,1018899118,1020864664,1014896006,1014125154,1025904921,1020336987,1021665103,1009830136,1017918965,1020666564,1025498475,1015592842,1019144512,1018053249,1017265931,1012726066,1011830280,1017692029,1018729285,1019439100,1018322594,1012535411,1016773885
STAT,(NULL),Work,44,126643590786,2878276253,2878258937,2878259339,2878250764,2878259525,2878253340,2878248353,2878251016,2878259814,2878250767,2878258250,2878260387,2878256404,2878256082,2878260799,2878255701,2878258571,2878259219,2878261326,2878260152,2878259499,2878269451,2878272460,2878271127,2878268329,2878267383,2878267463,2878263800,2878267465,2878272942,2878265054,2878270053,2878264079,2878268220,2878260265,2878268634,2878265004,2878273020,2878272899,2878274100,2878267461,2878265999,2878270895,2878270185
STAT,(NULL),nBad,44,12665,626,319,230,69,258,283,296,589,316,185,262,295,382,269,83,207,338,93,699,92,386,367,157,331,152,293,211,125,310,457,293,134,52,266,412,242,205,778,392,286,180,79,291,375
STAT,(NULL),nEmpty,44,4546591,101406,103425,102844,103248,103597,103268,103255,103288,103496,103955,103127,103717,102757,103192,102665,102759,102386,103501,103860,102610,102749,101950,103816,103034,103776,103902,103986,104342,102541,103745,104369,103707,104141,105060,103816,104328,102391,102840,102427,103778,104167,104090,102690,102590
STAT,(NULL),nEmptyPop,44,128564,3194,3044,3242,3010,3096,3087,2974,3038,3116,2981,3071,3046,3072,3104,3106,3131,3016,3122,3133,2930,3049,3019,2794,2871,2757,2852,2742,2842,2736,2761,2683,2794,2859,2756,2795,2768,2717,2781,2744,2675,2780,2751,2859,2666
STAT,(NULL),nOverall,44,77892423,1687707,1771963,1778431,1794515,1786226,1796354,1776499,1767125,1777536,1775231,1783731,1787357,1771000,1776262,1754406,1769172,1758753,1792935,1800928,1764148,1767003,1759807,1772247,1759190,1758763,1796234,1779136,1778870,1752136,1770140,1779257,1780959,1784010,1765773,1779565,1768998,1744849,1746296,1763649,1764576,1771544,1778802,1746246,1754094
STAT,(NULL),nPop,44,9362872,207489,212903,211874,212724,212969,213368,212348,212280,212939,213757,212506,213462,212226,212513,211793,212011,211008,213752,213861,211505,211832,211000,214067,212374,213094,214554,213887,214659,211663,213601,214541,214249,213936,215055,214036,214473,210900,211046,211406,213885,214452,214915,211053,210906
STAT,(NULL),nPush,44,9362871,203829,212935,214140,215738,214107,214626,213568,214211,213737,214854,214807,214244,214577,215620,212565,211764,211964,213170,213462,213012,211505,212473,210216,212368,212965,212502,212808,213472,213238,211747,213843,213096,213337,213289,212438,212974,211691,210784,209543,213750,212418,213522,210975,210987
STAT,(NULL),nPushInit,44,1,0,1,0,0,0,0,0,0,0,0,0,0,0,0,0,0,0,0,0,0,0,0,0,0,0,0,0,0,0,0,0,0,0,0,0,0,0,0,0,0,0,0,0,0
==== BENCHMARK TOOK 4.370
==== BENCHMARK START ===
==== PARAMS kernel=4.9.5-64-net1 malloc=libc hostname=rack-mad-04 threads=44 delta=4 prog=sssp-klsm64mq4  ===
ERROR: ld.so: object '/specific/disk1/home/adamx/malloc/lib64/libjemalloc.so' from LD_PRELOAD cannot be preloaded (cannot open shared object file): ignored.
Galois Benchmark Suite v2.2.1 (r0)
Copyright (C) 2014 The University of Texas at Austin
http://iss.ices.utexas.edu/galois/

application: Single Source Shortest Path
Computes the shortest path from a source node to all nodes in a directed graph using a modified chaotic iteration algorithm
http://iss.ices.utexas.edu/?p=projects/galois/benchmarks/single_source_shortest_path

INFO: CommandLine ./build/debug/apps/sssp/sssp -noverify -t 44 -delta 4 -wl klsm64mq4 -startNode 0 /specific/disk1/home/mad/Galois-PQ/inputs/ljournal-2008.gr
INFO: Hostname rack-mad-04
Read 5363260 nodes
Running Asynchronous with CAS version
INFO: Using delta-step of 1
WARNING: Performance varies considerably due to delta parameter.
WARNING: Do not expect the default to be good for your graph.
Node 1 has distance 126
STATTYPE,LOOP,CATEGORY,n,sum,T0,T1,T2,T3,T4,T5,T6,T7,T8,T9,T10,T11,T12,T13,T14,T15,T16,T17,T18,T19,T20,T21,T22,T23,T24,T25,T26,T27,T28,T29,T30,T31,T32,T33,T34,T35,T36,T37,T38,T39,T40,T41,T42,T43
STAT,(NULL),BadWork,44,10100369,161317,333084,214011,102504,142437,128134,167832,126465,189377,233435,2463,114348,108421,39416,222175,223271,125145,140504,408692,30209,213735,231041,626008,453499,417268,287632,283159,235022,30270,392794,218982,101884,509197,151820,61616,69092,136859,458315,673798,368929,48492,207241,279084,431392
STAT,(NULL),BarrierTime,44,7608083,642408,415925,457437,412155,395823,390236,396746,318060,321075,294103,285581,285398,285176,290044,289872,240329,228694,227384,230472,188765,195525,198414,24523,23937,30074,25031,26679,25227,30632,28324,29639,31074,29867,30163,30263,27071,25922,25509,25782,30402,28527,29410,29279,31126
STAT,(NULL),ConflictTime,44,0,0,0,0,0,0,0,0,0,0,0,0,0,0,0,0,0,0,0,0,0,0,0,0,0,0,0,0,0,0,0,0,0,0,0,0,0,0,0,0,0,0,0,0,0
STAT,(NULL),Conflicts,44,0,0,0,0,0,0,0,0,0,0,0,0,0,0,0,0,0,0,0,0,0,0,0,0,0,0,0,0,0,0,0,0,0,0,0,0,0,0,0,0,0,0,0,0,0
STAT,(NULL),EmptyPopTime,44,232998529,5553969,5493834,5699229,5327021,5447795,5583446,5527523,5541324,5384832,5489996,5482203,5521599,5660776,5439698,5361175,5592958,5476474,5515045,5562046,5720000,5632761,5627882,5004127,5067766,5014048,5851654,4876222,5156325,5239614,5011633,4886578,4840702,5065152,4922896,5090891,5121473,4964351,5191549,4820287,4749808,5288305,5089501,4946465,5157596
STAT,(NULL),EmptyWork,44,1489220235,34211079,35372928,34182538,33996301,33062716,34504366,33968861,33815254,35106468,34199588,34242269,33986162,34085041,32246017,33786549,34208681,32934203,32652899,34167923,33237949,32703895,33934469,34248401,34078377,34038523,34260464,32938607,32860980,34320275,34200963,32948008,32589876,33453425,34060727,34180492,34275833,33136995,33945024,33850444,34162709,35131270,33620258,34245050,34067378
STAT,(NULL),GaloisTime,44,4991297143,120305349,113194271,112551309,113211051,114305840,113749573,112874481,112247798,114130580,113372584,114434958,112899035,112904012,112850245,112238418,112743453,112835927,113255288,113492377,112231107,112218092,112247655,112456031,114375535,113208931,115050052,114483903,114733764,112817042,113292994,113839582,115268982,114338414,113999086,114042824,114127966,112606810,111780694,111971120,113508606,112647579,113833992,112448568,112171265
STAT,(NULL),InitPushTime,44,2733609,3192,138796,92940,41088,40820,40348,40844,40508,40656,39384,39620,38944,39420,38208,39408,39180,38896,37616,37164,37844,37760,37880,107440,106707,106135,105923,105820,105387,105820,105725,105886,65120,65655,63800,64592,64240,63390,62832,64350,57545,56753,55939,57362,56672
STAT,(NULL),Iterations,44,9363431,196307,213340,213192,213592,212108,213983,212816,211857,213415,213782,214097,213104,212743,213227,211471,212308,211974,213144,212824,212069,211905,211980,213498,213392,213980,215160,214366,214953,213292,213571,214923,214781,214129,213760,213382,214376,213249,210851,211086,213892,212529,215080,212253,211690
STAT,(NULL),LoopTime,44,2954394143,2954394143,0,0,0,0,0,0,0,0,0,0,0,0,0,0,0,0,0,0,0,0,0,0,0,0,0,0,0,0,0,0,0,0,0,0,0,0,0,0,0,0,0,0,0
STAT,(NULL),MeminfoPost,44,572,13,13,13,13,13,13,13,13,13,13,13,13,13,13,13,13,13,13,13,13,13,13,13,13,13,13,13,13,13,13,13,13,13,13,13,13,13,13,13,13,13,13,13,13
STAT,(NULL),MeminfoPre,44,572,13,13,13,13,13,13,13,13,13,13,13,13,13,13,13,13,13,13,13,13,13,13,13,13,13,13,13,13,13,13,13,13,13,13,13,13,13,13,13,13,13,13,13,13
STAT,(NULL),NumaPost,44,11039,9758,620,326,335,0,0,0,0,0,0,0,0,0,0,0,0,0,0,0,0,0,0,0,0,0,0,0,0,0,0,0,0,0,0,0,0,0,0,0,0,0,0,0,0
STAT,(NULL),PopTime,44,23298222168,518507779,531769848,529081050,529825035,527406361,529392154,528384874,525935802,529913379,530149926,528410635,526183853,527569790,528055212,527487581,531550269,530253591,527407908,527991883,528589257,531402834,530040719,531099572,530581978,531789674,533858268,532730185,530134417,528629444,528562382,530881588,530154989,529496552,529812769,529261088,531412713,532259503,527561198,528992107,532905311,527125781,531986302,533385834,530290773
STAT,(NULL),PushTime,44,52716635155,1214566934,1191501512,1192589665,1198847518,1197991772,1192269640,1199761881,1202630513,1195533537,1196722574,1197090564,1197384919,1199394747,1201819260,1202677995,1200486787,1195145365,1196374492,1196084350,1200081546,1194289769,1200926291,1197287905,1197428108,1196309219,1192325517,1195678554,1194995137,1201099326,1200907613,1202235665,1190358959,1199294331,1193921443,1199969082,1189233972,1192902663,1208756503,1204854682,1196800670,1206455916,1194407388,1195572148,1201668723
STAT,(NULL),RusageSys,44,0,0,0,0,0,0,0,0,0,0,0,0,0,0,0,0,0,0,0,0,0,0,0,0,0,0,0,0,0,0,0,0,0,0,0,0,0,0,0,0,0,0,0,0,0
STAT,(NULL),RusageUser,44,58336000,58336000,0,0,0,0,0,0,0,0,0,0,0,0,0,0,0,0,0,0,0,0,0,0,0,0,0,0,0,0,0,0,0,0,0,0,0,0,0,0,0,0,0,0,0
STAT,(NULL),Threads,44,44,44,0,0,0,0,0,0,0,0,0,0,0,0,0,0,0,0,0,0,0,0,0,0,0,0,0,0,0,0,0,0,0,0,0,0,0,0,0,0,0,0,0,0,0
STAT,(NULL),Time,44,2966110302,2966110302,0,0,0,0,0,0,0,0,0,0,0,0,0,0,0,0,0,0,0,0,0,0,0,0,0,0,0,0,0,0,0,0,0,0,0,0,0,0,0,0,0,0,0
STAT,(NULL),TotalTime,44,8983046424,8983046424,0,0,0,0,0,0,0,0,0,0,0,0,0,0,0,0,0,0,0,0,0,0,0,0,0,0,0,0,0,0,0,0,0,0,0,0,0,0,0,0,0,0,0
STAT,(NULL),UserTime,44,45437083959,1019703131,1035513454,1038747827,1031644698,1034634916,1037354936,1032333090,1032682450,1032783024,1032918526,1033190958,1036877205,1033237116,1032443740,1031302784,1028269421,1036208666,1037647321,1035554269,1032994403,1036604901,1030073529,1032754436,1031320513,1032490250,1031505842,1032142498,1034971012,1030744505,1030874374,1028058297,1039635626,1031202058,1036134639,1030306860,1038679452,1036981738,1025614732,1028362110,1030722322,1026201690,1033914319,1032252641,1029493680
STAT,(NULL),Work,44,128170235314,2912976067,2912961953,2912950014,2912966564,2912948779,2912961989,2912948935,2912967993,2912963675,2912954326,2912959747,2912965269,2912962196,2912959132,2912957797,2912950925,2912963803,2912967461,2912967618,2912967802,2912960161,2912959914,2912962338,2912962682,2912955399,2912962813,2912960728,2912962534,2912955678,2912958786,2912955965,2912954481,2912955519,2912955402,2912956924,2912960742,2912961205,2912962550,2912961190,2912955895,2912959544,2912958582,2912958338,2912955899
STAT,(NULL),nBad,44,12367,265,362,242,156,167,140,274,144,271,198,3,120,119,52,323,251,159,201,477,19,396,372,706,601,472,262,246,363,50,337,264,152,717,157,84,95,166,458,796,476,130,226,383,515
STAT,(NULL),nEmpty,44,4547153,95905,103438,103420,103335,102591,103376,103075,102999,103759,103694,104085,103024,103100,103925,102776,103066,102910,103586,102966,102864,102816,103024,104225,103691,104067,104284,104323,104502,103836,103730,104489,104059,104162,103572,103548,104272,103753,102611,102348,103874,103544,104418,103367,102744
STAT,(NULL),nEmptyPop,44,128971,2900,3115,3095,2969,3058,3154,3092,3038,3035,3047,3131,3097,3138,3055,3055,3124,3091,3129,3086,3157,3138,3136,2752,2780,2802,2715,2741,2817,2831,2776,2694,2702,2790,2830,2803,2829,2728,2861,2692,2764,2851,2783,2784,2806
STAT,(NULL),nOverall,44,77892125,1585306,1774230,1794611,1778716,1784636,1788926,1777456,1787940,1777871,1791470,1778439,1792088,1777257,1771032,1759752,1752937,1759284,1787416,1781081,1763211,1778553,1756151,1783157,1763146,1769645,1786564,1780607,1782483,1760454,1770056,1767816,1796928,1778344,1793171,1767573,1797835,1773710,1745234,1755752,1776972,1759409,1773076,1763538,1748292
STAT,(NULL),nPop,44,9363431,196307,213340,213192,213592,212108,213983,212816,211857,213415,213782,214097,213104,212743,213227,211471,212308,211974,213144,212824,212069,211905,211980,213498,213392,213980,215160,214366,214953,213292,213571,214923,214781,214129,213760,213382,214376,213249,210851,211086,213892,212529,215080,212253,211690
STAT,(NULL),nPush,44,9363430,194151,213408,212817,215884,214438,214555,212588,213965,213722,215455,214328,214696,214536,216151,212326,212107,211804,214636,214965,212930,211068,212754,211668,211755,212582,213623,214000,213658,212384,212529,214888,212446,214189,213485,214141,213032,209242,211276,211184,213836,214929,214462,209715,211122
STAT,(NULL),nPushInit,44,1,0,1,0,0,0,0,0,0,0,0,0,0,0,0,0,0,0,0,0,0,0,0,0,0,0,0,0,0,0,0,0,0,0,0,0,0,0,0,0,0,0,0,0,0
==== BENCHMARK TOOK 4.917
==== BENCHMARK START ===
==== PARAMS kernel=4.9.5-64-net1 malloc=libc hostname=rack-mad-04 threads=44 delta=4 prog=sssp-klsm64mq4  ===
ERROR: ld.so: object '/specific/disk1/home/adamx/malloc/lib64/libjemalloc.so' from LD_PRELOAD cannot be preloaded (cannot open shared object file): ignored.
Galois Benchmark Suite v2.2.1 (r0)
Copyright (C) 2014 The University of Texas at Austin
http://iss.ices.utexas.edu/galois/

application: Single Source Shortest Path
Computes the shortest path from a source node to all nodes in a directed graph using a modified chaotic iteration algorithm
http://iss.ices.utexas.edu/?p=projects/galois/benchmarks/single_source_shortest_path

INFO: CommandLine ./build/debug/apps/sssp/sssp -noverify -t 44 -delta 4 -wl klsm64mq4 -startNode 0 /specific/disk1/home/mad/Galois-PQ/inputs/ljournal-2008.gr
INFO: Hostname rack-mad-04
Read 5363260 nodes
Running Asynchronous with CAS version
INFO: Using delta-step of 1
WARNING: Performance varies considerably due to delta parameter.
WARNING: Do not expect the default to be good for your graph.
Node 1 has distance 126
STATTYPE,LOOP,CATEGORY,n,sum,T0,T1,T2,T3,T4,T5,T6,T7,T8,T9,T10,T11,T12,T13,T14,T15,T16,T17,T18,T19,T20,T21,T22,T23,T24,T25,T26,T27,T28,T29,T30,T31,T32,T33,T34,T35,T36,T37,T38,T39,T40,T41,T42,T43
STAT,(NULL),BadWork,44,8487895,85036,236768,287795,42932,107701,159512,59193,112544,272872,273749,262436,166524,291040,68552,109856,242540,217296,347580,300892,111236,197160,45455,273052,200044,300269,245153,136996,89976,565673,324580,203864,187148,335284,212020,408956,90608,28588,65863,143152,22000,78000,133680,377568,66752
STAT,(NULL),BarrierTime,44,8922051,585867,476597,482107,433967,442537,394742,401787,339111,350028,344459,343045,308269,293811,300725,310182,249483,252265,251982,255149,242229,242304,242105,62480,64533,59106,63313,58849,62096,64085,64179,63673,60151,62074,64126,63192,58836,64765,64453,64498,64220,61045,62439,64377,62810
STAT,(NULL),ConflictTime,44,0,0,0,0,0,0,0,0,0,0,0,0,0,0,0,0,0,0,0,0,0,0,0,0,0,0,0,0,0,0,0,0,0,0,0,0,0,0,0,0,0,0,0,0,0
STAT,(NULL),Conflicts,44,0,0,0,0,0,0,0,0,0,0,0,0,0,0,0,0,0,0,0,0,0,0,0,0,0,0,0,0,0,0,0,0,0,0,0,0,0,0,0,0,0,0,0,0,0
STAT,(NULL),EmptyPopTime,44,235828764,6425421,5203620,5742669,5746689,5586037,5757091,5589088,5424482,5399192,5667810,5712558,5628466,5488848,5551083,5506083,5357643,5460859,5698063,5665339,5797660,5829348,5728924,6167758,5134193,5001091,4929818,5140869,5023500,4702714,4782258,5200950,4793880,5014199,5277212,5031452,4977777,5058650,5112527,5045320,5025516,5085829,5051928,5143188,5161162
STAT,(NULL),EmptyWork,44,1478259042,35811384,34143087,34080776,34787797,30914948,33340975,32709197,32671831,33249273,32204908,33309040,34183985,34273742,33893795,34298904,33901602,36285804,34267023,31828734,34402985,33684206,33899065,30987788,34058786,35304617,35477815,32738402,32768313,34242508,34302964,34606946,31884680,34605874,33748587,35571030,33203974,31950178,33303806,30739503,32248575,32283297,32858170,34085848,35144320
STAT,(NULL),GaloisTime,44,4999757161,132533212,113092305,114008638,113322041,113742338,113827134,112736158,112765720,112518217,113063623,112791781,113795242,113977568,112812282,112009877,112931284,111389342,114144159,112360158,111937098,111605067,112010614,112595519,112674799,114100947,115649668,112729968,115709332,113016806,113478304,113902798,113444477,113486494,115320386,112789606,113912029,112320491,112651211,113575471,114313665,113111463,112965392,112232610,112401867
STAT,(NULL),InitPushTime,44,2713967,3528,99524,49544,42480,42588,42216,43136,43008,42428,41288,41348,41512,40612,41216,41372,41304,40796,39308,39140,40188,40296,40000,111100,110711,110565,109780,110411,109860,110102,109839,109208,62934,59715,61988,58725,63580,61226,60405,60346,62055,57838,60397,56782,59568
STAT,(NULL),Iterations,44,9361792,165805,213025,214138,215165,213890,214615,213594,213793,214072,214302,214026,214152,213755,213707,211971,211833,211624,214686,213135,211589,211421,211528,214152,213640,214546,215308,213748,215256,214630,215662,216879,215663,215986,214738,214562,213949,213597,211207,212739,215158,214455,215076,212536,212479
STAT,(NULL),LoopTime,44,2940672978,2940672978,0,0,0,0,0,0,0,0,0,0,0,0,0,0,0,0,0,0,0,0,0,0,0,0,0,0,0,0,0,0,0,0,0,0,0,0,0,0,0,0,0,0,0
STAT,(NULL),MeminfoPost,44,572,13,13,13,13,13,13,13,13,13,13,13,13,13,13,13,13,13,13,13,13,13,13,13,13,13,13,13,13,13,13,13,13,13,13,13,13,13,13,13,13,13,13,13,13
STAT,(NULL),MeminfoPre,44,572,13,13,13,13,13,13,13,13,13,13,13,13,13,13,13,13,13,13,13,13,13,13,13,13,13,13,13,13,13,13,13,13,13,13,13,13,13,13,13,13,13,13,13,13
STAT,(NULL),NumaPost,44,11038,9755,834,324,125,0,0,0,0,0,0,0,0,0,0,0,0,0,0,0,0,0,0,0,0,0,0,0,0,0,0,0,0,0,0,0,0,0,0,0,0,0,0,0,0
STAT,(NULL),PopTime,44,23358329435,513803171,530068142,533224229,532453967,529706060,528958927,529883494,531705848,531034933,528500405,528573207,531787835,532030258,529754954,529872051,532161620,529155406,533067989,528095359,527987522,531315508,529460883,533624533,534122680,531304099,529862410,526964699,529961240,532655845,532549187,536709054,531073798,532251967,531411386,531257401,528971745,538521753,530800785,534088319,532619512,532014780,531838409,531997221,531126844
STAT,(NULL),PushTime,44,52416739510,1217451649,1194549173,1190374918,1189123246,1196557086,1189306149,1190013298,1183302293,1189042439,1192155841,1192356367,1193818258,1185099650,1188482224,1191910135,1193861598,1199226894,1185618039,1196235088,1193295529,1192733742,1193285734,1192383538,1192092453,1192132277,1188388713,1191967780,1185389849,1193131400,1189367288,1181785587,1185762766,1185094673,1185738238,1196535246,1196747908,1185219200,1195749714,1190296695,1189339896,1189751622,1194319525,1190144770,1187601022
STAT,(NULL),RusageSys,44,0,0,0,0,0,0,0,0,0,0,0,0,0,0,0,0,0,0,0,0,0,0,0,0,0,0,0,0,0,0,0,0,0,0,0,0,0,0,0,0,0,0,0,0,0
STAT,(NULL),RusageUser,44,58088000,58088000,0,0,0,0,0,0,0,0,0,0,0,0,0,0,0,0,0,0,0,0,0,0,0,0,0,0,0,0,0,0,0,0,0,0,0,0,0,0,0,0,0,0,0
STAT,(NULL),Threads,44,44,44,0,0,0,0,0,0,0,0,0,0,0,0,0,0,0,0,0,0,0,0,0,0,0,0,0,0,0,0,0,0,0,0,0,0,0,0,0,0,0,0,0,0,0
STAT,(NULL),Time,44,2954922998,2954922998,0,0,0,0,0,0,0,0,0,0,0,0,0,0,0,0,0,0,0,0,0,0,0,0,0,0,0,0,0,0,0,0,0,0,0,0,0,0,0,0,0,0,0
STAT,(NULL),TotalTime,44,9566711992,9566711992,0,0,0,0,0,0,0,0,0,0,0,0,0,0,0,0,0,0,0,0,0,0,0,0,0,0,0,0,0,0,0,0,0,0,0,0,0,0,0,0,0,0,0
STAT,(NULL),UserTime,44,45124363522,994273489,1023239901,1022870218,1024867262,1023794639,1029110497,1029369912,1034431860,1029058450,1028708394,1027558710,1021087388,1029434336,1029809543,1026707661,1022091245,1018783267,1027503248,1026118953,1026882026,1025133308,1025915806,1024539922,1022217704,1022456944,1025992350,1030762638,1031450555,1022553468,1025821484,1028097280,1033343999,1029849487,1028807277,1019117772,1022488539,1027231502,1022683193,1026555919,1026754903,1028054676,1023269273,1026698252,1028866272
STAT,(NULL),Work,44,127617407804,2900441960,2900382285,2900391654,2900396462,2900384013,2900399689,2900390816,2900396848,2900386821,2900395531,2900395014,2900394773,2900411118,2900398153,2900393027,2900392704,2900385505,2900389003,2900385969,2900395652,2900397557,2900403587,2900396084,2900394832,2900398573,2900393961,2900398999,2900396122,2900394254,2900392640,2900392437,2900400316,2900396202,2900395505,2900394445,2900400788,2900392070,2900394487,2900394463,2900392552,2900399285,2900395881,2900392380,2900393387
STAT,(NULL),nBad,44,11363,116,286,460,56,133,221,95,163,443,387,326,173,516,104,115,257,380,466,407,142,235,52,365,261,430,292,210,93,679,467,254,239,393,257,550,100,25,116,168,25,88,170,572,76
STAT,(NULL),nEmpty,44,4545483,79959,103400,103778,104868,103573,104349,103605,103446,103943,104177,103845,104039,103732,103766,102614,102737,102494,104246,103662,102596,102222,102644,104219,103881,104364,104622,103161,104605,104567,105130,105802,104716,104967,104394,104271,104029,104276,102120,103104,104495,104222,104599,103221,103023
STAT,(NULL),nEmptyPop,44,128800,2744,2983,3171,3084,3114,3157,3035,2974,3017,3148,3097,3083,3107,3061,3061,2955,2985,3169,3133,3205,3212,3122,2728,2809,2798,2773,2799,2810,2663,2721,2857,2718,2749,2901,2792,2780,2805,2719,2761,2765,2764,2773,2852,2846
STAT,(NULL),nOverall,44,77891121,1488886,1771967,1776392,1771106,1768288,1778637,1779783,1791172,1784817,1782196,1774106,1771543,1781203,1785208,1774887,1763851,1759388,1795305,1781187,1772419,1761337,1772522,1765048,1772616,1768317,1788437,1795753,1788787,1769382,1778949,1804629,1800578,1783607,1787880,1771596,1772867,1780650,1754198,1753097,1781910,1782193,1767443,1773855,1763129
STAT,(NULL),nPop,44,9361792,165805,213025,214138,215165,213890,214615,213594,213793,214072,214302,214026,214152,213755,213707,211971,211833,211624,214686,213135,211589,211421,211528,214152,213640,214546,215308,213748,215256,214630,215662,216879,215663,215986,214738,214562,213949,213597,211207,212739,215158,214455,215076,212536,212479
STAT,(NULL),nPush,44,9361791,185893,214316,213179,215204,214633,214767,212927,212393,213083,215183,214925,215094,213607,215184,211967,211967,212783,213218,215391,212472,212196,212091,213153,212514,213046,214742,213873,214650,211367,212061,213000,213459,214074,214148,215058,216100,210417,211386,210454,213966,214213,216519,210494,210624
STAT,(NULL),nPushInit,44,1,0,1,0,0,0,0,0,0,0,0,0,0,0,0,0,0,0,0,0,0,0,0,0,0,0,0,0,0,0,0,0,0,0,0,0,0,0,0,0,0,0,0,0,0
==== BENCHMARK TOOK 5.187
==== BENCHMARK START ===
==== PARAMS kernel=4.9.5-64-net1 malloc=libc hostname=rack-mad-04 threads=44 delta=4 prog=sssp-klsm64mq4  ===
ERROR: ld.so: object '/specific/disk1/home/adamx/malloc/lib64/libjemalloc.so' from LD_PRELOAD cannot be preloaded (cannot open shared object file): ignored.
Galois Benchmark Suite v2.2.1 (r0)
Copyright (C) 2014 The University of Texas at Austin
http://iss.ices.utexas.edu/galois/

application: Single Source Shortest Path
Computes the shortest path from a source node to all nodes in a directed graph using a modified chaotic iteration algorithm
http://iss.ices.utexas.edu/?p=projects/galois/benchmarks/single_source_shortest_path

INFO: CommandLine ./build/debug/apps/sssp/sssp -noverify -t 44 -delta 4 -wl klsm64mq4 -startNode 0 /specific/disk1/home/mad/Galois-PQ/inputs/ljournal-2008.gr
INFO: Hostname rack-mad-04
Read 5363260 nodes
Running Asynchronous with CAS version
INFO: Using delta-step of 1
WARNING: Performance varies considerably due to delta parameter.
WARNING: Do not expect the default to be good for your graph.
Node 1 has distance 126
STATTYPE,LOOP,CATEGORY,n,sum,T0,T1,T2,T3,T4,T5,T6,T7,T8,T9,T10,T11,T12,T13,T14,T15,T16,T17,T18,T19,T20,T21,T22,T23,T24,T25,T26,T27,T28,T29,T30,T31,T32,T33,T34,T35,T36,T37,T38,T39,T40,T41,T42,T43
STAT,(NULL),BadWork,44,12169492,38944,130420,396151,136339,302734,128876,470200,634463,196592,361076,386495,51960,172364,765487,338328,183985,551340,350997,388039,68504,747664,260736,4368,357794,369192,339551,577216,209648,139684,280032,96796,180412,203916,13082,662880,357792,248368,166769,230636,292724,97437,28931,154569,96001
STAT,(NULL),BarrierTime,44,9863276,678315,447235,470448,448671,431411,424151,427360,362527,341467,331848,331080,321606,334886,267188,331083,274642,276737,278895,281011,243193,243573,238892,107232,71531,106034,110876,71763,107148,112904,108030,112931,112708,105755,71749,106559,106265,107867,106243,72425,71794,86914,112150,34805,73374
STAT,(NULL),ConflictTime,44,0,0,0,0,0,0,0,0,0,0,0,0,0,0,0,0,0,0,0,0,0,0,0,0,0,0,0,0,0,0,0,0,0,0,0,0,0,0,0,0,0,0,0,0,0
STAT,(NULL),Conflicts,44,0,0,0,0,0,0,0,0,0,0,0,0,0,0,0,0,0,0,0,0,0,0,0,0,0,0,0,0,0,0,0,0,0,0,0,0,0,0,0,0,0,0,0,0,0
STAT,(NULL),EmptyPopTime,44,233759036,5495651,5598173,5718502,5621837,5412918,5517345,5533501,5576137,5681577,5179239,5453125,5510919,5764009,5536202,5702656,5784677,5792192,5443964,5438809,5679173,5670984,5528226,4959875,5259842,5107543,5085086,5006072,5075067,4845481,5043292,4984813,5036105,5137187,4998900,5010047,5198553,4869043,5081779,5169461,5023944,4950569,5021398,5088243,5166920
STAT,(NULL),EmptyWork,44,1468533950,33713704,33882510,33208689,33835081,33880007,32528504,31014519,32531814,33842793,34054753,33887872,35087803,34480288,33981908,33575482,33906020,31797285,32311646,33993874,30328431,33651084,32091949,34610572,31613733,33548141,33855225,33611657,32764964,32422725,34072138,33769245,34173666,33958457,33928833,34144846,32726780,33689380,33653917,32408034,31900015,34086292,34070212,34080557,33858545
STAT,(NULL),GaloisTime,44,4961709700,113304519,113861170,112692803,112903123,112480808,113069789,113235222,112358421,111991887,112904955,113285115,112956282,112061737,112567903,112178908,111722307,111669667,113063336,114621566,112095566,112176895,112945834,113373688,111748675,112808892,113219559,112611041,113072010,112063243,112345477,114130153,113290043,113220499,112774795,113915674,114463377,111930935,111394049,112458594,113803586,112428944,113195504,111466560,111846589
STAT,(NULL),InitPushTime,44,2718995,2878,154848,79984,41300,41112,40664,41312,41696,40856,40064,40152,39592,39556,65670,39824,39752,39296,38924,37996,38548,38460,38988,109113,109098,108438,107837,107786,107492,62803,107191,107785,61102,60764,59906,60449,59606,59979,60221,59547,57992,57538,56621,58608,57647
STAT,(NULL),Iterations,44,9365485,209077,212553,213086,212775,213351,213351,212178,213160,211778,213429,213943,213188,213269,212995,211577,211731,211071,213631,214053,211299,210342,211124,213490,212790,212621,213626,213514,214089,213402,213260,213818,214932,214131,213269,214030,214783,212181,211358,212162,213932,213883,214310,212034,210909
STAT,(NULL),LoopTime,44,2905341317,2905341317,0,0,0,0,0,0,0,0,0,0,0,0,0,0,0,0,0,0,0,0,0,0,0,0,0,0,0,0,0,0,0,0,0,0,0,0,0,0,0,0,0,0,0
STAT,(NULL),MeminfoPost,44,572,13,13,13,13,13,13,13,13,13,13,13,13,13,13,13,13,13,13,13,13,13,13,13,13,13,13,13,13,13,13,13,13,13,13,13,13,13,13,13,13,13,13,13,13
STAT,(NULL),MeminfoPre,44,572,13,13,13,13,13,13,13,13,13,13,13,13,13,13,13,13,13,13,13,13,13,13,13,13,13,13,13,13,13,13,13,13,13,13,13,13,13,13,13,13,13,13,13,13
STAT,(NULL),NumaPost,44,11023,9751,613,319,340,0,0,0,0,0,0,0,0,0,0,0,0,0,0,0,0,0,0,0,0,0,0,0,0,0,0,0,0,0,0,0,0,0,0,0,0,0,0,0,0
STAT,(NULL),PopTime,44,23172665490,522439263,528168425,527072885,524501392,528418796,528850339,526149433,526041843,522160527,524014832,529971052,526373825,525489608,526390762,525164575,526648088,525371134,525415331,528553897,525624422,524118024,526593952,528722537,529579390,525980736,525359000,525520164,526175884,526393926,526604639,523652358,529217253,526884681,525045381,527680834,530228240,528476185,527615488,528798474,526796265,526858117,526887967,528565792,528089774
STAT,(NULL),PushTime,44,51975239605,1188105730,1176776622,1174287544,1178407460,1172572438,1175108870,1183111138,1180527255,1184172036,1182292412,1173591270,1176812426,1178192095,1181574585,1176790057,1183387185,1178895724,1177013724,1172670959,1178827800,1185322453,1180243734,1184444941,1188405114,1186121544,1180567650,1186839819,1180690390,1181366880,1188878321,1186468301,1183297876,1183116910,1182026367,1183611915,1176315272,1185167479,1183840020,1185884929,1180292308,1182393612,1176707667,1184365859,1185752914
STAT,(NULL),RusageSys,44,0,0,0,0,0,0,0,0,0,0,0,0,0,0,0,0,0,0,0,0,0,0,0,0,0,0,0,0,0,0,0,0,0,0,0,0,0,0,0,0,0,0,0,0,0
STAT,(NULL),RusageUser,44,57376000,57376000,0,0,0,0,0,0,0,0,0,0,0,0,0,0,0,0,0,0,0,0,0,0,0,0,0,0,0,0,0,0,0,0,0,0,0,0,0,0,0,0,0,0,0
STAT,(NULL),Threads,44,44,44,0,0,0,0,0,0,0,0,0,0,0,0,0,0,0,0,0,0,0,0,0,0,0,0,0,0,0,0,0,0,0,0,0,0,0,0,0,0,0,0,0,0,0
STAT,(NULL),Time,44,2916589617,2916589617,0,0,0,0,0,0,0,0,0,0,0,0,0,0,0,0,0,0,0,0,0,0,0,0,0,0,0,0,0,0,0,0,0,0,0,0,0,0,0,0,0,0,0
STAT,(NULL),TotalTime,44,8995671342,8995671342,0,0,0,0,0,0,0,0,0,0,0,0,0,0,0,0,0,0,0,0,0,0,0,0,0,0,0,0,0,0,0,0,0,0,0,0,0,0,0,0,0,0,0
STAT,(NULL),UserTime,44,44247269901,1001936007,1006707023,1012018882,1009730291,1012234138,1009924331,1005955508,1007963540,1007150229,1006553232,1008811128,1008258056,1009011704,1004946767,1011587576,1003551144,1011473398,1011751379,1009720493,1012444140,1004059415,1007595244,998850831,998358786,1001396620,1006877410,1001374504,1007185497,1007873365,998019902,1001957276,999948421,1002647300,1006189378,1000600124,1006031104,1000830596,1003379209,1000244398,1007147766,1004246405,1009081044,1001397663,1000248677
STAT,(NULL),Work,44,126063858602,2865126689,2865099817,2865108225,2865111067,2865097699,2865108702,2865105784,2865107264,2865131890,2865100023,2865103319,2865105355,2865099769,2865103578,2865097740,2865106162,2865098014,2865102706,2865097951,2865101432,2865098583,2865109284,2865071677,2865071731,2865074473,2865068807,2865067760,2865073271,2865064397,2865072432,2865068667,2865063699,2865073188,2865063493,2865073950,2865074847,2865072140,2865073719,2865066371,2865068640,2865072406,2865068771,2865066715,2865066395
STAT,(NULL),nBad,44,16950,59,177,632,178,416,160,645,827,279,478,614,61,222,1170,432,333,737,537,530,96,1052,306,3,413,500,418,855,305,187,334,133,270,273,34,797,529,377,270,302,384,140,38,268,179
STAT,(NULL),nEmpty,44,4549098,101538,102990,103263,103227,103566,103493,103048,103863,102671,103539,103887,103367,103707,103641,102475,103212,102344,103621,103560,102419,101891,102186,103576,104008,103213,103504,103532,103856,103645,104045,104138,104346,104138,103332,103740,104018,103172,102863,103762,104213,104240,104391,103576,102282
STAT,(NULL),nEmptyPop,44,130544,3085,3094,3173,3147,3072,3088,3080,3037,3179,2951,3083,3114,3121,3073,3182,3150,3158,2992,3092,3137,3121,3047,2813,2896,2884,2865,2866,2860,2745,2821,2813,2920,2830,2862,2793,2937,2736,2822,2834,2847,2788,2777,2795,2864
STAT,(NULL),nOverall,44,77896708,1728026,1777865,1797465,1790614,1784797,1787292,1774566,1773363,1772900,1777445,1792779,1779736,1773857,1779958,1769012,1760848,1769390,1775333,1787506,1780470,1748200,1757124,1751807,1755175,1769927,1777283,1781316,1771097,1766995,1761508,1772495,1770194,1775747,1778135,1764923,1771327,1751393,1756914,1741507,1771026,1775301,1791749,1755490,1746853
STAT,(NULL),nPop,44,9365485,209077,212553,213086,212775,213351,213351,212178,213160,211778,213429,213943,213188,213269,212995,211577,211731,211071,213631,214053,211299,210342,211124,213490,212790,212621,213626,213514,214089,213402,213260,213818,214932,214131,213269,214030,214783,212181,211358,212162,213932,213883,214310,212034,210909
STAT,(NULL),nPush,44,9365484,208338,212629,212179,214803,213344,214801,213272,213201,214814,215400,213286,214344,213474,215727,211932,212565,212016,214078,213671,212211,212975,212567,211719,212796,213041,213993,213821,213753,211730,212003,214390,213081,213832,213374,212641,212974,210380,209706,210206,213452,213391,213131,210212,210231
STAT,(NULL),nPushInit,44,1,0,1,0,0,0,0,0,0,0,0,0,0,0,0,0,0,0,0,0,0,0,0,0,0,0,0,0,0,0,0,0,0,0,0,0,0,0,0,0,0,0,0,0,0
==== BENCHMARK TOOK 4.901
==== BENCHMARK START ===
==== PARAMS kernel=4.9.5-64-net1 malloc=libc hostname=rack-mad-04 threads=44 delta=4 prog=sssp-klsm64mq4  ===
ERROR: ld.so: object '/specific/disk1/home/adamx/malloc/lib64/libjemalloc.so' from LD_PRELOAD cannot be preloaded (cannot open shared object file): ignored.
Galois Benchmark Suite v2.2.1 (r0)
Copyright (C) 2014 The University of Texas at Austin
http://iss.ices.utexas.edu/galois/

application: Single Source Shortest Path
Computes the shortest path from a source node to all nodes in a directed graph using a modified chaotic iteration algorithm
http://iss.ices.utexas.edu/?p=projects/galois/benchmarks/single_source_shortest_path

INFO: CommandLine ./build/debug/apps/sssp/sssp -noverify -t 44 -delta 4 -wl klsm64mq4 -startNode 0 /specific/disk1/home/mad/Galois-PQ/inputs/ljournal-2008.gr
INFO: Hostname rack-mad-04
Read 5363260 nodes
Running Asynchronous with CAS version
INFO: Using delta-step of 1
WARNING: Performance varies considerably due to delta parameter.
WARNING: Do not expect the default to be good for your graph.
Node 1 has distance 126
STATTYPE,LOOP,CATEGORY,n,sum,T0,T1,T2,T3,T4,T5,T6,T7,T8,T9,T10,T11,T12,T13,T14,T15,T16,T17,T18,T19,T20,T21,T22,T23,T24,T25,T26,T27,T28,T29,T30,T31,T32,T33,T34,T35,T36,T37,T38,T39,T40,T41,T42,T43
STAT,(NULL),BadWork,44,14404059,393253,333420,324172,37154,100093,87220,120924,492291,425958,318004,159652,1256412,199857,265778,131779,852963,519916,453842,297104,71443,941036,276148,272836,275428,260651,157400,204928,285804,631795,242486,68124,360732,168690,348340,103364,483812,66480,395956,386400,370002,412968,518668,104044,226732
STAT,(NULL),BarrierTime,44,8079988,548501,435001,470932,424494,386429,414181,378815,336969,329024,293231,290364,328698,323833,286170,285664,233722,224646,226833,238244,135965,145643,141667,58913,57713,64847,64253,56673,52793,52036,58708,50327,37927,52679,64553,60792,59100,56804,53771,54540,46009,45201,47260,57437,48626
STAT,(NULL),ConflictTime,44,0,0,0,0,0,0,0,0,0,0,0,0,0,0,0,0,0,0,0,0,0,0,0,0,0,0,0,0,0,0,0,0,0,0,0,0,0,0,0,0,0,0,0,0,0
STAT,(NULL),Conflicts,44,0,0,0,0,0,0,0,0,0,0,0,0,0,0,0,0,0,0,0,0,0,0,0,0,0,0,0,0,0,0,0,0,0,0,0,0,0,0,0,0,0,0,0,0,0
STAT,(NULL),EmptyPopTime,44,239786440,6480731,5535309,5943967,5701656,5802853,6075255,5470487,5704153,5447426,5778901,5534301,5381595,5450826,5783011,5875455,5723056,5913595,6039845,5928177,5873893,5583473,5725854,5230668,5120758,5033555,5031267,5274613,5149391,5184584,5105626,5313697,5308531,5179685,5294226,4922145,5081108,4926498,5262015,4999136,4999340,5299715,5128307,5046631,5141125
STAT,(NULL),EmptyWork,44,1510620187,36277380,34740544,35845090,35600281,34592415,34305826,35257296,34386488,34597456,33856379,34701316,34759067,34602657,35685110,33727588,32967474,34298229,34709165,34459736,35781165,34566964,32583685,33167384,35105586,34603185,32400798,33946141,34884198,34592402,31880732,33633122,34731096,35009247,34628386,33740216,34299634,35578925,34587069,32627076,32653854,34825337,34087141,32827310,34510037
STAT,(NULL),GaloisTime,44,5212719011,134188766,118633248,118966241,118586249,119034210,120558853,117492130,117533012,117810351,117627313,119536379,118649853,119232532,119233605,116857751,117684131,117207519,117833128,118803330,117795919,119302939,116813980,117167333,118306012,116839295,117965923,117691839,121070988,116842131,118487785,117434459,118698156,118870686,117388174,117620594,119088562,116407118,116058495,116964322,120081366,118365329,118955544,116038220,116995241
STAT,(NULL),InitPushTime,44,2563403,5324,96472,60924,41416,41744,40856,41464,41280,40820,40208,40000,39720,39600,39176,40204,41000,41324,39368,40316,67612,66560,67856,106166,135070,135222,135092,135424,106751,107129,105543,107586,36892,37064,37424,36680,36232,37656,37460,36844,35912,35788,36036,36136,36052
STAT,(NULL),Iterations,44,9367275,173758,214135,213876,215299,213978,214664,213222,213970,213734,213009,215470,215060,214483,214399,213117,212130,211957,214221,214172,213105,212257,212215,213941,213319,213547,214698,214543,215255,213434,214530,214539,214761,215072,213923,214259,215291,212873,211929,211829,214730,214493,213963,212067,212048
STAT,(NULL),LoopTime,44,3072096575,3072096575,0,0,0,0,0,0,0,0,0,0,0,0,0,0,0,0,0,0,0,0,0,0,0,0,0,0,0,0,0,0,0,0,0,0,0,0,0,0,0,0,0,0,0
STAT,(NULL),MeminfoPost,44,572,13,13,13,13,13,13,13,13,13,13,13,13,13,13,13,13,13,13,13,13,13,13,13,13,13,13,13,13,13,13,13,13,13,13,13,13,13,13,13,13,13,13,13,13
STAT,(NULL),MeminfoPre,44,572,13,13,13,13,13,13,13,13,13,13,13,13,13,13,13,13,13,13,13,13,13,13,13,13,13,13,13,13,13,13,13,13,13,13,13,13,13,13,13,13,13,13,13,13
STAT,(NULL),NumaPost,44,11053,9777,839,314,123,0,0,0,0,0,0,0,0,0,0,0,0,0,0,0,0,0,0,0,0,0,0,0,0,0,0,0,0,0,0,0,0,0,0,0,0,0,0,0,0
STAT,(NULL),PopTime,44,23772390503,527499394,541344882,539649703,537864888,539012124,540459841,541440991,543116624,538361825,537319362,541559130,542255222,542234358,537956725,543339878,538882610,539591851,539280161,536792208,538979801,540360894,539817491,541516997,537531739,541079506,541815597,539364256,539584496,542529978,541290638,542731283,539491447,540467615,540779857,542085793,541623975,542835696,542874248,541293186,540185746,541405030,539159030,544629990,540994437
STAT,(NULL),PushTime,44,54850134615,1259122329,1240545677,1241059405,1239398560,1242724705,1242179816,1249754019,1249032316,1245567760,1250469567,1241205974,1236387769,1241260989,1240581308,1242258784,1248024828,1246622489,1244140564,1240961479,1242610415,1244695108,1248556895,1249981867,1250180081,1251396528,1248583332,1251695008,1244074572,1252073934,1240854023,1252531927,1246448386,1247712593,1244112345,1247872929,1244430573,1253462310,1249287834,1254588507,1240353644,1249206561,1246962551,1253154404,1254009950
STAT,(NULL),RusageSys,44,8000,8000,0,0,0,0,0,0,0,0,0,0,0,0,0,0,0,0,0,0,0,0,0,0,0,0,0,0,0,0,0,0,0,0,0,0,0,0,0,0,0,0,0,0,0
STAT,(NULL),RusageUser,44,60192000,60192000,0,0,0,0,0,0,0,0,0,0,0,0,0,0,0,0,0,0,0,0,0,0,0,0,0,0,0,0,0,0,0,0,0,0,0,0,0,0,0,0,0,0,0
STAT,(NULL),Threads,44,44,44,0,0,0,0,0,0,0,0,0,0,0,0,0,0,0,0,0,0,0,0,0,0,0,0,0,0,0,0,0,0,0,0,0,0,0,0,0,0,0,0,0,0,0
STAT,(NULL),Time,44,3092617984,3092617984,0,0,0,0,0,0,0,0,0,0,0,0,0,0,0,0,0,0,0,0,0,0,0,0,0,0,0,0,0,0,0,0,0,0,0,0,0,0,0,0,0,0,0
STAT,(NULL),TotalTime,44,9549077332,9549077332,0,0,0,0,0,0,0,0,0,0,0,0,0,0,0,0,0,0,0,0,0,0,0,0,0,0,0,0,0,0,0,0,0,0,0,0,0,0,0,0,0,0,0
STAT,(NULL),UserTime,44,46681093361,1042486903,1065255093,1064598557,1068911767,1064895672,1062481501,1056646405,1056286064,1064275109,1061007196,1063524726,1068627382,1063280027,1066821394,1064004046,1062779921,1062429104,1064060125,1069118788,1065022155,1061551452,1062566181,1058997876,1059819646,1057108989,1060267385,1058092163,1061299745,1054842674,1068442955,1054420705,1061385728,1058825152,1063860117,1059820642,1061541198,1052853806,1057994707,1055589680,1067789147,1056962687,1061770331,1054365404,1054413056
STAT,(NULL),Work,44,132271429640,3006201462,3006163251,3006156366,3006158998,3006163791,3006173419,3006169583,3006154327,3006163385,3006159365,3006163306,3006166842,3006173397,3006168103,3006167134,3006162808,3006171458,3006173796,3006156574,3006173615,3006161095,3006164129,3006169004,3006169047,3006159509,3006161586,3006173068,3006176349,3006175618,3006168504,3006177931,3006190100,3006175143,3006161175,3006165559,3006170441,3006171057,3006175176,3006172216,3006174944,3006174956,3006172527,3006159906,3006169620
STAT,(NULL),nBad,44,18298,481,372,416,43,130,118,183,582,543,389,263,1457,271,382,176,1047,748,524,332,115,1272,361,301,341,417,288,243,349,774,339,70,423,218,510,114,618,80,582,441,427,424,610,231,293
STAT,(NULL),nEmpty,44,4550874,83778,103790,103860,104457,103637,103756,102963,103807,103341,103058,104868,104116,103838,103705,103721,103375,102649,104321,103556,103166,102964,103294,103940,103723,104061,104410,105215,104934,104110,104063,104303,104899,104793,104023,103731,104764,103915,102899,103181,104383,104497,104342,103444,103224
STAT,(NULL),nEmptyPop,44,130287,2829,3141,3167,3151,3223,3218,2978,3072,3040,3124,3036,3035,2998,3087,3249,3144,3194,3239,3126,3177,3035,3103,2822,2820,2741,2839,2847,2776,2858,2804,2825,2884,2822,2868,2698,2865,2745,2831,2842,2777,2832,2844,2745,2836
STAT,(NULL),nOverall,44,77898056,1611147,1794003,1799347,1807006,1792022,1793180,1774473,1765452,1787808,1781971,1791946,1799544,1789116,1800554,1777117,1775805,1777969,1792084,1793363,1778494,1772925,1771802,1767371,1757560,1768425,1776047,1760800,1779413,1763848,1773513,1756392,1783338,1766738,1780664,1760967,1768553,1743778,1743319,1732039,1777571,1760540,1767430,1746305,1736317
STAT,(NULL),nPop,44,9367275,173758,214135,213876,215299,213978,214664,213222,213970,213734,213009,215470,215060,214483,214399,213117,212130,211957,214221,214172,213105,212257,212215,213941,213319,213547,214698,214543,215255,213434,214530,214539,214761,215072,213923,214259,215291,212873,211929,211829,214730,214493,213963,212067,212048
STAT,(NULL),nPush,44,9367274,194589,214110,214717,215553,215490,215770,215150,215405,215641,215986,215365,214927,214902,216057,213399,213496,213599,215852,215443,213486,213525,214251,210404,211355,211912,213229,213383,212951,211110,210575,214268,212640,212901,212683,212361,212763,210317,208698,209466,212422,212700,214411,210045,209967
STAT,(NULL),nPushInit,44,1,0,1,0,0,0,0,0,0,0,0,0,0,0,0,0,0,0,0,0,0,0,0,0,0,0,0,0,0,0,0,0,0,0,0,0,0,0,0,0,0,0,0,0,0
==== BENCHMARK TOOK 5.188
==== BENCHMARK START ===
==== PARAMS kernel=4.9.5-64-net1 malloc=libc hostname=rack-mad-04 threads=44 delta=4 prog=sssp-klsm64mq4  ===
ERROR: ld.so: object '/specific/disk1/home/adamx/malloc/lib64/libjemalloc.so' from LD_PRELOAD cannot be preloaded (cannot open shared object file): ignored.
Galois Benchmark Suite v2.2.1 (r0)
Copyright (C) 2014 The University of Texas at Austin
http://iss.ices.utexas.edu/galois/

application: Single Source Shortest Path
Computes the shortest path from a source node to all nodes in a directed graph using a modified chaotic iteration algorithm
http://iss.ices.utexas.edu/?p=projects/galois/benchmarks/single_source_shortest_path

INFO: CommandLine ./build/debug/apps/sssp/sssp -noverify -t 44 -delta 4 -wl klsm64mq4 -startNode 0 /specific/disk1/home/mad/Galois-PQ/inputs/ljournal-2008.gr
INFO: Hostname rack-mad-04
Read 5363260 nodes
Running Asynchronous with CAS version
INFO: Using delta-step of 1
WARNING: Performance varies considerably due to delta parameter.
WARNING: Do not expect the default to be good for your graph.
Node 1 has distance 126
STATTYPE,LOOP,CATEGORY,n,sum,T0,T1,T2,T3,T4,T5,T6,T7,T8,T9,T10,T11,T12,T13,T14,T15,T16,T17,T18,T19,T20,T21,T22,T23,T24,T25,T26,T27,T28,T29,T30,T31,T32,T33,T34,T35,T36,T37,T38,T39,T40,T41,T42,T43
STAT,(NULL),BadWork,44,9646303,171872,35980,201204,247516,160864,118176,592044,223932,184156,230147,139196,156512,138027,245820,119380,109730,149888,241896,119200,81644,191940,286712,87988,107403,81856,281024,111756,241663,251789,421232,2704,128728,528368,616864,208388,276008,109092,185340,39700,543492,796284,192376,260840,27572
STAT,(NULL),BarrierTime,44,7870645,615616,454544,469674,446787,392926,401675,392938,346943,360392,307708,293660,306088,293552,291532,295204,238614,244533,244053,243124,184075,197692,195835,32458,26531,33674,31617,27486,33339,32807,32796,25834,33470,24028,32857,27757,28106,32894,26224,32811,25793,33057,27770,25680,26491
STAT,(NULL),ConflictTime,44,0,0,0,0,0,0,0,0,0,0,0,0,0,0,0,0,0,0,0,0,0,0,0,0,0,0,0,0,0,0,0,0,0,0,0,0,0,0,0,0,0,0,0,0,0
STAT,(NULL),Conflicts,44,0,0,0,0,0,0,0,0,0,0,0,0,0,0,0,0,0,0,0,0,0,0,0,0,0,0,0,0,0,0,0,0,0,0,0,0,0,0,0,0,0,0,0,0,0
STAT,(NULL),EmptyPopTime,44,235611512,6001038,5348143,5668871,5626462,5503750,5513556,5576891,5460880,5646260,5563953,5668691,5870673,5663229,5626060,5715309,5711696,5693243,5715000,5577229,5581269,5721003,5543270,4854654,4971245,5128477,5036736,5002687,5075628,5070831,5041441,5111301,5140327,5045069,5124794,5098172,5145967,5090762,5087459,5230817,5003327,5093473,4975803,5118960,5167106
STAT,(NULL),EmptyWork,44,1475004490,33663211,33877190,33470701,32830678,34072153,34238940,34340290,34104221,31596128,32922507,33968856,34319777,32583569,32969098,34148293,34686381,32264600,34676363,33823868,34158004,33721744,34103409,32867617,34282185,34155049,34964710,32732669,34610102,32802265,33798262,32955189,34318254,34431575,31367928,32912434,34220800,31984466,31531654,32921651,31636086,34940043,34272634,32952754,33806182
STAT,(NULL),GaloisTime,44,4990045933,126383651,113963630,112519672,113669713,113171852,112687512,114358589,113407926,111926467,114862550,112301670,114757242,112475171,112361193,112873530,112448627,111582405,112522423,113535650,112864869,112372761,111906053,113425171,112507165,112842089,113155322,113661498,113601644,112076237,114063946,113954235,115674099,113139989,113004255,114544569,113597746,112964677,111827523,113782745,112177795,113071074,114474016,112184375,111362607
STAT,(NULL),InitPushTime,44,2790042,3684,103108,47676,43020,43020,41952,42992,42848,42460,41336,41396,41360,40872,41148,41996,41672,41172,39972,39644,42044,42164,40088,133403,133020,132835,133228,133532,132043,133194,132564,132479,60644,59636,58476,57888,57304,58776,57348,57172,37604,36604,35608,35716,35344
STAT,(NULL),Iterations,44,9363965,185890,212765,213479,213533,213764,213915,213117,212986,212615,214361,213396,214424,213010,213259,211038,210779,211873,213991,212801,211985,210997,212638,213997,213999,213526,214260,214855,215289,213022,214780,215832,215680,215265,214466,214359,213996,213239,211628,212007,213528,214735,215121,211915,211850
STAT,(NULL),LoopTime,44,2946449260,2946449260,0,0,0,0,0,0,0,0,0,0,0,0,0,0,0,0,0,0,0,0,0,0,0,0,0,0,0,0,0,0,0,0,0,0,0,0,0,0,0,0,0,0,0
STAT,(NULL),MeminfoPost,44,572,13,13,13,13,13,13,13,13,13,13,13,13,13,13,13,13,13,13,13,13,13,13,13,13,13,13,13,13,13,13,13,13,13,13,13,13,13,13,13,13,13,13,13,13
STAT,(NULL),MeminfoPre,44,572,13,13,13,13,13,13,13,13,13,13,13,13,13,13,13,13,13,13,13,13,13,13,13,13,13,13,13,13,13,13,13,13,13,13,13,13,13,13,13,13,13,13,13,13
STAT,(NULL),NumaPost,44,11034,9753,617,323,341,0,0,0,0,0,0,0,0,0,0,0,0,0,0,0,0,0,0,0,0,0,0,0,0,0,0,0,0,0,0,0,0,0,0,0,0,0,0,0,0
STAT,(NULL),PopTime,44,23299906310,516824773,529841805,530126397,526269171,529493459,529380566,529617943,529348406,527838178,529237611,530339313,529673224,528215436,528520946,529101069,526870530,531717612,532525155,526993225,528631618,527766546,531671002,530671041,534333279,528493630,528890035,532491504,530416247,526967821,532787983,533104172,531130187,532137572,529430785,529040691,529527021,530998718,529476694,529585704,526487012,530396859,530771116,532526524,530237730
STAT,(NULL),PushTime,44,52674551026,1217599353,1198989386,1195388495,1194429323,1196471876,1199263284,1196048623,1199383997,1205972203,1193455424,1197163393,1192777471,1199398546,1196770295,1196287829,1200351034,1194985940,1192486520,1197988788,1195198210,1204187251,1196064715,1198258057,1193040959,1203890630,1198036134,1190264954,1188681483,1200958617,1190735053,1196679979,1190624059,1194453603,1195668672,1194835021,1196376732,1196649347,1200776952,1199549110,1201528612,1196544320,1188583129,1196127993,1201625654
STAT,(NULL),RusageSys,44,0,0,0,0,0,0,0,0,0,0,0,0,0,0,0,0,0,0,0,0,0,0,0,0,0,0,0,0,0,0,0,0,0,0,0,0,0,0,0,0,0,0,0,0,0
STAT,(NULL),RusageUser,44,58180000,58180000,0,0,0,0,0,0,0,0,0,0,0,0,0,0,0,0,0,0,0,0,0,0,0,0,0,0,0,0,0,0,0,0,0,0,0,0,0,0,0,0,0,0,0
STAT,(NULL),Threads,44,44,44,0,0,0,0,0,0,0,0,0,0,0,0,0,0,0,0,0,0,0,0,0,0,0,0,0,0,0,0,0,0,0,0,0,0,0,0,0,0,0,0,0,0,0
STAT,(NULL),Time,44,2960566780,2960566780,0,0,0,0,0,0,0,0,0,0,0,0,0,0,0,0,0,0,0,0,0,0,0,0,0,0,0,0,0,0,0,0,0,0,0,0,0,0,0,0,0,0,0
STAT,(NULL),TotalTime,44,8354206350,8354206350,0,0,0,0,0,0,0,0,0,0,0,0,0,0,0,0,0,0,0,0,0,0,0,0,0,0,0,0,0,0,0,0,0,0,0,0,0,0,0,0,0,0,0
STAT,(NULL),UserTime,44,45194740209,1005658622,1024104226,1028958446,1033305895,1027421069,1025048282,1026188522,1024427350,1023152842,1030088963,1026691651,1028733712,1027795099,1029886099,1028005337,1026062738,1029888748,1028207153,1028212791,1029699064,1022365955,1026845030,1026058239,1026999639,1021623920,1026051350,1031981428,1033747720,1028257886,1029706671,1024331304,1029245889,1026924831,1031538136,1029706663,1027267171,1028447847,1027433825,1025061788,1029299352,1026091048,1033058015,1027222850,1023937043
STAT,(NULL),Work,44,127874393463,2906255004,2906235222,2906241811,2906234934,2906240576,2906232071,2906236946,2906237131,2906223916,2906225615,2906238902,2906224146,2906238887,2906242109,2906235051,2906241785,2906237803,2906236148,2906239900,2906242131,2906224197,2906235469,2906235148,2906237664,2906233141,2906235164,2906240521,2906229310,2906230864,2906229317,2906240386,2906231779,2906237162,2906232908,2906240715,2906240194,2906230378,2906239083,2906233354,2906239214,2906233731,2906240293,2906240884,2906242499
STAT,(NULL),nBad,44,12464,274,36,276,378,221,134,663,317,197,364,159,188,183,337,103,132,165,290,161,98,255,371,124,142,123,319,133,276,291,534,1,194,695,829,281,290,146,256,43,628,1200,232,373,52
STAT,(NULL),nEmpty,44,4547664,90525,103308,103645,103424,103510,103947,103235,103399,103310,104181,103532,104206,103215,103553,102139,102375,102748,103752,102804,103234,102401,103590,103864,103858,103654,103779,104511,104613,103631,104264,104873,104810,105016,104116,104243,104121,103572,102687,102730,103827,104628,104592,102806,103436
STAT,(NULL),nEmptyPop,44,130013,2951,3058,3132,3108,3027,3050,3107,2998,3054,3063,3081,3223,3078,3069,3141,3195,3128,3143,3044,3105,3120,3105,2754,2744,2886,2779,2767,2848,2830,2832,2830,2874,2801,2819,2790,2851,2826,2753,2901,2846,2835,2786,2843,2838
STAT,(NULL),nOverall,44,77892222,1489046,1780856,1772504,1794755,1777818,1763928,1778156,1759551,1767949,1789730,1776508,1771566,1773604,1789918,1778073,1755507,1771200,1776719,1776525,1763708,1759339,1764652,1768109,1780569,1779587,1783640,1792837,1802523,1771962,1787011,1780451,1794468,1789715,1777980,1794081,1786302,1764832,1757009,1763752,1781709,1773259,1802919,1770385,1757510
STAT,(NULL),nPop,44,9363965,185890,212765,213479,213533,213764,213915,213117,212986,212615,214361,213396,214424,213010,213259,211038,210779,211873,213991,212801,211985,210997,212638,213997,213999,213526,214260,214855,215289,213022,214780,215832,215680,215265,214466,214359,213996,213239,211628,212007,213528,214735,215121,211915,211850
STAT,(NULL),nPush,44,9363964,176193,213133,212221,214347,213803,215103,212321,213564,214645,213961,214451,214176,213940,214621,211234,212119,210583,213655,214875,212517,212426,211365,213707,213097,214172,216291,214218,214359,213817,212642,215369,214391,214789,215413,214450,216014,212441,211972,211779,215602,214955,214890,212055,212288
STAT,(NULL),nPushInit,44,1,0,1,0,0,0,0,0,0,0,0,0,0,0,0,0,0,0,0,0,0,0,0,0,0,0,0,0,0,0,0,0,0,0,0,0,0,0,0,0,0,0,0,0,0
==== BENCHMARK TOOK 4.634
==== BENCHMARK START ===
==== PARAMS kernel=4.9.5-64-net1 malloc=libc hostname=rack-mad-04 threads=44 delta=4 prog=sssp-klsm64mq4  ===
ERROR: ld.so: object '/specific/disk1/home/adamx/malloc/lib64/libjemalloc.so' from LD_PRELOAD cannot be preloaded (cannot open shared object file): ignored.
Galois Benchmark Suite v2.2.1 (r0)
Copyright (C) 2014 The University of Texas at Austin
http://iss.ices.utexas.edu/galois/

application: Single Source Shortest Path
Computes the shortest path from a source node to all nodes in a directed graph using a modified chaotic iteration algorithm
http://iss.ices.utexas.edu/?p=projects/galois/benchmarks/single_source_shortest_path

INFO: CommandLine ./build/debug/apps/sssp/sssp -noverify -t 44 -delta 4 -wl klsm64mq4 -startNode 0 /specific/disk1/home/mad/Galois-PQ/inputs/ljournal-2008.gr
INFO: Hostname rack-mad-04
Read 5363260 nodes
Running Asynchronous with CAS version
INFO: Using delta-step of 1
WARNING: Performance varies considerably due to delta parameter.
WARNING: Do not expect the default to be good for your graph.
Node 1 has distance 126
STATTYPE,LOOP,CATEGORY,n,sum,T0,T1,T2,T3,T4,T5,T6,T7,T8,T9,T10,T11,T12,T13,T14,T15,T16,T17,T18,T19,T20,T21,T22,T23,T24,T25,T26,T27,T28,T29,T30,T31,T32,T33,T34,T35,T36,T37,T38,T39,T40,T41,T42,T43
STAT,(NULL),BadWork,44,12602667,239204,68748,425597,266171,639545,70980,134080,284327,302372,415332,123016,142212,352464,300560,150368,355920,410360,208156,462171,534253,319213,273012,8532,106743,119204,314772,901021,343364,110136,629968,235544,163665,442130,259435,50794,87815,194832,490010,249934,285162,90148,262376,224284,554737
STAT,(NULL),BarrierTime,44,8533748,613944,464226,481256,447692,423355,336598,399466,343229,350170,350971,334395,292326,277910,235159,289979,249965,242801,252775,239843,248557,252915,248121,55253,38361,55214,55707,56036,55797,54930,55526,55129,55205,56523,54934,55855,55959,55277,55612,55494,55860,23854,52521,55500,43548
STAT,(NULL),ConflictTime,44,0,0,0,0,0,0,0,0,0,0,0,0,0,0,0,0,0,0,0,0,0,0,0,0,0,0,0,0,0,0,0,0,0,0,0,0,0,0,0,0,0,0,0,0,0
STAT,(NULL),Conflicts,44,0,0,0,0,0,0,0,0,0,0,0,0,0,0,0,0,0,0,0,0,0,0,0,0,0,0,0,0,0,0,0,0,0,0,0,0,0,0,0,0,0,0,0,0,0
STAT,(NULL),EmptyPopTime,44,240968285,5913463,5439788,5775454,5575982,5602965,5812865,5881129,5750202,5804307,5585168,5798027,5760721,5760070,5614407,5696064,5654326,5535222,5795074,5795799,5831365,5777321,5842712,5179982,5217652,5139257,5391043,5196793,5082009,5258732,5420919,5370757,5119751,5106659,5374876,5210387,4923078,5080169,5132240,5275084,4962436,5232961,5437455,5481892,5371722
STAT,(NULL),EmptyWork,44,1475987481,34883925,35332884,34075823,33674251,31418501,34086679,34224457,33093167,33918372,30962863,34309232,34189294,34070836,33243031,34537033,33852228,33881399,32391068,34104871,35047465,33580054,34672115,33320235,32989543,32921140,32043581,33986731,33661828,33831344,34191271,31746174,34258638,33116056,33375336,32595231,33986777,32664832,34200510,32798356,32934258,31858343,34167812,33988130,33801807
STAT,(NULL),GaloisTime,44,4963320742,123270216,112234457,112862432,112275522,113267997,113661962,112492706,111894441,112156914,114026916,112262102,112743442,112123646,112392358,110934848,111266083,111489679,113120682,112276305,112877408,112229030,112518521,113204784,111842707,112195268,113469364,112608202,112466821,111726314,112737435,112690202,114549548,113844096,112458089,112981708,112710466,111296058,111593944,111208484,113934514,112415214,114558844,112495036,111955977
STAT,(NULL),InitPushTime,44,2566306,4068,103460,47508,42672,42644,70084,43000,42740,42152,41336,41176,41496,41636,66316,41764,41352,41156,39608,39260,40584,40128,40024,121997,87274,87032,87142,87340,87164,85661,85323,86438,60588,59546,59737,59738,58872,58982,58960,58154,56804,55997,56437,56474,56482
STAT,(NULL),Iterations,44,9365582,188349,213800,212216,214169,213053,214241,212982,213158,212874,213448,213027,213448,213300,213363,211295,210834,212002,213335,213182,212349,211578,212442,213891,212663,214284,216048,213934,215001,213314,214221,214549,215985,214931,214215,214575,214285,213002,212831,211295,214402,214530,214951,211877,212353
STAT,(NULL),LoopTime,44,2931436980,2931436980,0,0,0,0,0,0,0,0,0,0,0,0,0,0,0,0,0,0,0,0,0,0,0,0,0,0,0,0,0,0,0,0,0,0,0,0,0,0,0,0,0,0,0
STAT,(NULL),MeminfoPost,44,572,13,13,13,13,13,13,13,13,13,13,13,13,13,13,13,13,13,13,13,13,13,13,13,13,13,13,13,13,13,13,13,13,13,13,13,13,13,13,13,13,13,13,13,13
STAT,(NULL),MeminfoPre,44,572,13,13,13,13,13,13,13,13,13,13,13,13,13,13,13,13,13,13,13,13,13,13,13,13,13,13,13,13,13,13,13,13,13,13,13,13,13,13,13,13,13,13,13,13
STAT,(NULL),NumaPost,44,11039,9756,618,540,125,0,0,0,0,0,0,0,0,0,0,0,0,0,0,0,0,0,0,0,0,0,0,0,0,0,0,0,0,0,0,0,0,0,0,0,0,0,0,0,0
STAT,(NULL),PopTime,44,23330294056,523058642,531688421,529309279,531570464,527202854,527942646,528724679,530160314,529065727,527945713,529471764,526378476,528685630,527632884,528218222,528295508,531201236,529234178,527603613,531629041,529525330,534192264,530002060,528500707,533110804,532436125,530550320,532446250,533196591,532687337,528569493,536019819,530279944,527683770,531025963,528944395,532020381,534527174,530243332,531646473,533689620,531186566,531767626,531022421
STAT,(NULL),PushTime,44,52314603243,1195154054,1187942974,1188189909,1187468021,1191396245,1184681896,1192982482,1188864621,1192848020,1188786074,1188661350,1187761773,1190299744,1193982154,1192506757,1195725068,1183993575,1185144692,1190504544,1187620820,1197552737,1180939383,1189473510,1192594929,1191126724,1179610168,1192151939,1190183923,1188889897,1188190739,1187723442,1181005286,1189359121,1193481123,1184989886,1187774075,1192998720,1186743490,1194100640,1183706079,1183299188,1191634937,1186896661,1185661873
STAT,(NULL),RusageSys,44,0,0,0,0,0,0,0,0,0,0,0,0,0,0,0,0,0,0,0,0,0,0,0,0,0,0,0,0,0,0,0,0,0,0,0,0,0,0,0,0,0,0,0,0,0
STAT,(NULL),RusageUser,44,57900000,57900000,0,0,0,0,0,0,0,0,0,0,0,0,0,0,0,0,0,0,0,0,0,0,0,0,0,0,0,0,0,0,0,0,0,0,0,0,0,0,0,0,0,0,0
STAT,(NULL),Threads,44,44,44,0,0,0,0,0,0,0,0,0,0,0,0,0,0,0,0,0,0,0,0,0,0,0,0,0,0,0,0,0,0,0,0,0,0,0,0,0,0,0,0,0,0,0
STAT,(NULL),Time,44,2945263560,2945263560,0,0,0,0,0,0,0,0,0,0,0,0,0,0,0,0,0,0,0,0,0,0,0,0,0,0,0,0,0,0,0,0,0,0,0,0,0,0,0,0,0,0,0
STAT,(NULL),TotalTime,44,9744655931,9744655931,0,0,0,0,0,0,0,0,0,0,0,0,0,0,0,0,0,0,0,0,0,0,0,0,0,0,0,0,0,0,0,0,0,0,0,0,0,0,0,0,0,0,0
STAT,(NULL),UserTime,44,44888072366,1008927686,1018566424,1020997641,1020645988,1022322148,1025021638,1016904988,1021447700,1017417509,1023905474,1020707099,1024377553,1020271049,1018344922,1019320260,1016418505,1025110567,1025524229,1020925840,1018204354,1012547914,1023047866,1020029761,1020063396,1016717291,1028258884,1016714687,1017367796,1018307649,1017981950,1025112082,1020256177,1019502947,1018835284,1024405661,1022872745,1017148355,1019013062,1017585482,1024026701,1024713626,1014224172,1020580866,1023396438
STAT,(NULL),Work,44,127217379792,2891325214,2891287239,2891294261,2891293228,2891317613,2891298681,2891305568,2891297090,2891291624,2891292581,2891306509,2891292083,2891309745,2891294199,2891297440,2891297384,2891305134,2891293281,2891308346,2891294762,2891291860,2891300830,2891308643,2891307738,2891309930,2891310334,2891306549,2891306458,2891307944,2891307651,2891307104,2891310336,2891308216,2891306425,2891307079,2891307158,2891307022,2891306763,2891307049,2891306367,2891305978,2891310034,2891308073,2891322269
STAT,(NULL),nBad,44,16095,301,102,535,372,721,108,169,358,349,514,119,168,486,395,270,470,515,280,653,723,449,376,8,70,142,375,1311,374,134,677,331,205,499,350,57,121,257,639,367,363,103,356,324,599
STAT,(NULL),nEmpty,44,4549236,91337,103763,102993,104131,103804,103992,103825,103346,103308,103449,103393,103251,103557,103331,102498,102223,102770,103461,103430,102954,102927,103581,104039,103240,104096,104866,103628,104899,103945,104024,104250,104947,104778,104500,104135,103918,103830,103012,102591,103854,104264,105417,102665,103014
STAT,(NULL),nEmptyPop,44,131065,2936,3071,3078,3130,3063,3121,3163,3175,3199,3109,3124,3134,3190,3112,3132,3071,3056,3130,3220,3120,3117,3189,2801,2854,2870,2923,2826,2831,2858,2893,2808,2816,2808,2892,2906,2677,2740,2827,2822,2779,2845,2894,2891,2864
STAT,(NULL),nOverall,44,77895853,1625689,1767437,1780296,1773122,1781460,1780473,1763797,1777902,1769164,1787826,1784470,1780490,1765246,1780146,1761789,1745135,1772575,1778684,1767479,1765751,1743805,1762280,1778330,1767653,1770218,1796833,1775502,1772919,1771995,1770643,1800185,1785653,1779461,1773837,1776479,1795823,1751545,1759668,1764292,1793269,1792615,1769222,1769530,1765165
STAT,(NULL),nPop,44,9365582,188349,213800,212216,214169,213053,214241,212982,213158,212874,213448,213027,213448,213300,213363,211295,210834,212002,213335,213182,212349,211578,212442,213891,212663,214284,216048,213934,215001,213314,214221,214549,215985,214931,214215,214575,214285,213002,212831,211295,214402,214530,214951,211877,212353
STAT,(NULL),nPush,44,9365581,197123,212389,212428,214693,213483,213813,213282,212359,213595,213618,213469,213783,213682,214615,211933,211691,210185,213898,214360,211263,211967,210684,212759,213664,213563,213727,214702,215453,213053,212826,214441,213569,214997,215647,213996,214466,212004,210406,211393,214298,213950,216405,211362,210587
STAT,(NULL),nPushInit,44,1,0,1,0,0,0,0,0,0,0,0,0,0,0,0,0,0,0,0,0,0,0,0,0,0,0,0,0,0,0,0,0,0,0,0,0,0,0,0,0,0,0,0,0,0
==== BENCHMARK TOOK 5.287
==== BENCHMARK START ===
==== PARAMS kernel=4.9.5-64-net1 malloc=libc hostname=rack-mad-04 threads=44 delta=4 prog=sssp-klsm64mq4  ===
ERROR: ld.so: object '/specific/disk1/home/adamx/malloc/lib64/libjemalloc.so' from LD_PRELOAD cannot be preloaded (cannot open shared object file): ignored.
Galois Benchmark Suite v2.2.1 (r0)
Copyright (C) 2014 The University of Texas at Austin
http://iss.ices.utexas.edu/galois/

application: Single Source Shortest Path
Computes the shortest path from a source node to all nodes in a directed graph using a modified chaotic iteration algorithm
http://iss.ices.utexas.edu/?p=projects/galois/benchmarks/single_source_shortest_path

INFO: CommandLine ./build/debug/apps/sssp/sssp -noverify -t 44 -delta 4 -wl klsm64mq4 -startNode 0 /specific/disk1/home/mad/Galois-PQ/inputs/ljournal-2008.gr
INFO: Hostname rack-mad-04
Read 5363260 nodes
Running Asynchronous with CAS version
INFO: Using delta-step of 1
WARNING: Performance varies considerably due to delta parameter.
WARNING: Do not expect the default to be good for your graph.
Node 1 has distance 126
STATTYPE,LOOP,CATEGORY,n,sum,T0,T1,T2,T3,T4,T5,T6,T7,T8,T9,T10,T11,T12,T13,T14,T15,T16,T17,T18,T19,T20,T21,T22,T23,T24,T25,T26,T27,T28,T29,T30,T31,T32,T33,T34,T35,T36,T37,T38,T39,T40,T41,T42,T43
STAT,(NULL),BadWork,44,13912477,2155088,515460,208788,457392,195992,279176,244968,113712,206690,91156,228816,156844,199124,481067,107872,406028,292260,274064,112196,524536,461204,266712,629184,438628,156432,96784,486852,321978,272128,79802,125969,83336,99280,34384,924269,384143,219127,14056,83706,169666,194654,595714,170584,352656
STAT,(NULL),BarrierTime,44,8645840,562078,448279,477412,422386,427313,397533,389420,342400,342354,338009,344067,291606,297758,242195,290221,236980,161981,236734,237505,243429,230181,246181,65936,66942,66202,48058,67824,66169,61607,67097,67189,67871,67026,61080,66694,68737,68360,61227,67838,67375,68279,63154,68421,66732
STAT,(NULL),ConflictTime,44,0,0,0,0,0,0,0,0,0,0,0,0,0,0,0,0,0,0,0,0,0,0,0,0,0,0,0,0,0,0,0,0,0,0,0,0,0,0,0,0,0,0,0,0,0
STAT,(NULL),Conflicts,44,0,0,0,0,0,0,0,0,0,0,0,0,0,0,0,0,0,0,0,0,0,0,0,0,0,0,0,0,0,0,0,0,0,0,0,0,0,0,0,0,0,0,0,0,0
STAT,(NULL),EmptyPopTime,44,234920991,7386747,5447616,5489774,5352627,5464054,5626040,5679920,5397937,5560250,5657147,5612364,5684797,5740940,5451387,5595959,5750709,5674836,5531007,5604312,5643516,5672468,5651483,4874811,4933380,4825335,5108456,5136028,4985074,4929890,4797260,5011686,4804254,4875544,5227644,5142466,5044190,4914841,5216877,5158645,5148721,5049039,4892532,5163111,5005317
STAT,(NULL),EmptyWork,44,1496930846,36036626,35237761,33199441,34463719,35108713,32159860,33065330,34024488,34623253,34434166,34712203,32845384,33304804,34814807,34521602,32668197,34162589,35500697,34368895,34461722,33901147,33001025,34618699,33112846,33843606,34021555,34466116,33065857,34572601,34556851,34534393,33434683,35508929,34589768,34136227,34665329,33346822,32975603,33095862,35313736,31316406,34976410,31944866,34217252
STAT,(NULL),GaloisTime,44,5149521582,129617360,117083749,115534722,116366441,115827582,116616603,117123603,115841711,120115295,116406843,116596281,117845710,116297493,116590706,116676549,114840732,116093590,117446100,115968899,115389004,117224522,114864169,116300494,115996722,116273056,117731896,118068966,117429343,116708279,116871125,117314296,117957282,116686429,116678912,117851183,118227625,116869595,115887358,116139687,117340695,117842188,118149834,115976956,114851997
STAT,(NULL),InitPushTime,44,2560134,5074,106972,47004,42540,42720,42196,43548,42724,42276,41352,41508,41072,40740,66447,41268,41520,80366,40400,39108,39920,40004,40000,111862,112318,83042,85580,79332,79882,81546,81568,82999,60031,59276,58726,59238,58006,58579,58843,58293,56848,55873,56144,57120,56269
STAT,(NULL),Iterations,44,9365114,179898,213279,213060,214477,213559,214595,212367,213454,214093,214286,214833,214247,212950,214534,211954,211386,211713,213708,213213,212645,212103,211087,214595,213140,214172,214018,215241,215678,214894,215246,214648,214700,214197,214788,213700,215575,211824,212174,212150,213423,214173,214541,212343,212453
STAT,(NULL),LoopTime,44,3086441124,3086441124,0,0,0,0,0,0,0,0,0,0,0,0,0,0,0,0,0,0,0,0,0,0,0,0,0,0,0,0,0,0,0,0,0,0,0,0,0,0,0,0,0,0,0
STAT,(NULL),MeminfoPost,44,572,13,13,13,13,13,13,13,13,13,13,13,13,13,13,13,13,13,13,13,13,13,13,13,13,13,13,13,13,13,13,13,13,13,13,13,13,13,13,13,13,13,13,13,13
STAT,(NULL),MeminfoPre,44,572,13,13,13,13,13,13,13,13,13,13,13,13,13,13,13,13,13,13,13,13,13,13,13,13,13,13,13,13,13,13,13,13,13,13,13,13,13,13,13,13,13,13,13,13
STAT,(NULL),NumaPost,44,11042,9974,621,327,120,0,0,0,0,0,0,0,0,0,0,0,0,0,0,0,0,0,0,0,0,0,0,0,0,0,0,0,0,0,0,0,0,0,0,0,0,0,0,0,0
STAT,(NULL),PopTime,44,23737255262,526000651,538979773,539901649,539690953,537552855,539185303,537276760,539946159,541409640,539119983,542916874,540699609,539149926,538842489,537808881,538455666,538399230,540114826,538095891,538766942,540423960,537197019,540302414,538235925,539256167,536455699,541111343,541681962,541425773,543675529,539172873,538357877,538323545,540080203,538638662,545172969,537715949,543587246,543563163,537297722,540233980,540046224,542094856,540890142
STAT,(NULL),PushTime,44,55416313463,1273550583,1258154380,1257691493,1257994478,1262758001,1256563158,1260066835,1261644454,1258769645,1258453508,1255349733,1251376612,1268027278,1257020276,1263575124,1261136714,1262871930,1253758158,1256941457,1257017888,1264000252,1264171615,1262196618,1268121260,1264416585,1260725328,1257499633,1253029060,1253025631,1256123281,1256505098,1256303217,1263704881,1256381991,1260298386,1253744638,1261461629,1254885990,1264018078,1257364068,1251833543,1257780306,1260384026,1265616644
STAT,(NULL),RusageSys,44,4000,4000,0,0,0,0,0,0,0,0,0,0,0,0,0,0,0,0,0,0,0,0,0,0,0,0,0,0,0,0,0,0,0,0,0,0,0,0,0,0,0,0,0,0,0
STAT,(NULL),RusageUser,44,60480000,60480000,0,0,0,0,0,0,0,0,0,0,0,0,0,0,0,0,0,0,0,0,0,0,0,0,0,0,0,0,0,0,0,0,0,0,0,0,0,0,0,0,0,0,0
STAT,(NULL),Threads,44,44,44,0,0,0,0,0,0,0,0,0,0,0,0,0,0,0,0,0,0,0,0,0,0,0,0,0,0,0,0,0,0,0,0,0,0,0,0,0,0,0,0,0,0,0
STAT,(NULL),Time,44,3107531900,3107531900,0,0,0,0,0,0,0,0,0,0,0,0,0,0,0,0,0,0,0,0,0,0,0,0,0,0,0,0,0,0,0,0,0,0,0,0,0,0,0,0,0,0,0
STAT,(NULL),TotalTime,44,9092218180,9092218180,0,0,0,0,0,0,0,0,0,0,0,0,0,0,0,0,0,0,0,0,0,0,0,0,0,0,0,0,0,0,0,0,0,0,0,0,0,0,0,0,0,0,0
STAT,(NULL),UserTime,44,46847229421,1047452313,1065143190,1068231909,1066183560,1063339686,1069899102,1066837303,1063195045,1059570594,1065976596,1064860823,1071597536,1057530416,1067328179,1061871828,1067196665,1062845120,1067698114,1069069430,1068770093,1058824856,1065166343,1061754470,1059649347,1061434639,1066005694,1063765558,1069856169,1069388236,1064025899,1067512193,1069194262,1060950256,1067091151,1063984671,1063192758,1065741874,1067496155,1058077139,1067585314,1073774538,1064206082,1064486309,1059468006
STAT,(NULL),Work,44,132886459888,3020193902,3020146787,3020141109,3020151242,3020146132,3020140638,3020140448,3020142185,3020140842,3020150978,3020140316,3020140419,3020141705,3020138827,3020150851,3020150014,3020148829,3020150794,3020151179,3020141441,3020153437,3020140131,3020147318,3020146140,3020146790,3020165086,3020145630,3020146741,3020151987,3020142968,3020143169,3020145356,3020139653,3020151030,3020146718,3020139465,3020142362,3020151940,3020143307,3020139463,3020146191,3020150488,3020139107,3020146773
STAT,(NULL),nBad,44,15706,1858,505,365,517,296,436,329,144,342,120,249,198,240,530,149,531,351,312,146,517,582,326,584,498,251,123,575,345,226,124,152,127,121,43,938,401,293,15,109,263,254,670,237,314
STAT,(NULL),nEmpty,44,4548808,86767,103289,103677,104512,103817,104268,103038,103798,104130,104311,104648,103877,103677,104361,103325,102408,103064,103603,103169,103639,103363,102334,104728,103437,104300,103961,104203,104681,104234,104468,104321,104446,104081,104532,103461,105035,102301,102892,103040,103303,103695,104148,103108,103358
STAT,(NULL),nEmptyPop,44,128937,2846,3125,3084,2968,3042,3121,3096,3006,2990,3170,3078,3130,3182,3051,3092,3188,3098,3073,3189,3098,3073,3105,2724,2723,2672,2802,2839,2770,2758,2683,2747,2725,2723,2897,2888,2830,2695,2859,2811,2833,2804,2748,2856,2745
STAT,(NULL),nOverall,44,77895464,1584822,1782409,1776129,1780215,1774080,1775769,1773519,1761232,1767381,1780796,1784794,1784932,1751763,1777214,1750662,1753686,1764173,1772190,1789983,1767371,1751078,1758884,1770795,1757346,1782390,1784797,1773995,1797546,1790308,1771021,1808224,1795945,1791867,1777627,1785417,1781147,1763865,1770528,1755758,1794877,1796871,1780810,1759154,1742094
STAT,(NULL),nPop,44,9365114,179898,213279,213060,214477,213559,214595,212367,213454,214093,214286,214833,214247,212950,214534,211954,211386,211713,213708,213213,212645,212103,211087,214595,213140,214172,214018,215241,215678,214894,215246,214648,214700,214197,214788,213700,215575,211824,212174,212150,213423,214173,214541,212343,212453
STAT,(NULL),nPush,44,9365113,193333,212442,212738,214507,213891,213928,213127,213506,213574,213843,213012,213120,214282,214473,212085,211795,211492,213647,214045,211963,211637,211302,212625,214020,213476,215355,213629,213740,211058,212717,214481,214619,215132,215236,214308,214555,211720,210293,211440,215285,214178,215410,211814,212280
STAT,(NULL),nPushInit,44,1,0,1,0,0,0,0,0,0,0,0,0,0,0,0,0,0,0,0,0,0,0,0,0,0,0,0,0,0,0,0,0,0,0,0,0,0,0,0,0,0,0,0,0,0
==== BENCHMARK TOOK 5.065
==== BENCHMARK START ===
==== PARAMS kernel=4.9.5-64-net1 malloc=libc hostname=rack-mad-04 threads=44 delta=4 prog=sssp-klsm64mq4  ===
ERROR: ld.so: object '/specific/disk1/home/adamx/malloc/lib64/libjemalloc.so' from LD_PRELOAD cannot be preloaded (cannot open shared object file): ignored.
Galois Benchmark Suite v2.2.1 (r0)
Copyright (C) 2014 The University of Texas at Austin
http://iss.ices.utexas.edu/galois/

application: Single Source Shortest Path
Computes the shortest path from a source node to all nodes in a directed graph using a modified chaotic iteration algorithm
http://iss.ices.utexas.edu/?p=projects/galois/benchmarks/single_source_shortest_path

INFO: CommandLine ./build/debug/apps/sssp/sssp -noverify -t 44 -delta 4 -wl klsm64mq4 -startNode 0 /specific/disk1/home/mad/Galois-PQ/inputs/ljournal-2008.gr
INFO: Hostname rack-mad-04
Read 5363260 nodes
Running Asynchronous with CAS version
INFO: Using delta-step of 1
WARNING: Performance varies considerably due to delta parameter.
WARNING: Do not expect the default to be good for your graph.
Node 1 has distance 126
STATTYPE,LOOP,CATEGORY,n,sum,T0,T1,T2,T3,T4,T5,T6,T7,T8,T9,T10,T11,T12,T13,T14,T15,T16,T17,T18,T19,T20,T21,T22,T23,T24,T25,T26,T27,T28,T29,T30,T31,T32,T33,T34,T35,T36,T37,T38,T39,T40,T41,T42,T43
STAT,(NULL),BadWork,44,12077566,457605,115360,43448,74804,705284,185623,260820,163816,154816,350724,488104,283804,330032,59002,398872,760740,147227,412938,218604,635408,174104,198792,139688,237172,264132,209280,543878,256502,276680,284100,203151,408876,265720,176576,252024,266756,211456,338508,29128,182720,42628,125060,156323,587281
STAT,(NULL),BarrierTime,44,8621465,566607,428179,439387,415350,408755,368675,359823,318907,253705,323543,326645,277525,268291,266217,276202,166984,167031,168338,170328,166896,161974,160201,110866,110570,109837,110954,112120,111016,112440,112100,112152,99927,91174,111527,92375,112232,88814,111787,91233,108784,39989,93193,36297,82515
STAT,(NULL),ConflictTime,44,0,0,0,0,0,0,0,0,0,0,0,0,0,0,0,0,0,0,0,0,0,0,0,0,0,0,0,0,0,0,0,0,0,0,0,0,0,0,0,0,0,0,0,0,0
STAT,(NULL),Conflicts,44,0,0,0,0,0,0,0,0,0,0,0,0,0,0,0,0,0,0,0,0,0,0,0,0,0,0,0,0,0,0,0,0,0,0,0,0,0,0,0,0,0,0,0,0,0
STAT,(NULL),EmptyPopTime,44,240172103,6133784,5554406,5790458,5696573,5798440,5756178,5688364,5695448,5817123,5703338,5782344,5607183,6984320,5821942,5686451,5924370,5586370,5702576,5398375,5637524,5884653,5633593,5103459,5177082,5007560,5125736,5158236,5109740,5198299,5084644,5272377,5056566,4896326,5152485,4930214,5141202,5264839,5260799,5167843,5265401,5074736,5038336,5347276,5055134
STAT,(NULL),EmptyWork,44,1492040491,35045635,34509750,34454050,34087857,35880997,34579477,32635997,34711260,34697907,31951365,34732971,34596569,32018758,33008487,34524043,32378674,32044213,32680390,33056125,34493272,33358285,34504930,33229242,31989753,32692576,34738776,34727948,34189584,34661681,34643752,34853351,33526988,34733506,34630484,31768817,35825128,33732050,34047327,34437786,33341968,33833448,33618158,34668891,34198265
STAT,(NULL),GaloisTime,44,5172023822,128846147,116729077,116661556,117812898,118279762,116833019,116724546,117269185,117332303,118540595,118840060,117995142,116881968,117605509,115862412,117263375,115887500,118036010,116623258,115960574,115521944,116137967,119143628,116625482,116783557,118071813,119242924,117108210,117252556,117399254,119085337,117745705,117344943,117388265,119130076,117531847,116476748,115515819,116286926,117012590,118755914,117462295,115494810,117520316
STAT,(NULL),InitPushTime,44,2334200,4884,101552,47260,42968,42968,42520,43084,43160,69549,41576,41424,41644,40684,40200,41436,72780,72664,72620,72788,72304,71696,73052,95996,65968,63426,67068,67700,66900,67092,65216,67240,36868,37160,35680,36452,35568,37416,36648,36940,34548,57904,35724,57801,36072
STAT,(NULL),Iterations,44,9365586,189744,212687,212640,214655,214420,212865,212979,213642,214076,213516,215134,213160,212783,213272,211640,212226,211234,213842,213575,211383,211591,211823,213057,213224,214448,215572,215397,214693,213597,214168,215576,215113,214746,213693,213450,214936,212578,210924,212478,212873,214140,214528,211246,212262
STAT,(NULL),LoopTime,44,3110608623,3110608623,0,0,0,0,0,0,0,0,0,0,0,0,0,0,0,0,0,0,0,0,0,0,0,0,0,0,0,0,0,0,0,0,0,0,0,0,0,0,0,0,0,0,0
STAT,(NULL),MeminfoPost,44,572,13,13,13,13,13,13,13,13,13,13,13,13,13,13,13,13,13,13,13,13,13,13,13,13,13,13,13,13,13,13,13,13,13,13,13,13,13,13,13,13,13,13,13,13
STAT,(NULL),MeminfoPre,44,572,13,13,13,13,13,13,13,13,13,13,13,13,13,13,13,13,13,13,13,13,13,13,13,13,13,13,13,13,13,13,13,13,13,13,13,13,13,13,13,13,13,13,13,13
STAT,(NULL),NumaPost,44,11046,9759,622,544,121,0,0,0,0,0,0,0,0,0,0,0,0,0,0,0,0,0,0,0,0,0,0,0,0,0,0,0,0,0,0,0,0,0,0,0,0,0,0,0,0
STAT,(NULL),PopTime,44,23855282959,531583797,541449940,540091225,544351043,544825645,538348712,541687323,544921224,544227663,542846762,546757466,539583279,540419216,540593242,541467274,544559761,539000769,544026728,539570361,538530426,539589040,540504129,542663829,540901735,544258224,546784621,542736351,541954371,543044290,543875016,542832873,543560394,543504952,541234215,541022931,543226036,544583555,544096124,543877647,541179987,541340176,545317308,541830087,542523212
STAT,(NULL),PushTime,44,55991940595,1284072384,1267612823,1274448340,1269230828,1265537948,1275737961,1278428622,1266442606,1273055204,1270587486,1261440875,1271674332,1268526759,1274379989,1278093266,1272040926,1274638172,1269535007,1270484197,1277903660,1273519558,1272159867,1275924699,1275397898,1274785108,1264672550,1265766067,1276908701,1272831230,1269180546,1270506257,1266227124,1269922992,1272370218,1271761528,1272584993,1270327984,1277994656,1272387582,1275856837,1278310764,1273874185,1279926654,1274871212
STAT,(NULL),RusageSys,44,0,0,0,0,0,0,0,0,0,0,0,0,0,0,0,0,0,0,0,0,0,0,0,0,0,0,0,0,0,0,0,0,0,0,0,0,0,0,0,0,0,0,0,0,0
STAT,(NULL),RusageUser,44,60968000,60968000,0,0,0,0,0,0,0,0,0,0,0,0,0,0,0,0,0,0,0,0,0,0,0,0,0,0,0,0,0,0,0,0,0,0,0,0,0,0,0,0,0,0,0
STAT,(NULL),Threads,44,44,44,0,0,0,0,0,0,0,0,0,0,0,0,0,0,0,0,0,0,0,0,0,0,0,0,0,0,0,0,0,0,0,0,0,0,0,0,0,0,0,0,0,0,0
STAT,(NULL),Time,44,3131561782,3131561782,0,0,0,0,0,0,0,0,0,0,0,0,0,0,0,0,0,0,0,0,0,0,0,0,0,0,0,0,0,0,0,0,0,0,0,0,0,0,0,0,0,0,0
STAT,(NULL),TotalTime,44,10455397890,10455397890,0,0,0,0,0,0,0,0,0,0,0,0,0,0,0,0,0,0,0,0,0,0,0,0,0,0,0,0,0,0,0,0,0,0,0,0,0,0,0,0,0,0,0
STAT,(NULL),UserTime,44,47199711616,1058656086,1078475662,1072897111,1073163615,1074024296,1073087925,1069178033,1075305592,1069210419,1074714987,1076786187,1074887527,1079511600,1072933663,1068712587,1072174459,1077188652,1074362642,1079214921,1071816825,1076470673,1075404086,1068282513,1074255942,1070818037,1074954818,1076717050,1069078096,1071357684,1074162246,1071796424,1078226597,1073943658,1073571575,1075732637,1070038491,1073961866,1067431202,1072188781,1071691278,1067031782,1069038187,1067075833,1070179371
STAT,(NULL),Work,44,133955727213,3044470254,3044442616,3044453057,3044442894,3044455166,3044450839,3044456288,3044452554,3044440743,3044442805,3044443012,3044443483,3044455024,3044450905,3044446047,3044449187,3044451020,3044444874,3044446489,3044447073,3044456020,3044455015,3044448369,3044448941,3044444196,3044447959,3044442708,3044442617,3044442829,3044443622,3044448540,3044457064,3044446595,3044443932,3044446499,3044447508,3044443746,3044447524,3044446022,3044450902,3044447417,3044444515,3044447698,3044452645
STAT,(NULL),nBad,44,15601,394,169,56,112,793,254,321,222,255,426,636,439,368,127,507,945,180,541,294,795,301,210,166,258,393,280,667,430,353,362,305,622,306,206,372,458,232,454,31,220,51,228,194,668
STAT,(NULL),nEmpty,44,4549234,92534,102808,103108,104424,104749,103518,103208,103700,104079,103464,104481,103891,102893,103564,102773,103050,102626,103817,103460,102924,102941,102741,103431,103421,104518,105109,104599,104663,103571,104058,105222,104542,103958,103665,103512,104959,103353,102688,102784,103056,103989,103902,102738,102743
STAT,(NULL),nEmptyPop,44,130518,3041,3047,3153,3126,3153,3114,3148,3102,3111,3125,3173,3109,3221,3172,3131,3216,3101,3128,3107,3103,3132,3156,2779,2797,2771,2776,2798,2814,2835,2769,2897,2773,2728,2760,2728,2815,2842,2891,2827,2891,2778,2762,2871,2747
STAT,(NULL),nOverall,44,77895359,1612602,1786631,1777551,1785055,1780000,1780089,1761551,1785444,1757986,1782549,1786909,1772170,1783388,1774051,1759898,1746166,1752084,1774484,1783600,1774193,1759858,1770266,1771772,1770900,1771784,1791423,1784380,1774337,1779017,1770681,1791532,1793118,1785047,1791994,1786564,1770380,1756715,1760201,1766966,1773254,1763732,1772636,1762703,1759698
STAT,(NULL),nPop,44,9365586,189744,212687,212640,214655,214420,212865,212979,213642,214076,213516,215134,213160,212783,213272,211640,212226,211234,213842,213575,211383,211591,211823,213057,213224,214448,215572,215397,214693,213597,214168,215576,215113,214746,213693,213450,214936,212578,210924,212478,212873,214140,214528,211246,212262
STAT,(NULL),nPush,44,9365585,193855,211972,212833,214335,213250,215186,213640,211692,212694,214250,212147,214401,213270,215288,211789,211611,212296,214017,213778,212601,211371,210848,213239,213153,213035,214185,213643,215693,212425,212901,214862,214017,214166,214807,214742,215358,211186,211079,210543,215878,214532,216385,211459,211173
STAT,(NULL),nPushInit,44,1,0,1,0,0,0,0,0,0,0,0,0,0,0,0,0,0,0,0,0,0,0,0,0,0,0,0,0,0,0,0,0,0,0,0,0,0,0,0,0,0,0,0,0,0
==== BENCHMARK TOOK 5.661
==== BENCHMARK START ===
==== PARAMS kernel=4.9.5-64-net1 malloc=libc hostname=rack-mad-04 threads=44 delta=4 prog=sssp-klsm64mq4  ===
ERROR: ld.so: object '/specific/disk1/home/adamx/malloc/lib64/libjemalloc.so' from LD_PRELOAD cannot be preloaded (cannot open shared object file): ignored.
Galois Benchmark Suite v2.2.1 (r0)
Copyright (C) 2014 The University of Texas at Austin
http://iss.ices.utexas.edu/galois/

application: Single Source Shortest Path
Computes the shortest path from a source node to all nodes in a directed graph using a modified chaotic iteration algorithm
http://iss.ices.utexas.edu/?p=projects/galois/benchmarks/single_source_shortest_path

INFO: CommandLine ./build/debug/apps/sssp/sssp -noverify -t 44 -delta 4 -wl klsm64mq4 -startNode 0 /specific/disk1/home/mad/Galois-PQ/inputs/ljournal-2008.gr
INFO: Hostname rack-mad-04
Read 5363260 nodes
Running Asynchronous with CAS version
INFO: Using delta-step of 1
WARNING: Performance varies considerably due to delta parameter.
WARNING: Do not expect the default to be good for your graph.
Node 1 has distance 126
STATTYPE,LOOP,CATEGORY,n,sum,T0,T1,T2,T3,T4,T5,T6,T7,T8,T9,T10,T11,T12,T13,T14,T15,T16,T17,T18,T19,T20,T21,T22,T23,T24,T25,T26,T27,T28,T29,T30,T31,T32,T33,T34,T35,T36,T37,T38,T39,T40,T41,T42,T43
STAT,(NULL),BadWork,44,8754045,50212,366493,189452,270060,423716,301488,305692,121453,158796,193162,135548,532092,147999,90960,209781,215536,189776,388816,621876,88368,96524,77528,127860,120936,102820,433024,150044,104216,89894,284708,184184,130300,49084,389100,50976,252396,74000,96185,44712,159213,113768,245780,142109,233408
STAT,(NULL),BarrierTime,44,10127687,688507,496276,520318,502619,470276,472169,467176,408444,412023,378492,383103,385306,381758,373624,370649,316295,314320,262737,326072,279627,289044,272796,63133,64999,65271,64695,58823,62621,65143,64202,66067,64381,63953,66161,61640,64585,64150,45671,62841,34556,65046,63657,61554,62907
STAT,(NULL),ConflictTime,44,0,0,0,0,0,0,0,0,0,0,0,0,0,0,0,0,0,0,0,0,0,0,0,0,0,0,0,0,0,0,0,0,0,0,0,0,0,0,0,0,0,0,0,0,0
STAT,(NULL),Conflicts,44,0,0,0,0,0,0,0,0,0,0,0,0,0,0,0,0,0,0,0,0,0,0,0,0,0,0,0,0,0,0,0,0,0,0,0,0,0,0,0,0,0,0,0,0,0
STAT,(NULL),EmptyPopTime,44,238171823,5731704,5724625,5693713,5615529,5765112,5689321,5873076,5725838,5749567,5558726,5679052,5772217,5748102,5493961,5700783,5894028,5700099,5716597,5758522,5587795,5723050,5747653,5272880,5437719,5228398,5077049,4945381,5001618,5107630,5007201,4919632,4802157,5052705,5156884,5186039,5136446,4995611,5280639,5096988,5136877,5264925,5049963,5247462,5118549
STAT,(NULL),EmptyWork,44,1490650501,34157978,32266169,33918996,33582270,34000714,35320243,33385911,32502583,33575867,33518339,33877513,34051160,31668058,34093176,33864660,34958923,34676556,34176250,34141197,33878046,31276528,33823101,35088593,34160985,33837271,33130062,34172740,34221532,35145177,36064118,33401113,34927967,34087536,34110352,32093831,34220480,33821136,32993441,34023857,34206431,32612946,36310281,34526852,32779562
STAT,(NULL),GaloisTime,44,4958208922,114437446,112364286,112463934,112435919,115000473,112797120,111703914,113597773,113519628,112439022,112099964,112337369,111772630,112928845,111304855,111506733,111815721,112918932,112145774,112588626,111277469,112877859,112005878,113809457,112673572,114531211,112447429,113093261,112799189,113386250,112883045,112534172,112452242,112504391,112327893,113012520,112727737,112326772,112303676,113059241,112515693,114997430,112471508,111012063
STAT,(NULL),InitPushTime,44,2790550,2630,153716,102948,41140,40780,40344,40996,40780,40392,39644,39596,39092,39028,39400,39568,40052,38848,63345,37180,37972,38060,37812,106935,107184,106553,106693,106121,106054,105937,105446,105688,66235,65787,63822,63874,63550,63917,62488,62773,58439,57545,56452,57757,57977
STAT,(NULL),Iterations,44,9362954,207549,213262,212884,213226,213370,213829,212615,212950,212647,212943,212349,213187,211777,213723,211047,210871,211612,213601,212945,211628,210545,211130,213512,213548,213538,215412,214289,215019,212859,213230,214646,213192,213843,213267,213876,214649,211242,211331,211300,213655,213499,214691,211819,210847
STAT,(NULL),LoopTime,44,2926199539,2926199539,0,0,0,0,0,0,0,0,0,0,0,0,0,0,0,0,0,0,0,0,0,0,0,0,0,0,0,0,0,0,0,0,0,0,0,0,0,0,0,0,0,0,0
STAT,(NULL),MeminfoPost,44,572,13,13,13,13,13,13,13,13,13,13,13,13,13,13,13,13,13,13,13,13,13,13,13,13,13,13,13,13,13,13,13,13,13,13,13,13,13,13,13,13,13,13,13,13
STAT,(NULL),MeminfoPre,44,572,13,13,13,13,13,13,13,13,13,13,13,13,13,13,13,13,13,13,13,13,13,13,13,13,13,13,13,13,13,13,13,13,13,13,13,13,13,13,13,13,13,13,13,13
STAT,(NULL),NumaPost,44,11035,9754,617,323,341,0,0,0,0,0,0,0,0,0,0,0,0,0,0,0,0,0,0,0,0,0,0,0,0,0,0,0,0,0,0,0,0,0,0,0,0,0,0,0,0
STAT,(NULL),PopTime,44,23298169197,526234646,533582643,529577726,527130675,529632345,529183122,528398913,528817218,527959128,526856548,528357455,530623362,525736141,529255117,527033622,527375823,530665039,530890379,527944324,529573241,528920632,528512225,529068283,528232438,530050939,534579158,533816917,532783932,529508197,528716448,529277179,526900063,529935965,530405957,531030346,530936130,532951779,529254621,528397041,528911067,528976295,530533808,529813097,531829213
STAT,(NULL),PushTime,44,52107181237,1184005069,1179238848,1185143154,1189279980,1180674922,1182257609,1189962831,1179715643,1181897814,1183763822,1181928732,1185653558,1187384918,1183538511,1190962945,1187486004,1180800596,1181077350,1184013006,1187135073,1187346828,1181773525,1181952163,1185613949,1183595315,1172250454,1186174255,1180055624,1187000083,1180847106,1185481850,1183683108,1185876150,1183649525,1180952111,1177629651,1186400532,1188500816,1190290632,1184530353,1189624108,1179814269,1188964031,1189254414
STAT,(NULL),RusageSys,44,8000,8000,0,0,0,0,0,0,0,0,0,0,0,0,0,0,0,0,0,0,0,0,0,0,0,0,0,0,0,0,0,0,0,0,0,0,0,0,0,0,0,0,0,0,0
STAT,(NULL),RusageUser,44,57792000,57792000,0,0,0,0,0,0,0,0,0,0,0,0,0,0,0,0,0,0,0,0,0,0,0,0,0,0,0,0,0,0,0,0,0,0,0,0,0,0,0,0,0,0,0
STAT,(NULL),Threads,44,44,44,0,0,0,0,0,0,0,0,0,0,0,0,0,0,0,0,0,0,0,0,0,0,0,0,0,0,0,0,0,0,0,0,0,0,0,0,0,0,0,0,0,0,0
STAT,(NULL),Time,44,2937955249,2937955249,0,0,0,0,0,0,0,0,0,0,0,0,0,0,0,0,0,0,0,0,0,0,0,0,0,0,0,0,0,0,0,0,0,0,0,0,0,0,0,0,0,0,0
STAT,(NULL),TotalTime,44,8516121004,8516121004,0,0,0,0,0,0,0,0,0,0,0,0,0,0,0,0,0,0,0,0,0,0,0,0,0,0,0,0,0,0,0,0,0,0,0,0,0,0,0,0,0,0,0
STAT,(NULL),UserTime,44,44893348697,1021467790,1022854003,1019243158,1017994865,1020965150,1020791913,1016714634,1025681085,1023337010,1023902945,1024094238,1017601049,1023728937,1020730301,1017173368,1018816181,1022382703,1021257799,1022036720,1017276292,1021494762,1023304638,1022651339,1018785233,1020653847,1026471831,1014483876,1020883461,1016479667,1022018539,1020077034,1023193706,1018635641,1020213132,1024451025,1025104788,1015142642,1017683527,1015926837,1020196269,1017047943,1019334979,1015016812,1016047028
STAT,(NULL),Work,44,126990187938,2886187120,2886125950,2886134791,2886128592,2886141163,2886141452,2886143298,2886142626,2886140293,2886135008,2886125431,2886129341,2886129220,2886140161,2886134170,2886141220,2886143279,2886128103,2886133474,2886137193,2886129669,2886147593,2886141840,2886137326,2886137019,2886141078,2886145924,2886142913,2886137046,2886142613,2886141067,2886136708,2886142955,2886137182,2886144586,2886136842,2886141459,2886160339,2886142959,2886171535,2886139788,2886142228,2886143325,2886142059
STAT,(NULL),nBad,44,11828,73,507,200,338,573,369,383,233,228,265,207,662,223,133,482,276,265,556,717,129,109,101,150,174,131,535,149,128,136,341,253,216,75,539,57,423,109,189,42,202,188,314,174,274
STAT,(NULL),nEmpty,44,4546641,100371,103590,103181,103538,103726,104117,103176,103325,102792,103354,103161,103735,103290,103682,102741,102259,102568,103418,103438,102931,102110,102482,104028,103708,103451,104473,104604,104566,103595,103527,103794,103120,104191,103232,103824,104207,102584,102907,102590,103826,103833,104078,102785,102733
STAT,(NULL),nEmptyPop,44,130734,3043,3188,3115,3098,3140,3159,3205,3167,3125,3096,3176,3124,3169,3040,3008,3159,3095,3153,3118,3039,3141,3126,2870,2912,2881,2837,2740,2830,2800,2800,2707,2708,2775,2868,2855,2865,2743,2905,2758,2848,2854,2823,2861,2810
STAT,(NULL),nOverall,44,77891586,1799191,1769031,1769367,1771960,1790248,1779669,1762476,1784211,1779581,1782996,1781478,1768926,1765148,1775499,1760013,1758107,1755160,1771380,1781046,1746994,1753475,1764119,1775926,1760869,1774276,1791373,1776614,1776991,1754567,1779440,1774543,1789766,1768173,1780676,1768669,1772833,1756136,1755399,1752724,1770761,1759275,1776511,1753490,1752499
STAT,(NULL),nPop,44,9362954,207549,213262,212884,213226,213370,213829,212615,212950,212647,212943,212349,213187,211777,213723,211047,210871,211612,213601,212945,211628,210545,211130,213512,213548,213538,215412,214289,215019,212859,213230,214646,213192,213843,213267,213876,214649,211242,211331,211300,213655,213499,214691,211819,210847
STAT,(NULL),nPush,44,9362953,221369,212603,213388,214959,213086,214339,213847,212182,213075,214958,214594,214537,214445,214797,212347,211984,212000,213895,214457,213643,212405,211633,210568,210935,211351,211919,212515,212601,211354,210571,213302,212866,213376,212829,212597,213048,210322,208920,209927,212798,213572,213387,209651,210001
STAT,(NULL),nPushInit,44,1,0,1,0,0,0,0,0,0,0,0,0,0,0,0,0,0,0,0,0,0,0,0,0,0,0,0,0,0,0,0,0,0,0,0,0,0,0,0,0,0,0,0,0,0
==== BENCHMARK TOOK 4.795
