==== BENCHMARK START ===
==== PARAMS kernel=4.9.5-64-net1 malloc=libc hostname=rack-castor threads=22 delta=4 prog=sssp-capq  ===
Galois Benchmark Suite v2.2.1 (r0)
Copyright (C) 2014 The University of Texas at Austin
http://iss.ices.utexas.edu/galois/

application: Single Source Shortest Path
Computes the shortest path from a source node to all nodes in a directed graph using a modified chaotic iteration algorithm
http://iss.ices.utexas.edu/?p=projects/galois/benchmarks/single_source_shortest_path

INFO: CommandLine ./build/debug/apps/sssp/sssp -noverify -t 22 -delta 4 -wl capq -startNode 0 /specific/disk1/home/mad/Galois-PQ/inputs/ljournal-2008.gr
INFO: Hostname rack-castor
Read 5363260 nodes
Running Asynchronous with CAS version
INFO: Using delta-step of 1
WARNING: Performance varies considerably due to delta parameter.
WARNING: Do not expect the default to be good for your graph.
Node 1 has distance 126
STATTYPE,LOOP,CATEGORY,n,sum,T0,T1,T2,T3,T4,T5,T6,T7,T8,T9,T10,T11,T12,T13,T14,T15,T16,T17,T18,T19,T20,T21
STAT,(NULL),BadWork,22,4633739781,286876317,243691202,176290477,210527225,200664756,207040507,177722725,180931925,276004797,185352782,182472933,273211682,184743858,169446353,277298795,180652984,171552828,167810029,275474243,176069347,175677671,254226345
STAT,(NULL),BarrierTime,22,48522354,2620249,2433027,2415896,2399477,2424672,2371680,2371444,2285182,171703,2223841,2316112,2290175,2261319,2255086,2280084,2216932,2216524,2216464,2182087,2220220,2158198,2191982
STAT,(NULL),ConflictTime,22,0,0,0,0,0,0,0,0,0,0,0,0,0,0,0,0,0,0,0,0,0,0,0
STAT,(NULL),Conflicts,22,0,0,0,0,0,0,0,0,0,0,0,0,0,0,0,0,0,0,0,0,0,0,0
STAT,(NULL),EmptyPopTime,22,86440597,3869392,4755732,508696,5025973,4718204,3522100,4984052,4863629,4921386,2539868,4741976,4748272,2846317,2342761,4988440,4998448,4989044,2485860,2321938,4900688,2725308,4642513
STAT,(NULL),EmptyWork,22,1673490375,74592588,67229235,73532520,72732965,69957404,73180842,75079939,78138836,78805799,79456544,80268110,78232539,76925605,76995763,80516724,74001732,78825431,74906815,81389427,75654636,74185279,78881642
STAT,(NULL),GaloisTime,22,6835642695,371246650,317601943,284009926,259140574,256626650,255458609,282850318,283220846,408404637,283350334,285091621,391651949,274285518,299012932,395791168,272517902,291392269,284386824,387694181,276985129,277332076,397590639
STAT,(NULL),InitPushTime,22,974884,3528,121940,64548,36305,40040,40284,40488,40300,35246,65883,38676,34308,47940,37840,39092,39088,38516,37052,36900,36452,62854,37604
STAT,(NULL),Iterations,22,10804937,639148,566345,426284,494649,492314,499393,440726,405037,585664,436939,442333,581088,461609,412259,605918,437043,420044,442547,591469,452630,427340,544158
STAT,(NULL),LoopTime,22,5009246654,5009246654,0,0,0,0,0,0,0,0,0,0,0,0,0,0,0,0,0,0,0,0,0
STAT,(NULL),MeminfoPost,22,528,24,24,24,24,24,24,24,24,24,24,24,24,24,24,24,24,24,24,24,24,24,24
STAT,(NULL),MeminfoPre,22,528,24,24,24,24,24,24,24,24,24,24,24,24,24,24,24,24,24,24,24,24,24,24
STAT,(NULL),NumaPost,22,82330,81251,178,801,100,0,0,0,0,0,0,0,0,0,0,0,0,0,0,0,0,0,0
STAT,(NULL),PopTime,22,13885709422,737333858,590658457,585162622,605763603,592491751,588306092,618968548,603989971,725528432,594318524,591964084,711142067,593084006,600638287,733222598,592027148,603638758,611651203,716904160,578173354,611274728,699467171
STAT,(NULL),PushTime,22,33564429254,1217913409,1565994851,1689310970,1632028261,1654135485,1647862930,1632389366,1658344771,1180990710,1633912206,1638489063,1216836729,1640386671,1644506679,1182849067,1674429599,1630062116,1641273367,1218787741,1674839559,1653849985,1235235719
STAT,(NULL),RusageSys,22,392000,392000,0,0,0,0,0,0,0,0,0,0,0,0,0,0,0,0,0,0,0,0,0
STAT,(NULL),RusageUser,22,47012000,47012000,0,0,0,0,0,0,0,0,0,0,0,0,0,0,0,0,0,0,0,0,0
STAT,(NULL),Threads,22,22,22,0,0,0,0,0,0,0,0,0,0,0,0,0,0,0,0,0,0,0,0,0
STAT,(NULL),Time,22,5011134963,5011134963,0,0,0,0,0,0,0,0,0,0,0,0,0,0,0,0,0,0,0,0,0
STAT,(NULL),TotalTime,22,10905164126,10905164126,0,0,0,0,0,0,0,0,0,0,0,0,0,0,0,0,0,0,0,0,0
STAT,(NULL),UserTime,22,51352568706,2476781581,2335502152,2249215230,2307049777,2303808686,2313409519,2267466801,2253186684,2483088134,2288159809,2281185642,2479129179,2294209092,2258244512,2484369483,2263766279,2272834716,2267037935,2474640697,2271190094,2262368774,2465923930
STAT,(NULL),Work,22,107402520559,4881831871,4881826728,4881828466,4881833944,4881829220,4881831580,4881827840,4881852820,4883982708,4881851480,4881829764,4881827463,4881826289,4881856511,4881826752,4881827832,4881827298,4881828784,4881868929,4881828016,4881825294,4881850970
STAT,(NULL),nBad,22,8827315,558950,448100,328980,398894,381704,393886,338778,348723,538792,351832,345267,520239,347039,323339,535491,346979,321366,320999,521694,335072,333022,488169
STAT,(NULL),nEmpty,22,5443188,274852,252315,237953,272741,269480,274949,247307,214743,250488,235923,244242,242534,254846,228436,256158,240398,233122,252221,244622,252765,235344,227749
STAT,(NULL),nEmptyPop,22,19635,773,1249,65,1211,1243,717,1141,1079,1265,466,1190,1217,581,392,1147,1089,1180,450,414,1211,516,1039
STAT,(NULL),nOverall,22,86707073,4075921,4250250,3728955,4457942,4374516,4446581,3799231,4118110,3765457,3890419,3843571,4017049,3982006,3501892,3856919,3790787,3774954,3548485,3981788,3823043,3799559,3879638
STAT,(NULL),nPop,22,10804937,639148,566345,426284,494649,492314,499393,440726,405037,585664,436939,442333,581088,461609,412259,605918,437043,420044,442547,591469,452630,427340,544158
STAT,(NULL),nPush,22,10804936,556201,601255,444696,521853,507804,525359,452937,493034,530333,445050,446258,560225,466460,402673,541668,440793,441633,420595,561883,453625,440185,550416
STAT,(NULL),nPushInit,22,1,0,1,0,0,0,0,0,0,0,0,0,0,0,0,0,0,0,0,0,0,0,0
==== BENCHMARK TOOK 5.795
==== BENCHMARK START ===
==== PARAMS kernel=4.9.5-64-net1 malloc=libc hostname=rack-castor threads=22 delta=4 prog=sssp-capq  ===
Galois Benchmark Suite v2.2.1 (r0)
Copyright (C) 2014 The University of Texas at Austin
http://iss.ices.utexas.edu/galois/

application: Single Source Shortest Path
Computes the shortest path from a source node to all nodes in a directed graph using a modified chaotic iteration algorithm
http://iss.ices.utexas.edu/?p=projects/galois/benchmarks/single_source_shortest_path

INFO: CommandLine ./build/debug/apps/sssp/sssp -noverify -t 22 -delta 4 -wl capq -startNode 0 /specific/disk1/home/mad/Galois-PQ/inputs/ljournal-2008.gr
INFO: Hostname rack-castor
Read 5363260 nodes
Running Asynchronous with CAS version
INFO: Using delta-step of 1
WARNING: Performance varies considerably due to delta parameter.
WARNING: Do not expect the default to be good for your graph.
Node 1 has distance 126
STATTYPE,LOOP,CATEGORY,n,sum,T0,T1,T2,T3,T4,T5,T6,T7,T8,T9,T10,T11,T12,T13,T14,T15,T16,T17,T18,T19,T20,T21
STAT,(NULL),BadWork,22,3744090713,222829035,167197167,147902492,206595478,207368893,166094688,149377444,157446932,146054839,164288871,150177958,235742424,151263903,225831733,146335751,136144055,148007977,153803937,142966085,145758430,145590186,227312435
STAT,(NULL),BarrierTime,22,95604822,4845260,4681432,4674772,4667192,4633600,4626540,4631656,4588389,4490948,4514621,4468692,4552503,4552286,4552553,4511261,4421656,4417926,4492028,4431197,4388067,4388777,73466
STAT,(NULL),ConflictTime,22,0,0,0,0,0,0,0,0,0,0,0,0,0,0,0,0,0,0,0,0,0,0,0
STAT,(NULL),Conflicts,22,0,0,0,0,0,0,0,0,0,0,0,0,0,0,0,0,0,0,0,0,0,0,0
STAT,(NULL),EmptyPopTime,22,100907233,5938912,6338335,6097164,3566516,1644832,734564,5375968,4830150,6028311,6227614,4902252,1127539,1581200,6084592,6016349,5979716,4827432,5630880,1490960,5723800,6090440,4669707
STAT,(NULL),EmptyWork,22,1627530160,79998247,69929987,74171322,64890038,69153440,70887285,75211656,71087968,72119867,76020068,72937944,77926838,75436677,75842566,73913973,76277096,74470474,75962920,75565851,78285816,74445977,72994150
STAT,(NULL),GaloisTime,22,6468285219,378327138,253907198,277723850,317066342,318937555,251186286,271198232,263108389,264513785,262459215,270301980,365045533,277584248,380855013,275490021,281420301,277859117,277992612,274461245,290010829,277550139,361286191
STAT,(NULL),InitPushTime,22,1057162,2980,106556,66992,40556,40016,40016,40512,36450,65758,35294,65223,34557,34481,34326,38972,53328,63851,37172,62252,61409,62502,33959
STAT,(NULL),Iterations,22,10651487,572033,491271,435529,568502,572730,488468,442911,466861,460223,472218,456776,627151,437418,579736,433432,408585,410879,439730,435623,406700,432321,612390
STAT,(NULL),LoopTime,22,4865942526,4865942526,0,0,0,0,0,0,0,0,0,0,0,0,0,0,0,0,0,0,0,0,0
STAT,(NULL),MeminfoPost,22,528,24,24,24,24,24,24,24,24,24,24,24,24,24,24,24,24,24,24,24,24,24,24
STAT,(NULL),MeminfoPre,22,528,24,24,24,24,24,24,24,24,24,24,24,24,24,24,24,24,24,24,24,24,24,24
STAT,(NULL),NumaPost,22,77761,76681,178,802,100,0,0,0,0,0,0,0,0,0,0,0,0,0,0,0,0,0,0
STAT,(NULL),PopTime,22,12070963935,658063546,497265650,551351208,542102155,538863573,533446513,531848002,511368049,527461582,513534821,545252276,621792522,530961607,635673323,520806019,554273830,539615341,529737496,521503831,532212592,502332406,631497593
STAT,(NULL),PushTime,22,33467782886,1194150698,1622400102,1582801486,1481096890,1470647304,1609666819,1614973537,1622273482,1606178818,1606463325,1586381225,1215184721,1606915397,1189733690,1611163357,1590921455,1608548084,1585624462,1621085420,1591084087,1633329331,1217159196
STAT,(NULL),RusageSys,22,304000,304000,0,0,0,0,0,0,0,0,0,0,0,0,0,0,0,0,0,0,0,0,0
STAT,(NULL),RusageUser,22,45492000,45492000,0,0,0,0,0,0,0,0,0,0,0,0,0,0,0,0,0,0,0,0,0
STAT,(NULL),Threads,22,22,22,0,0,0,0,0,0,0,0,0,0,0,0,0,0,0,0,0,0,0,0,0
STAT,(NULL),Time,22,4867833306,4867833306,0,0,0,0,0,0,0,0,0,0,0,0,0,0,0,0,0,0,0,0,0
STAT,(NULL),TotalTime,22,11136393258,11136393258,0,0,0,0,0,0,0,0,0,0,0,0,0,0,0,0,0,0,0,0,0
STAT,(NULL),UserTime,22,49698229143,2385051543,2251692115,2209386276,2292811723,2302284834,2235611243,2202924907,2228864020,2225228545,2236829541,2221753239,2420459262,2209054162,2413341972,2214141963,2192660431,2196209141,2226583418,2207420646,2204213062,2207782477,2413924623
STAT,(NULL),Work,22,103440190583,4701630916,4701619923,4701618462,4701625612,4701624010,4701628358,4701623626,4701620780,4701643261,4701653387,4701627557,4701621798,4701620820,4701621559,4701649876,4701650622,4701619182,4701622392,4701621170,4701624412,4701620786,4706002074
STAT,(NULL),nBad,22,7628873,457374,342518,301494,416124,420703,339471,304016,318604,299675,334099,304594,486419,309270,470841,290340,277465,303944,312520,286682,294583,295874,462263
STAT,(NULL),nEmpty,22,5373768,231294,268034,239773,246652,250664,266087,245926,255255,255682,254728,250286,260563,240644,237393,236780,222780,221590,239507,239294,218437,239221,253178
STAT,(NULL),nEmptyPop,22,13928,843,800,780,742,335,147,659,698,738,873,657,255,359,844,703,737,658,682,284,697,825,612
STAT,(NULL),nOverall,22,85508631,4006077,4249791,3613233,4141708,4215924,4238781,3653820,4015307,3818695,4169037,3888691,4128894,3867974,4087809,3715033,3549183,3717528,3693030,3504595,3516660,3506078,4210783
STAT,(NULL),nPop,22,10651487,572033,491271,435529,568502,572730,488468,442911,466861,460223,472218,456776,627151,437418,579736,433432,408585,410879,439730,435623,406700,432321,612390
STAT,(NULL),nPush,22,10651486,560367,497623,419008,603205,595333,501647,442457,481353,437973,497944,449724,585865,457119,566447,447651,419532,435452,430185,406543,400840,407251,607967
STAT,(NULL),nPushInit,22,1,0,1,0,0,0,0,0,0,0,0,0,0,0,0,0,0,0,0,0,0,0,0
==== BENCHMARK TOOK 5.775
==== BENCHMARK START ===
==== PARAMS kernel=4.9.5-64-net1 malloc=libc hostname=rack-castor threads=22 delta=4 prog=sssp-capq  ===
Galois Benchmark Suite v2.2.1 (r0)
Copyright (C) 2014 The University of Texas at Austin
http://iss.ices.utexas.edu/galois/

application: Single Source Shortest Path
Computes the shortest path from a source node to all nodes in a directed graph using a modified chaotic iteration algorithm
http://iss.ices.utexas.edu/?p=projects/galois/benchmarks/single_source_shortest_path

INFO: CommandLine ./build/debug/apps/sssp/sssp -noverify -t 22 -delta 4 -wl capq -startNode 0 /specific/disk1/home/mad/Galois-PQ/inputs/ljournal-2008.gr
INFO: Hostname rack-castor
Read 5363260 nodes
Running Asynchronous with CAS version
INFO: Using delta-step of 1
WARNING: Performance varies considerably due to delta parameter.
WARNING: Do not expect the default to be good for your graph.
Node 1 has distance 126
STATTYPE,LOOP,CATEGORY,n,sum,T0,T1,T2,T3,T4,T5,T6,T7,T8,T9,T10,T11,T12,T13,T14,T15,T16,T17,T18,T19,T20,T21
STAT,(NULL),BadWork,22,7423037570,396996769,365344159,401972861,312671502,304565123,318507556,261324433,384204626,395540032,261537560,389382981,271737488,351816807,390785742,263040382,384718657,267796149,273634528,402706385,387701520,374630072,262422238
STAT,(NULL),BarrierTime,22,31825371,1789892,212285,1623874,1602768,1609217,1575002,1581849,1516080,1501251,1488902,1532679,1389400,1467829,1500381,1477444,1435096,1398189,1432932,1415634,1402947,1440564,1431156
STAT,(NULL),ConflictTime,22,0,0,0,0,0,0,0,0,0,0,0,0,0,0,0,0,0,0,0,0,0,0,0
STAT,(NULL),Conflicts,22,0,0,0,0,0,0,0,0,0,0,0,0,0,0,0,0,0,0,0,0,0,0,0
STAT,(NULL),EmptyPopTime,22,314005835,50574652,50779355,3597621,3651612,47070344,6857749,3139792,265155,3120342,47748545,3720595,6946840,50680870,3620738,3684052,3634664,7232430,3681116,3523084,3129147,3750184,3596948
STAT,(NULL),EmptyWork,22,1792328202,81189467,72835767,85443247,77975500,77427645,76557007,85314895,82004766,83267079,82374073,85861740,75873137,71764810,82737775,85253562,87071654,79230633,87462791,85238707,84602795,80237113,82604039
STAT,(NULL),GaloisTime,22,7472245890,386261567,324310535,417119528,265999450,260127801,261611286,296860982,391329935,400365832,294226005,395191404,276607474,331614372,395755728,289626464,409483628,282390485,295875253,401063410,402078219,409746044,284600488
STAT,(NULL),InitPushTime,22,865195,3252,107452,41252,40292,40408,35895,36611,36311,39052,39152,34845,39948,34578,34220,44036,35552,38632,37176,37004,36712,35079,37736
STAT,(NULL),Iterations,22,11566980,589596,567096,583115,513373,498748,501168,428745,580050,592563,444473,581656,451294,554184,602203,442878,575968,452769,442399,591284,574275,571181,427962
STAT,(NULL),LoopTime,22,5189222951,5189222951,0,0,0,0,0,0,0,0,0,0,0,0,0,0,0,0,0,0,0,0,0
STAT,(NULL),MeminfoPost,22,528,24,24,24,24,24,24,24,24,24,24,24,24,24,24,24,24,24,24,24,24,24,24
STAT,(NULL),MeminfoPre,22,528,24,24,24,24,24,24,24,24,24,24,24,24,24,24,24,24,24,24,24,24,24,24
STAT,(NULL),NumaPost,22,82478,81395,179,588,316,0,0,0,0,0,0,0,0,0,0,0,0,0,0,0,0,0,0
STAT,(NULL),PopTime,22,16314135531,778218096,674329625,784593287,705813056,643673403,702796868,670354796,825116135,832395683,641296827,806599637,725774652,634023828,804248954,711115598,775697177,722681944,689836647,844604981,786844466,827428040,726691831
STAT,(NULL),PushTime,22,31108025908,1210768480,1498780282,1188879981,1583753308,1631771269,1594176809,1656681136,1214335064,1177689719,1620468689,1214958560,1612666358,1548325705,1193827893,1596210230,1222740389,1602034634,1586760469,1148062080,1213720679,1179718201,1611695973
STAT,(NULL),RusageSys,22,292000,292000,0,0,0,0,0,0,0,0,0,0,0,0,0,0,0,0,0,0,0,0,0
STAT,(NULL),RusageUser,22,48412000,48412000,0,0,0,0,0,0,0,0,0,0,0,0,0,0,0,0,0,0,0,0,0
STAT,(NULL),Threads,22,22,22,0,0,0,0,0,0,0,0,0,0,0,0,0,0,0,0,0,0,0,0,0
STAT,(NULL),Time,22,5191126276,5191126276,0,0,0,0,0,0,0,0,0,0,0,0,0,0,0,0,0,0,0,0,0
STAT,(NULL),TotalTime,22,12029660244,12029660244,0,0,0,0,0,0,0,0,0,0,0,0,0,0,0,0,0,0,0,0,0
STAT,(NULL),UserTime,22,53942925948,2535879418,2421860275,2563260593,2405702454,2382822571,2400895013,2330541586,2529841036,2546054932,2356778638,2536560380,2345025085,2406486669,2562704728,2357003304,2544266157,2349326452,2379279056,2560403116,2552518111,2542013699,2333702675
STAT,(NULL),Work,22,110947315440,5042986924,5044404353,5043009358,5042986952,5042976159,5042989725,5042981327,5042992707,5042998538,5043009182,5042979898,5043079362,5043009893,5042979779,5042980666,5042986369,5043010330,5042981932,5042997410,5043009210,5042982580,5042982786
STAT,(NULL),nBad,22,14371385,758922,700837,755602,623784,609568,629408,513933,726267,758122,518090,738398,543529,667731,741308,524501,727792,534563,538123,772068,741359,722753,524727
STAT,(NULL),nEmpty,22,5894181,262424,272587,258374,302732,291988,292413,252758,260796,269225,265365,259605,267262,265160,277074,264732,265006,271919,257586,262401,255628,267265,251881
STAT,(NULL),nEmptyPop,22,15422,826,700,670,696,767,774,611,54,612,746,740,775,763,741,775,790,746,749,716,610,786,775
STAT,(NULL),nOverall,22,92251143,4282065,4452913,4056041,4645805,4618920,4707270,3910540,4265149,4204745,3956750,4329800,4171258,4213062,4306159,3953209,3934976,3834514,4103579,4191700,4279234,3703343,4130111
STAT,(NULL),nPop,22,11566980,589596,567096,583115,513373,498748,501168,428745,580050,592563,444473,581656,451294,554184,602203,442878,575968,452769,442399,591284,574275,571181,427962
STAT,(NULL),nPush,22,11566979,563340,602971,536775,519450,520624,532947,464565,592175,569340,456021,587129,480455,577637,589543,448532,533351,422310,448667,560395,581148,498838,480766
STAT,(NULL),nPushInit,22,1,0,1,0,0,0,0,0,0,0,0,0,0,0,0,0,0,0,0,0,0,0,0
==== BENCHMARK TOOK 6.227
==== BENCHMARK START ===
==== PARAMS kernel=4.9.5-64-net1 malloc=libc hostname=rack-castor threads=22 delta=4 prog=sssp-capq  ===
Galois Benchmark Suite v2.2.1 (r0)
Copyright (C) 2014 The University of Texas at Austin
http://iss.ices.utexas.edu/galois/

application: Single Source Shortest Path
Computes the shortest path from a source node to all nodes in a directed graph using a modified chaotic iteration algorithm
http://iss.ices.utexas.edu/?p=projects/galois/benchmarks/single_source_shortest_path

INFO: CommandLine ./build/debug/apps/sssp/sssp -noverify -t 22 -delta 4 -wl capq -startNode 0 /specific/disk1/home/mad/Galois-PQ/inputs/ljournal-2008.gr
INFO: Hostname rack-castor
Read 5363260 nodes
Running Asynchronous with CAS version
INFO: Using delta-step of 1
WARNING: Performance varies considerably due to delta parameter.
WARNING: Do not expect the default to be good for your graph.
Node 1 has distance 126
STATTYPE,LOOP,CATEGORY,n,sum,T0,T1,T2,T3,T4,T5,T6,T7,T8,T9,T10,T11,T12,T13,T14,T15,T16,T17,T18,T19,T20,T21
STAT,(NULL),BadWork,22,8889818390,441116414,430998732,448399561,423173547,432459247,359607458,461811595,316350915,313724456,453523337,452029777,312076586,444356102,418009421,458890559,424618062,450802644,327510117,310962243,445406255,428072876,335918486
STAT,(NULL),BarrierTime,22,148173309,7519081,7321806,7322803,7316299,7315235,7296141,7330182,7158169,7225906,7230456,7174149,7231960,7192360,7233169,158062,7160976,3424005,7132146,7155864,7071340,7142050,7061150
STAT,(NULL),ConflictTime,22,0,0,0,0,0,0,0,0,0,0,0,0,0,0,0,0,0,0,0,0,0,0,0
STAT,(NULL),Conflicts,22,0,0,0,0,0,0,0,0,0,0,0,0,0,0,0,0,0,0,0,0,0,0,0
STAT,(NULL),EmptyPopTime,22,265140555,9613684,15310806,12876933,13036181,16542493,17676178,7354956,608636,3685441,12934883,6995508,17530494,14288729,15390815,12912765,9525092,16803533,9408281,13192484,13243716,13027057,13181890
STAT,(NULL),EmptyWork,22,1793744591,71830881,72892279,92555632,74240133,71627692,78795496,81686127,80217867,84062075,81699324,81136168,83487761,87316269,88353838,85576984,87469082,82307016,80771117,83825580,84525864,83440810,75926596
STAT,(NULL),GaloisTime,22,7502268407,335640769,325369153,397793561,327582571,324251753,262682598,365578188,276652570,280735227,368289385,371930162,283524060,402421512,406469753,381623620,399304949,373887473,278263364,285449644,398989184,395904139,259924772
STAT,(NULL),InitPushTime,22,892545,2832,108088,50424,36114,40056,39652,36811,66968,38824,35145,35069,38088,38756,37652,35142,35722,38612,37036,36620,36228,34717,33989
STAT,(NULL),Iterations,22,12103224,581058,572627,573823,587734,574252,493139,645974,432560,482296,603923,606247,448494,584531,579957,596782,561194,627570,447020,447403,596072,565398,495170
STAT,(NULL),LoopTime,22,5292200222,5292200222,0,0,0,0,0,0,0,0,0,0,0,0,0,0,0,0,0,0,0,0,0
STAT,(NULL),MeminfoPost,22,528,24,24,24,24,24,24,24,24,24,24,24,24,24,24,24,24,24,24,24,24,24,24
STAT,(NULL),MeminfoPre,22,528,24,24,24,24,24,24,24,24,24,24,24,24,24,24,24,24,24,24,24,24,24,24
STAT,(NULL),NumaPost,22,78446,77374,396,576,100,0,0,0,0,0,0,0,0,0,0,0,0,0,0,0,0,0,0
STAT,(NULL),PopTime,22,17726083018,778961707,777626311,820537464,739891993,731757905,770089632,871919503,785914033,723713049,850498936,841781303,751659593,895467457,865325993,858468657,862878195,872350837,750437940,725081593,877141314,871093908,703485695
STAT,(NULL),PushTime,22,30953113553,1500302081,1505404795,1228814311,1523064901,1542326261,1594711150,1217150566,1639971299,1653245721,1260016216,1300879472,1630004812,1163931145,1183709947,1205798668,1229442275,1216667536,1637772579,1660557629,1172169538,1205089454,1682083197
STAT,(NULL),RusageSys,22,396000,396000,0,0,0,0,0,0,0,0,0,0,0,0,0,0,0,0,0,0,0,0,0
STAT,(NULL),RusageUser,22,48268000,48268000,0,0,0,0,0,0,0,0,0,0,0,0,0,0,0,0,0,0,0,0,0
STAT,(NULL),Threads,22,22,22,0,0,0,0,0,0,0,0,0,0,0,0,0,0,0,0,0,0,0,0,0
STAT,(NULL),Time,22,5294072124,5294072124,0,0,0,0,0,0,0,0,0,0,0,0,0,0,0,0,0,0,0,0,0
STAT,(NULL),TotalTime,22,10967480760,10967480760,0,0,0,0,0,0,0,0,0,0,0,0,0,0,0,0,0,0,0,0,0
STAT,(NULL),UserTime,22,54488815927,2427700936,2427452490,2571477744,2446235469,2437545816,2400098454,2580365224,2340685471,2378611389,2550614313,2521328955,2357844162,2560631760,2564799912,2579673802,2535434260,2562037569,2367397327,2355944826,2577984820,2555497529,2389453699
STAT,(NULL),Work,22,112739988632,5124147372,5124164242,5124203128,5124159150,5124153085,5124168268,5124140895,5124166388,5124168122,5124172048,5124192707,5124169290,5124171132,5124169181,5131249821,5124145793,5125337032,5124167890,5124146292,5124232396,5124164725,5124199675
STAT,(NULL),nBad,22,17805150,867756,856357,889600,839351,859070,737206,918986,650882,648245,895656,899281,646777,878045,834841,908765,838151,891150,680753,638549,888220,847493,690016
STAT,(NULL),nEmpty,22,6272528,283844,284639,257700,302268,287974,300578,317110,263459,303531,287619,289223,277673,279088,278366,277580,263855,304073,273487,278593,282402,268535,310931
STAT,(NULL),nEmptyPop,22,45386,1728,2492,2451,2493,2607,2457,1265,84,533,2526,1143,2562,1648,2490,2490,1707,2434,1600,2696,2752,2442,2786
STAT,(NULL),nOverall,22,95684908,4367395,4527633,4408361,4622024,4567468,4726710,4519596,4186879,4181158,4564173,4425721,4201358,3968006,3937029,4542883,4264212,4395899,4373522,4126725,4140227,4095027,4542902
STAT,(NULL),nPop,22,12103224,581058,572627,573823,587734,574252,493139,645974,432560,482296,603923,606247,448494,584531,579957,596782,561194,627570,447020,447403,596072,565398,495170
STAT,(NULL),nPush,22,12103223,585902,604642,567473,625108,606763,525451,608947,463707,464692,608676,589277,470718,518833,527553,598617,599153,576918,494261,476990,523098,544631,521813
STAT,(NULL),nPushInit,22,1,0,1,0,0,0,0,0,0,0,0,0,0,0,0,0,0,0,0,0,0,0,0
==== BENCHMARK TOOK 5.762
==== BENCHMARK START ===
==== PARAMS kernel=4.9.5-64-net1 malloc=libc hostname=rack-castor threads=22 delta=4 prog=sssp-capq  ===
Galois Benchmark Suite v2.2.1 (r0)
Copyright (C) 2014 The University of Texas at Austin
http://iss.ices.utexas.edu/galois/

application: Single Source Shortest Path
Computes the shortest path from a source node to all nodes in a directed graph using a modified chaotic iteration algorithm
http://iss.ices.utexas.edu/?p=projects/galois/benchmarks/single_source_shortest_path

INFO: CommandLine ./build/debug/apps/sssp/sssp -noverify -t 22 -delta 4 -wl capq -startNode 0 /specific/disk1/home/mad/Galois-PQ/inputs/ljournal-2008.gr
INFO: Hostname rack-castor
Read 5363260 nodes
Running Asynchronous with CAS version
INFO: Using delta-step of 1
WARNING: Performance varies considerably due to delta parameter.
WARNING: Do not expect the default to be good for your graph.
Node 1 has distance 126
STATTYPE,LOOP,CATEGORY,n,sum,T0,T1,T2,T3,T4,T5,T6,T7,T8,T9,T10,T11,T12,T13,T14,T15,T16,T17,T18,T19,T20,T21
STAT,(NULL),BadWork,22,5073660339,297000356,268384315,193976770,269483867,222863993,219037307,283300511,197379305,185745182,182942732,196725532,197552528,193129840,289041404,201012108,205224670,186476571,295319987,309367207,293935690,187270877,198489587
STAT,(NULL),BarrierTime,22,36959175,2025488,1886570,1897591,1865604,1863478,1800538,1873476,1803006,1665998,1557738,1753871,1758756,1653190,1804160,1783124,1680510,1643841,6830,1645520,1676397,1672028,1641461
STAT,(NULL),ConflictTime,22,0,0,0,0,0,0,0,0,0,0,0,0,0,0,0,0,0,0,0,0,0,0,0
STAT,(NULL),Conflicts,22,0,0,0,0,0,0,0,0,0,0,0,0,0,0,0,0,0,0,0,0,0,0,0
STAT,(NULL),EmptyPopTime,22,90923271,2204302,2594754,487480,2049154,2075624,7303203,6767968,2012021,4615296,7162580,2491449,2323556,2358580,7258932,577422,2157936,7048169,7227301,642817,7357571,7222160,6984996
STAT,(NULL),EmptyWork,22,1720868510,78829303,69455915,78795257,69000217,74082036,69877366,81356746,77486844,81874906,82728899,75954516,79117489,81018952,84659000,75729558,77826378,76721871,79110023,85421003,78837039,83846432,79138760
STAT,(NULL),GaloisTime,22,6926061930,365182870,332313772,283432399,326344064,255202797,258387223,399800260,277287764,295182318,296783618,273193046,284896458,282071667,406696131,275801421,274042904,284038887,386030485,406834099,383041291,292214229,287284227
STAT,(NULL),InitPushTime,22,1120373,3140,107272,50996,40204,39936,66946,36651,36338,96186,65802,38692,38248,85536,37932,35385,58369,61408,33558,33252,59264,60428,34830
STAT,(NULL),Iterations,22,10974963,591656,570218,439702,589781,507012,502941,570628,457212,431080,419791,474627,427672,456237,575141,442653,429290,435728,617160,582606,622562,409383,421883
STAT,(NULL),LoopTime,22,4987287756,4987287756,0,0,0,0,0,0,0,0,0,0,0,0,0,0,0,0,0,0,0,0,0
STAT,(NULL),MeminfoPost,22,528,24,24,24,24,24,24,24,24,24,24,24,24,24,24,24,24,24,24,24,24,24,24
STAT,(NULL),MeminfoPre,22,528,24,24,24,24,24,24,24,24,24,24,24,24,24,24,24,24,24,24,24,24,24,24
STAT,(NULL),NumaPost,22,76251,75162,171,602,316,0,0,0,0,0,0,0,0,0,0,0,0,0,0,0,0,0,0
STAT,(NULL),PopTime,22,13506444340,716684280,631324408,611056928,610087687,577152535,580125609,655559098,608861195,573342720,581949172,580331224,571595196,574173097,677222241,596265501,555065049,590340147,677145022,702225818,696917394,548595557,590424462
STAT,(NULL),PushTime,22,32642561757,1243507709,1443012735,1600283198,1472559504,1613984335,1606593326,1203168849,1592934750,1597654978,1609315795,1616336661,1629943080,1611175172,1164943330,1604700508,1654903892,1619379102,1198663693,1136994746,1184313980,1635255488,1602936926
STAT,(NULL),RusageSys,22,332000,332000,0,0,0,0,0,0,0,0,0,0,0,0,0,0,0,0,0,0,0,0,0
STAT,(NULL),RusageUser,22,46472000,46472000,0,0,0,0,0,0,0,0,0,0,0,0,0,0,0,0,0,0,0,0,0
STAT,(NULL),Threads,22,22,22,0,0,0,0,0,0,0,0,0,0,0,0,0,0,0,0,0,0,0,0,0
STAT,(NULL),Time,22,4989253909,4989253909,0,0,0,0,0,0,0,0,0,0,0,0,0,0,0,0,0,0,0,0,0
STAT,(NULL),TotalTime,22,11905207976,11905207976,0,0,0,0,0,0,0,0,0,0,0,0,0,0,0,0,0,0,0,0,0
STAT,(NULL),UserTime,22,51491254532,2428958492,2356667093,2261312040,2355328976,2312873591,2313084706,2488717604,2276783773,2282696822,2257425568,2287061164,2267492213,2284571239,2494588168,2282295302,2271372264,2257842458,2487194592,2503252100,2484901018,2268236162,2268599187
STAT,(NULL),Work,22,106381838237,4835481077,4835448705,4835475150,4835452374,4835455022,4835449471,4835449749,4835446016,4835447970,4835602936,4835449722,4835450300,4835471395,4835449026,4835475986,4835451116,4835480201,4837091284,4835452939,4835448411,4835454920,4835454467
STAT,(NULL),nBad,22,10050825,581392,518861,382098,521292,439586,439306,563055,397915,370315,365890,394332,394895,388933,570036,401001,410619,357609,590607,612628,578105,374989,397361
STAT,(NULL),nEmpty,22,5553030,248351,255007,246655,268673,286694,282777,242621,258131,243532,235826,272755,239245,257892,243055,246952,233193,247784,269638,247708,269050,225068,232423
STAT,(NULL),nEmptyPop,22,29530,431,664,83,403,443,2487,2455,441,1404,2834,560,535,469,2588,86,441,2303,2636,118,2665,2694,2790
STAT,(NULL),nOverall,22,87930583,4155299,4294875,3672563,4292579,4414044,4465087,4070074,3908212,3636486,3655398,4011070,3998537,3916169,3975165,3970564,4217953,3602350,4087530,4025635,4074521,3740979,3745493
STAT,(NULL),nPop,22,10974963,591656,570218,439702,589781,507012,502941,570628,457212,431080,419791,474627,427672,456237,575141,442653,429290,435728,617160,582606,622562,409383,421883
STAT,(NULL),nPush,22,10974962,577388,602933,425878,622351,506580,518615,575618,449998,412262,413935,466532,472818,455736,535342,461097,498468,426371,554395,558138,568957,436880,434670
STAT,(NULL),nPushInit,22,1,0,1,0,0,0,0,0,0,0,0,0,0,0,0,0,0,0,0,0,0,0,0
==== BENCHMARK TOOK 6.176
==== BENCHMARK START ===
==== PARAMS kernel=4.9.5-64-net1 malloc=libc hostname=rack-castor threads=22 delta=4 prog=sssp-capq  ===
Galois Benchmark Suite v2.2.1 (r0)
Copyright (C) 2014 The University of Texas at Austin
http://iss.ices.utexas.edu/galois/

application: Single Source Shortest Path
Computes the shortest path from a source node to all nodes in a directed graph using a modified chaotic iteration algorithm
http://iss.ices.utexas.edu/?p=projects/galois/benchmarks/single_source_shortest_path

INFO: CommandLine ./build/debug/apps/sssp/sssp -noverify -t 22 -delta 4 -wl capq -startNode 0 /specific/disk1/home/mad/Galois-PQ/inputs/ljournal-2008.gr
INFO: Hostname rack-castor
Read 5363260 nodes
Running Asynchronous with CAS version
INFO: Using delta-step of 1
WARNING: Performance varies considerably due to delta parameter.
WARNING: Do not expect the default to be good for your graph.
Node 1 has distance 126
STATTYPE,LOOP,CATEGORY,n,sum,T0,T1,T2,T3,T4,T5,T6,T7,T8,T9,T10,T11,T12,T13,T14,T15,T16,T17,T18,T19,T20,T21
STAT,(NULL),BadWork,22,7948311260,420982345,389079763,398624197,401858482,388076523,337225376,274794866,397860217,312905353,307449159,285150092,411889910,311841786,401011326,304882865,408969476,409969975,419440078,293340563,414168973,392002160,266787775
STAT,(NULL),BarrierTime,22,35613868,1992088,1778741,1751388,1770774,212744,1748022,1753752,1674112,1704424,1702847,1638480,1678188,1617627,1645673,1629456,1621929,1616476,1624260,1626023,1622436,1619252,1585176
STAT,(NULL),ConflictTime,22,0,0,0,0,0,0,0,0,0,0,0,0,0,0,0,0,0,0,0,0,0,0,0
STAT,(NULL),Conflicts,22,0,0,0,0,0,0,0,0,0,0,0,0,0,0,0,0,0,0,0,0,0,0,0
STAT,(NULL),EmptyPopTime,22,100595765,5868652,5691974,5723616,2222804,5696862,3152378,6824996,2386393,5813115,5902933,370032,5771704,5922913,5774802,5761224,2966040,5794296,2364767,2373800,5752900,2658136,5801428
STAT,(NULL),EmptyWork,22,1765360114,80251919,77712351,75564764,70228995,71108834,74911636,84067765,86482871,83461198,77868933,79145303,84869081,76016973,73616224,83710841,84198062,78116779,82762616,80834224,84583461,89240117,86607167
STAT,(NULL),GaloisTime,22,7322931167,372930607,329112282,355779707,327180522,320135122,259345260,293240202,408797497,283925004,274613007,283843100,396083617,264283142,345111592,283112125,390479318,372543966,377926733,286117036,398162151,401648862,298560315
STAT,(NULL),InitPushTime,22,988180,2780,145056,66780,40248,36392,39944,36663,36162,39184,39188,65369,38304,64526,37840,39148,39288,38796,37208,33100,36400,37932,37872
STAT,(NULL),Iterations,22,11821163,610244,584972,567168,587300,575054,507199,440229,580337,460596,478113,451075,601418,489911,574940,448909,592569,613218,636843,454694,593497,565479,407398
STAT,(NULL),LoopTime,22,5207877756,5207877756,0,0,0,0,0,0,0,0,0,0,0,0,0,0,0,0,0,0,0,0,0
STAT,(NULL),MeminfoPost,22,528,24,24,24,24,24,24,24,24,24,24,24,24,24,24,24,24,24,24,24,24,24,24
STAT,(NULL),MeminfoPre,22,528,24,24,24,24,24,24,24,24,24,24,24,24,24,24,24,24,24,24,24,24,24,24
STAT,(NULL),NumaPost,22,89883,88804,184,579,316,0,0,0,0,0,0,0,0,0,0,0,0,0,0,0,0,0,0
STAT,(NULL),PopTime,22,15392869099,782468807,639802118,653598614,673593130,652322497,657318151,652516437,785676298,648486714,695638992,678793117,761239917,639305630,650285128,650446136,774255413,782913518,764839060,643864279,792977717,763542397,648985029
STAT,(NULL),PushTime,22,32445541814,1277740263,1542678385,1489942845,1530132104,1567412341,1651256462,1664677936,1197577684,1648561226,1612359512,1659638366,1243864601,1672765215,1504270381,1654422903,1240219205,1249372832,1247199705,1672458768,1204063832,1243993168,1670934080
STAT,(NULL),RusageSys,22,336000,336000,0,0,0,0,0,0,0,0,0,0,0,0,0,0,0,0,0,0,0,0,0
STAT,(NULL),RusageUser,22,47868000,47868000,0,0,0,0,0,0,0,0,0,0,0,0,0,0,0,0,0,0,0,0,0
STAT,(NULL),Threads,22,22,22,0,0,0,0,0,0,0,0,0,0,0,0,0,0,0,0,0,0,0,0,0
STAT,(NULL),Time,22,5209753488,5209753488,0,0,0,0,0,0,0,0,0,0,0,0,0,0,0,0,0,0,0,0,0
STAT,(NULL),TotalTime,22,11876317520,11876317520,0,0,0,0,0,0,0,0,0,0,0,0,0,0,0,0,0,0,0,0,0
STAT,(NULL),UserTime,22,53985598100,2526778016,2451045235,2465430630,2442685043,2429364493,2400057083,2344713299,2565118968,2375793563,2379657047,2344247646,2554210610,2387745457,2466984129,2368588021,2553922943,2557297917,2570946063,2360393721,2560502873,2544960624,2335154719
STAT,(NULL),Work,22,111016498041,5046134540,5046136388,5046196104,5046140402,5047699458,5046137628,5046138134,5046151303,5046117429,5046116775,5046120662,5046120146,5046114268,5046151703,5046164744,5046119063,5046125180,5046118931,5046126223,5046123106,5046123728,5046122126
STAT,(NULL),nBad,22,15666898,826273,767867,778818,788848,763117,670466,546749,787048,622849,614365,564844,806704,623263,787357,603365,799988,804454,818636,581349,814642,768955,526941
STAT,(NULL),nEmpty,22,6101128,280488,289157,263417,285474,286527,303924,268725,274122,271984,286801,275534,273889,296657,276772,268975,268820,282393,297812,275964,272122,254146,247425
STAT,(NULL),nEmptyPop,22,25733,1653,1524,1615,427,1568,694,1586,491,1559,1491,84,1635,1575,1506,1500,624,1460,486,507,1633,533,1582
STAT,(NULL),nOverall,22,93546656,4237066,4520132,4330470,4505881,4561780,4628628,3872121,3869216,4444383,4354921,3933158,4193222,4356910,4470837,4263299,4159778,4231894,4391104,3971952,4239090,4168883,3841931
STAT,(NULL),nPop,22,11821163,610244,584972,567168,587300,575054,507199,440229,580337,460596,478113,451075,601418,489911,574940,448909,592569,613218,636843,454694,593497,565479,407398
STAT,(NULL),nPush,22,11821162,587031,606462,596404,615436,627480,525233,442294,516068,510528,496621,459572,556951,486212,573030,487542,554552,557351,581306,442801,575449,568482,454357
STAT,(NULL),nPushInit,22,1,0,1,0,0,0,0,0,0,0,0,0,0,0,0,0,0,0,0,0,0,0,0
==== BENCHMARK TOOK 6.167
==== BENCHMARK START ===
==== PARAMS kernel=4.9.5-64-net1 malloc=libc hostname=rack-castor threads=22 delta=4 prog=sssp-capq  ===
Galois Benchmark Suite v2.2.1 (r0)
Copyright (C) 2014 The University of Texas at Austin
http://iss.ices.utexas.edu/galois/

application: Single Source Shortest Path
Computes the shortest path from a source node to all nodes in a directed graph using a modified chaotic iteration algorithm
http://iss.ices.utexas.edu/?p=projects/galois/benchmarks/single_source_shortest_path

INFO: CommandLine ./build/debug/apps/sssp/sssp -noverify -t 22 -delta 4 -wl capq -startNode 0 /specific/disk1/home/mad/Galois-PQ/inputs/ljournal-2008.gr
INFO: Hostname rack-castor
Read 5363260 nodes
Running Asynchronous with CAS version
INFO: Using delta-step of 1
WARNING: Performance varies considerably due to delta parameter.
WARNING: Do not expect the default to be good for your graph.
Node 1 has distance 126
STATTYPE,LOOP,CATEGORY,n,sum,T0,T1,T2,T3,T4,T5,T6,T7,T8,T9,T10,T11,T12,T13,T14,T15,T16,T17,T18,T19,T20,T21
STAT,(NULL),BadWork,22,5678617315,313051909,296370198,315595490,240489821,243484414,246019983,318249591,322265532,190837879,221589899,320786924,225458823,320120979,216468209,318232536,197153624,205008428,213619969,218717787,216088174,319369228,199637918
STAT,(NULL),BarrierTime,22,6804664,610943,419434,452793,425652,399175,426687,206420,343984,319344,231442,312257,343036,187883,245394,315813,199751,261192,246584,239128,211854,213806,192092
STAT,(NULL),ConflictTime,22,0,0,0,0,0,0,0,0,0,0,0,0,0,0,0,0,0,0,0,0,0,0,0
STAT,(NULL),Conflicts,22,0,0,0,0,0,0,0,0,0,0,0,0,0,0,0,0,0,0,0,0,0,0,0
STAT,(NULL),EmptyPopTime,22,742363603,2559104,24007246,25901603,26260537,26031318,25932607,53797900,53795240,52451956,26203016,26269973,53896906,52603033,26153670,26292313,490440,53868768,26154759,26326156,26296986,53184544,53885528
STAT,(NULL),EmptyWork,22,1698254919,77437449,66190366,80067133,76998977,72762723,73625084,78808911,77371603,75575721,78111741,76268991,75175301,80677045,84214693,80726485,77288313,80494500,79327591,77077310,73749893,79069601,77235488
STAT,(NULL),GaloisTime,22,7018823787,365392095,321283130,394710059,257853011,259300335,259264167,392579745,394099212,293243117,282281030,383978869,271398527,378831817,292830929,383322395,283319116,289513132,283531206,282633997,270386692,394384644,284686562
STAT,(NULL),InitPushTime,22,1084757,3202,167188,116207,40308,40352,39924,40592,40244,38984,65986,38868,43692,35558,38116,35109,64893,38624,33631,48273,36468,34250,44288
STAT,(NULL),Iterations,22,11166827,583553,578830,572897,488789,488763,493932,580249,608818,438235,449026,608374,470049,588191,434320,570904,413672,439974,446386,439636,468974,588075,415180
STAT,(NULL),LoopTime,22,5054199929,5054199929,0,0,0,0,0,0,0,0,0,0,0,0,0,0,0,0,0,0,0,0,0
STAT,(NULL),MeminfoPost,22,528,24,24,24,24,24,24,24,24,24,24,24,24,24,24,24,24,24,24,24,24,24,24
STAT,(NULL),MeminfoPre,22,528,24,24,24,24,24,24,24,24,24,24,24,24,24,24,24,24,24,24,24,24,24,24
STAT,(NULL),NumaPost,22,81966,80900,175,575,316,0,0,0,0,0,0,0,0,0,0,0,0,0,0,0,0,0,0
STAT,(NULL),PopTime,22,15269503722,826951738,677760039,775673854,655622516,660673619,653286840,749269676,756479502,610055664,656155919,778493362,652612953,744971757,644902736,726534926,668389390,611841613,655841642,674331848,658957932,765598113,665098083
STAT,(NULL),PushTime,22,31657374630,1222651311,1459453350,1166032070,1595934496,1599790996,1592346308,1165354742,1150182355,1622307652,1589069797,1174307029,1575499158,1196719291,1586813874,1227467961,1640268906,1597509717,1590734380,1580051547,1605324407,1133355025,1586200258
STAT,(NULL),RusageSys,22,356000,356000,0,0,0,0,0,0,0,0,0,0,0,0,0,0,0,0,0,0,0,0,0
STAT,(NULL),RusageUser,22,47300000,47300000,0,0,0,0,0,0,0,0,0,0,0,0,0,0,0,0,0,0,0,0,0
STAT,(NULL),Threads,22,22,22,0,0,0,0,0,0,0,0,0,0,0,0,0,0,0,0,0,0,0,0,0
STAT,(NULL),Time,22,5056005980,5056005980,0,0,0,0,0,0,0,0,0,0,0,0,0,0,0,0,0,0,0,0,0
STAT,(NULL),TotalTime,22,11805028470,11805028470,0,0,0,0,0,0,0,0,0,0,0,0,0,0,0,0,0,0,0,0,0
STAT,(NULL),UserTime,22,51917602895,2427911128,2374212979,2480523849,2310234031,2304346541,2318452016,2483093692,2490979308,2269274266,2291079860,2483586103,2294320215,2469104849,2287988310,2478562205,2253147321,2289676662,2287317650,2282484099,2288189924,2497315990,2255801897
STAT,(NULL),Work,22,108306348867,4923002036,4922991025,4922996252,4922988902,4922992477,4922990768,4923182326,4922990444,4923017084,4923003071,4922990126,4922993836,4923167708,4923062890,4922994948,4922993582,4922996180,4923018577,4922990352,4922994178,4922998021,4922994084
STAT,(NULL),nBad,22,11228973,605516,564592,624837,482933,485241,494841,629199,643665,381055,441809,637125,450266,615610,429322,620917,397151,405826,422926,439830,428935,620195,407182
STAT,(NULL),nEmpty,22,5673770,250564,267908,252699,276257,276710,280975,257225,268511,259397,254168,267963,267890,250294,245684,242882,234991,252801,255546,249700,269590,252713,239302
STAT,(NULL),nEmptyPop,22,11842,574,556,580,543,544,555,618,542,545,531,548,552,588,502,578,88,585,507,577,530,600,599
STAT,(NULL),nOverall,22,89108731,4203301,4347886,4069014,4429793,4406497,4436838,3922499,3921084,3345550,4135262,4054068,4092313,4334613,3789158,4204527,3899393,3805347,3949444,3944541,3898549,4118388,3800666
STAT,(NULL),nPop,22,11166827,583553,578830,572897,488789,488763,493932,580249,608818,438235,449026,608374,470049,588191,434320,570904,413672,439974,446386,439636,468974,588075,415180
STAT,(NULL),nPush,22,11166826,590509,613600,565344,511374,511752,512594,521744,524936,385839,472955,570902,475978,607263,433244,576607,457035,441632,463321,449357,460985,576063,443792
STAT,(NULL),nPushInit,22,1,0,1,0,0,0,0,0,0,0,0,0,0,0,0,0,0,0,0,0,0,0,0
==== BENCHMARK TOOK 6.086
==== BENCHMARK START ===
==== PARAMS kernel=4.9.5-64-net1 malloc=libc hostname=rack-castor threads=22 delta=4 prog=sssp-capq  ===
Galois Benchmark Suite v2.2.1 (r0)
Copyright (C) 2014 The University of Texas at Austin
http://iss.ices.utexas.edu/galois/

application: Single Source Shortest Path
Computes the shortest path from a source node to all nodes in a directed graph using a modified chaotic iteration algorithm
http://iss.ices.utexas.edu/?p=projects/galois/benchmarks/single_source_shortest_path

INFO: CommandLine ./build/debug/apps/sssp/sssp -noverify -t 22 -delta 4 -wl capq -startNode 0 /specific/disk1/home/mad/Galois-PQ/inputs/ljournal-2008.gr
INFO: Hostname rack-castor
Read 5363260 nodes
Running Asynchronous with CAS version
INFO: Using delta-step of 1
WARNING: Performance varies considerably due to delta parameter.
WARNING: Do not expect the default to be good for your graph.
Node 1 has distance 126
STATTYPE,LOOP,CATEGORY,n,sum,T0,T1,T2,T3,T4,T5,T6,T7,T8,T9,T10,T11,T12,T13,T14,T15,T16,T17,T18,T19,T20,T21
STAT,(NULL),BadWork,22,5951641084,346251441,316486513,327892431,312845580,254652129,316327361,332219295,208648978,232686385,316214328,326328558,222096815,225346949,218979029,205452041,341206450,222682070,239123136,317860561,217821462,236194342,214325230
STAT,(NULL),BarrierTime,22,24957450,1529196,1293576,1349788,179877,1295603,1276907,1273169,1207196,1217741,1129208,1220246,1174960,1159391,1046484,1184016,1127880,1093169,1140762,1099684,753972,1113087,1091538
STAT,(NULL),ConflictTime,22,0,0,0,0,0,0,0,0,0,0,0,0,0,0,0,0,0,0,0,0,0,0,0
STAT,(NULL),Conflicts,22,0,0,0,0,0,0,0,0,0,0,0,0,0,0,0,0,0,0,0,0,0,0,0
STAT,(NULL),EmptyPopTime,22,133861353,2894278,4878915,592204,5192750,6670401,10027788,7656812,5451668,9139169,7159875,7269400,5125680,5054596,5211580,9954016,5187228,7271365,9956107,2657432,2499652,7177582,6832855
STAT,(NULL),EmptyWork,22,1705082043,76757014,66561678,84762068,68949602,73039678,70808110,81640646,82149957,73297806,80838281,83968614,77155133,78164648,77587439,79418237,79920006,82508454,71422960,80420974,77934909,79236549,78539280
STAT,(NULL),GaloisTime,22,7032567685,371879302,320178294,409438372,324470373,257121877,323368435,392573594,293550199,263814629,380449200,387680099,279281288,274698140,282132590,294316197,387510830,290203567,264519612,390555223,281347990,274907092,288570782
STAT,(NULL),InitPushTime,22,940873,4380,170641,63708,36353,36302,36041,36730,40376,35124,39236,34878,38304,34411,37852,35309,39264,38624,33534,36808,36464,34278,42256
STAT,(NULL),Iterations,22,11240988,607700,585620,571715,582326,512253,595887,591492,415400,477064,554373,592714,459910,442172,449130,425001,591193,425916,476023,585201,436743,441834,421321
STAT,(NULL),LoopTime,22,4942917741,4942917741,0,0,0,0,0,0,0,0,0,0,0,0,0,0,0,0,0,0,0,0,0
STAT,(NULL),MeminfoPost,22,528,24,24,24,24,24,24,24,24,24,24,24,24,24,24,24,24,24,24,24,24,24,24
STAT,(NULL),MeminfoPre,22,528,24,24,24,24,24,24,24,24,24,24,24,24,24,24,24,24,24,24,24,24,24,24
STAT,(NULL),NumaPost,22,78549,77470,391,588,100,0,0,0,0,0,0,0,0,0,0,0,0,0,0,0,0,0,0
STAT,(NULL),PopTime,22,13355951052,725140996,572737709,699853153,574697344,558346621,570474460,668942357,587294744,571706922,625876741,666904215,581676676,581499704,592531888,570520395,662722929,561720657,574437294,691917821,559913594,578714152,578320680
STAT,(NULL),PushTime,22,31709864412,1172932412,1469875877,1127016701,1470618969,1588201338,1467887225,1163830035,1583181244,1599642032,1268242676,1168626288,1579596935,1588370633,1575117756,1593478147,1173252940,1588335333,1591493086,1165614806,1606404909,1584537481,1583607589
STAT,(NULL),RusageSys,22,340000,340000,0,0,0,0,0,0,0,0,0,0,0,0,0,0,0,0,0,0,0,0,0
STAT,(NULL),RusageUser,22,46380000,46380000,0,0,0,0,0,0,0,0,0,0,0,0,0,0,0,0,0,0,0,0,0
STAT,(NULL),Threads,22,22,22,0,0,0,0,0,0,0,0,0,0,0,0,0,0,0,0,0,0,0,0,0
STAT,(NULL),Time,22,4946388070,4946388070,0,0,0,0,0,0,0,0,0,0,0,0,0,0,0,0,0,0,0,0,0
STAT,(NULL),TotalTime,22,11495648118,11495648118,0,0,0,0,0,0,0,0,0,0,0,0,0,0,0,0,0,0,0,0,0
STAT,(NULL),UserTime,22,51889540196,2460703694,2376078473,2488649690,2366383372,2326933830,2367745224,2495669589,2258682358,2292712525,2447747483,2495861972,2287474890,2282526026,2277730071,2262624376,2501719729,2280273034,2298484740,2479146012,2282211438,2285741896,2274439774
STAT,(NULL),Work,22,105830571336,4810406658,4810393563,4810397808,4811512625,4810392997,4810393440,4810397330,4810393474,4810393700,4810473718,4810394376,4810399034,4810422758,4810530176,4810397828,4810398434,4810430076,4810393491,4810429872,4810777024,4810420482,4810422472
STAT,(NULL),nBad,22,12058582,696316,639796,674066,628477,520831,628987,660122,429773,471368,624157,654385,452041,467078,457045,420071,686145,449100,495584,635374,452358,476458,439050
STAT,(NULL),nEmpty,22,5702221,263878,275656,249082,270124,296157,280982,261464,237343,276772,230439,258132,265199,252048,262448,247718,254763,242696,275133,260744,251152,249278,241013
STAT,(NULL),nEmptyPop,22,22483,621,1110,110,1165,1116,1287,1166,1205,1131,1148,1260,1192,1058,1189,1153,1135,1013,1205,526,542,1106,1045
STAT,(NULL),nOverall,22,89938340,4192942,4425151,3913299,4419606,4515848,4396962,4218133,3806382,4227477,4287177,4233605,3915888,4144739,3866026,3491653,4021324,3837496,4303958,4039098,3892609,4069622,3719345
STAT,(NULL),nPop,22,11240988,607700,585620,571715,582326,512253,595887,591492,415400,477064,554373,592714,459910,442172,449130,425001,591193,425916,476023,585201,436743,441834,421321
STAT,(NULL),nPush,22,11240987,557180,600973,521283,611425,516693,613224,589775,449676,493931,598098,569274,450461,471771,440533,406187,512214,442060,499703,542802,447504,472946,433274
STAT,(NULL),nPushInit,22,1,0,1,0,0,0,0,0,0,0,0,0,0,0,0,0,0,0,0,0,0,0,0
==== BENCHMARK TOOK 6.010
==== BENCHMARK START ===
==== PARAMS kernel=4.9.5-64-net1 malloc=libc hostname=rack-castor threads=22 delta=4 prog=sssp-capq  ===
Galois Benchmark Suite v2.2.1 (r0)
Copyright (C) 2014 The University of Texas at Austin
http://iss.ices.utexas.edu/galois/

application: Single Source Shortest Path
Computes the shortest path from a source node to all nodes in a directed graph using a modified chaotic iteration algorithm
http://iss.ices.utexas.edu/?p=projects/galois/benchmarks/single_source_shortest_path

INFO: CommandLine ./build/debug/apps/sssp/sssp -noverify -t 22 -delta 4 -wl capq -startNode 0 /specific/disk1/home/mad/Galois-PQ/inputs/ljournal-2008.gr
INFO: Hostname rack-castor
Read 5363260 nodes
Running Asynchronous with CAS version
INFO: Using delta-step of 1
WARNING: Performance varies considerably due to delta parameter.
WARNING: Do not expect the default to be good for your graph.
Node 1 has distance 126
STATTYPE,LOOP,CATEGORY,n,sum,T0,T1,T2,T3,T4,T5,T6,T7,T8,T9,T10,T11,T12,T13,T14,T15,T16,T17,T18,T19,T20,T21
STAT,(NULL),BadWork,22,4537396747,274254451,246262752,158809003,198258024,244832971,199954796,174399184,266064999,168612007,185643339,169841901,178106818,165199260,265327639,175709499,269909942,165375311,272111180,174258736,196091433,193558493,194815009
STAT,(NULL),BarrierTime,22,13844608,1001516,717514,728405,787084,593892,737672,673000,681837,688556,604340,697292,609259,642880,609684,563218,590680,591319,99320,555127,579198,510655,582160
STAT,(NULL),ConflictTime,22,0,0,0,0,0,0,0,0,0,0,0,0,0,0,0,0,0,0,0,0,0,0,0
STAT,(NULL),Conflicts,22,0,0,0,0,0,0,0,0,0,0,0,0,0,0,0,0,0,0,0,0,0,0,0
STAT,(NULL),EmptyPopTime,22,97782922,3283456,5877928,3143705,5820892,5885640,5826784,5882262,3146346,5874000,5797600,3202492,5842143,5844080,3297632,3120452,5825912,3457124,5813056,940696,5866340,872892,3161490
STAT,(NULL),EmptyWork,22,1699826537,84741370,67148136,78042226,74055110,67442755,71957457,76373965,81861145,75891983,81173318,79139848,80989981,78888853,76605500,78472155,86735649,79725962,78734966,75987350,79439447,73272331,73147030
STAT,(NULL),GaloisTime,22,6862739273,389604499,319636562,291900920,260344303,326342730,257942231,283900099,411061661,292629191,287419738,289762780,296890365,292879684,380241738,280144286,413054122,296534871,389196984,290851875,281064827,266925380,264410427
STAT,(NULL),InitPushTime,22,1117413,2984,167670,70986,45280,46300,39640,40568,40308,40160,65524,40156,52938,49957,39504,60608,35294,47510,37104,62055,32900,62539,37428
STAT,(NULL),Iterations,22,10787710,584958,576247,428303,493221,571561,503896,440528,583234,417060,433734,453323,429752,437694,619349,447885,544546,415147,574310,435112,446915,478629,472306
STAT,(NULL),LoopTime,22,5000690524,5000690524,0,0,0,0,0,0,0,0,0,0,0,0,0,0,0,0,0,0,0,0,0
STAT,(NULL),MeminfoPost,22,528,24,24,24,24,24,24,24,24,24,24,24,24,24,24,24,24,24,24,24,24,24,24
STAT,(NULL),MeminfoPre,22,528,24,24,24,24,24,24,24,24,24,24,24,24,24,24,24,24,24,24,24,24,24,24
STAT,(NULL),NumaPost,22,81492,80412,178,586,316,0,0,0,0,0,0,0,0,0,0,0,0,0,0,0,0,0,0
STAT,(NULL),PopTime,22,13331411797,704028200,591689253,571196790,581050873,613332855,565989189,592654878,678820980,572525591,567262397,578801414,605155268,578377910,690434472,593939604,682492799,588310353,678734772,590619646,569755644,577789148,558449761
STAT,(NULL),PushTime,22,33849831625,1220703296,1528478812,1664196003,1647619017,1508720316,1655825051,1639995745,1207325464,1666291184,1651583758,1634373187,1603422028,1641448325,1237642202,1638225605,1210280101,1640354565,1254227823,1640624623,1642637996,1647326823,1668529701
STAT,(NULL),RusageSys,22,312000,312000,0,0,0,0,0,0,0,0,0,0,0,0,0,0,0,0,0,0,0,0,0
STAT,(NULL),RusageUser,22,47124000,47124000,0,0,0,0,0,0,0,0,0,0,0,0,0,0,0,0,0,0,0,0,0
STAT,(NULL),Threads,22,22,22,0,0,0,0,0,0,0,0,0,0,0,0,0,0,0,0,0,0,0,0,0
STAT,(NULL),Time,22,5002588808,5002588808,0,0,0,0,0,0,0,0,0,0,0,0,0,0,0,0,0,0,0,0,0
STAT,(NULL),TotalTime,22,11215513358,11215513358,0,0,0,0,0,0,0,0,0,0,0,0,0,0,0,0,0,0,0,0,0
STAT,(NULL),UserTime,22,51431388582,2473678275,2363216806,2267564980,2307156289,2354321050,2318503558,2277240109,2493832339,2262832613,2282806229,2290764219,2283746436,2278602611,2487822805,2282140686,2477656557,2267662533,2469335815,2277018850,2297282861,2309854552,2308348409
STAT,(NULL),Work,22,107275827882,4876144332,4876174571,4876156369,4876132296,4876327162,4876132134,4876151590,4876145044,4876140638,4876154184,4876133076,4876153897,4876129823,4876129198,4876129118,4876157996,4876131774,4876646648,4876126911,4876132340,4876138603,4876160178
STAT,(NULL),nBad,22,8744397,548935,463162,300877,380732,460334,388102,336268,515825,322738,353479,327964,340993,321010,515326,339872,525307,319077,533459,336101,371485,367602,375749
STAT,(NULL),nEmpty,22,5437983,248506,258850,237267,269275,251649,278777,244356,252644,230312,237076,255230,233198,248378,263895,249893,213098,229398,233212,240830,239347,264689,258103
STAT,(NULL),nEmptyPop,22,4184,200,172,171,205,217,203,197,169,189,195,187,188,199,186,206,165,201,207,181,203,171,172
STAT,(NULL),nOverall,22,86624155,3912004,4350666,3590445,4405883,4294496,4369776,3648938,3765348,3604231,3978675,3684139,3881693,3628177,4058890,3714767,3914135,3579953,4038360,3759054,4237402,4097087,4110036
STAT,(NULL),nPop,22,10787710,584958,576247,428303,493221,571561,503896,440528,583234,417060,433734,453323,429752,437694,619349,447885,544546,415147,574310,435112,446915,478629,472306
STAT,(NULL),nPush,22,10787709,542444,624896,425631,518248,617401,524052,435693,518823,431257,463374,430895,454192,417171,569608,431852,534086,413645,570419,441698,482875,468711,470738
STAT,(NULL),nPushInit,22,1,0,1,0,0,0,0,0,0,0,0,0,0,0,0,0,0,0,0,0,0,0,0
==== BENCHMARK TOOK 5.950
==== BENCHMARK START ===
==== PARAMS kernel=4.9.5-64-net1 malloc=libc hostname=rack-castor threads=22 delta=4 prog=sssp-capq  ===
Galois Benchmark Suite v2.2.1 (r0)
Copyright (C) 2014 The University of Texas at Austin
http://iss.ices.utexas.edu/galois/

application: Single Source Shortest Path
Computes the shortest path from a source node to all nodes in a directed graph using a modified chaotic iteration algorithm
http://iss.ices.utexas.edu/?p=projects/galois/benchmarks/single_source_shortest_path

INFO: CommandLine ./build/debug/apps/sssp/sssp -noverify -t 22 -delta 4 -wl capq -startNode 0 /specific/disk1/home/mad/Galois-PQ/inputs/ljournal-2008.gr
INFO: Hostname rack-castor
Read 5363260 nodes
Running Asynchronous with CAS version
INFO: Using delta-step of 1
WARNING: Performance varies considerably due to delta parameter.
WARNING: Do not expect the default to be good for your graph.
Node 1 has distance 126
STATTYPE,LOOP,CATEGORY,n,sum,T0,T1,T2,T3,T4,T5,T6,T7,T8,T9,T10,T11,T12,T13,T14,T15,T16,T17,T18,T19,T20,T21
STAT,(NULL),BadWork,22,7623284809,401119522,379294870,384955959,385489030,378881821,377733893,408151767,257282360,298236935,394353571,288523170,297945128,302334750,259467626,393522808,383013035,261074949,387134624,285197691,416725037,381791275,301054988
STAT,(NULL),BarrierTime,22,104778433,5344650,5075366,5077262,5091283,5065860,5044307,5075696,5014966,5008278,4970028,4905876,4978751,4985404,4957767,4705405,4926636,4926056,4924898,4926960,77468,4875963,4819553
STAT,(NULL),ConflictTime,22,0,0,0,0,0,0,0,0,0,0,0,0,0,0,0,0,0,0,0,0,0,0,0
STAT,(NULL),Conflicts,22,0,0,0,0,0,0,0,0,0,0,0,0,0,0,0,0,0,0,0,0,0,0,0
STAT,(NULL),EmptyPopTime,22,32393979,1742964,1355132,1515988,1284205,1520059,1567414,1559790,1627381,342411,1559432,1561479,1560532,1541869,1432647,1522111,1550213,1528320,1662068,1506104,1580040,1324328,1549492
STAT,(NULL),EmptyWork,22,1709457701,84691207,70424714,84599786,68022478,68332988,69466680,77137924,82732305,75113222,84188320,77577793,80862945,79197379,85480604,78514042,70326176,78585161,79411093,79373086,78083319,83032502,74303977
STAT,(NULL),GaloisTime,22,7150785930,387403444,321938481,392679336,320213142,320253358,320724310,367915254,288607488,263780500,385006701,271704420,273806458,266917611,295926973,358192352,340884724,279984823,389041062,283102404,371798411,386099417,264805261
STAT,(NULL),InitPushTime,22,1149007,2754,180024,141612,43708,43604,38914,39430,38945,42232,42368,72014,41536,37518,36905,37837,42252,41840,40336,39960,36186,41184,67848
STAT,(NULL),Iterations,22,11789772,569152,585657,575825,587527,586026,576850,631669,435070,477755,606063,465551,461981,482060,416709,594598,585481,437134,578195,442299,623466,607825,462879
STAT,(NULL),LoopTime,22,5076967394,5076967394,0,0,0,0,0,0,0,0,0,0,0,0,0,0,0,0,0,0,0,0,0
STAT,(NULL),MeminfoPost,22,528,24,24,24,24,24,24,24,24,24,24,24,24,24,24,24,24,24,24,24,24,24,24
STAT,(NULL),MeminfoPre,22,528,24,24,24,24,24,24,24,24,24,24,24,24,24,24,24,24,24,24,24,24,24,24
STAT,(NULL),NumaPost,22,88972,87899,398,575,100,0,0,0,0,0,0,0,0,0,0,0,0,0,0,0,0,0,0
STAT,(NULL),PopTime,22,14607182667,757409927,638903280,755845429,609268127,609561753,615442710,764650581,590834921,575122833,750671203,613395396,617218755,649483327,623536556,670076420,624269739,604689986,762948272,644202514,746424750,755959678,627266510
STAT,(NULL),PushTime,22,32432537226,1221872282,1522326305,1198258344,1552058543,1560746858,1546864082,1198146042,1687948009,1716041747,1199872493,1675361189,1641284692,1607964715,1650587534,1357623999,1477540019,1688302656,1192017413,1634644284,1237339697,1199410566,1666325757
STAT,(NULL),RusageSys,22,368000,368000,0,0,0,0,0,0,0,0,0,0,0,0,0,0,0,0,0,0,0,0,0
STAT,(NULL),RusageUser,22,47292000,47292000,0,0,0,0,0,0,0,0,0,0,0,0,0,0,0,0,0,0,0,0,0
STAT,(NULL),Threads,22,22,22,0,0,0,0,0,0,0,0,0,0,0,0,0,0,0,0,0,0,0,0,0
STAT,(NULL),Time,22,5078757348,5078757348,0,0,0,0,0,0,0,0,0,0,0,0,0,0,0,0,0,0,0,0,0
STAT,(NULL),TotalTime,22,11470579624,11470579624,0,0,0,0,0,0,0,0,0,0,0,0,0,0,0,0,0,0,0,0,0
STAT,(NULL),UserTime,22,53108509101,2503281551,2401454288,2523500107,2405558137,2395989181,2402342140,2546994000,2304651435,2326002483,2535104537,2316801357,2341671261,2351297806,2299440039,2490475905,2441834121,2303313506,2531321836,2313573464,2521177703,2530575215,2322149029
STAT,(NULL),Work,22,109047777214,4956495082,4956485340,4956480857,4956479286,4956480314,4956516988,4956481477,4956484510,4956480104,4956483538,4956478097,4956479378,4956480101,4956509456,4956764394,4956480397,4956484480,4956487772,4956484664,4961298028,4956484286,4956478665
STAT,(NULL),nBad,22,15677832,816495,776906,790160,790076,770761,768317,815712,544301,627079,808325,601989,632271,643752,546878,800926,783980,546869,787163,589238,838602,765601,632431
STAT,(NULL),nEmpty,22,6077111,251017,293247,265318,286536,287920,280145,293487,265861,289307,279710,281446,274904,289687,251370,269461,277899,265118,262631,265692,282136,286355,277864
STAT,(NULL),nEmptyPop,22,7463,369,310,370,275,371,324,354,366,80,396,376,376,380,304,353,370,362,338,352,393,278,366
STAT,(NULL),nOverall,22,93557590,4298953,4433239,4219971,4475955,4481560,4515710,4409118,3941883,4238344,4398582,4141376,4395805,4375942,3857697,4468624,4308090,3635219,4262837,4007396,4375569,4022289,4293431
STAT,(NULL),nPop,22,11789772,569152,585657,575825,587527,586026,576850,631669,435070,477755,606063,465551,461981,482060,416709,594598,585481,437134,578195,442299,623466,607825,462879
STAT,(NULL),nPush,22,11789771,567645,584754,557857,603327,615121,608630,586888,461346,479464,584366,470685,502640,484316,447579,604928,585597,405154,573529,461053,591807,529394,483691
STAT,(NULL),nPushInit,22,1,0,1,0,0,0,0,0,0,0,0,0,0,0,0,0,0,0,0,0,0,0,0
==== BENCHMARK TOOK 5.999
