==== BENCHMARK START ===
==== PARAMS kernel=4.9.5-64-net1 malloc=libc hostname=rack-castor threads=44 delta=4 prog=sssp-klsm256mq  ===
ERROR: ld.so: object '/specific/disk1/home/adamx/malloc/lib64/libjemalloc.so' from LD_PRELOAD cannot be preloaded (cannot open shared object file): ignored.
Galois Benchmark Suite v2.2.1 (r0)
Copyright (C) 2014 The University of Texas at Austin
http://iss.ices.utexas.edu/galois/

application: Single Source Shortest Path
Computes the shortest path from a source node to all nodes in a directed graph using a modified chaotic iteration algorithm
http://iss.ices.utexas.edu/?p=projects/galois/benchmarks/single_source_shortest_path

INFO: CommandLine ./build/debug/apps/sssp/sssp -noverify -t 44 -delta 4 -wl klsm256mq -startNode 0 /specific/disk1/home/mad/Galois-PQ/inputs/clique4000.gr
INFO: Hostname rack-castor
Read 4000 nodes
Running Asynchronous with CAS version
INFO: Using delta-step of 1
WARNING: Performance varies considerably due to delta parameter.
WARNING: Do not expect the default to be good for your graph.
Node 1 has distance 3
STATTYPE,LOOP,CATEGORY,n,sum,T0,T1,T2,T3,T4,T5,T6,T7,T8,T9,T10,T11,T12,T13,T14,T15,T16,T17,T18,T19,T20,T21,T22,T23,T24,T25,T26,T27,T28,T29,T30,T31,T32,T33,T34,T35,T36,T37,T38,T39,T40,T41,T42,T43
STAT,(NULL),BadWork,44,2859084,0,0,0,0,0,266680,0,0,0,0,0,0,0,0,0,0,0,0,0,0,0,1485364,0,1107040,0,0,0,0,0,0,0,0,0,0,0,0,0,0,0,0,0,0,0,0
STAT,(NULL),BarrierTime,44,14985854,716053,699212,493680,635540,657785,598303,595392,559073,558900,513533,555699,465344,300483,469464,475300,368882,430195,433688,231175,552720,432931,440033,212187,197480,211643,209453,192500,209757,206724,208417,206672,144723,156334,137367,146656,146477,160389,148982,155109,211360,211810,144253,152152,32024
STAT,(NULL),ConflictTime,44,0,0,0,0,0,0,0,0,0,0,0,0,0,0,0,0,0,0,0,0,0,0,0,0,0,0,0,0,0,0,0,0,0,0,0,0,0,0,0,0,0,0,0,0,0
STAT,(NULL),Conflicts,44,0,0,0,0,0,0,0,0,0,0,0,0,0,0,0,0,0,0,0,0,0,0,0,0,0,0,0,0,0,0,0,0,0,0,0,0,0,0,0,0,0,0,0,0,0
STAT,(NULL),EmptyPopTime,44,13116098,305909,293577,301660,242940,303019,270240,316391,287521,285074,332219,303391,314091,279276,283480,323732,261614,295179,311104,349221,295115,305593,300905,279976,251076,271556,290014,338700,310718,316456,300748,295884,343082,299930,297872,264520,332075,323408,255038,319616,275310,271340,328909,283999,304620
STAT,(NULL),EmptyWork,44,3802641,97515,93224,96315,67784,58915,59624,91314,60929,85336,72942,70442,104768,61711,72164,90520,68520,90646,112284,91098,71420,76612,46089,89745,53705,92204,73762,104381,117406,101984,88408,104932,73634,79216,99256,100449,177908,115542,58496,82064,101646,73913,83163,61467,129188
STAT,(NULL),GaloisTime,44,18724519,448035,437590,470604,405036,407861,406072,444676,397448,425959,438165,382882,436424,383667,378128,396908,425322,453056,473165,457701,415702,430564,355937,428780,393232,403884,390165,458643,439054,435364,431512,442424,411218,418419,443944,414120,574929,495029,383012,410616,429808,376796,430766,353746,488156
STAT,(NULL),InitPushTime,44,10884769,265112,194711,282084,169980,155262,152198,153308,155851,150741,162700,152161,152820,287775,168240,169576,204528,172401,172620,307786,147628,169652,169898,324331,295101,295357,299119,298811,294221,298328,296963,300175,296289,297147,318480,297682,294536,292248,302940,296149,323415,320107,296266,300637,429435
STAT,(NULL),Iterations,44,20951,634,600,304,411,416,419,593,428,562,239,481,322,210,427,521,249,583,715,292,488,512,349,584,195,529,500,325,723,576,508,589,241,530,561,650,513,729,414,484,650,498,265,431,701
STAT,(NULL),LoopTime,44,108140498,108140498,0,0,0,0,0,0,0,0,0,0,0,0,0,0,0,0,0,0,0,0,0,0,0,0,0,0,0,0,0,0,0,0,0,0,0,0,0,0,0,0,0,0,0
STAT,(NULL),MeminfoPost,44,352,8,8,8,8,8,8,8,8,8,8,8,8,8,8,8,8,8,8,8,8,8,8,8,8,8,8,8,8,8,8,8,8,8,8,8,8,8,8,8,8,8,8,8,8
STAT,(NULL),MeminfoPre,44,352,8,8,8,8,8,8,8,8,8,8,8,8,8,8,8,8,8,8,8,8,8,8,8,8,8,8,8,8,8,8,8,8,8,8,8,8,8,8,8,8,8,8,8,8
STAT,(NULL),NumaPost,44,10596,9376,513,476,231,0,0,0,0,0,0,0,0,0,0,0,0,0,0,0,0,0,0,0,0,0,0,0,0,0,0,0,0,0,0,0,0,0,0,0,0,0,0,0,0
STAT,(NULL),PopTime,44,68240827,1822351,1773050,1410290,1346464,1268734,1239562,1841313,1258876,1696258,1155039,1456022,1499339,971523,1413272,1792776,1076966,1716394,2103128,1372607,1421250,1572709,1128524,1761315,916742,1686720,1621732,1471482,2048076,1731952,1515804,1686224,1142369,1576480,1666984,1899578,2124973,2031397,1264261,1600780,1947474,1562882,1212682,1416485,2017988
STAT,(NULL),PushTime,44,90960833,2295541,2147468,1834279,2363328,2266738,1793033,2302536,2172290,2059945,1818815,2082232,1847605,1940414,1945064,2279252,1783310,1843091,2215392,1923233,2141377,1971925,2165787,2257292,1845952,1912416,2126040,1855647,2177060,1948296,1873544,2005812,1865834,2362491,2021868,2206973,1978652,2198785,2270494,2391588,2150838,2228047,1906665,2204536,1979348
STAT,(NULL),RusageSys,44,0,0,0,0,0,0,0,0,0,0,0,0,0,0,0,0,0,0,0,0,0,0,0,0,0,0,0,0,0,0,0,0,0,0,0,0,0,0,0,0,0,0,0,0,0
STAT,(NULL),RusageUser,44,2116000,2116000,0,0,0,0,0,0,0,0,0,0,0,0,0,0,0,0,0,0,0,0,0,0,0,0,0,0,0,0,0,0,0,0,0,0,0,0,0,0,0,0,0,0,0
STAT,(NULL),Threads,44,44,44,0,0,0,0,0,0,0,0,0,0,0,0,0,0,0,0,0,0,0,0,0,0,0,0,0,0,0,0,0,0,0,0,0,0,0,0,0,0,0,0,0,0,0
STAT,(NULL),Time,44,120854357,120854357,0,0,0,0,0,0,0,0,0,0,0,0,0,0,0,0,0,0,0,0,0,0,0,0,0,0,0,0,0,0,0,0,0,0,0,0,0,0,0,0,0,0,0
STAT,(NULL),TotalTime,44,1525923421,1525923421,0,0,0,0,0,0,0,0,0,0,0,0,0,0,0,0,0,0,0,0,0,0,0,0,0,0,0,0,0,0,0,0,0,0,0,0,0,0,0,0,0,0,0
STAT,(NULL),UserTime,44,4495430659,101626208,101852772,102483327,102172372,102292010,102827990,101600191,102420637,102044981,102777264,102302311,102394131,102958755,102503964,101714116,102978638,102199020,101382801,102403320,102252388,102240003,102599273,101780903,103135225,102230880,102096110,102367270,101505245,102064444,102387952,102062880,102760412,101861463,102068376,101712323,101409310,101433844,102366488,101793136,101692756,102084820,102634818,102277304,101678228
STAT,(NULL),Work,44,4694129794,106686245,106667862,106700631,106670048,106669898,106668860,106671576,106666581,106669127,106700499,106669543,106702127,106698870,106681780,106669536,106694556,106677970,106669903,106707759,106667746,106670830,106671888,106683562,106696949,106684300,106686302,106702031,106690047,106690504,106688344,106688384,106698606,106687753,106686916,106700719,106698577,106684009,106688378,106688348,106683729,106683920,106697155,106683826,106683600
STAT,(NULL),nBad,44,6773,0,0,0,0,0,599,0,0,0,0,0,0,0,0,0,0,0,0,0,0,0,4000,0,2174,0,0,0,0,0,0,0,0,0,0,0,0,0,0,0,0,0,0,0,0
STAT,(NULL),nEmpty,44,16949,528,493,247,317,311,311,488,321,456,182,375,265,153,332,427,188,478,610,235,382,406,242,480,137,434,395,268,620,480,413,494,184,425,465,545,457,624,310,390,547,393,208,327,606
STAT,(NULL),nEmptyPop,44,6420,175,171,92,132,166,153,177,162,167,103,172,99,86,145,167,85,170,173,110,165,171,169,159,80,146,164,108,173,159,152,147,105,167,158,162,105,182,145,161,161,163,100,161,152
STAT,(NULL),nOverall,44,16002773,424000,428000,228000,376000,420000,428599,420000,428000,424000,228000,424000,228000,228000,380000,376000,244000,420000,420000,228000,424000,424000,428000,416000,230174,380000,420000,228000,412000,384000,380000,380000,228000,420000,384000,420000,224000,420000,416000,376000,412000,420000,228000,416000,380000
STAT,(NULL),nPop,44,20951,634,600,304,411,416,419,593,428,562,239,481,322,210,427,521,249,583,715,292,488,512,349,584,195,529,500,325,723,576,508,589,241,530,561,650,513,729,414,484,650,498,265,431,701
STAT,(NULL),nPush,44,16952,449,531,179,425,456,405,452,548,513,183,518,197,191,420,466,182,380,426,210,484,383,506,486,184,382,480,179,440,411,422,393,198,476,396,460,227,466,466,434,444,457,204,439,404
STAT,(NULL),nPushInit,44,3999,90,91,91,91,91,91,91,91,91,91,91,91,91,91,91,91,91,91,91,91,91,91,91,91,91,91,91,91,91,91,91,91,91,91,91,91,91,91,91,91,91,91,91,87
==== BENCHMARK TOOK 1.377
==== BENCHMARK START ===
==== PARAMS kernel=4.9.5-64-net1 malloc=libc hostname=rack-castor threads=44 delta=4 prog=sssp-klsm256mq  ===
ERROR: ld.so: object '/specific/disk1/home/adamx/malloc/lib64/libjemalloc.so' from LD_PRELOAD cannot be preloaded (cannot open shared object file): ignored.
Galois Benchmark Suite v2.2.1 (r0)
Copyright (C) 2014 The University of Texas at Austin
http://iss.ices.utexas.edu/galois/

application: Single Source Shortest Path
Computes the shortest path from a source node to all nodes in a directed graph using a modified chaotic iteration algorithm
http://iss.ices.utexas.edu/?p=projects/galois/benchmarks/single_source_shortest_path

INFO: CommandLine ./build/debug/apps/sssp/sssp -noverify -t 44 -delta 4 -wl klsm256mq -startNode 0 /specific/disk1/home/mad/Galois-PQ/inputs/clique4000.gr
INFO: Hostname rack-castor
Read 4000 nodes
Running Asynchronous with CAS version
INFO: Using delta-step of 1
WARNING: Performance varies considerably due to delta parameter.
WARNING: Do not expect the default to be good for your graph.
Node 1 has distance 3
STATTYPE,LOOP,CATEGORY,n,sum,T0,T1,T2,T3,T4,T5,T6,T7,T8,T9,T10,T11,T12,T13,T14,T15,T16,T17,T18,T19,T20,T21,T22,T23,T24,T25,T26,T27,T28,T29,T30,T31,T32,T33,T34,T35,T36,T37,T38,T39,T40,T41,T42,T43
STAT,(NULL),BadWork,44,4005389,0,0,0,0,0,1843310,0,0,0,0,0,0,0,0,0,1279999,0,0,0,0,0,0,0,882080,0,0,0,0,0,0,0,0,0,0,0,0,0,0,0,0,0,0,0,0
STAT,(NULL),BarrierTime,44,11255849,647288,607060,428217,522796,536071,522353,461638,360701,476960,389546,239646,263209,414436,323072,341528,198321,345980,336808,365950,286420,217737,122558,156271,173523,144618,171238,172989,169712,169573,157348,152156,161422,57780,138160,158424,157816,54470,43824,171164,112272,29886,120540,119996,54372
STAT,(NULL),ConflictTime,44,0,0,0,0,0,0,0,0,0,0,0,0,0,0,0,0,0,0,0,0,0,0,0,0,0,0,0,0,0,0,0,0,0,0,0,0,0,0,0,0,0,0,0,0,0
STAT,(NULL),Conflicts,44,0,0,0,0,0,0,0,0,0,0,0,0,0,0,0,0,0,0,0,0,0,0,0,0,0,0,0,0,0,0,0,0,0,0,0,0,0,0,0,0,0,0,0,0,0
STAT,(NULL),EmptyPopTime,44,54146715,252776,1256376,1285156,1303760,1259457,1264621,1294431,1157839,1212022,1321645,1236958,1229244,1246684,1307556,886828,1288828,1148492,1280964,1257633,1283828,1286735,1291492,1246117,1186082,1216366,1288852,1250545,1259998,1232543,1281120,1304324,1291312,1251557,1292928,1261968,1276652,1224468,1273877,1236711,1255040,1288224,1299242,1287828,1287636
STAT,(NULL),EmptyWork,44,3572747,96820,49660,129652,91040,54816,91458,78084,11267,55284,137746,46972,50800,66912,96416,6940,123099,5620,113996,109470,97268,90427,106684,59434,61904,40496,76319,127580,92312,61834,97720,118396,87316,92614,100893,120444,86992,52307,70534,76913,92536,80712,96252,91752,77056
STAT,(NULL),GaloisTime,44,26674613,491200,598380,630039,655728,516470,646925,561227,461172,596027,736715,581353,595279,609008,606100,512948,712953,508740,671268,618768,587844,666534,671642,625504,539196,578909,554969,703357,639892,608177,674644,626800,588661,664279,685850,609620,574872,610014,548292,556351,585076,579684,660258,588004,635884
STAT,(NULL),InitPushTime,44,10245643,190620,186868,304282,170196,159944,153077,163792,247720,149308,168940,280448,281351,166304,179392,168752,288677,167492,169968,156855,170224,222222,309364,296112,280152,278077,265710,269568,228208,226942,242513,241347,226398,325989,260742,241193,241844,331078,345722,228980,229980,299361,223151,223864,282916
STAT,(NULL),Iterations,44,21092,550,327,686,523,400,599,522,136,401,443,174,311,409,551,122,741,116,635,697,557,571,580,409,432,177,517,790,596,405,557,649,431,572,620,664,505,352,451,518,448,457,503,530,458
STAT,(NULL),LoopTime,44,111218192,111218192,0,0,0,0,0,0,0,0,0,0,0,0,0,0,0,0,0,0,0,0,0,0,0,0,0,0,0,0,0,0,0,0,0,0,0,0,0,0,0,0,0,0,0
STAT,(NULL),MeminfoPost,44,352,8,8,8,8,8,8,8,8,8,8,8,8,8,8,8,8,8,8,8,8,8,8,8,8,8,8,8,8,8,8,8,8,8,8,8,8,8,8,8,8,8,8,8,8
STAT,(NULL),MeminfoPre,44,352,8,8,8,8,8,8,8,8,8,8,8,8,8,8,8,8,8,8,8,8,8,8,8,8,8,8,8,8,8,8,8,8,8,8,8,8,8,8,8,8,8,8,8,8
STAT,(NULL),NumaPost,44,10612,9377,514,706,15,0,0,0,0,0,0,0,0,0,0,0,0,0,0,0,0,0,0,0,0,0,0,0,0,0,0,0,0,0,0,0,0,0,0,0,0,0,0,0,0
STAT,(NULL),PopTime,44,66596016,1786864,1076552,2118560,1663916,1267874,1803200,1639447,391453,1290199,1802593,872439,1151399,1340380,1734076,317236,2196931,305196,1912192,2017545,1760752,1832898,1927142,1246357,1328631,588477,1563981,2219636,1706588,1292067,1817128,1954332,1404659,1743539,1844778,2069024,1607240,1088467,1499214,1546944,1520772,1488592,1683434,1774756,1398556
STAT,(NULL),PushTime,44,93265720,2424268,2219892,1923477,2281800,2493788,2280239,2612140,1798952,2231139,2296296,1834558,1821997,2385832,2392188,1929176,1841105,1917452,1863300,2598118,2361124,2209971,1847915,2034752,1869956,1978744,2118604,2294693,2164153,1878943,2438788,1958652,2192202,1863376,1807636,2281744,2341380,1150921,1864808,2300763,2387276,1813790,2457820,2463380,2038612
STAT,(NULL),RusageSys,44,8000,8000,0,0,0,0,0,0,0,0,0,0,0,0,0,0,0,0,0,0,0,0,0,0,0,0,0,0,0,0,0,0,0,0,0,0,0,0,0,0,0,0,0,0,0
STAT,(NULL),RusageUser,44,2144000,2144000,0,0,0,0,0,0,0,0,0,0,0,0,0,0,0,0,0,0,0,0,0,0,0,0,0,0,0,0,0,0,0,0,0,0,0,0,0,0,0,0,0,0,0
STAT,(NULL),Threads,44,44,44,0,0,0,0,0,0,0,0,0,0,0,0,0,0,0,0,0,0,0,0,0,0,0,0,0,0,0,0,0,0,0,0,0,0,0,0,0,0,0,0,0,0,0
STAT,(NULL),Time,44,126002424,126002424,0,0,0,0,0,0,0,0,0,0,0,0,0,0,0,0,0,0,0,0,0,0,0,0,0,0,0,0,0,0,0,0,0,0,0,0,0,0,0,0,0,0,0
STAT,(NULL),TotalTime,44,1761364372,1761364372,0,0,0,0,0,0,0,0,0,0,0,0,0,0,0,0,0,0,0,0,0,0,0,0,0,0,0,0,0,0,0,0,0,0,0,0,0,0,0,0,0,0,0
STAT,(NULL),UserTime,44,4585933860,104720536,104574736,103686388,103779364,104183714,103689530,103591215,105952823,104393563,103480505,105200211,104926663,104129260,103639508,106124932,103608750,105890396,103932648,103176045,103685524,103688600,103928441,104566343,104793450,105376118,104176629,103182960,103916399,104706096,103469704,103816372,104214676,104162099,104046224,103436336,103892192,105651147,104519979,104061226,103938286,104527044,103582292,103573136,104341800
STAT,(NULL),Work,44,4834222462,109886912,109870728,109868234,109876696,109866923,109871146,109872245,109854524,109873177,109884684,109887712,109871224,109864952,109875948,109865480,109854575,109865136,109869512,109861898,109869112,109870533,109862662,109865854,109859303,109887294,109864222,109859567,109865612,109867205,109863868,109871764,109873583,109872185,109858678,109861660,109864580,109866635,109860664,109863369,109869134,109876042,109865894,109868656,109872680
STAT,(NULL),nBad,44,11125,0,0,0,0,0,4495,0,0,0,0,0,0,0,0,0,4000,0,0,0,0,0,0,0,2630,0,0,0,0,0,0,0,0,0,0,0,0,0,0,0,0,0,0,0,0
STAT,(NULL),nEmpty,44,17089,455,232,614,429,293,491,417,51,294,364,116,238,314,457,26,664,20,541,590,463,484,508,316,331,97,411,685,490,328,462,554,335,493,540,569,408,275,374,414,360,379,410,435,362
STAT,(NULL),nEmptyPop,44,29282,135,682,689,695,776,762,795,725,740,405,353,646,654,703,519,764,610,659,740,672,783,685,757,714,357,767,736,750,718,674,677,547,732,782,653,696,756,761,769,555,681,658,684,666
STAT,(NULL),nOverall,44,16007125,380000,380000,288000,376000,428000,428495,420000,340000,428000,316000,232000,292000,380000,376000,384000,308000,384000,376000,428000,376000,348000,288000,372000,402630,320000,424000,420000,424000,308000,380000,380000,384000,316000,320000,380000,388000,308000,308000,416000,352000,312000,372000,380000,384000
STAT,(NULL),nPop,44,21092,550,327,686,523,400,599,522,136,401,443,174,311,409,551,122,741,116,635,697,557,571,580,409,432,177,517,790,596,405,557,649,431,572,620,664,505,352,451,518,448,457,503,530,458
STAT,(NULL),nPush,44,17093,465,432,198,431,556,477,577,274,484,449,196,203,441,475,424,186,389,410,569,439,310,187,336,376,427,502,501,490,257,442,396,502,247,222,473,466,155,185,515,449,248,474,455,403
STAT,(NULL),nPushInit,44,3999,90,91,91,91,91,91,91,91,91,91,91,91,91,91,91,91,91,91,91,91,91,91,91,91,91,91,91,91,91,91,91,91,91,91,91,91,91,91,91,91,91,91,91,87
==== BENCHMARK TOOK 1.613
==== BENCHMARK START ===
==== PARAMS kernel=4.9.5-64-net1 malloc=libc hostname=rack-castor threads=44 delta=4 prog=sssp-klsm256mq  ===
ERROR: ld.so: object '/specific/disk1/home/adamx/malloc/lib64/libjemalloc.so' from LD_PRELOAD cannot be preloaded (cannot open shared object file): ignored.
Galois Benchmark Suite v2.2.1 (r0)
Copyright (C) 2014 The University of Texas at Austin
http://iss.ices.utexas.edu/galois/

application: Single Source Shortest Path
Computes the shortest path from a source node to all nodes in a directed graph using a modified chaotic iteration algorithm
http://iss.ices.utexas.edu/?p=projects/galois/benchmarks/single_source_shortest_path

INFO: CommandLine ./build/debug/apps/sssp/sssp -noverify -t 44 -delta 4 -wl klsm256mq -startNode 0 /specific/disk1/home/mad/Galois-PQ/inputs/clique4000.gr
INFO: Hostname rack-castor
Read 4000 nodes
Running Asynchronous with CAS version
INFO: Using delta-step of 1
WARNING: Performance varies considerably due to delta parameter.
WARNING: Do not expect the default to be good for your graph.
Node 1 has distance 3
STATTYPE,LOOP,CATEGORY,n,sum,T0,T1,T2,T3,T4,T5,T6,T7,T8,T9,T10,T11,T12,T13,T14,T15,T16,T17,T18,T19,T20,T21,T22,T23,T24,T25,T26,T27,T28,T29,T30,T31,T32,T33,T34,T35,T36,T37,T38,T39,T40,T41,T42,T43
STAT,(NULL),BadWork,44,2015725,0,1254301,0,0,0,219092,0,0,0,0,0,0,0,0,0,0,0,0,0,0,0,0,0,542332,0,0,0,0,0,0,0,0,0,0,0,0,0,0,0,0,0,0,0,0
STAT,(NULL),BarrierTime,44,8793215,539110,504792,492196,436968,429844,423910,371976,361852,157762,157667,363081,240183,292632,229619,314536,196260,282459,39695,222880,226688,243930,263392,103796,117329,116128,102940,111450,116515,116709,116837,116120,107063,85176,100496,77760,44704,40072,83520,96296,80232,80464,82288,80664,25224
STAT,(NULL),ConflictTime,44,0,0,0,0,0,0,0,0,0,0,0,0,0,0,0,0,0,0,0,0,0,0,0,0,0,0,0,0,0,0,0,0,0,0,0,0,0,0,0,0,0,0,0,0,0
STAT,(NULL),Conflicts,44,0,0,0,0,0,0,0,0,0,0,0,0,0,0,0,0,0,0,0,0,0,0,0,0,0,0,0,0,0,0,0,0,0,0,0,0,0,0,0,0,0,0,0,0,0
STAT,(NULL),EmptyPopTime,44,102207485,2276074,2372560,1568712,3304644,2298512,2461053,3336376,2409224,1687649,1750964,2465137,3413906,1801040,2129579,171356,2222361,2545662,3317905,1354152,3353214,1559659,2254412,2338084,2447925,1349736,3316632,2398120,2412635,1461987,3344930,2555812,2431470,2320840,2232984,3313272,2508112,2415740,1362640,2337955,2324660,2295444,1340512,2314952,3328892
STAT,(NULL),EmptyWork,44,3657470,94660,67060,428,56412,118820,97095,122540,96811,78794,50279,86475,144626,0,122057,0,133630,67820,83071,63804,99091,108245,69800,107172,63889,54264,49096,98077,84887,96741,72245,94057,102489,67476,73820,108468,4536,121708,94432,108729,141772,73048,82576,121498,74972
STAT,(NULL),GaloisTime,44,25577202,614730,531780,445744,622340,672724,609320,715876,641935,510343,477074,624869,762960,468380,626325,312508,626581,609773,699777,504960,714525,580592,546144,590984,558156,449908,623812,604767,592445,501738,641536,590298,614529,525076,566328,715864,457716,647360,489232,589499,637736,527792,463188,613626,656352
STAT,(NULL),InitPushTime,44,8819553,263701,215216,212240,171952,166944,165625,191572,153059,300161,302442,162469,220757,183676,226717,170048,212887,152616,292028,171152,157656,154458,171332,262680,215108,227266,239353,211238,218819,207748,214626,223315,165513,180732,167731,186264,178752,181092,180272,172316,183196,181092,183180,180008,240544
STAT,(NULL),Iterations,44,20908,556,405,94,356,648,623,576,621,255,183,565,594,93,490,94,558,464,269,393,631,689,421,599,445,345,323,626,553,619,486,605,653,404,363,604,111,669,538,676,760,429,478,605,439
STAT,(NULL),LoopTime,44,107135203,107135203,0,0,0,0,0,0,0,0,0,0,0,0,0,0,0,0,0,0,0,0,0,0,0,0,0,0,0,0,0,0,0,0,0,0,0,0,0,0,0,0,0,0,0
STAT,(NULL),MeminfoPost,44,352,8,8,8,8,8,8,8,8,8,8,8,8,8,8,8,8,8,8,8,8,8,8,8,8,8,8,8,8,8,8,8,8,8,8,8,8,8,8,8,8,8,8,8,8
STAT,(NULL),MeminfoPre,44,352,8,8,8,8,8,8,8,8,8,8,8,8,8,8,8,8,8,8,8,8,8,8,8,8,8,8,8,8,8,8,8,8,8,8,8,8,8,8,8,8,8,8,8,8
STAT,(NULL),NumaPost,44,10611,9377,514,490,230,0,0,0,0,0,0,0,0,0,0,0,0,0,0,0,0,0,0,0,0,0,0,0,0,0,0,0,0,0,0,0,0,0,0,0,0,0,0,0,0
STAT,(NULL),PopTime,44,66112637,1783387,1436100,234456,1183000,1994672,1883334,1961648,1994084,1084627,859601,1758188,2030071,251384,1716568,276476,1919626,1430863,1091776,1270596,1819845,2060662,1473972,1889508,1305648,1093268,1046952,1837827,1662419,1787057,1498796,1662611,1919646,1304512,1322917,1737016,323948,2061432,1757124,1950408,2256340,1343784,1494268,1969536,1372684
STAT,(NULL),PushTime,44,87926299,2232776,2276104,2003472,2250140,1902348,1693073,2023988,2151280,1773822,1836574,2109802,1566491,1983220,1659433,1949268,1660668,2232279,1769608,1911640,1874402,2247556,2326504,2276188,1837931,1969940,1957908,2234581,2161806,2237384,2201740,1877074,2225533,1965316,1971773,2025296,1989836,1903652,1943072,2179175,1858896,1864840,1965512,1975478,1868920
STAT,(NULL),RusageSys,44,0,0,0,0,0,0,0,0,0,0,0,0,0,0,0,0,0,0,0,0,0,0,0,0,0,0,0,0,0,0,0,0,0,0,0,0,0,0,0,0,0,0,0,0,0
STAT,(NULL),RusageUser,44,2076000,2076000,0,0,0,0,0,0,0,0,0,0,0,0,0,0,0,0,0,0,0,0,0,0,0,0,0,0,0,0,0,0,0,0,0,0,0,0,0,0,0,0,0,0,0
STAT,(NULL),Threads,44,44,44,0,0,0,0,0,0,0,0,0,0,0,0,0,0,0,0,0,0,0,0,0,0,0,0,0,0,0,0,0,0,0,0,0,0,0,0,0,0,0,0,0,0,0
STAT,(NULL),Time,44,119821251,119821251,0,0,0,0,0,0,0,0,0,0,0,0,0,0,0,0,0,0,0,0,0,0,0,0,0,0,0,0,0,0,0,0,0,0,0,0,0,0,0,0,0,0,0
STAT,(NULL),TotalTime,44,1651798560,1651798560,0,0,0,0,0,0,0,0,0,0,0,0,0,0,0,0,0,0,0,0,0,0,0,0,0,0,0,0,0,0,0,0,0,0,0,0,0,0,0,0,0,0,0
STAT,(NULL),UserTime,44,4366153525,98716560,99035928,101466500,98303128,98732416,98976051,97558844,98425035,100582355,100744983,98674232,97800014,101215512,99464799,103009272,99156384,98831884,98756824,100614560,97858460,99162717,99048588,98516972,99505330,100801996,98724408,98545307,98805607,99633775,97959553,98939082,98425406,99535880,99551589,97818988,100435116,98568968,100071892,98552934,98499256,99613676,100372788,98723552,98416404
STAT,(NULL),Work,44,4655635280,105804500,105796524,105804824,105801192,105812696,105797417,105813172,105807547,105824312,105822281,105794974,105806775,105802468,105808868,105792152,105805060,105796189,105824899,105797212,105809847,105793445,105796516,105819316,105808648,105813688,105817120,105818865,105813628,105810578,105812134,105814004,105811919,105812296,105816661,105816168,105815164,105814584,105815008,105814611,105816244,105817076,105814848,105816758,105813092
STAT,(NULL),nBad,44,6002,0,4000,0,0,0,489,0,0,0,0,0,0,0,0,0,0,0,0,0,0,0,0,0,1513,0,0,0,0,0,0,0,0,0,0,0,0,0,0,0,0,0,0,0,0
STAT,(NULL),nEmpty,44,16906,454,314,1,265,557,521,495,517,199,127,462,520,0,419,0,483,361,214,301,529,588,330,507,343,251,231,525,451,518,387,504,552,311,284,512,16,578,445,576,669,336,385,520,348
STAT,(NULL),nEmptyPop,44,54775,1366,1295,862,1791,1284,1533,1588,1422,509,521,1507,1414,1012,863,91,949,1580,988,732,2013,969,1228,1257,1515,743,1793,1474,1455,826,1992,1515,1494,1304,1018,1809,1387,1354,691,1425,1260,1211,729,1179,1827
STAT,(NULL),nOverall,44,16002002,408000,364000,372000,364000,364000,404489,324000,416000,224000,224000,412000,296000,372000,284000,376000,300000,412000,220000,368000,408000,404000,364000,368000,405513,376000,368000,404000,408000,404000,396000,404000,404000,372000,316000,368000,380000,364000,372000,400000,364000,372000,372000,340000,364000
STAT,(NULL),nPop,44,20908,556,405,94,356,648,623,576,621,255,183,565,594,93,490,94,558,464,269,393,631,689,421,599,445,345,323,626,553,619,486,605,653,404,363,604,111,669,538,676,760,429,478,605,439
STAT,(NULL),nPush,44,16909,445,436,422,430,400,362,339,450,180,195,429,269,417,283,418,278,441,189,368,413,435,425,425,389,361,373,478,449,495,446,425,432,415,309,397,417,336,335,504,394,402,399,314,390
STAT,(NULL),nPushInit,44,3999,90,91,91,91,91,91,91,91,91,91,91,91,91,91,91,91,91,91,91,91,91,91,91,91,91,91,91,91,91,91,91,91,91,91,91,91,91,91,91,91,91,91,91,87
==== BENCHMARK TOOK 1.505
==== BENCHMARK START ===
==== PARAMS kernel=4.9.5-64-net1 malloc=libc hostname=rack-castor threads=44 delta=4 prog=sssp-klsm256mq  ===
ERROR: ld.so: object '/specific/disk1/home/adamx/malloc/lib64/libjemalloc.so' from LD_PRELOAD cannot be preloaded (cannot open shared object file): ignored.
Galois Benchmark Suite v2.2.1 (r0)
Copyright (C) 2014 The University of Texas at Austin
http://iss.ices.utexas.edu/galois/

application: Single Source Shortest Path
Computes the shortest path from a source node to all nodes in a directed graph using a modified chaotic iteration algorithm
http://iss.ices.utexas.edu/?p=projects/galois/benchmarks/single_source_shortest_path

INFO: CommandLine ./build/debug/apps/sssp/sssp -noverify -t 44 -delta 4 -wl klsm256mq -startNode 0 /specific/disk1/home/mad/Galois-PQ/inputs/clique4000.gr
INFO: Hostname rack-castor
Read 4000 nodes
Running Asynchronous with CAS version
INFO: Using delta-step of 1
WARNING: Performance varies considerably due to delta parameter.
WARNING: Do not expect the default to be good for your graph.
Node 1 has distance 3
STATTYPE,LOOP,CATEGORY,n,sum,T0,T1,T2,T3,T4,T5,T6,T7,T8,T9,T10,T11,T12,T13,T14,T15,T16,T17,T18,T19,T20,T21,T22,T23,T24,T25,T26,T27,T28,T29,T30,T31,T32,T33,T34,T35,T36,T37,T38,T39,T40,T41,T42,T43
STAT,(NULL),BadWork,44,2251465,0,0,0,0,0,157123,0,0,0,0,0,0,0,0,0,0,0,0,0,0,0,0,0,710754,0,0,0,0,0,0,0,0,0,1383588,0,0,0,0,0,0,0,0,0,0
STAT,(NULL),BarrierTime,44,15421075,702753,704744,530251,645188,604340,619556,623046,571767,582912,503716,500000,498584,516669,479220,323282,382201,487122,477190,487028,412592,396820,416173,196871,194954,198885,202324,194710,204203,195121,205603,196359,170231,198897,198493,194650,202436,193420,195025,184829,148475,146473,154125,148098,31739
STAT,(NULL),ConflictTime,44,0,0,0,0,0,0,0,0,0,0,0,0,0,0,0,0,0,0,0,0,0,0,0,0,0,0,0,0,0,0,0,0,0,0,0,0,0,0,0,0,0,0,0,0,0
STAT,(NULL),Conflicts,44,0,0,0,0,0,0,0,0,0,0,0,0,0,0,0,0,0,0,0,0,0,0,0,0,0,0,0,0,0,0,0,0,0,0,0,0,0,0,0,0,0,0,0,0,0
STAT,(NULL),EmptyPopTime,44,48116235,404779,274828,1339759,1311224,1306980,1279910,1252556,494154,1233423,1295644,1213196,1276116,1264764,1340066,1322042,1304964,1275350,1234490,423036,1278088,1241612,1267431,1284178,483836,1258384,1252539,1153790,317822,1260673,495713,1282988,355639,1214664,1247439,1254960,1295180,1269816,1294259,1233276,1225289,1279676,1254892,501430,1265380
STAT,(NULL),EmptyWork,44,3542806,81340,97152,127738,92572,103344,106570,83030,70800,58333,95312,88016,91688,66621,96633,112810,97975,96552,57053,94825,85937,65564,65061,72591,59196,128036,58502,6484,77997,62585,106292,83872,91947,23896,92732,65032,102304,110584,76302,72928,37443,110184,71925,0,97048
STAT,(NULL),GaloisTime,44,21726406,389137,404454,612418,557504,520460,536106,523960,493320,439895,473284,510044,533884,484417,555450,609447,569364,515058,411956,522408,569972,514588,528656,463289,440127,572391,506355,337800,383518,493886,523040,577953,460953,368024,597246,481888,547412,491652,452466,498483,428698,568119,465547,336320,455457
STAT,(NULL),InitPushTime,44,10985229,265237,219014,300410,188592,167584,153927,153205,155520,149916,167916,170024,167596,152146,168628,287459,227639,156889,157681,157374,154741,167256,158121,323136,329655,327587,325497,320034,332515,319521,321545,304136,327015,298614,311242,301480,299956,299486,303050,301378,296164,296582,300476,297250,402035
STAT,(NULL),Iterations,44,20940,532,619,385,514,580,674,546,482,414,541,499,518,450,292,342,400,621,401,606,559,391,444,480,417,688,408,125,513,428,668,486,587,197,597,393,571,613,508,428,291,608,480,98,546
STAT,(NULL),LoopTime,44,101679019,101679019,0,0,0,0,0,0,0,0,0,0,0,0,0,0,0,0,0,0,0,0,0,0,0,0,0,0,0,0,0,0,0,0,0,0,0,0,0,0,0,0,0,0,0
STAT,(NULL),MeminfoPost,44,352,8,8,8,8,8,8,8,8,8,8,8,8,8,8,8,8,8,8,8,8,8,8,8,8,8,8,8,8,8,8,8,8,8,8,8,8,8,8,8,8,8,8,8,8
STAT,(NULL),MeminfoPre,44,352,8,8,8,8,8,8,8,8,8,8,8,8,8,8,8,8,8,8,8,8,8,8,8,8,8,8,8,8,8,8,8,8,8,8,8,8,8,8,8,8,8,8,8,8
STAT,(NULL),NumaPost,44,10602,9372,510,489,231,0,0,0,0,0,0,0,0,0,0,0,0,0,0,0,0,0,0,0,0,0,0,0,0,0,0,0,0,0,0,0,0,0,0,0,0,0,0,0,0
STAT,(NULL),PopTime,44,66002842,1646350,1826325,1722127,1494564,1822804,1914976,1569410,1536956,1208630,1722684,1430220,1602712,1286705,1295163,1512514,1531701,1845530,1277960,1779677,1681543,1288200,1393868,1468295,1340750,2094036,1285512,344982,1644856,1356595,1922597,1602575,1756384,638160,1807608,1294278,1760928,1988285,1647234,1466463,860447,1831305,1445923,257433,1797577
STAT,(NULL),PushTime,44,79415810,2124284,1929557,1762011,1720548,2117728,1808190,1987074,1919656,1986665,2078612,1662212,1723204,2033860,1126334,1755514,1673550,1957717,1939586,1981660,1949319,1840244,1917345,1589802,1701933,1674972,1568346,1749237,1880369,2058976,1619935,1724040,1588263,1733500,1609170,1639560,1726412,1763884,2114575,1705792,1629171,1654300,2226143,1698924,1763636
STAT,(NULL),RusageSys,44,0,0,0,0,0,0,0,0,0,0,0,0,0,0,0,0,0,0,0,0,0,0,0,0,0,0,0,0,0,0,0,0,0,0,0,0,0,0,0,0,0,0,0,0,0
STAT,(NULL),RusageUser,44,1984000,1984000,0,0,0,0,0,0,0,0,0,0,0,0,0,0,0,0,0,0,0,0,0,0,0,0,0,0,0,0,0,0,0,0,0,0,0,0,0,0,0,0,0,0,0
STAT,(NULL),Threads,44,44,44,0,0,0,0,0,0,0,0,0,0,0,0,0,0,0,0,0,0,0,0,0,0,0,0,0,0,0,0,0,0,0,0,0,0,0,0,0,0,0,0,0,0,0
STAT,(NULL),Time,44,116081625,116081625,0,0,0,0,0,0,0,0,0,0,0,0,0,0,0,0,0,0,0,0,0,0,0,0,0,0,0,0,0,0,0,0,0,0,0,0,0,0,0,0,0,0,0
STAT,(NULL),TotalTime,44,1673980556,1673980556,0,0,0,0,0,0,0,0,0,0,0,0,0,0,0,0,0,0,0,0,0,0,0,0,0,0,0,0,0,0,0,0,0,0,0,0,0,0,0,0,0,0,0
STAT,(NULL),UserTime,44,4187048517,95485435,95602966,94569131,94957876,94261900,94489506,94718967,95618603,95207365,94469900,95230368,94905608,94997965,95721845,94822015,94955502,94445275,95214224,95332705,94569883,95184180,94962927,95253239,96105689,94404095,95460183,96539190,95827362,94898395,95464421,94860496,95878198,96153346,94777906,95396084,94698932,94507580,94547296,95154581,95950936,94688519,94666918,97337859,94753146
STAT,(NULL),Work,44,4409907816,100238536,100216989,100242120,100231648,100218396,100222736,100221267,100229056,100226371,100225900,100223092,100229340,100232650,100246210,100252145,100232528,100219453,100230340,100217520,100233900,100228140,100225888,100223694,100226453,100222246,100217433,100225517,100216321,100225062,100214551,100220390,100223198,100221680,100210428,100225075,100218028,100223756,100216643,100229636,100221462,100224295,100208391,100219982,100229350
STAT,(NULL),nBad,44,6356,0,0,0,0,0,348,0,0,0,0,0,0,0,0,0,0,0,0,0,0,0,0,0,2008,0,0,0,0,0,0,0,0,0,4000,0,0,0,0,0,0,0,0,0,0
STAT,(NULL),nEmpty,44,16938,433,520,332,426,493,574,447,382,315,454,411,431,351,239,290,332,523,303,507,461,303,347,382,318,600,310,27,415,331,570,398,488,107,500,304,483,525,411,340,193,520,383,0,459
STAT,(NULL),nEmptyPop,44,25776,237,154,389,722,663,754,785,287,765,695,636,704,749,395,390,528,761,729,241,763,648,757,753,268,660,721,698,177,724,280,660,214,627,749,639,669,667,737,663,736,662,736,337,647
STAT,(NULL),nOverall,44,16002356,396000,396000,212000,352000,348000,396348,396000,400000,396000,348000,352000,348000,396000,212000,208000,272000,392000,392000,396000,392000,352000,388000,392000,394008,352000,392000,392000,392000,388000,392000,352000,396000,360000,388000,356000,352000,352000,388000,352000,392000,352000,388000,392000,348000
STAT,(NULL),nPop,44,20940,532,619,385,514,580,674,546,482,414,541,499,518,450,292,342,400,621,401,606,559,391,444,480,417,688,408,125,513,428,668,486,587,197,597,393,571,613,508,428,291,608,480,98,546
STAT,(NULL),nPush,44,16941,475,448,173,424,426,448,450,449,456,432,415,315,481,161,180,203,440,460,469,453,300,451,401,308,352,408,414,423,427,402,334,384,401,402,353,365,312,428,352,403,376,427,423,337
STAT,(NULL),nPushInit,44,3999,90,91,91,91,91,91,91,91,91,91,91,91,91,91,91,91,91,91,91,91,91,91,91,91,91,91,91,91,91,91,91,91,91,91,91,91,91,91,91,91,91,91,91,87
==== BENCHMARK TOOK 1.483
==== BENCHMARK START ===
==== PARAMS kernel=4.9.5-64-net1 malloc=libc hostname=rack-castor threads=44 delta=4 prog=sssp-klsm256mq  ===
ERROR: ld.so: object '/specific/disk1/home/adamx/malloc/lib64/libjemalloc.so' from LD_PRELOAD cannot be preloaded (cannot open shared object file): ignored.
Galois Benchmark Suite v2.2.1 (r0)
Copyright (C) 2014 The University of Texas at Austin
http://iss.ices.utexas.edu/galois/

application: Single Source Shortest Path
Computes the shortest path from a source node to all nodes in a directed graph using a modified chaotic iteration algorithm
http://iss.ices.utexas.edu/?p=projects/galois/benchmarks/single_source_shortest_path

INFO: CommandLine ./build/debug/apps/sssp/sssp -noverify -t 44 -delta 4 -wl klsm256mq -startNode 0 /specific/disk1/home/mad/Galois-PQ/inputs/clique4000.gr
INFO: Hostname rack-castor
Read 4000 nodes
Running Asynchronous with CAS version
INFO: Using delta-step of 1
WARNING: Performance varies considerably due to delta parameter.
WARNING: Do not expect the default to be good for your graph.
Node 1 has distance 3
STATTYPE,LOOP,CATEGORY,n,sum,T0,T1,T2,T3,T4,T5,T6,T7,T8,T9,T10,T11,T12,T13,T14,T15,T16,T17,T18,T19,T20,T21,T22,T23,T24,T25,T26,T27,T28,T29,T30,T31,T32,T33,T34,T35,T36,T37,T38,T39,T40,T41,T42,T43
STAT,(NULL),BadWork,44,2965121,0,0,0,0,0,190736,0,0,0,0,0,0,0,0,0,0,0,0,0,0,0,0,0,858320,0,0,0,0,0,0,0,0,0,0,0,0,0,0,0,0,0,0,1916065,0
STAT,(NULL),BarrierTime,44,13578564,750184,700140,506425,638808,627160,574152,572476,546684,328996,382077,533524,500036,503984,425732,360913,426763,341940,332922,237462,433762,362879,417872,189250,184524,174710,184358,172256,177537,176889,104923,101236,157431,189025,96232,109608,108884,109057,53562,86428,181895,154608,174946,100250,86064
STAT,(NULL),ConflictTime,44,0,0,0,0,0,0,0,0,0,0,0,0,0,0,0,0,0,0,0,0,0,0,0,0,0,0,0,0,0,0,0,0,0,0,0,0,0,0,0,0,0,0,0,0,0
STAT,(NULL),Conflicts,44,0,0,0,0,0,0,0,0,0,0,0,0,0,0,0,0,0,0,0,0,0,0,0,0,0,0,0,0,0,0,0,0,0,0,0,0,0,0,0,0,0,0,0,0,0
STAT,(NULL),EmptyPopTime,44,75961559,1395796,1388712,2404170,1426652,1422404,1365752,1582467,1371620,2403174,2381057,2404208,1450012,1448176,2416608,1129232,1592214,1062055,2511499,2456894,2377328,794276,2403808,1463445,2375668,852232,1334352,1184184,1564943,1614483,1613295,2407548,837535,2379040,1434792,1421328,1607701,2392689,2429989,1469776,1633407,2448965,1474719,1509218,1324136
STAT,(NULL),EmptyWork,44,3871287,73496,82920,46629,87696,70404,46488,57282,76368,64564,53171,92008,96336,89284,64748,63687,113738,68893,115199,141046,75501,110103,73004,118668,74008,0,77436,124592,98644,110132,91610,107200,143652,73624,119252,88064,102380,131133,100042,86344,87179,111340,95507,91535,76380
STAT,(NULL),GaloisTime,44,22794916,490568,522800,520469,461240,437032,399916,438375,505836,584191,555002,557012,485820,496500,504368,479191,558720,428094,610583,692828,547772,471807,519000,531322,582828,339256,455948,498960,494637,524941,494477,608587,541374,535904,539472,511744,501480,670332,594593,480832,524489,631348,486665,499847,478756
STAT,(NULL),InitPushTime,44,11209820,177208,170516,282539,165744,170072,177052,150753,168748,294500,270704,164744,166236,168492,174372,211218,152504,213043,154510,250894,153930,171496,177220,326678,326524,322938,325351,326781,298899,293729,318956,320196,297301,300028,320593,320158,321458,319024,339907,327481,303072,302955,295848,320025,395423
STAT,(NULL),Iterations,44,20941,442,480,177,512,430,307,413,451,224,193,529,552,517,396,312,722,325,353,484,505,344,437,746,442,97,462,564,637,701,601,684,430,445,662,505,656,803,314,506,571,347,613,595,455
STAT,(NULL),LoopTime,44,112801140,112801140,0,0,0,0,0,0,0,0,0,0,0,0,0,0,0,0,0,0,0,0,0,0,0,0,0,0,0,0,0,0,0,0,0,0,0,0,0,0,0,0,0,0,0
STAT,(NULL),MeminfoPost,44,352,8,8,8,8,8,8,8,8,8,8,8,8,8,8,8,8,8,8,8,8,8,8,8,8,8,8,8,8,8,8,8,8,8,8,8,8,8,8,8,8,8,8,8,8
STAT,(NULL),MeminfoPre,44,352,8,8,8,8,8,8,8,8,8,8,8,8,8,8,8,8,8,8,8,8,8,8,8,8,8,8,8,8,8,8,8,8,8,8,8,8,8,8,8,8,8,8,8,8
STAT,(NULL),NumaPost,44,10599,9361,515,492,231,0,0,0,0,0,0,0,0,0,0,0,0,0,0,0,0,0,0,0,0,0,0,0,0,0,0,0,0,0,0,0,0,0,0,0,0,0,0,0,0
STAT,(NULL),PopTime,44,68253414,1377880,1524464,797570,1707972,1401244,918776,1275149,1419908,1010889,842802,1715904,1808220,1708704,1308136,1156161,2141028,1176757,1564617,1894842,1432745,1608761,1524368,2062387,1367120,270496,1476760,1949040,1916612,1997707,1818530,1944430,1800896,1416816,1928300,1537548,1929527,2206035,1451688,1603812,1674250,1520346,1851312,1762525,1450380
STAT,(NULL),PushTime,44,92995145,2037208,1942576,1884469,2282580,2333308,1924612,2246900,1959180,1934145,1843259,2364652,2376768,2312268,2160284,2122597,2244277,1621278,1928499,1840244,2187910,1959641,2342480,2132811,1798708,2086392,2303256,2100224,2153023,2188721,2240632,2168916,1971827,2293628,2352044,1974364,2256336,2014028,1908536,2394568,2184557,2001583,2418960,2179056,2023840
STAT,(NULL),RusageSys,44,0,0,0,0,0,0,0,0,0,0,0,0,0,0,0,0,0,0,0,0,0,0,0,0,0,0,0,0,0,0,0,0,0,0,0,0,0,0,0,0,0,0,0,0,0
STAT,(NULL),RusageUser,44,2220000,2220000,0,0,0,0,0,0,0,0,0,0,0,0,0,0,0,0,0,0,0,0,0,0,0,0,0,0,0,0,0,0,0,0,0,0,0,0,0,0,0,0,0,0,0
STAT,(NULL),Threads,44,44,44,0,0,0,0,0,0,0,0,0,0,0,0,0,0,0,0,0,0,0,0,0,0,0,0,0,0,0,0,0,0,0,0,0,0,0,0,0,0,0,0,0,0,0
STAT,(NULL),Time,44,127589184,127589184,0,0,0,0,0,0,0,0,0,0,0,0,0,0,0,0,0,0,0,0,0,0,0,0,0,0,0,0,0,0,0,0,0,0,0,0,0,0,0,0,0,0,0
STAT,(NULL),TotalTime,44,1898011284,1898011284,0,0,0,0,0,0,0,0,0,0,0,0,0,0,0,0,0,0,0,0,0,0,0,0,0,0,0,0,0,0,0,0,0,0,0,0,0,0,0,0,0,0,0
STAT,(NULL),UserTime,44,4629299053,105827948,105746332,105553056,105242240,105542632,106552512,105608076,105875564,105207691,105531573,104074108,104989892,105152764,104754328,106256683,104558345,106848425,104477666,104181442,104586729,106263080,104345196,104901334,105011388,107660944,105562224,105352388,104982204,104774225,104951772,103973380,105913073,104511280,104836464,105676644,104813401,103795956,104723377,105174368,105106394,104494144,104882650,105168329,105856832
STAT,(NULL),Work,44,4897735131,111308972,111309152,111322684,111296416,111295244,111305020,111283559,111286904,111321679,111321782,111298960,111296408,111294584,111292452,111308427,111318431,111326034,111372369,111342026,111309901,111355830,111299612,111297590,111306376,111314692,111306632,111318336,111312602,111313345,111312526,111314484,111329768,111298984,111314140,111303952,111307798,111301135,111325706,111314848,111305468,111329695,111312909,111312687,111315012
STAT,(NULL),nBad,44,6646,0,0,0,0,0,382,0,0,0,0,0,0,0,0,0,0,0,0,0,0,0,0,0,2264,0,0,0,0,0,0,0,0,0,0,0,0,0,0,0,0,0,0,4000,0
STAT,(NULL),nEmpty,44,16939,344,383,118,415,333,208,303,354,165,134,434,456,421,300,232,614,245,295,418,397,285,341,639,344,0,364,480,531,594,494,578,371,348,564,407,550,707,256,408,464,289,511,489,356
STAT,(NULL),nEmptyPop,44,38416,774,767,715,751,775,749,980,765,728,722,1336,776,788,1326,482,988,444,746,864,1442,232,1314,909,1293,474,732,531,938,1007,1009,1516,252,1324,764,771,1012,1508,739,813,1015,744,908,947,746
STAT,(NULL),nOverall,44,16002646,392000,388000,236000,388000,388000,392382,440000,388000,236000,236000,380000,384000,384000,384000,320000,432000,320000,232000,264000,432000,236000,384000,428000,390264,388000,392000,336000,424000,428000,428000,424000,236000,388000,392000,392000,424000,384000,232000,392000,428000,232000,408000,424000,396000
STAT,(NULL),nPop,44,20941,442,480,177,512,430,307,413,451,224,193,529,552,517,396,312,722,325,353,484,505,344,437,746,442,97,462,564,637,701,601,684,430,445,662,505,656,803,314,506,571,347,613,595,455
STAT,(NULL),nPush,44,16942,420,395,186,456,448,411,522,393,198,186,422,430,477,445,293,517,272,207,250,534,190,441,491,340,440,421,312,470,470,491,440,194,441,433,415,495,398,175,449,463,188,444,462,417
STAT,(NULL),nPushInit,44,3999,90,91,91,91,91,91,91,91,91,91,91,91,91,91,91,91,91,91,91,91,91,91,91,91,91,91,91,91,91,91,91,91,91,91,91,91,91,91,91,91,91,91,91,87
==== BENCHMARK TOOK 1.652
==== BENCHMARK START ===
==== PARAMS kernel=4.9.5-64-net1 malloc=libc hostname=rack-castor threads=44 delta=4 prog=sssp-klsm256mq  ===
ERROR: ld.so: object '/specific/disk1/home/adamx/malloc/lib64/libjemalloc.so' from LD_PRELOAD cannot be preloaded (cannot open shared object file): ignored.
Galois Benchmark Suite v2.2.1 (r0)
Copyright (C) 2014 The University of Texas at Austin
http://iss.ices.utexas.edu/galois/

application: Single Source Shortest Path
Computes the shortest path from a source node to all nodes in a directed graph using a modified chaotic iteration algorithm
http://iss.ices.utexas.edu/?p=projects/galois/benchmarks/single_source_shortest_path

INFO: CommandLine ./build/debug/apps/sssp/sssp -noverify -t 44 -delta 4 -wl klsm256mq -startNode 0 /specific/disk1/home/mad/Galois-PQ/inputs/clique4000.gr
INFO: Hostname rack-castor
Read 4000 nodes
Running Asynchronous with CAS version
INFO: Using delta-step of 1
WARNING: Performance varies considerably due to delta parameter.
WARNING: Do not expect the default to be good for your graph.
Node 1 has distance 3
STATTYPE,LOOP,CATEGORY,n,sum,T0,T1,T2,T3,T4,T5,T6,T7,T8,T9,T10,T11,T12,T13,T14,T15,T16,T17,T18,T19,T20,T21,T22,T23,T24,T25,T26,T27,T28,T29,T30,T31,T32,T33,T34,T35,T36,T37,T38,T39,T40,T41,T42,T43
STAT,(NULL),BadWork,44,2137002,0,0,0,0,0,176570,0,0,0,0,0,0,0,0,0,0,0,0,0,0,0,0,0,772932,0,0,0,0,0,0,0,0,0,1187500,0,0,0,0,0,0,0,0,0,0
STAT,(NULL),BarrierTime,44,12214546,669878,647320,602185,557988,524628,574628,525660,473052,473850,438976,435048,452896,410706,301268,294544,213488,377720,342508,369029,196368,357759,326408,140348,124250,147736,148993,138164,148957,109969,142572,148626,97715,148659,148538,148501,111329,32820,119871,120024,49428,135546,112176,104509,69908
STAT,(NULL),ConflictTime,44,0,0,0,0,0,0,0,0,0,0,0,0,0,0,0,0,0,0,0,0,0,0,0,0,0,0,0,0,0,0,0,0,0,0,0,0,0,0,0,0,0,0,0,0,0
STAT,(NULL),Conflicts,44,0,0,0,0,0,0,0,0,0,0,0,0,0,0,0,0,0,0,0,0,0,0,0,0,0,0,0,0,0,0,0,0,0,0,0,0,0,0,0,0,0,0,0,0,0
STAT,(NULL),EmptyPopTime,44,90860447,2154392,1462612,2040233,1156692,2195580,2153222,2159304,2202204,2189326,2177668,2158288,189104,2280718,2173923,2195164,2219487,983244,2165020,2191203,2171976,2166152,2181620,2183436,2204107,2174107,2188455,2202128,2155934,2167757,2180696,2171995,2177076,2171096,2175984,2176445,2209988,2170007,2131661,2195408,2166781,2191589,2190152,2173117,2135396
STAT,(NULL),EmptyWork,44,3655868,89336,6484,10596,106156,91520,72461,67940,95900,76092,82392,113432,5676,130680,116786,83988,106982,6380,79232,99465,128301,98735,95248,97852,89639,83512,78929,129272,55671,84199,66392,81082,117056,93134,82815,104655,81354,89815,80003,66336,105262,87368,80240,98084,39416
STAT,(NULL),GaloisTime,44,25628400,641992,459712,480059,503252,572612,639341,554984,574724,603705,632096,607220,334360,649164,709728,606265,619154,411268,555224,641393,639517,619391,590600,631372,560626,601788,553193,627384,537018,594602,527544,542882,595090,610309,627930,630632,586023,634386,597370,559760,602379,576255,602636,643708,539752
STAT,(NULL),InitPushTime,44,10841014,196260,185548,194420,166372,169864,157117,168332,169164,155499,176748,184776,170592,177116,288589,286066,289916,171800,173380,154856,284856,159362,177912,314038,319060,322178,306201,327891,312431,351091,333470,313314,327287,285385,277752,282351,251249,337949,250136,257270,321757,252304,258521,275740,305094
STAT,(NULL),Iterations,44,21111,472,120,105,601,528,496,413,548,517,481,631,117,419,700,467,332,119,466,608,679,639,536,555,316,539,522,703,402,522,402,534,519,604,545,662,294,548,527,409,641,566,415,619,273
STAT,(NULL),LoopTime,44,111666070,111666070,0,0,0,0,0,0,0,0,0,0,0,0,0,0,0,0,0,0,0,0,0,0,0,0,0,0,0,0,0,0,0,0,0,0,0,0,0,0,0,0,0,0,0
STAT,(NULL),MeminfoPost,44,352,8,8,8,8,8,8,8,8,8,8,8,8,8,8,8,8,8,8,8,8,8,8,8,8,8,8,8,8,8,8,8,8,8,8,8,8,8,8,8,8,8,8,8,8
STAT,(NULL),MeminfoPre,44,352,8,8,8,8,8,8,8,8,8,8,8,8,8,8,8,8,8,8,8,8,8,8,8,8,8,8,8,8,8,8,8,8,8,8,8,8,8,8,8,8,8,8,8,8
STAT,(NULL),NumaPost,44,10607,9364,516,497,230,0,0,0,0,0,0,0,0,0,0,0,0,0,0,0,0,0,0,0,0,0,0,0,0,0,0,0,0,0,0,0,0,0,0,0,0,0,0,0,0
STAT,(NULL),PopTime,44,67690979,1550322,326952,366803,1935740,1711972,1514592,1351796,1845564,1610139,1692264,1992380,317716,1764214,2170985,1590537,1560577,329456,1428912,1898256,2224759,1871892,1639584,1695060,1355789,1526178,1552772,2102424,1211988,1702514,1297068,1584548,1925550,1775799,1632628,1941973,1220360,1744474,1521294,1353420,2070415,1704224,1319172,1931201,826716
STAT,(NULL),PushTime,44,90927142,1925848,1831440,1844096,2265036,2304636,2248352,2294920,2305200,2321230,2333756,2322416,1794452,2302128,1817274,1984824,1849341,1883236,1829640,1887823,1824949,2276472,1983700,1926596,1842936,1978104,2208828,1917272,2140425,1872640,2364668,2205561,1845044,2182649,2150196,2144662,2208306,1857147,2236454,2315736,1860341,2240280,1997548,2005312,1995668
STAT,(NULL),RusageSys,44,12000,12000,0,0,0,0,0,0,0,0,0,0,0,0,0,0,0,0,0,0,0,0,0,0,0,0,0,0,0,0,0,0,0,0,0,0,0,0,0,0,0,0,0,0,0
STAT,(NULL),RusageUser,44,2184000,2184000,0,0,0,0,0,0,0,0,0,0,0,0,0,0,0,0,0,0,0,0,0,0,0,0,0,0,0,0,0,0,0,0,0,0,0,0,0,0,0,0,0,0,0
STAT,(NULL),Threads,44,44,44,0,0,0,0,0,0,0,0,0,0,0,0,0,0,0,0,0,0,0,0,0,0,0,0,0,0,0,0,0,0,0,0,0,0,0,0,0,0,0,0,0,0,0
STAT,(NULL),Time,44,126467704,126467704,0,0,0,0,0,0,0,0,0,0,0,0,0,0,0,0,0,0,0,0,0,0,0,0,0,0,0,0,0,0,0,0,0,0,0,0,0,0,0,0,0,0,0
STAT,(NULL),TotalTime,44,1791895420,1791895420,0,0,0,0,0,0,0,0,0,0,0,0,0,0,0,0,0,0,0,0,0,0,0,0,0,0,0,0,0,0,0,0,0,0,0,0,0,0,0,0,0,0,0
STAT,(NULL),UserTime,44,4570763417,103851142,106128716,105474328,104249380,103339552,103588166,103786928,103192176,103415982,103297716,103022124,107574592,103089269,103225636,103753350,103859062,106602380,104157836,103498057,103225348,103183498,103725180,103683808,104164901,103852987,103635847,103239744,104117201,103793946,103780356,103631089,103555288,103385144,103547895,103219810,103912441,103719877,103651403,103726460,103409981,103418761,104027622,103366886,104681552
STAT,(NULL),Work,44,4853351316,110320634,110289156,110323164,110298088,110304388,110283190,110305060,110309436,110286224,110290492,110288724,110286336,110317403,110286774,110294887,110319498,110307164,110300480,110293167,110302638,110301524,110309244,110311088,110324322,110303250,110300463,110312852,110300796,110305396,110303164,110299431,110308222,110300808,110298912,110300960,110321994,110301914,110315340,110303448,110301199,110301082,110311830,110300450,110306724
STAT,(NULL),nBad,44,6667,0,0,0,0,0,494,0,0,0,0,0,0,0,0,0,0,0,0,0,0,0,0,0,2173,0,0,0,0,0,0,0,0,0,4000,0,0,0,0,0,0,0,0,0,0
STAT,(NULL),nEmpty,44,17109,379,24,22,506,434,387,319,454,411,387,538,20,338,627,398,275,23,372,535,610,534,442,460,232,445,417,609,297,448,307,430,454,501,441,558,206,475,422,314,568,463,322,528,177
STAT,(NULL),nEmptyPop,44,48572,1071,819,602,600,1197,1339,1148,1188,1303,1144,1179,102,698,1332,1185,669,545,1165,1307,1163,1315,1173,1189,658,1304,1302,1192,1303,1293,1154,1317,952,1337,1338,1355,651,1344,1320,1208,1307,1331,1010,1311,1152
STAT,(NULL),nOverall,44,16002667,372000,384000,332000,380000,376000,432494,376000,376000,424000,376000,372000,388000,324000,292000,276000,228000,384000,376000,292000,276000,420000,376000,380000,334173,376000,420000,376000,420000,296000,380000,416000,260000,412000,416000,416000,352000,292000,420000,380000,292000,412000,372000,364000,384000
STAT,(NULL),nPop,44,21111,472,120,105,601,528,496,413,548,517,481,631,117,419,700,467,332,119,466,608,679,639,536,555,316,539,522,703,402,522,402,534,519,604,545,662,294,548,527,409,641,566,415,619,273
STAT,(NULL),nPush,44,17112,411,408,392,434,458,476,449,449,479,434,421,410,447,192,236,178,386,389,197,179,533,422,390,345,365,536,420,503,220,429,493,195,485,476,485,481,177,490,432,186,492,409,300,423
STAT,(NULL),nPushInit,44,3999,90,91,91,91,91,91,91,91,91,91,91,91,91,91,91,91,91,91,91,91,91,91,91,91,91,91,91,91,91,91,91,91,91,91,91,91,91,91,91,91,91,91,91,87
==== BENCHMARK TOOK 1.612
==== BENCHMARK START ===
==== PARAMS kernel=4.9.5-64-net1 malloc=libc hostname=rack-castor threads=44 delta=4 prog=sssp-klsm256mq  ===
ERROR: ld.so: object '/specific/disk1/home/adamx/malloc/lib64/libjemalloc.so' from LD_PRELOAD cannot be preloaded (cannot open shared object file): ignored.
Galois Benchmark Suite v2.2.1 (r0)
Copyright (C) 2014 The University of Texas at Austin
http://iss.ices.utexas.edu/galois/

application: Single Source Shortest Path
Computes the shortest path from a source node to all nodes in a directed graph using a modified chaotic iteration algorithm
http://iss.ices.utexas.edu/?p=projects/galois/benchmarks/single_source_shortest_path

INFO: CommandLine ./build/debug/apps/sssp/sssp -noverify -t 44 -delta 4 -wl klsm256mq -startNode 0 /specific/disk1/home/mad/Galois-PQ/inputs/clique4000.gr
INFO: Hostname rack-castor
Read 4000 nodes
Running Asynchronous with CAS version
INFO: Using delta-step of 1
WARNING: Performance varies considerably due to delta parameter.
WARNING: Do not expect the default to be good for your graph.
Node 1 has distance 3
STATTYPE,LOOP,CATEGORY,n,sum,T0,T1,T2,T3,T4,T5,T6,T7,T8,T9,T10,T11,T12,T13,T14,T15,T16,T17,T18,T19,T20,T21,T22,T23,T24,T25,T26,T27,T28,T29,T30,T31,T32,T33,T34,T35,T36,T37,T38,T39,T40,T41,T42,T43
STAT,(NULL),BadWork,44,2143309,0,0,0,0,0,233608,0,0,0,0,0,0,0,0,0,0,0,0,0,0,0,0,0,655064,0,0,0,0,1254637,0,0,0,0,0,0,0,0,0,0,0,0,0,0,0
STAT,(NULL),BarrierTime,44,13519892,646884,607800,586817,500012,503432,554844,532876,443507,446770,226695,411752,466768,467076,385448,396799,341872,291472,362357,342924,286596,306829,160628,268616,268692,227666,266008,267921,264840,268118,263196,268630,222152,193160,172001,109512,227860,45863,204549,179204,11472,168553,151116,119593,81012
STAT,(NULL),ConflictTime,44,0,0,0,0,0,0,0,0,0,0,0,0,0,0,0,0,0,0,0,0,0,0,0,0,0,0,0,0,0,0,0,0,0,0,0,0,0,0,0,0,0,0,0,0,0
STAT,(NULL),Conflicts,44,0,0,0,0,0,0,0,0,0,0,0,0,0,0,0,0,0,0,0,0,0,0,0,0,0,0,0,0,0,0,0,0,0,0,0,0,0,0,0,0,0,0,0,0,0
STAT,(NULL),EmptyPopTime,44,59221755,1346180,1405216,1372168,1367516,1394068,1380092,1360826,1392473,1405068,1423869,1384044,1352452,1369804,1393002,1387372,1379320,1351192,1321650,1416412,1376808,1388151,1432680,1360000,1376067,1379706,1322380,1369517,1338375,1369696,1430232,1375594,1337452,1360588,1316075,1354976,1387429,268837,1276454,1376068,1410416,1356488,1340148,1324442,1390452
STAT,(NULL),EmptyWork,44,3703887,67836,131608,80705,90892,83652,92600,120258,84720,77928,151678,62092,44592,92900,72226,82334,81280,65828,62904,89636,99320,113140,140644,64272,107790,72040,25940,116213,88448,124347,109480,93820,70079,71004,66821,85936,114608,8337,14656,63080,117379,70536,63936,51512,114880
STAT,(NULL),GaloisTime,44,20998973,462028,537512,506452,475780,494512,493148,497238,489465,488546,614455,463468,407104,507560,477135,476555,465808,490700,427884,470024,498016,497548,560702,466237,517518,439558,396000,503590,465549,527079,496396,500066,446204,465448,437683,485140,521383,279268,365055,456152,506290,484086,465316,421699,551616
STAT,(NULL),InitPushTime,44,8571242,201276,190868,221383,174288,170476,178552,152574,151099,150716,293986,171516,168816,168352,170476,175080,171880,174424,154164,173100,174048,160858,274438,168778,232874,289302,250283,232949,185999,164420,183216,172122,175360,197296,166244,214352,167385,296604,183712,210820,275868,167964,180184,190388,242752
STAT,(NULL),Iterations,44,21142,407,713,539,522,483,526,744,562,524,451,382,298,525,237,348,477,400,441,515,562,714,620,446,681,393,210,727,583,767,612,614,477,405,464,435,717,75,111,391,359,477,389,187,632
STAT,(NULL),LoopTime,44,107946636,107946636,0,0,0,0,0,0,0,0,0,0,0,0,0,0,0,0,0,0,0,0,0,0,0,0,0,0,0,0,0,0,0,0,0,0,0,0,0,0,0,0,0,0,0
STAT,(NULL),MeminfoPost,44,352,8,8,8,8,8,8,8,8,8,8,8,8,8,8,8,8,8,8,8,8,8,8,8,8,8,8,8,8,8,8,8,8,8,8,8,8,8,8,8,8,8,8,8,8
STAT,(NULL),MeminfoPre,44,352,8,8,8,8,8,8,8,8,8,8,8,8,8,8,8,8,8,8,8,8,8,8,8,8,8,8,8,8,8,8,8,8,8,8,8,8,8,8,8,8,8,8,8,8
STAT,(NULL),NumaPost,44,10612,9366,511,503,232,0,0,0,0,0,0,0,0,0,0,0,0,0,0,0,0,0,0,0,0,0,0,0,0,0,0,0,0,0,0,0,0,0,0,0,0,0,0,0,0
STAT,(NULL),PopTime,44,67724288,1324464,2143452,1538555,1541716,1482024,1696644,2151691,1665071,1591398,1981451,1257368,905236,1628880,1148091,1339348,1541824,1292656,1292155,1715400,1827144,2017065,2014630,1416559,1976375,1409706,667816,2160041,1773022,2190590,1904128,1911738,1501216,1330968,1488170,1565948,2098750,404427,435018,1380180,1656289,1444503,1231124,724401,1957056
STAT,(NULL),PushTime,44,88422324,1961056,1884456,2218505,2251116,2323780,1868172,2182209,2278779,2177430,1824080,2225680,1893736,1882392,1863444,2237449,1992848,1913188,2124909,2312992,1886356,2176297,1568428,2151416,1840914,1940124,1863624,2244897,2116365,2153554,1973048,2114462,2161064,2016260,2187186,2000080,2281847,1188630,1722892,2231984,1813820,2211932,1937528,1260391,1963004
STAT,(NULL),RusageSys,44,0,0,0,0,0,0,0,0,0,0,0,0,0,0,0,0,0,0,0,0,0,0,0,0,0,0,0,0,0,0,0,0,0,0,0,0,0,0,0,0,0,0,0,0,0
STAT,(NULL),RusageUser,44,2140000,2140000,0,0,0,0,0,0,0,0,0,0,0,0,0,0,0,0,0,0,0,0,0,0,0,0,0,0,0,0,0,0,0,0,0,0,0,0,0,0,0,0,0,0,0
STAT,(NULL),Threads,44,44,44,0,0,0,0,0,0,0,0,0,0,0,0,0,0,0,0,0,0,0,0,0,0,0,0,0,0,0,0,0,0,0,0,0,0,0,0,0,0,0,0,0,0,0
STAT,(NULL),Time,44,122756492,122756492,0,0,0,0,0,0,0,0,0,0,0,0,0,0,0,0,0,0,0,0,0,0,0,0,0,0,0,0,0,0,0,0,0,0,0,0,0,0,0,0,0,0,0
STAT,(NULL),TotalTime,44,1768284060,1768284060,0,0,0,0,0,0,0,0,0,0,0,0,0,0,0,0,0,0,0,0,0,0,0,0,0,0,0,0,0,0,0,0,0,0,0,0,0,0,0,0,0,0,0
STAT,(NULL),UserTime,44,4446097299,101336164,100400932,100786635,100776404,100725968,100972796,100191529,100593680,100763827,100505814,101110644,101901012,101021272,101550208,100981260,101042744,101389256,101273785,100498812,100815040,100310472,100782794,101046253,100686091,101263590,102228776,100110318,100723400,100139422,100591756,100509206,100989159,101260048,101009160,101012280,100101054,104353601,102690924,100997468,100999266,100937423,101466876,102722196,100527984
STAT,(NULL),Work,44,4690052028,106599200,106581344,106581161,106585004,106588024,106580448,106579598,106579692,106578445,106612799,106585988,106586888,106586404,106612485,106596207,106584332,106579320,106581879,106579268,106581416,106581288,106585746,106592173,106593423,106598176,106595644,106592000,106592039,106592148,106595456,106594819,106592261,106595712,106594330,106598120,106595723,106611706,106595597,106597856,106612310,106595496,106595384,106612815,106601904
STAT,(NULL),nBad,44,6317,0,0,0,0,0,490,0,0,0,0,0,0,0,0,0,0,0,0,0,0,0,0,0,1827,0,0,0,0,4000,0,0,0,0,0,0,0,0,0,0,0,0,0,0,0
STAT,(NULL),nEmpty,44,17140,313,621,435,429,391,432,641,457,419,395,289,204,432,181,276,384,307,336,423,469,610,541,343,578,305,114,625,481,666,519,511,374,314,362,352,616,17,42,297,303,373,294,130,539
STAT,(NULL),nEmptyPop,44,29925,676,690,815,713,743,717,786,808,821,412,671,718,691,401,508,729,710,762,752,727,789,593,766,804,639,684,821,756,840,721,787,770,647,758,591,830,70,458,721,415,827,673,393,722
STAT,(NULL),nOverall,44,16002317,376000,368000,416000,372000,368000,372490,412000,420000,420000,224000,372000,376000,372000,224000,288000,372000,372000,420000,368000,372000,416000,316000,412000,409827,352000,384000,408000,408000,404000,372000,412000,412000,364000,408000,332000,404000,232000,276000,376000,224000,416000,380000,228000,372000
STAT,(NULL),nPop,44,21142,407,713,539,522,483,526,744,562,524,451,382,298,525,237,348,477,400,441,515,562,714,620,446,681,393,210,727,583,767,612,614,477,405,464,435,717,75,111,391,359,477,389,187,632
STAT,(NULL),nPush,44,17143,411,408,427,455,424,379,516,439,507,176,422,412,403,191,299,403,350,524,426,352,531,295,452,391,311,372,452,439,504,403,427,477,392,480,319,479,160,266,429,188,499,417,167,369
STAT,(NULL),nPushInit,44,3999,90,91,91,91,91,91,91,91,91,91,91,91,91,91,91,91,91,91,91,91,91,91,91,91,91,91,91,91,91,91,91,91,91,91,91,91,91,91,91,91,91,91,91,87
==== BENCHMARK TOOK 1.542
==== BENCHMARK START ===
==== PARAMS kernel=4.9.5-64-net1 malloc=libc hostname=rack-castor threads=44 delta=4 prog=sssp-klsm256mq  ===
ERROR: ld.so: object '/specific/disk1/home/adamx/malloc/lib64/libjemalloc.so' from LD_PRELOAD cannot be preloaded (cannot open shared object file): ignored.
Galois Benchmark Suite v2.2.1 (r0)
Copyright (C) 2014 The University of Texas at Austin
http://iss.ices.utexas.edu/galois/

application: Single Source Shortest Path
Computes the shortest path from a source node to all nodes in a directed graph using a modified chaotic iteration algorithm
http://iss.ices.utexas.edu/?p=projects/galois/benchmarks/single_source_shortest_path

INFO: CommandLine ./build/debug/apps/sssp/sssp -noverify -t 44 -delta 4 -wl klsm256mq -startNode 0 /specific/disk1/home/mad/Galois-PQ/inputs/clique4000.gr
INFO: Hostname rack-castor
Read 4000 nodes
Running Asynchronous with CAS version
INFO: Using delta-step of 1
WARNING: Performance varies considerably due to delta parameter.
WARNING: Do not expect the default to be good for your graph.
Node 1 has distance 3
STATTYPE,LOOP,CATEGORY,n,sum,T0,T1,T2,T3,T4,T5,T6,T7,T8,T9,T10,T11,T12,T13,T14,T15,T16,T17,T18,T19,T20,T21,T22,T23,T24,T25,T26,T27,T28,T29,T30,T31,T32,T33,T34,T35,T36,T37,T38,T39,T40,T41,T42,T43
STAT,(NULL),BadWork,44,2739476,0,0,0,0,0,200943,0,0,0,0,0,0,0,0,0,0,0,0,0,0,0,0,0,794705,0,0,0,0,0,0,0,0,0,0,0,0,0,0,0,0,0,0,0,1743828
STAT,(NULL),BarrierTime,44,13443891,710320,661071,691940,592884,571816,597305,393155,542830,509752,292036,458916,459558,293795,505038,500350,238480,442627,442998,389632,394013,368749,359540,158710,148030,156686,162837,169972,160712,154882,173448,164329,95539,94600,151198,151679,167289,160521,158058,153983,115021,79112,111737,106982,31761
STAT,(NULL),ConflictTime,44,0,0,0,0,0,0,0,0,0,0,0,0,0,0,0,0,0,0,0,0,0,0,0,0,0,0,0,0,0,0,0,0,0,0,0,0,0,0,0,0,0,0,0,0,0
STAT,(NULL),Conflicts,44,0,0,0,0,0,0,0,0,0,0,0,0,0,0,0,0,0,0,0,0,0,0,0,0,0,0,0,0,0,0,0,0,0,0,0,0,0,0,0,0,0,0,0,0,0
STAT,(NULL),EmptyPopTime,44,108974572,1822124,2796599,1641152,2796056,2812996,2717802,2842510,2755548,2766708,2771407,2799532,2790084,2836842,2777512,2805681,2838454,1985296,2767646,1306614,2781353,2774194,2494532,840635,2859106,1791022,1790302,2727604,1835348,1330032,1746012,2817496,2836365,2831469,2750088,1922560,2795815,2761596,1869591,2774344,2792270,2871683,2794020,2792896,2763676
STAT,(NULL),EmptyWork,44,3897903,99700,95949,5480,76536,104200,73012,72460,95028,76412,66103,112668,73630,155331,118305,73927,89929,132085,74530,7396,103431,52936,5404,0,142016,77996,78755,19825,125828,128536,78024,89636,76782,105916,73820,105448,110020,109902,97893,108480,116045,121605,115288,117400,134236
STAT,(NULL),GaloisTime,44,28143572,599360,702656,426116,625524,731468,682099,679330,648857,602840,599526,747380,652908,730212,706765,690125,667102,629124,638044,433189,676587,657975,530868,388550,719584,572185,547815,557496,650349,605944,537091,663852,628985,662320,664346,623776,683501,675937,590740,732468,730081,692096,739757,724204,694440
STAT,(NULL),InitPushTime,44,11064119,199332,223497,182740,170208,169364,164326,286286,152037,176288,292724,181784,169844,290012,153384,152929,288464,156904,155915,175848,153469,154798,180384,319741,314791,317988,318018,297242,320819,329648,315817,315670,296025,297029,304150,300630,299148,304891,296201,299779,297367,309642,305441,297550,375995
STAT,(NULL),Iterations,44,20858,569,583,118,453,584,496,238,621,450,201,603,321,457,742,505,279,821,505,97,666,252,117,110,426,523,519,207,655,449,460,520,252,327,439,598,693,688,628,608,729,368,643,651,687
STAT,(NULL),LoopTime,44,112318028,112318028,0,0,0,0,0,0,0,0,0,0,0,0,0,0,0,0,0,0,0,0,0,0,0,0,0,0,0,0,0,0,0,0,0,0,0,0,0,0,0,0,0,0,0
STAT,(NULL),MeminfoPost,44,352,8,8,8,8,8,8,8,8,8,8,8,8,8,8,8,8,8,8,8,8,8,8,8,8,8,8,8,8,8,8,8,8,8,8,8,8,8,8,8,8,8,8,8,8
STAT,(NULL),MeminfoPre,44,352,8,8,8,8,8,8,8,8,8,8,8,8,8,8,8,8,8,8,8,8,8,8,8,8,8,8,8,8,8,8,8,8,8,8,8,8,8,8,8,8,8,8,8,8
STAT,(NULL),NumaPost,44,10611,9365,516,499,231,0,0,0,0,0,0,0,0,0,0,0,0,0,0,0,0,0,0,0,0,0,0,0,0,0,0,0,0,0,0,0,0,0,0,0,0,0,0,0,0
STAT,(NULL),PopTime,44,67454503,1770480,1770161,308640,1523920,1895324,1489078,1148435,1956873,1413736,968637,1942876,1159534,1971526,2166330,1498706,1198352,2336457,1510634,375748,2026406,920064,349352,277251,1827287,1490983,1502538,568170,2004652,1779338,1418451,1598512,1110989,1437268,1380796,1860948,1989682,1992580,1868483,1933764,2043980,1641834,1950496,2025456,2049776
STAT,(NULL),PushTime,44,88413282,2245556,2281583,1840232,2290876,2159084,2192226,1814869,2152664,1771800,1838173,2210296,1608131,1880781,2255623,2224052,1122083,2099933,2105752,1667074,2171262,1672325,1849128,2122124,1851145,2104095,2016465,2140836,1938388,1912304,2178895,2057804,1774357,1866334,1962860,1872016,2089571,2074723,2160348,2434868,2122900,1889338,2426088,1942932,2021388
STAT,(NULL),RusageSys,44,0,0,0,0,0,0,0,0,0,0,0,0,0,0,0,0,0,0,0,0,0,0,0,0,0,0,0,0,0,0,0,0,0,0,0,0,0,0,0,0,0,0,0,0,0
STAT,(NULL),RusageUser,44,2192000,2192000,0,0,0,0,0,0,0,0,0,0,0,0,0,0,0,0,0,0,0,0,0,0,0,0,0,0,0,0,0,0,0,0,0,0,0,0,0,0,0,0,0,0,0
STAT,(NULL),Threads,44,44,44,0,0,0,0,0,0,0,0,0,0,0,0,0,0,0,0,0,0,0,0,0,0,0,0,0,0,0,0,0,0,0,0,0,0,0,0,0,0,0,0,0,0,0
STAT,(NULL),Time,44,128509648,128509648,0,0,0,0,0,0,0,0,0,0,0,0,0,0,0,0,0,0,0,0,0,0,0,0,0,0,0,0,0,0,0,0,0,0,0,0,0,0,0,0,0,0,0
STAT,(NULL),TotalTime,44,1799637832,1799637832,0,0,0,0,0,0,0,0,0,0,0,0,0,0,0,0,0,0,0,0,0,0,0,0,0,0,0,0,0,0,0,0,0,0,0,0,0,0,0,0,0,0,0
STAT,(NULL),UserTime,44,4578512308,104265648,103159004,106582948,103491248,103102692,103651286,104246430,103195614,104173332,104558480,102992840,104521436,103227927,102781220,103511304,104888642,103622630,103709134,107016062,103046871,104728243,105576104,107175622,103404206,104767795,104868274,104790582,104249576,105047610,104845586,103576192,104377957,103900815,103971836,104419320,103135415,103189292,104217156,102820176,102998608,103587507,102778280,103200832,103140576
STAT,(NULL),Work,44,4879420436,110902952,110880592,110883200,110896520,110890352,110877609,110917906,110880261,110888232,110909876,110888904,110900926,110914481,110877203,110879090,110913806,110879521,110883265,110907279,110877011,110898666,110878300,110901320,110911233,110905022,110899932,110886203,110900336,110904739,110886752,110896378,110913462,110913726,110898516,110901450,110886138,110887143,110900743,110900426,110894000,110915765,110891573,110900449,110899178
STAT,(NULL),nBad,44,5861,0,0,0,0,0,485,0,0,0,0,0,0,0,0,0,0,0,0,0,0,0,0,0,1376,0,0,0,0,0,0,0,0,0,0,0,0,0,0,0,0,0,0,0,4000
STAT,(NULL),nEmpty,44,16856,472,475,20,358,489,387,180,514,354,143,511,246,400,635,398,221,715,399,20,559,177,20,0,368,416,413,99,561,382,362,423,194,269,342,501,588,584,522,511,624,311,547,555,591
STAT,(NULL),nEmptyPop,44,54520,960,1700,899,1489,1531,1684,854,1662,1506,809,1446,1061,829,1706,1714,842,1228,1694,531,1672,1092,1369,554,840,1076,1049,1643,955,463,899,1496,823,838,1458,1051,1708,1686,1109,1514,1704,850,1511,1529,1486
STAT,(NULL),nOverall,44,16001861,388000,432000,392000,380000,380000,432485,232000,428000,384000,232000,368000,300000,228000,428000,428000,232000,424000,424000,308000,428000,300000,388000,440000,229376,428000,424000,432000,376000,268000,392000,388000,232000,232000,388000,388000,420000,416000,424000,388000,420000,228000,384000,384000,384000
STAT,(NULL),nPop,44,20858,569,583,118,453,584,496,238,621,450,201,603,321,457,742,505,279,821,505,97,666,252,117,110,426,523,519,207,655,449,460,520,252,327,439,598,693,688,628,608,729,368,643,651,687
STAT,(NULL),nPush,44,16859,431,468,422,442,432,459,170,449,408,184,428,279,190,476,461,141,433,447,282,441,273,401,559,169,509,511,501,379,264,463,395,184,205,408,410,508,502,482,429,475,182,449,331,427
STAT,(NULL),nPushInit,44,3999,90,91,91,91,91,91,91,91,91,91,91,91,91,91,91,91,91,91,91,91,91,91,91,91,91,91,91,91,91,91,91,91,91,91,91,91,91,91,91,91,91,91,91,87
==== BENCHMARK TOOK 1.614
==== BENCHMARK START ===
==== PARAMS kernel=4.9.5-64-net1 malloc=libc hostname=rack-castor threads=44 delta=4 prog=sssp-klsm256mq  ===
ERROR: ld.so: object '/specific/disk1/home/adamx/malloc/lib64/libjemalloc.so' from LD_PRELOAD cannot be preloaded (cannot open shared object file): ignored.
Galois Benchmark Suite v2.2.1 (r0)
Copyright (C) 2014 The University of Texas at Austin
http://iss.ices.utexas.edu/galois/

application: Single Source Shortest Path
Computes the shortest path from a source node to all nodes in a directed graph using a modified chaotic iteration algorithm
http://iss.ices.utexas.edu/?p=projects/galois/benchmarks/single_source_shortest_path

INFO: CommandLine ./build/debug/apps/sssp/sssp -noverify -t 44 -delta 4 -wl klsm256mq -startNode 0 /specific/disk1/home/mad/Galois-PQ/inputs/clique4000.gr
INFO: Hostname rack-castor
Read 4000 nodes
Running Asynchronous with CAS version
INFO: Using delta-step of 1
WARNING: Performance varies considerably due to delta parameter.
WARNING: Do not expect the default to be good for your graph.
Node 1 has distance 3
STATTYPE,LOOP,CATEGORY,n,sum,T0,T1,T2,T3,T4,T5,T6,T7,T8,T9,T10,T11,T12,T13,T14,T15,T16,T17,T18,T19,T20,T21,T22,T23,T24,T25,T26,T27,T28,T29,T30,T31,T32,T33,T34,T35,T36,T37,T38,T39,T40,T41,T42,T43
STAT,(NULL),BadWork,44,3730438,0,0,0,0,0,280876,0,0,0,1396664,0,0,0,0,0,0,0,0,0,0,1433108,0,0,619790,0,0,0,0,0,0,0,0,0,0,0,0,0,0,0,0,0,0,0,0
STAT,(NULL),BarrierTime,44,12958965,504115,661480,632753,610265,588508,569784,330748,451872,306778,528906,506996,469324,476153,409188,398940,338216,340672,364666,340376,396140,396532,429861,264841,198653,218245,268219,169583,155345,151519,134948,139344,88550,80128,69560,83747,56652,57834,74776,75092,148353,150883,132410,126742,61268
STAT,(NULL),ConflictTime,44,0,0,0,0,0,0,0,0,0,0,0,0,0,0,0,0,0,0,0,0,0,0,0,0,0,0,0,0,0,0,0,0,0,0,0,0,0,0,0,0,0,0,0,0,0
STAT,(NULL),Conflicts,44,0,0,0,0,0,0,0,0,0,0,0,0,0,0,0,0,0,0,0,0,0,0,0,0,0,0,0,0,0,0,0,0,0,0,0,0,0,0,0,0,0,0,0,0,0
STAT,(NULL),EmptyPopTime,44,24553030,561550,569060,594292,580635,584100,568512,523135,537840,603392,567561,556808,577416,237583,529156,548004,588908,605448,538056,537436,564560,575484,537140,557323,545880,557877,554347,578235,558698,571144,551176,520376,605515,595024,568592,527552,567786,538527,571324,568636,552728,541908,640614,607848,585844
STAT,(NULL),EmptyWork,44,3906537,67850,126460,95016,101555,82872,105020,35787,71504,132730,116338,51528,132240,5628,52944,73696,145244,80692,75315,71284,85144,94788,62896,59612,79139,84123,88014,96261,76997,109676,108648,78283,89902,118196,127472,39531,81596,78573,115396,91752,62440,88465,135123,116383,114424
STAT,(NULL),GaloisTime,44,19421005,431243,497112,429762,453619,449632,455144,405076,401848,526207,478622,355740,501680,276516,410012,392256,506796,465730,396646,433128,448660,422172,415356,398205,431516,426197,405958,486871,410043,468512,486240,437678,448233,502916,476324,384015,454802,446798,480472,424764,390460,416837,534391,486136,470680
STAT,(NULL),InitPushTime,44,10957501,351574,198308,187719,152786,179096,168476,291001,170396,273218,163076,169740,177848,154750,176416,183572,172916,169796,152131,171888,171556,176816,163699,313031,295262,291023,316976,310493,296098,297051,316272,314563,296443,295827,301840,293421,294096,349035,294961,295438,301129,300212,299581,301635,406336
STAT,(NULL),Iterations,44,20894,232,692,617,656,482,595,148,426,367,725,334,726,134,341,389,723,414,511,430,495,531,442,404,261,559,549,304,517,610,609,528,289,645,697,159,309,527,610,536,388,583,408,352,640
STAT,(NULL),LoopTime,44,110810488,110810488,0,0,0,0,0,0,0,0,0,0,0,0,0,0,0,0,0,0,0,0,0,0,0,0,0,0,0,0,0,0,0,0,0,0,0,0,0,0,0,0,0,0,0
STAT,(NULL),MeminfoPost,44,352,8,8,8,8,8,8,8,8,8,8,8,8,8,8,8,8,8,8,8,8,8,8,8,8,8,8,8,8,8,8,8,8,8,8,8,8,8,8,8,8,8,8,8,8
STAT,(NULL),MeminfoPre,44,352,8,8,8,8,8,8,8,8,8,8,8,8,8,8,8,8,8,8,8,8,8,8,8,8,8,8,8,8,8,8,8,8,8,8,8,8,8,8,8,8,8,8,8,8
STAT,(NULL),NumaPost,44,10615,9367,512,505,231,0,0,0,0,0,0,0,0,0,0,0,0,0,0,0,0,0,0,0,0,0,0,0,0,0,0,0,0,0,0,0,0,0,0,0,0,0,0,0,0
STAT,(NULL),PopTime,44,68334746,1150511,2138504,1883411,1951448,1550348,1914692,658091,1313640,1626435,2011247,1125752,2126416,360616,1078840,1291496,2113732,1466284,1647747,1405168,1517808,1708268,1271315,1331732,1185893,1731262,1648490,1310303,1555680,1920160,1906028,1537711,1355331,1822156,2064988,741672,1238074,1562211,2004852,1690100,1268100,1759679,1793809,1581150,2013596
STAT,(NULL),PushTime,44,91150809,1949647,2251376,2181643,2492204,1946796,2282484,1883976,2038796,1917600,2139288,1890116,1902332,2218686,1887376,1888300,1992088,2017208,2268897,1980788,1890312,2093452,2233205,2206218,1778914,2286410,2180421,1884586,2288356,2291324,2370824,2224325,1843263,1965264,2079740,1868137,1799124,2314768,2112280,2400008,2315036,2229450,1831882,1097485,2436424
STAT,(NULL),RusageSys,44,0,0,0,0,0,0,0,0,0,0,0,0,0,0,0,0,0,0,0,0,0,0,0,0,0,0,0,0,0,0,0,0,0,0,0,0,0,0,0,0,0,0,0,0,0
STAT,(NULL),RusageUser,44,2200000,2200000,0,0,0,0,0,0,0,0,0,0,0,0,0,0,0,0,0,0,0,0,0,0,0,0,0,0,0,0,0,0,0,0,0,0,0,0,0,0,0,0,0,0,0
STAT,(NULL),Threads,44,44,44,0,0,0,0,0,0,0,0,0,0,0,0,0,0,0,0,0,0,0,0,0,0,0,0,0,0,0,0,0,0,0,0,0,0,0,0,0,0,0,0,0,0,0
STAT,(NULL),Time,44,132664928,132664928,0,0,0,0,0,0,0,0,0,0,0,0,0,0,0,0,0,0,0,0,0,0,0,0,0,0,0,0,0,0,0,0,0,0,0,0,0,0,0,0,0,0,0
STAT,(NULL),TotalTime,44,1789285881,1789285881,0,0,0,0,0,0,0,0,0,0,0,0,0,0,0,0,0,0,0,0,0,0,0,0,0,0,0,0,0,0,0,0,0,0,0,0,0,0,0,0,0,0,0
STAT,(NULL),UserTime,44,4597335238,105032576,103616164,104014788,103619180,104584992,103873060,105689681,104833940,104389969,103885713,105217144,103958832,106099640,105240308,105003104,103852068,104563660,104272227,104769484,104691260,104303380,104678726,104645075,105174176,104113085,104321457,104837708,104308537,103837820,103776024,104398624,104856325,104194808,103881048,105634223,105058000,104257133,103915268,104022628,104608892,104162530,104259098,105305571,103577312
STAT,(NULL),Work,44,4809003484,109338160,109295892,109273903,109271521,109277432,109273752,109312566,109294704,109306505,109286699,109295108,109275288,109294116,109282532,109281788,109296228,109298478,109297465,109294152,109298544,109293052,109278297,109293931,109312258,109288903,109288745,109310784,109296932,109300144,109299484,109296203,109308188,109290120,109295828,109311722,109307842,109299216,109294136,109291828,109297108,109297356,109307653,109311077,109287844
STAT,(NULL),nBad,44,9754,0,0,0,0,0,574,0,0,0,4000,0,0,0,0,0,0,0,0,0,0,4000,0,0,1180,0,0,0,0,0,0,0,0,0,0,0,0,0,0,0,0,0,0,0,0
STAT,(NULL),nEmpty,44,16891,174,597,509,547,386,499,89,330,309,618,238,630,23,244,292,628,327,401,334,399,435,334,296,202,452,442,246,410,513,512,422,231,548,600,100,242,422,517,439,291,476,350,294,543
STAT,(NULL),nEmptyPop,44,11589,161,282,319,320,309,284,152,282,168,302,264,282,149,249,258,288,260,297,261,304,270,284,305,166,334,336,179,321,303,284,288,185,311,281,157,199,308,288,274,308,333,187,182,315
STAT,(NULL),nOverall,44,16005754,232000,380000,432000,436000,384000,380574,236000,384000,232000,428000,384000,384000,444000,388000,388000,380000,348000,440000,384000,384000,384000,432000,432000,233180,428000,428000,232000,428000,388000,388000,424000,232000,388000,388000,236000,268000,420000,372000,388000,388000,428000,232000,232000,388000
STAT,(NULL),nPop,44,20894,232,692,617,656,482,595,148,426,367,725,334,726,134,341,389,723,414,511,430,495,531,442,404,261,559,549,304,517,610,609,528,289,645,697,159,309,527,610,536,388,583,408,352,640
STAT,(NULL),nPush,44,16895,214,424,483,559,402,426,191,422,204,527,387,426,540,381,397,398,304,496,388,364,390,451,482,175,451,491,184,499,447,442,466,202,421,411,213,268,471,371,436,429,487,184,154,437
STAT,(NULL),nPushInit,44,3999,90,91,91,91,91,91,91,91,91,91,91,91,91,91,91,91,91,91,91,91,91,91,91,91,91,91,91,91,91,91,91,91,91,91,91,91,91,91,91,91,91,91,91,87
==== BENCHMARK TOOK 1.552
==== BENCHMARK START ===
==== PARAMS kernel=4.9.5-64-net1 malloc=libc hostname=rack-castor threads=44 delta=4 prog=sssp-klsm256mq  ===
ERROR: ld.so: object '/specific/disk1/home/adamx/malloc/lib64/libjemalloc.so' from LD_PRELOAD cannot be preloaded (cannot open shared object file): ignored.
Galois Benchmark Suite v2.2.1 (r0)
Copyright (C) 2014 The University of Texas at Austin
http://iss.ices.utexas.edu/galois/

application: Single Source Shortest Path
Computes the shortest path from a source node to all nodes in a directed graph using a modified chaotic iteration algorithm
http://iss.ices.utexas.edu/?p=projects/galois/benchmarks/single_source_shortest_path

INFO: CommandLine ./build/debug/apps/sssp/sssp -noverify -t 44 -delta 4 -wl klsm256mq -startNode 0 /specific/disk1/home/mad/Galois-PQ/inputs/clique4000.gr
INFO: Hostname rack-castor
Read 4000 nodes
Running Asynchronous with CAS version
INFO: Using delta-step of 1
WARNING: Performance varies considerably due to delta parameter.
WARNING: Do not expect the default to be good for your graph.
Node 1 has distance 3
STATTYPE,LOOP,CATEGORY,n,sum,T0,T1,T2,T3,T4,T5,T6,T7,T8,T9,T10,T11,T12,T13,T14,T15,T16,T17,T18,T19,T20,T21,T22,T23,T24,T25,T26,T27,T28,T29,T30,T31,T32,T33,T34,T35,T36,T37,T38,T39,T40,T41,T42,T43
STAT,(NULL),BadWork,44,3445725,0,0,0,0,0,501760,0,0,0,0,0,0,0,0,0,0,0,0,0,0,1972805,0,0,971160,0,0,0,0,0,0,0,0,0,0,0,0,0,0,0,0,0,0,0,0
STAT,(NULL),BarrierTime,44,14128646,690135,669042,634236,616670,569152,566436,559395,524584,419826,509298,459868,336311,456668,461430,473704,417038,405495,400121,435227,411227,226116,373917,179026,181898,181036,183413,169459,179364,179059,181904,180664,179591,171817,182114,165551,143264,172283,168449,184163,127096,122699,117635,113359,48906
STAT,(NULL),ConflictTime,44,0,0,0,0,0,0,0,0,0,0,0,0,0,0,0,0,0,0,0,0,0,0,0,0,0,0,0,0,0,0,0,0,0,0,0,0,0,0,0,0,0,0,0,0,0
STAT,(NULL),Conflicts,44,0,0,0,0,0,0,0,0,0,0,0,0,0,0,0,0,0,0,0,0,0,0,0,0,0,0,0,0,0,0,0,0,0,0,0,0,0,0,0,0,0,0,0,0,0
STAT,(NULL),EmptyPopTime,44,72321108,1731475,1737175,1740372,1768382,1725276,1737736,1719551,1786504,1753647,1726384,1718516,1766837,1259852,1773046,1716476,1725550,1793407,1794988,1744591,1736363,1761440,1783384,1587909,837392,1736020,1724148,1772355,1748815,1730006,1700976,1794052,1728172,1747528,1727345,673984,1754558,1754044,1740856,1749080,1700372,874736,1724032,851724,1662052
STAT,(NULL),EmptyWork,44,3567288,114458,66233,79816,89790,121484,53992,58422,68324,113052,72759,71120,103641,0,118438,110660,59137,106554,132112,109335,92024,77493,108116,4644,58495,55556,101532,124499,76499,90174,71580,113504,63664,119169,86161,65577,73592,104668,85972,85389,66859,107902,56636,5424,22832
STAT,(NULL),GaloisTime,44,23521044,579084,535710,506804,573729,634084,508024,499506,494924,562623,528976,515265,572065,373614,593822,604232,540604,586576,618242,620577,549422,590533,624176,428602,435976,471620,590933,580395,532367,542170,529916,577485,508821,609264,533679,483133,527809,555168,548460,523666,522761,514188,504362,350281,437396
STAT,(NULL),InitPushTime,44,11111316,269292,227999,193876,153487,171292,174140,167900,170320,265644,153123,179304,282876,151724,172732,167004,168229,185637,177223,160934,162876,302024,182648,327125,313559,325336,316499,317409,337252,312745,316668,311770,296838,309136,298584,313698,312840,296274,298056,296281,298210,298606,296905,306306,370935
STAT,(NULL),Iterations,44,20950,719,461,459,588,661,341,274,341,698,486,474,647,65,590,608,293,677,438,689,593,501,591,121,407,351,567,478,504,585,416,630,385,730,563,389,250,579,495,555,460,679,312,108,192
STAT,(NULL),LoopTime,44,106924174,106924174,0,0,0,0,0,0,0,0,0,0,0,0,0,0,0,0,0,0,0,0,0,0,0,0,0,0,0,0,0,0,0,0,0,0,0,0,0,0,0,0,0,0,0
STAT,(NULL),MeminfoPost,44,352,8,8,8,8,8,8,8,8,8,8,8,8,8,8,8,8,8,8,8,8,8,8,8,8,8,8,8,8,8,8,8,8,8,8,8,8,8,8,8,8,8,8,8,8
STAT,(NULL),MeminfoPre,44,352,8,8,8,8,8,8,8,8,8,8,8,8,8,8,8,8,8,8,8,8,8,8,8,8,8,8,8,8,8,8,8,8,8,8,8,8,8,8,8,8,8,8,8,8
STAT,(NULL),NumaPost,44,10624,9370,505,734,15,0,0,0,0,0,0,0,0,0,0,0,0,0,0,0,0,0,0,0,0,0,0,0,0,0,0,0,0,0,0,0,0,0,0,0,0,0,0,0,0
STAT,(NULL),PopTime,44,66270823,2037758,1472755,1459188,1749155,1942608,1150472,1118583,1266968,2054359,1453265,1426627,1891069,276360,1845376,1849744,1137175,1979184,1790911,1947807,1736058,1548939,1886121,366131,1332348,1154692,1771048,1883673,1637972,1788469,1244316,1902244,1290160,2073130,1734922,1308668,1132482,1938724,1555732,1723782,1370174,2038966,1105260,351420,546028
STAT,(NULL),PushTime,44,90893580,2263152,2195646,1982316,2155003,1943324,1845892,2303928,2293964,1749056,2172582,2034878,1733865,2204188,1969026,1965792,2297213,2171425,2235297,2316530,2254346,1839325,1855494,1842290,2014636,1878516,1933248,2241772,1853549,2100740,2044820,1957160,2364508,1621705,2265650,1891640,2278987,2335024,2054728,2296468,2238456,2004706,2269694,1575149,2047892
STAT,(NULL),RusageSys,44,4000,4000,0,0,0,0,0,0,0,0,0,0,0,0,0,0,0,0,0,0,0,0,0,0,0,0,0,0,0,0,0,0,0,0,0,0,0,0,0,0,0,0,0,0,0
STAT,(NULL),RusageUser,44,2096000,2096000,0,0,0,0,0,0,0,0,0,0,0,0,0,0,0,0,0,0,0,0,0,0,0,0,0,0,0,0,0,0,0,0,0,0,0,0,0,0,0,0,0,0,0
STAT,(NULL),Threads,44,44,44,0,0,0,0,0,0,0,0,0,0,0,0,0,0,0,0,0,0,0,0,0,0,0,0,0,0,0,0,0,0,0,0,0,0,0,0,0,0,0,0,0,0,0
STAT,(NULL),Time,44,119733298,119733298,0,0,0,0,0,0,0,0,0,0,0,0,0,0,0,0,0,0,0,0,0,0,0,0,0,0,0,0,0,0,0,0,0,0,0,0,0,0,0,0,0,0,0
STAT,(NULL),TotalTime,44,1548500706,1548500706,0,0,0,0,0,0,0,0,0,0,0,0,0,0,0,0,0,0,0,0,0,0,0,0,0,0,0,0,0,0,0,0,0,0,0,0,0,0,0,0,0,0,0
STAT,(NULL),UserTime,44,4376897135,98577216,99297848,99536008,98970934,98939092,100010852,99605844,99396798,99073003,99354842,99540553,99235882,101194206,99007608,99059816,99545859,98669422,98735387,98567249,98938735,99485447,99046911,101076259,100627467,100010072,99184996,98703602,99457176,99054791,99714500,98961216,99350792,99136095,98958146,100883696,99538263,98619108,99320788,98927905,99407670,99766027,99646466,102172472,100590116
STAT,(NULL),Work,44,4637583087,105419952,105380765,105398572,105402152,105402152,105399860,105411296,105407910,105387896,105389464,105398607,105391791,105437579,105409992,105402040,105404892,105398532,105413504,105394535,105380055,105389446,105393389,105399209,105396647,105396924,105395019,105407503,105391379,105400058,105397416,105396964,105396786,105390439,105390620,105395152,105415302,105404022,105405581,105389892,105395483,105399550,105405580,105399113,105400067
STAT,(NULL),nBad,44,7476,0,0,0,0,0,889,0,0,0,0,0,0,0,0,0,0,0,0,0,0,4000,0,0,2587,0,0,0,0,0,0,0,0,0,0,0,0,0,0,0,0,0,0,0,0
STAT,(NULL),nEmpty,44,16948,617,359,368,486,570,249,199,260,605,384,375,555,0,504,518,213,577,371,589,491,410,508,19,308,258,475,405,414,484,324,539,293,635,463,304,186,488,404,455,359,582,227,18,100
STAT,(NULL),nEmptyPop,44,38765,1079,1060,938,1075,945,919,677,787,1074,1015,1049,1062,377,864,908,706,1081,579,1081,1055,1057,940,993,495,911,915,652,1040,1055,890,967,905,1067,1043,334,518,930,940,1057,1046,505,815,492,867
STAT,(NULL),nOverall,44,16003476,408000,408000,364000,408000,364000,364889,300000,324000,372000,408000,396000,368000,260000,344000,360000,320000,400000,268000,400000,408000,364000,332000,408000,394587,372000,368000,292000,360000,404000,368000,364000,368000,380000,400000,340000,256000,364000,364000,400000,404000,388000,340000,360000,368000
STAT,(NULL),nPop,44,20950,719,461,459,588,661,341,274,341,698,486,474,647,65,590,608,293,677,438,689,593,501,591,121,407,351,567,478,504,585,416,630,385,730,563,389,250,579,495,555,460,679,312,108,192
STAT,(NULL),nPush,44,16951,520,439,403,463,363,348,427,422,195,468,350,175,495,366,412,439,434,431,480,474,173,183,393,340,395,387,445,184,449,421,394,423,287,444,201,477,433,370,458,488,364,443,277,418
STAT,(NULL),nPushInit,44,3999,90,91,91,91,91,91,91,91,91,91,91,91,91,91,91,91,91,91,91,91,91,91,91,91,91,91,91,91,91,91,91,91,91,91,91,91,91,91,91,91,91,91,91,87
==== BENCHMARK TOOK 1.445
