==== BENCHMARK START ===
==== PARAMS kernel=4.9.5-64-net1 malloc=libc hostname=rack-castor threads=22 delta=4 prog=sssp-klsm256mq  ===
ERROR: ld.so: object '/specific/disk1/home/adamx/malloc/lib64/libjemalloc.so' from LD_PRELOAD cannot be preloaded (cannot open shared object file): ignored.
Galois Benchmark Suite v2.2.1 (r0)
Copyright (C) 2014 The University of Texas at Austin
http://iss.ices.utexas.edu/galois/

application: Single Source Shortest Path
Computes the shortest path from a source node to all nodes in a directed graph using a modified chaotic iteration algorithm
http://iss.ices.utexas.edu/?p=projects/galois/benchmarks/single_source_shortest_path

INFO: CommandLine ./build/debug/apps/sssp/sssp -noverify -t 22 -delta 4 -wl klsm256mq -startNode 0 /specific/disk1/home/mad/Galois-PQ/inputs/planar10M.gr
INFO: Hostname rack-castor
Read 10000000 nodes
Running Asynchronous with CAS version
INFO: Using delta-step of 1
WARNING: Performance varies considerably due to delta parameter.
WARNING: Do not expect the default to be good for your graph.
Node 1 has distance 7300
STATTYPE,LOOP,CATEGORY,n,sum,T0,T1,T2,T3,T4,T5,T6,T7,T8,T9,T10,T11,T12,T13,T14,T15,T16,T17,T18,T19,T20,T21
STAT,(NULL),BadWork,22,69041431,3645762,3061621,2655656,2547491,3550779,3190181,3467700,3436811,3296670,3185761,3058807,3053964,3197595,3799329,2863977,2885746,2668263,3138080,2884544,2868270,3471837,3112587
STAT,(NULL),BarrierTime,22,3672722,419010,318912,334167,285912,269174,223374,223880,173604,173180,141144,118040,149096,139680,146790,138100,96357,79937,71290,65701,43663,31351,30360
STAT,(NULL),ConflictTime,22,0,0,0,0,0,0,0,0,0,0,0,0,0,0,0,0,0,0,0,0,0,0,0
STAT,(NULL),Conflicts,22,0,0,0,0,0,0,0,0,0,0,0,0,0,0,0,0,0,0,0,0,0,0,0
STAT,(NULL),EmptyPopTime,22,811187120,35747138,33904283,37014966,33125319,32945787,33097886,39103931,40172333,39530516,36016709,37169656,35071343,39723009,36832300,41728396,36185087,39839180,36008168,35559354,36593084,36332213,39486462
STAT,(NULL),EmptyWork,22,3100894896,144420355,138840619,143553032,138858664,139047547,140526270,142230926,142686318,143975197,140311485,138039609,139969458,143581648,140769930,139644498,139685148,141470352,140968989,141558578,139519624,138538285,142698364
STAT,(NULL),GaloisTime,22,16908954554,744326561,750248264,778135009,758378995,752016260,758221642,779046795,784909215,788138253,765711013,778820514,771934211,782121600,773037524,774780358,754482772,775361204,771889651,770509084,765352375,760305074,771228180
STAT,(NULL),InitPushTime,22,755856,69840,11876,11940,10800,2616,53750,43028,40296,39304,35300,35209,34502,38292,34162,39036,35373,38912,37180,36804,32612,37604,37420
STAT,(NULL),Iterations,22,22174571,1060554,1121079,1021327,1129341,1127687,1131261,928874,898063,898562,1042519,968265,1029835,935077,1000546,907966,1007059,922329,1011009,1053035,1029419,1007491,943273
STAT,(NULL),LoopTime,22,10314566119,10314566119,0,0,0,0,0,0,0,0,0,0,0,0,0,0,0,0,0,0,0,0,0
STAT,(NULL),MeminfoPost,22,946,43,43,43,43,43,43,43,43,43,43,43,43,43,43,43,43,43,43,43,43,43,43
STAT,(NULL),MeminfoPre,22,946,43,43,43,43,43,43,43,43,43,43,43,43,43,43,43,43,43,43,43,43,43,43
STAT,(NULL),NumaPost,22,11626,10357,241,867,161,0,0,0,0,0,0,0,0,0,0,0,0,0,0,0,0,0,0
STAT,(NULL),PopTime,22,35880638040,1654924104,1660243385,1642983810,1651303526,1646872742,1651298954,1619179679,1625421417,1596510048,1637499000,1598811193,1625702796,1615454725,1625567367,1612955006,1619680158,1632769996,1624208842,1638234369,1622508719,1635975824,1642532380
STAT,(NULL),PushTime,22,100273001869,4580023030,4519613544,4538458529,4512330541,4524895598,4500281874,4592153990,4580444158,4591191206,4546366583,4598085932,4544041620,4584196799,4558527405,4591367359,4579298794,4580113832,4538624543,4535075192,4553513245,4559604676,4564793419
STAT,(NULL),RusageSys,22,4000,4000,0,0,0,0,0,0,0,0,0,0,0,0,0,0,0,0,0,0,0,0,0
STAT,(NULL),RusageUser,22,101304000,101304000,0,0,0,0,0,0,0,0,0,0,0,0,0,0,0,0,0,0,0,0,0
STAT,(NULL),Threads,22,22,22,0,0,0,0,0,0,0,0,0,0,0,0,0,0,0,0,0,0,0,0,0
STAT,(NULL),Time,22,10326942638,10326942638,0,0,0,0,0,0,0,0,0,0,0,0,0,0,0,0,0,0,0,0,0
STAT,(NULL),TotalTime,22,19147960358,19147960358,0,0,0,0,0,0,0,0,0,0,0,0,0,0,0,0,0,0,0,0,0
STAT,(NULL),UserTime,22,65644307986,2959603496,3016194877,2978899270,3025047609,3023265995,3035617958,2947329025,2945410873,2959698852,2993140768,2968119652,3002325527,2953968039,2984310179,2958568893,2989712336,2949489741,3007344911,2998107747,3001558121,2988289085,2958305032
STAT,(NULL),Work,22,222620827060,10119130436,10119123144,10119148276,10119123119,10119122588,10119122795,10119124366,10119122922,10119124412,10119124428,10119149380,10119122953,10119124100,10119122767,10119123578,10119122937,10119133420,10119142464,10119149038,10119123673,10119123488,10119122776
STAT,(NULL),nBad,22,134643,7182,5885,5065,4940,6969,6343,6759,6417,6407,6120,6051,6134,6329,7582,5620,5634,4970,6128,5624,5585,6667,6232
STAT,(NULL),nEmpty,22,12163411,589000,618232,563639,622261,621062,623363,508311,491470,486961,573603,525401,561960,512257,550013,494745,546068,505865,554892,581213,564419,550252,518424
STAT,(NULL),nEmptyPop,22,733304,34433,34393,34167,33919,33811,33989,32966,32469,31661,33519,32430,32682,33377,33011,33397,33287,33282,33100,33560,33097,33440,33314
STAT,(NULL),nOverall,22,120134431,5660174,6032481,5492883,6084544,6081007,6089657,5049777,4877493,4938419,5626458,5317123,5614192,5076471,5407018,4959860,5533502,4997348,5473458,5661264,5577701,5485757,5097844
STAT,(NULL),nPop,22,22174571,1060554,1121079,1021327,1129341,1127687,1131261,928874,898063,898562,1042519,968265,1029835,935077,1000546,907966,1007059,922329,1011009,1053035,1029419,1007491,943273
STAT,(NULL),nPush,22,22174566,1045808,1111915,1016673,1122192,1119932,1121921,934042,897096,908718,1038153,986314,1037149,939934,998582,916878,1025861,919422,1005017,1045545,1033492,1011984,937938
STAT,(NULL),nPushInit,22,5,1,1,1,1,0,1,0,0,0,0,0,0,0,0,0,0,0,0,0,0,0,0
==== BENCHMARK TOOK 9.506
==== BENCHMARK START ===
==== PARAMS kernel=4.9.5-64-net1 malloc=libc hostname=rack-castor threads=22 delta=4 prog=sssp-klsm256mq  ===
ERROR: ld.so: object '/specific/disk1/home/adamx/malloc/lib64/libjemalloc.so' from LD_PRELOAD cannot be preloaded (cannot open shared object file): ignored.
Galois Benchmark Suite v2.2.1 (r0)
Copyright (C) 2014 The University of Texas at Austin
http://iss.ices.utexas.edu/galois/

application: Single Source Shortest Path
Computes the shortest path from a source node to all nodes in a directed graph using a modified chaotic iteration algorithm
http://iss.ices.utexas.edu/?p=projects/galois/benchmarks/single_source_shortest_path

INFO: CommandLine ./build/debug/apps/sssp/sssp -noverify -t 22 -delta 4 -wl klsm256mq -startNode 0 /specific/disk1/home/mad/Galois-PQ/inputs/planar10M.gr
INFO: Hostname rack-castor
Read 10000000 nodes
Running Asynchronous with CAS version
INFO: Using delta-step of 1
WARNING: Performance varies considerably due to delta parameter.
WARNING: Do not expect the default to be good for your graph.
Node 1 has distance 7300
STATTYPE,LOOP,CATEGORY,n,sum,T0,T1,T2,T3,T4,T5,T6,T7,T8,T9,T10,T11,T12,T13,T14,T15,T16,T17,T18,T19,T20,T21
STAT,(NULL),BadWork,22,63103068,2539073,2741602,3159496,3087878,3172764,2885881,2615519,2721158,2717324,4106186,2867126,3069102,3038258,2471014,2418072,2768482,2769039,2848959,2525639,3172372,2664234,2743890
STAT,(NULL),BarrierTime,22,3106635,379336,291347,327640,252453,240140,194875,192392,140564,146292,105608,105316,117929,118809,112476,109496,51896,50244,56388,63243,29790,4269,16132
STAT,(NULL),ConflictTime,22,0,0,0,0,0,0,0,0,0,0,0,0,0,0,0,0,0,0,0,0,0,0,0
STAT,(NULL),Conflicts,22,0,0,0,0,0,0,0,0,0,0,0,0,0,0,0,0,0,0,0,0,0,0,0
STAT,(NULL),EmptyPopTime,22,823096155,37194038,33798448,37623900,33185674,33121809,33012296,38849933,37185412,39025428,35738053,37039249,38077663,38495079,40192906,39256990,41526736,40221369,37114215,38673371,34495303,40253323,39014960
STAT,(NULL),EmptyWork,22,3195008696,144611525,144276154,148577431,145990610,144853536,144096733,144099783,146068740,146875688,148338030,143582771,146114237,145608151,147399703,143601603,145220534,143220271,146244857,143764400,142309443,146068106,144086390
STAT,(NULL),GaloisTime,22,17480984964,779337403,771308061,796972484,776981580,780438950,776562290,796710737,798025985,810573554,794810812,800612386,804598444,802037888,806467965,802580761,803729526,798821417,801722700,804891991,787219056,797493172,789087802
STAT,(NULL),InitPushTime,22,762144,69843,10680,12200,10784,2576,51602,42832,40368,39212,39424,39108,34717,34514,38024,39228,39208,38576,37412,33346,32894,37924,37672
STAT,(NULL),Iterations,22,22172115,991959,1154789,1039784,1170847,1168791,1170043,946388,985290,940652,1066296,978397,962449,942129,947784,917003,902856,930968,982759,973147,1061006,935504,1003274
STAT,(NULL),LoopTime,22,10651283686,10651283686,0,0,0,0,0,0,0,0,0,0,0,0,0,0,0,0,0,0,0,0,0
STAT,(NULL),MeminfoPost,22,946,43,43,43,43,43,43,43,43,43,43,43,43,43,43,43,43,43,43,43,43,43,43
STAT,(NULL),MeminfoPre,22,946,43,43,43,43,43,43,43,43,43,43,43,43,43,43,43,43,43,43,43,43,43,43
STAT,(NULL),NumaPost,22,11612,10361,239,851,161,0,0,0,0,0,0,0,0,0,0,0,0,0,0,0,0,0,0
STAT,(NULL),PopTime,22,36896433907,1664487438,1703047881,1704693861,1710854506,1712886970,1711974634,1653966072,1669754370,1660262233,1699362400,1657451854,1665635737,1650651278,1674553173,1663903272,1673198505,1661972142,1674217770,1655575972,1665584847,1671928539,1690470453
STAT,(NULL),PushTime,22,103382169481,4761397867,4653167580,4665292406,4631226220,4633976579,4635857370,4736975435,4708386750,4712431914,4657140631,4717121229,4705235130,4737391172,4714464275,4725109604,4720778549,4731176389,4700554066,4726844102,4690425473,4723344807,4693871933
STAT,(NULL),RusageSys,22,0,0,0,0,0,0,0,0,0,0,0,0,0,0,0,0,0,0,0,0,0,0,0
STAT,(NULL),RusageUser,22,104220000,104220000,0,0,0,0,0,0,0,0,0,0,0,0,0,0,0,0,0,0,0,0,0
STAT,(NULL),Threads,22,22,22,0,0,0,0,0,0,0,0,0,0,0,0,0,0,0,0,0,0,0,0,0
STAT,(NULL),Time,22,10663744860,10663744860,0,0,0,0,0,0,0,0,0,0,0,0,0,0,0,0,0,0,0,0,0
STAT,(NULL),TotalTime,22,20126702710,20126702710,0,0,0,0,0,0,0,0,0,0,0,0,0,0,0,0,0,0,0,0,0
STAT,(NULL),UserTime,22,67235484160,3022661288,3104091780,3056529818,3111451435,3104412272,3108186444,3039087444,3050268109,3040520539,3074301118,3053882583,3050029498,3035506984,3026611408,3035237704,3025237008,3034277496,3049835364,3039939719,3089655354,3030602323,3053158472
STAT,(NULL),Work,22,229014959040,10409777463,10409768958,10409770184,10409768843,10409768591,10409769267,10409771398,10409770414,10409769320,10409769524,10409771236,10409772657,10409769434,10409769026,10409770030,10409769918,10409772240,10409769552,10409771328,10409768233,10409782164,10409769260
STAT,(NULL),nBad,22,124918,4970,5375,6287,6138,6144,5637,5088,5323,5450,8627,5631,6134,6022,4794,4789,5549,5373,5476,5226,6282,5316,5287
STAT,(NULL),nEmpty,22,12161779,543197,637052,579155,649343,647286,647115,515004,537975,514099,591624,533652,526635,512464,521955,498979,492421,507469,537070,530666,576558,510741,551319
STAT,(NULL),nEmptyPop,22,727652,32682,34468,34253,34104,33995,33839,32959,32703,32048,33340,32389,32134,32398,33406,32102,33057,32985,32659,32459,32560,33116,33996
STAT,(NULL),nOverall,22,120124706,5381862,6215069,5526977,6257190,6255034,6273215,5180754,5366715,5116062,5696037,5335947,5230926,5157018,5110274,5016557,4925371,5081985,5348426,5310578,5816842,5098084,5423783
STAT,(NULL),nPop,22,22172115,991959,1154789,1039784,1170847,1168791,1170043,946388,985290,940652,1066296,978397,962449,942129,947784,917003,902856,930968,982759,973147,1061006,935504,1003274
STAT,(NULL),nPush,22,22172110,993593,1145893,1015365,1149412,1150583,1153099,959636,988888,940631,1048983,988574,963285,956172,946892,923546,906352,942450,988744,987026,1078069,943187,1001730
STAT,(NULL),nPushInit,22,5,1,1,1,1,0,1,0,0,0,0,0,0,0,0,0,0,0,0,0,0,0,0
==== BENCHMARK TOOK 9.916
==== BENCHMARK START ===
==== PARAMS kernel=4.9.5-64-net1 malloc=libc hostname=rack-castor threads=22 delta=4 prog=sssp-klsm256mq  ===
ERROR: ld.so: object '/specific/disk1/home/adamx/malloc/lib64/libjemalloc.so' from LD_PRELOAD cannot be preloaded (cannot open shared object file): ignored.
Galois Benchmark Suite v2.2.1 (r0)
Copyright (C) 2014 The University of Texas at Austin
http://iss.ices.utexas.edu/galois/

application: Single Source Shortest Path
Computes the shortest path from a source node to all nodes in a directed graph using a modified chaotic iteration algorithm
http://iss.ices.utexas.edu/?p=projects/galois/benchmarks/single_source_shortest_path

INFO: CommandLine ./build/debug/apps/sssp/sssp -noverify -t 22 -delta 4 -wl klsm256mq -startNode 0 /specific/disk1/home/mad/Galois-PQ/inputs/planar10M.gr
INFO: Hostname rack-castor
Read 10000000 nodes
Running Asynchronous with CAS version
INFO: Using delta-step of 1
WARNING: Performance varies considerably due to delta parameter.
WARNING: Do not expect the default to be good for your graph.
Node 1 has distance 7300
STATTYPE,LOOP,CATEGORY,n,sum,T0,T1,T2,T3,T4,T5,T6,T7,T8,T9,T10,T11,T12,T13,T14,T15,T16,T17,T18,T19,T20,T21
STAT,(NULL),BadWork,22,84275981,4149875,3987216,3733453,3322664,4228856,3802935,4098378,2581621,4141251,3968641,4248724,6281719,2948193,2639868,7587639,4407468,3182831,2936609,2848808,2938882,3141952,3098398
STAT,(NULL),BarrierTime,22,3415320,431107,363368,297576,290697,269533,222810,224860,125139,200841,143187,144912,151529,83464,83613,57508,92064,58520,30230,30864,34490,50442,28566
STAT,(NULL),ConflictTime,22,0,0,0,0,0,0,0,0,0,0,0,0,0,0,0,0,0,0,0,0,0,0,0
STAT,(NULL),Conflicts,22,0,0,0,0,0,0,0,0,0,0,0,0,0,0,0,0,0,0,0,0,0,0,0
STAT,(NULL),EmptyPopTime,22,833661717,38245600,33636423,37831591,33186099,33764466,33243867,39371875,39874725,36493655,38117747,39934935,37608831,41275450,37501617,40169865,40278437,40328078,37387548,38099683,37921483,39668061,39721681
STAT,(NULL),EmptyWork,22,3161606313,144594810,142396762,143655737,142359616,145400727,142236711,143823638,142143444,144630424,144663605,145337167,143595573,150536293,142924276,145236847,144186186,140521369,142098172,143085469,142591653,142663711,142924123
STAT,(NULL),GaloisTime,22,17264839235,772427181,764738627,788356319,772735190,768566818,766334086,788370728,796786506,788894572,793027552,799370793,794645505,796727317,792190632,787955386,777386887,782412256,793111807,788325003,790489608,786313780,775672682
STAT,(NULL),InitPushTime,22,910517,33550,11672,11972,10961,2422,54147,44270,67650,35251,35349,34942,34532,64584,63947,65090,35439,50287,62487,62334,45395,37772,46464
STAT,(NULL),Iterations,22,22175572,987231,1146605,1020735,1154250,1154101,1154779,955993,942536,1030780,954329,937690,970610,947884,998340,991042,1010190,953322,951752,987182,960008,947763,1018450
STAT,(NULL),LoopTime,22,10545612447,10545612447,0,0,0,0,0,0,0,0,0,0,0,0,0,0,0,0,0,0,0,0,0
STAT,(NULL),MeminfoPost,22,946,43,43,43,43,43,43,43,43,43,43,43,43,43,43,43,43,43,43,43,43,43,43
STAT,(NULL),MeminfoPre,22,946,43,43,43,43,43,43,43,43,43,43,43,43,43,43,43,43,43,43,43,43,43,43
STAT,(NULL),NumaPost,22,11614,10351,245,641,377,0,0,0,0,0,0,0,0,0,0,0,0,0,0,0,0,0,0
STAT,(NULL),PopTime,22,36664530671,1658710808,1695393283,1674625640,1693368698,1697314821,1692720989,1650896507,1641172628,1670873113,1644687476,1658672098,1659581757,1664959158,1657937874,1682821942,1691179250,1650258591,1639235763,1650310628,1641958102,1663974955,1683876590
STAT,(NULL),PushTime,22,102187598431,4696502530,4598873419,4643307836,4588716664,4582397919,4578583279,4678394117,4675407172,4624999357,4678018803,4657010149,4654522286,4660027145,4638094183,4628732376,4632865417,4677644331,4669751884,4658686848,4670305074,4665585045,4629172597
STAT,(NULL),RusageSys,22,0,0,0,0,0,0,0,0,0,0,0,0,0,0,0,0,0,0,0,0,0,0,0
STAT,(NULL),RusageUser,22,103188000,103188000,0,0,0,0,0,0,0,0,0,0,0,0,0,0,0,0,0,0,0,0,0
STAT,(NULL),Threads,22,22,22,0,0,0,0,0,0,0,0,0,0,0,0,0,0,0,0,0,0,0,0,0
STAT,(NULL),Time,22,10558042965,10558042965,0,0,0,0,0,0,0,0,0,0,0,0,0,0,0,0,0,0,0,0,0
STAT,(NULL),TotalTime,22,20053417042,20053417042,0,0,0,0,0,0,0,0,0,0,0,0,0,0,0,0,0,0,0,0,0
STAT,(NULL),UserTime,22,66631024998,2996031283,3071473829,3018737639,3076146516,3079067305,3093394285,3005655515,3011125758,3040621510,3007997668,3006187173,3016559289,2992985333,3037861455,3021594003,3020617222,3015346700,3024924294,3028001811,3023245612,3008306807,3035143991
STAT,(NULL),Work,22,226745155051,10306604862,10306595658,10306619365,10306596165,10306595910,10306596863,10306595704,10306592952,10306596920,10306597718,10306598967,10306596481,10306593324,10306593330,10306617823,10306596662,10306593845,10306593488,10306593188,10306595137,10306596275,10306594414
STAT,(NULL),nBad,22,155751,7555,7305,6538,6218,7884,7024,7773,4566,7911,7421,7860,11839,5633,4461,14061,8256,5965,5307,5302,5491,5790,5591
STAT,(NULL),nEmpty,22,12162678,543069,633028,563259,637674,638015,636872,522033,513391,565998,519866,513928,531017,522189,544878,546214,557487,519108,516879,537747,522799,519054,558173
STAT,(NULL),nEmptyPop,22,735183,33811,34242,33745,34012,34434,34009,33516,33339,33115,32368,32886,32527,33395,32662,34348,34285,33450,32219,32986,32249,33343,34242
STAT,(NULL),nOverall,22,120155539,5330155,6162185,5489234,6201578,6195014,6215264,5210657,5149192,5576983,5213633,5086364,5274567,5107893,5439397,5336389,5430332,5210077,5218861,5394208,5248735,5143558,5521263
STAT,(NULL),nPop,22,22175572,987231,1146605,1020735,1154250,1154101,1154779,955993,942536,1030780,954329,937690,970610,947884,998340,991042,1010190,953322,951752,987182,960008,947763,1018450
STAT,(NULL),nPush,22,22175567,983892,1133416,1011781,1143077,1139061,1141496,965088,955090,1022753,967445,938132,972063,944927,1000896,983953,997784,968049,966912,996629,972022,954706,1016395
STAT,(NULL),nPushInit,22,5,1,1,1,1,0,1,0,0,0,0,0,0,0,0,0,0,0,0,0,0,0,0
==== BENCHMARK TOOK 9.902
==== BENCHMARK START ===
==== PARAMS kernel=4.9.5-64-net1 malloc=libc hostname=rack-castor threads=22 delta=4 prog=sssp-klsm256mq  ===
ERROR: ld.so: object '/specific/disk1/home/adamx/malloc/lib64/libjemalloc.so' from LD_PRELOAD cannot be preloaded (cannot open shared object file): ignored.
Galois Benchmark Suite v2.2.1 (r0)
Copyright (C) 2014 The University of Texas at Austin
http://iss.ices.utexas.edu/galois/

application: Single Source Shortest Path
Computes the shortest path from a source node to all nodes in a directed graph using a modified chaotic iteration algorithm
http://iss.ices.utexas.edu/?p=projects/galois/benchmarks/single_source_shortest_path

INFO: CommandLine ./build/debug/apps/sssp/sssp -noverify -t 22 -delta 4 -wl klsm256mq -startNode 0 /specific/disk1/home/mad/Galois-PQ/inputs/planar10M.gr
INFO: Hostname rack-castor
Read 10000000 nodes
Running Asynchronous with CAS version
INFO: Using delta-step of 1
WARNING: Performance varies considerably due to delta parameter.
WARNING: Do not expect the default to be good for your graph.
Node 1 has distance 7300
STATTYPE,LOOP,CATEGORY,n,sum,T0,T1,T2,T3,T4,T5,T6,T7,T8,T9,T10,T11,T12,T13,T14,T15,T16,T17,T18,T19,T20,T21
STAT,(NULL),BadWork,22,71040349,2931947,3171568,3495825,3171046,4401437,3157217,3162190,3220943,2461157,3231863,2836239,3251721,3022052,4169930,3431999,2839427,3306469,2563601,2603285,3784102,3624819,3201512
STAT,(NULL),BarrierTime,22,2837420,419692,277388,300684,237567,243211,176486,176824,106222,92750,99098,100839,98912,81997,95124,95480,33580,32680,35488,10039,44813,44750,33796
STAT,(NULL),ConflictTime,22,0,0,0,0,0,0,0,0,0,0,0,0,0,0,0,0,0,0,0,0,0,0,0
STAT,(NULL),Conflicts,22,0,0,0,0,0,0,0,0,0,0,0,0,0,0,0,0,0,0,0,0,0,0,0
STAT,(NULL),EmptyPopTime,22,815924232,34906609,33867499,39724369,33251510,32782311,32473533,39812746,39227865,39963909,38195379,37175322,37310665,37795207,37128558,40554768,36449384,39587049,35703746,37082722,36422547,37314432,39194102
STAT,(NULL),EmptyWork,22,3151573557,141483514,140221121,143440012,141689398,140634343,142727683,143704819,143601483,148025626,142942687,141457951,143735213,149631233,144332472,147735821,137488637,144100781,143459353,143975450,142677870,141324396,143183694
STAT,(NULL),GaloisTime,22,17246852006,754794089,760804373,793030434,766353605,808038010,772152262,788322977,794288789,799047774,787672202,786921144,788654041,790453867,788883827,788227918,769155975,789628400,787009167,793761717,779861281,771657766,788132388
STAT,(NULL),InitPushTime,22,757053,36628,11383,11304,11349,2640,54430,44488,40548,54369,39396,39040,38216,38200,39544,38824,38880,38304,37120,36840,34156,34038,37356
STAT,(NULL),Iterations,22,22172627,1053993,1138577,919870,1150666,1143345,1151462,937955,959513,931934,975325,973843,972008,1011851,1007269,928748,977848,949230,1009354,970401,1057943,994017,957475
STAT,(NULL),LoopTime,22,10466713320,10466713320,0,0,0,0,0,0,0,0,0,0,0,0,0,0,0,0,0,0,0,0,0
STAT,(NULL),MeminfoPost,22,946,43,43,43,43,43,43,43,43,43,43,43,43,43,43,43,43,43,43,43,43,43,43
STAT,(NULL),MeminfoPre,22,946,43,43,43,43,43,43,43,43,43,43,43,43,43,43,43,43,43,43,43,43,43,43
STAT,(NULL),NumaPost,22,11603,10563,241,638,161,0,0,0,0,0,0,0,0,0,0,0,0,0,0,0,0,0,0
STAT,(NULL),PopTime,22,36425655925,1659598118,1696473257,1644720966,1688896844,1673245640,1686665747,1652820146,1660899145,1648801282,1649334935,1637438007,1632736686,1667962046,1655582987,1646823458,1627304709,1650645889,1644241522,1638755371,1667287551,1644658950,1650762669
STAT,(NULL),PushTime,22,101798013598,4666512482,4577386147,4663176681,4569793534,4560466272,4557531419,4647979960,4623245967,4636573405,4647452827,4647493723,4636775385,4608211771,4614887494,4646624289,4675531847,4655653224,4628385565,4642202371,4608164054,4643887155,4640078026
STAT,(NULL),RusageSys,22,4000,4000,0,0,0,0,0,0,0,0,0,0,0,0,0,0,0,0,0,0,0,0,0
STAT,(NULL),RusageUser,22,102816000,102816000,0,0,0,0,0,0,0,0,0,0,0,0,0,0,0,0,0,0,0,0,0
STAT,(NULL),Threads,22,22,22,0,0,0,0,0,0,0,0,0,0,0,0,0,0,0,0,0,0,0,0,0
STAT,(NULL),Time,22,10481211200,10481211200,0,0,0,0,0,0,0,0,0,0,0,0,0,0,0,0,0,0,0,0,0
STAT,(NULL),TotalTime,22,20974235599,20974235599,0,0,0,0,0,0,0,0,0,0,0,0,0,0,0,0,0,0,0,0,0
STAT,(NULL),UserTime,22,66498872838,3012563552,3061106259,2985765876,3069873993,3054692077,3078307578,2997217874,3008596479,2997444840,3004259755,3019373273,3030646616,3015805945,3029043294,2999892924,3023928518,2990242319,3031059247,3014081015,3035446181,3031016384,3008508839
STAT,(NULL),Work,22,225938566401,10269939432,10269928914,10269929954,10269928119,10269928887,10269928225,10269929790,10269948290,10269928496,10269953751,10269954509,10269930406,10269944963,10269929252,10269928322,10269930438,10269929222,10269931160,10269953596,10269929641,10269928964,10269932070
STAT,(NULL),nBad,22,134246,5521,6104,6606,5980,8359,5970,6052,5919,4349,6087,5306,6210,5596,7951,6515,5329,6303,4957,4911,7296,7095,5830
STAT,(NULL),nEmpty,22,12161536,579536,627524,502820,636018,630141,636496,513543,526848,512616,535526,530018,529476,561603,555407,509371,526732,521211,551366,529086,582004,541045,523149
STAT,(NULL),nEmptyPop,22,727550,33041,34482,32550,34059,33549,33374,33121,33051,32685,32990,32037,32355,33490,33136,33498,32500,33303,32629,32345,33063,32972,33320
STAT,(NULL),nOverall,22,120134034,5691807,6132706,5006938,6174546,6158035,6177776,5094366,5189411,5032253,5279677,5329640,5308934,5402542,5423717,5032155,5413703,5136741,5497597,5295883,5707936,5437723,5209948
STAT,(NULL),nPop,22,22172627,1053993,1138577,919870,1150666,1143345,1151462,937955,959513,931934,975325,973843,972008,1011851,1007269,928748,977848,949230,1009354,970401,1057943,994017,957475
STAT,(NULL),nPush,22,22172622,1051110,1131753,924407,1139406,1133225,1137391,940385,954517,926531,981325,985086,977439,992395,999528,926872,1006498,949175,1016056,977815,1055581,1005697,960430
STAT,(NULL),nPushInit,22,5,1,1,1,1,0,1,0,0,0,0,0,0,0,0,0,0,0,0,0,0,0,0
==== BENCHMARK TOOK 10.232
==== BENCHMARK START ===
==== PARAMS kernel=4.9.5-64-net1 malloc=libc hostname=rack-castor threads=22 delta=4 prog=sssp-klsm256mq  ===
ERROR: ld.so: object '/specific/disk1/home/adamx/malloc/lib64/libjemalloc.so' from LD_PRELOAD cannot be preloaded (cannot open shared object file): ignored.
Galois Benchmark Suite v2.2.1 (r0)
Copyright (C) 2014 The University of Texas at Austin
http://iss.ices.utexas.edu/galois/

application: Single Source Shortest Path
Computes the shortest path from a source node to all nodes in a directed graph using a modified chaotic iteration algorithm
http://iss.ices.utexas.edu/?p=projects/galois/benchmarks/single_source_shortest_path

INFO: CommandLine ./build/debug/apps/sssp/sssp -noverify -t 22 -delta 4 -wl klsm256mq -startNode 0 /specific/disk1/home/mad/Galois-PQ/inputs/planar10M.gr
INFO: Hostname rack-castor
Read 10000000 nodes
Running Asynchronous with CAS version
INFO: Using delta-step of 1
WARNING: Performance varies considerably due to delta parameter.
WARNING: Do not expect the default to be good for your graph.
Node 1 has distance 7300
STATTYPE,LOOP,CATEGORY,n,sum,T0,T1,T2,T3,T4,T5,T6,T7,T8,T9,T10,T11,T12,T13,T14,T15,T16,T17,T18,T19,T20,T21
STAT,(NULL),BadWork,22,81429207,3662574,3461490,4545844,3353359,4183324,3424207,3963123,3180607,4127730,3828800,4158264,2994814,3043126,3844408,3098864,3884415,4448758,3815273,4344757,2940599,3411979,3712892
STAT,(NULL),BarrierTime,22,3895175,472080,339164,339444,287071,305154,244140,247101,196744,168627,158745,161742,108589,107906,108462,165396,111448,109580,77992,78585,81120,5181,20904
STAT,(NULL),ConflictTime,22,0,0,0,0,0,0,0,0,0,0,0,0,0,0,0,0,0,0,0,0,0,0,0
STAT,(NULL),Conflicts,22,0,0,0,0,0,0,0,0,0,0,0,0,0,0,0,0,0,0,0,0,0,0,0
STAT,(NULL),EmptyPopTime,22,819412953,35551343,34009147,35425588,33583729,34736555,33043013,38017727,40276952,37730456,36634068,35857045,37787996,39996792,36722908,39480356,39148869,39076305,38064985,36892148,36828803,40609679,39938489
STAT,(NULL),EmptyWork,22,3136199810,145880969,141176177,141859281,142791660,140654635,140621133,147928760,142723295,149282681,146101330,140817853,143069430,148096380,141950177,138358466,141273002,142158593,140160508,141974174,139868909,140846809,138605588
STAT,(NULL),GaloisTime,22,17159868583,750211601,759616054,771618894,759502158,761945592,761557084,776524256,787862913,787283528,782291241,820051458,786729153,790523085,779206357,780576741,776245815,823133348,784114256,778248550,787165125,781502073,773959301
STAT,(NULL),InitPushTime,22,887009,38772,12226,11880,12881,2479,57694,50260,40408,35528,39344,38952,64900,64797,64166,39024,39084,38640,37144,37052,36568,62664,62546
STAT,(NULL),Iterations,22,22176889,1048482,1133085,1033970,1143594,1139948,1142724,1024269,918667,1015447,1052136,1004131,955782,969789,1014637,905892,930892,956528,954713,1020317,956209,901718,953959
STAT,(NULL),LoopTime,22,10454184776,10454184776,0,0,0,0,0,0,0,0,0,0,0,0,0,0,0,0,0,0,0,0,0
STAT,(NULL),MeminfoPost,22,946,43,43,43,43,43,43,43,43,43,43,43,43,43,43,43,43,43,43,43,43,43,43
STAT,(NULL),MeminfoPre,22,946,43,43,43,43,43,43,43,43,43,43,43,43,43,43,43,43,43,43,43,43,43,43
STAT,(NULL),NumaPost,22,11613,10362,239,851,161,0,0,0,0,0,0,0,0,0,0,0,0,0,0,0,0,0,0
STAT,(NULL),PopTime,22,36205603084,1654322382,1676299007,1654589397,1674508296,1666709701,1664255754,1671525111,1616861600,1665857068,1664976380,1620989223,1632111332,1679200986,1654159133,1612248529,1634219004,1644529312,1608537558,1652331525,1613400670,1617453922,1626517194
STAT,(NULL),PushTime,22,101173012578,4633624559,4549818477,4589135473,4549045990,4562843164,4553401600,4562677484,4650830480,4573709989,4558242205,4591844589,4619825117,4573037011,4578092780,4658836024,4632129773,4592298501,4637739197,4580583217,4635774340,4655854205,4633668403
STAT,(NULL),RusageSys,22,12000,12000,0,0,0,0,0,0,0,0,0,0,0,0,0,0,0,0,0,0,0,0,0
STAT,(NULL),RusageUser,22,102192000,102192000,0,0,0,0,0,0,0,0,0,0,0,0,0,0,0,0,0,0,0,0,0
STAT,(NULL),Threads,22,22,22,0,0,0,0,0,0,0,0,0,0,0,0,0,0,0,0,0,0,0,0,0
STAT,(NULL),Time,22,10469956832,10469956832,0,0,0,0,0,0,0,0,0,0,0,0,0,0,0,0,0,0,0,0,0
STAT,(NULL),TotalTime,22,20469175660,20469175660,0,0,0,0,0,0,0,0,0,0,0,0,0,0,0,0,0,0,0,0,0
STAT,(NULL),UserTime,22,66092034469,2988869626,3047542310,3015832451,3049028656,3041572134,3055582621,3011787389,2969905942,2994597186,3020215798,2998900686,2988935545,2977604415,3018326963,2978960630,2985445711,2967265391,2999845092,3018431734,2995423625,2972191614,2995768950
STAT,(NULL),Work,22,224587887152,10208547232,10208538854,10208539208,10208538958,10208539592,10208539082,10208539117,10208539018,10208540754,10208538699,10208538528,10208537448,10208538468,10208537198,10208540806,10208542250,10208543522,10208542976,10208539185,10208540460,10208549798,10208535999
STAT,(NULL),nBad,22,155529,6984,6422,8526,6396,7777,6572,7574,6203,7841,7473,7928,5416,5902,7366,5894,7435,8460,7414,8634,5606,6554,7152
STAT,(NULL),nEmpty,22,12164061,579126,623982,568675,631909,628562,629099,568218,502504,563694,582649,546532,524703,540906,555729,487442,505602,525897,515131,560229,518653,487371,517448
STAT,(NULL),nEmptyPop,22,736774,33653,34620,33301,34517,34131,34068,34370,33517,33895,34013,32843,32877,34077,33397,32586,33242,33809,32060,33446,32356,32831,33165
STAT,(NULL),nOverall,22,120155317,5633258,6110334,5584568,6138372,6135915,6161534,5470822,4996871,5420455,5633939,5489876,5176216,5144920,5505728,5020850,5104821,5167728,5273310,5518784,5254390,4972264,5240362
STAT,(NULL),nPop,22,22176889,1048482,1133085,1033970,1143594,1139948,1142724,1024269,918667,1015447,1052136,1004131,955782,969789,1014637,905892,930892,956528,954713,1020317,956209,901718,953959
STAT,(NULL),nPush,22,22176884,1038403,1123985,1029450,1131919,1128156,1133108,998091,933380,993622,1031727,1017468,962389,942578,1011251,931467,945010,955496,979878,1014961,978000,924379,972166
STAT,(NULL),nPushInit,22,5,1,1,1,1,0,1,0,0,0,0,0,0,0,0,0,0,0,0,0,0,0,0
==== BENCHMARK TOOK 10.160
==== BENCHMARK START ===
==== PARAMS kernel=4.9.5-64-net1 malloc=libc hostname=rack-castor threads=22 delta=4 prog=sssp-klsm256mq  ===
ERROR: ld.so: object '/specific/disk1/home/adamx/malloc/lib64/libjemalloc.so' from LD_PRELOAD cannot be preloaded (cannot open shared object file): ignored.
Galois Benchmark Suite v2.2.1 (r0)
Copyright (C) 2014 The University of Texas at Austin
http://iss.ices.utexas.edu/galois/

application: Single Source Shortest Path
Computes the shortest path from a source node to all nodes in a directed graph using a modified chaotic iteration algorithm
http://iss.ices.utexas.edu/?p=projects/galois/benchmarks/single_source_shortest_path

INFO: CommandLine ./build/debug/apps/sssp/sssp -noverify -t 22 -delta 4 -wl klsm256mq -startNode 0 /specific/disk1/home/mad/Galois-PQ/inputs/planar10M.gr
INFO: Hostname rack-castor
Read 10000000 nodes
Running Asynchronous with CAS version
INFO: Using delta-step of 1
WARNING: Performance varies considerably due to delta parameter.
WARNING: Do not expect the default to be good for your graph.
Node 1 has distance 7300
STATTYPE,LOOP,CATEGORY,n,sum,T0,T1,T2,T3,T4,T5,T6,T7,T8,T9,T10,T11,T12,T13,T14,T15,T16,T17,T18,T19,T20,T21
STAT,(NULL),BadWork,22,66531239,3472802,3834746,3315034,3582866,3552682,2445020,2880185,2903739,3020159,3319145,3574214,2854786,2958049,2489134,3344315,2647016,2973841,2778832,2638664,2620048,2482878,2843084
STAT,(NULL),BarrierTime,22,4393651,507951,402943,384684,324605,328270,263973,236910,223367,176980,174984,150889,170328,181676,156261,121035,77600,136688,74252,92840,92984,27891,86540
STAT,(NULL),ConflictTime,22,0,0,0,0,0,0,0,0,0,0,0,0,0,0,0,0,0,0,0,0,0,0,0
STAT,(NULL),Conflicts,22,0,0,0,0,0,0,0,0,0,0,0,0,0,0,0,0,0,0,0,0,0,0,0
STAT,(NULL),EmptyPopTime,22,828937574,36519705,34983572,38927415,32634552,33042067,32554091,40117957,35999039,35632249,38691892,39107803,37871138,38062633,39084373,39656235,39867976,38684770,38131584,41406402,38020235,39594351,40347535
STAT,(NULL),EmptyWork,22,3204775175,145659325,142057636,146847183,146302690,145952778,146126221,146167000,140772215,145852173,144459066,147546670,144346989,144846648,146861962,145390175,146616699,148094292,143519709,147577964,147060901,146518356,146198523
STAT,(NULL),GaloisTime,22,17509919423,771330884,770441272,805076091,777955098,776658341,783291176,806447931,785705745,796188181,803749946,805334578,805864467,813947211,806346808,798489901,795044120,792944574,801480185,812315238,803321558,798285486,799700632
STAT,(NULL),InitPushTime,22,822363,40504,11999,12356,11555,2485,53386,43584,36523,38892,39076,38492,43512,38036,37828,64475,64922,38436,33261,36788,36412,62561,37280
STAT,(NULL),Iterations,22,22171328,1038166,1153045,948164,1165028,1169164,1166080,938294,1031585,1057175,983779,985662,962898,957002,956725,959713,945837,989970,980005,901805,980188,962579,938464
STAT,(NULL),LoopTime,22,10655879941,10655879941,0,0,0,0,0,0,0,0,0,0,0,0,0,0,0,0,0,0,0,0,0
STAT,(NULL),MeminfoPost,22,946,43,43,43,43,43,43,43,43,43,43,43,43,43,43,43,43,43,43,43,43,43,43
STAT,(NULL),MeminfoPre,22,946,43,43,43,43,43,43,43,43,43,43,43,43,43,43,43,43,43,43,43,43,43,43
STAT,(NULL),NumaPost,22,11626,10357,241,652,376,0,0,0,0,0,0,0,0,0,0,0,0,0,0,0,0,0,0
STAT,(NULL),PopTime,22,36936086265,1682270578,1703125423,1663209102,1705539974,1710729848,1698674328,1665352998,1662814874,1688081665,1662517232,1676917563,1654748752,1662943341,1675140566,1683256253,1681690502,1703037886,1657984616,1653813454,1681736862,1682192734,1680307714
STAT,(NULL),PushTime,22,103364101278,4727909752,4659393551,4722572281,4638403042,4634550100,4639973678,4719361846,4709954745,4669629531,4723087876,4696933907,4718935270,4708217727,4702985542,4712841143,4724126727,4690627094,4705122667,4737627779,4697252634,4709199372,4715395014
STAT,(NULL),RusageSys,22,0,0,0,0,0,0,0,0,0,0,0,0,0,0,0,0,0,0,0,0,0,0,0
STAT,(NULL),RusageUser,22,104308000,104308000,0,0,0,0,0,0,0,0,0,0,0,0,0,0,0,0,0,0,0,0,0
STAT,(NULL),Threads,22,22,22,0,0,0,0,0,0,0,0,0,0,0,0,0,0,0,0,0,0,0,0,0
STAT,(NULL),Time,22,10670368533,10670368533,0,0,0,0,0,0,0,0,0,0,0,0,0,0,0,0,0,0,0,0,0
STAT,(NULL),TotalTime,22,19706958948,19706958948,0,0,0,0,0,0,0,0,0,0,0,0,0,0,0,0,0,0,0,0,0
STAT,(NULL),UserTime,22,67362790293,3054792554,3108481489,3041850362,3117646804,3117549648,3117863360,3041035384,3083235221,3083098637,3045975926,3052643497,3056716236,3050464542,3048062608,3038846170,3031134088,3045094410,3072244583,3025742093,3051089732,3042690271,3036532678
STAT,(NULL),Work,22,229208559859,10418574199,10418565881,10418566514,10418565939,10418566088,10418566248,10418589370,10418567055,10418565876,10418565810,10418591096,10418565816,10418567970,10418590289,10418563707,10418562769,10418565438,10418591373,10418565890,10418566550,10418569397,10418566584
STAT,(NULL),nBad,22,124141,6650,7291,6466,6835,6665,4517,5455,5386,5638,6050,6654,5287,5493,4550,6060,4760,5647,4989,4787,5070,4520,5371
STAT,(NULL),nEmpty,22,12161039,572820,634132,518837,642389,646481,642666,514201,559717,582598,538201,542077,525096,520354,524387,526931,516687,546989,534665,490677,540021,527426,513687
STAT,(NULL),nEmptyPop,22,728180,33800,34225,32536,33689,33890,33461,33017,32906,33066,32465,32882,32427,32094,32463,33614,33436,33776,32341,32011,32957,33735,33389
STAT,(NULL),nOverall,22,120123929,5581966,6229061,5151126,6272129,6270945,6280217,5088047,5661072,5697546,5349104,5322672,5251089,5238351,5188168,5195428,5150408,5313937,5344305,4936099,5283574,5218852,5099833
STAT,(NULL),nPop,22,22171328,1038166,1153045,948164,1165028,1169164,1166080,938294,1031585,1057175,983779,985662,962898,957002,956725,959713,945837,989970,980005,901805,980188,962579,938464
STAT,(NULL),nPush,22,22171323,1026094,1148628,950603,1155424,1152966,1156422,937298,1047046,1048081,994257,982798,971488,968037,955797,961438,953248,979817,987772,913732,975182,962057,943138
STAT,(NULL),nPushInit,22,5,1,1,1,1,0,1,0,0,0,0,0,0,0,0,0,0,0,0,0,0,0,0
==== BENCHMARK TOOK 9.771
==== BENCHMARK START ===
==== PARAMS kernel=4.9.5-64-net1 malloc=libc hostname=rack-castor threads=22 delta=4 prog=sssp-klsm256mq  ===
ERROR: ld.so: object '/specific/disk1/home/adamx/malloc/lib64/libjemalloc.so' from LD_PRELOAD cannot be preloaded (cannot open shared object file): ignored.
Galois Benchmark Suite v2.2.1 (r0)
Copyright (C) 2014 The University of Texas at Austin
http://iss.ices.utexas.edu/galois/

application: Single Source Shortest Path
Computes the shortest path from a source node to all nodes in a directed graph using a modified chaotic iteration algorithm
http://iss.ices.utexas.edu/?p=projects/galois/benchmarks/single_source_shortest_path

INFO: CommandLine ./build/debug/apps/sssp/sssp -noverify -t 22 -delta 4 -wl klsm256mq -startNode 0 /specific/disk1/home/mad/Galois-PQ/inputs/planar10M.gr
INFO: Hostname rack-castor
Read 10000000 nodes
Running Asynchronous with CAS version
INFO: Using delta-step of 1
WARNING: Performance varies considerably due to delta parameter.
WARNING: Do not expect the default to be good for your graph.
Node 1 has distance 7300
STATTYPE,LOOP,CATEGORY,n,sum,T0,T1,T2,T3,T4,T5,T6,T7,T8,T9,T10,T11,T12,T13,T14,T15,T16,T17,T18,T19,T20,T21
STAT,(NULL),BadWork,22,65894172,3397343,2966160,2669122,3271720,2901098,2630341,2742449,3285253,3064213,3298720,2798295,3233291,2348929,2909498,3211442,3194714,2826880,2982067,3191717,3182320,2674731,3113869
STAT,(NULL),BarrierTime,22,3027854,369380,331917,296049,255256,260557,173419,176190,135216,137856,131953,140536,90588,61431,106596,101005,46256,30048,32393,42452,28748,41908,38100
STAT,(NULL),ConflictTime,22,0,0,0,0,0,0,0,0,0,0,0,0,0,0,0,0,0,0,0,0,0,0,0
STAT,(NULL),Conflicts,22,0,0,0,0,0,0,0,0,0,0,0,0,0,0,0,0,0,0,0,0,0,0,0
STAT,(NULL),EmptyPopTime,22,829403738,39259107,33896187,41574764,33216931,33164912,32788159,37310255,38444821,38273597,37609410,35972034,37969765,40463921,37593789,36095428,39221058,39959309,37764386,38465917,40744676,39129957,40485355
STAT,(NULL),EmptyWork,22,3181247569,148597019,144832086,144139091,142881973,142736956,143431345,142193498,145675035,145337310,146339959,142564622,144993206,148682479,144477394,143714500,143535046,143282268,143083123,146195512,147353733,142346312,144855102
STAT,(NULL),GaloisTime,22,17354642996,778508173,769635043,795347476,774087477,772957625,772847574,785959622,793989019,800330262,795485257,780870880,798362959,806274680,795035850,774762985,783314069,795164231,792440100,799029576,807398140,786210935,796631063
STAT,(NULL),InitPushTime,22,753668,41220,13400,11820,12236,2808,59100,49880,40524,39264,35649,38972,38372,38332,35428,35112,35497,43116,38184,36788,32778,37756,37432
STAT,(NULL),Iterations,22,22171317,986526,1144791,966629,1152727,1149892,1149596,998113,973210,935696,1003600,1082764,976642,918180,986802,1063328,953651,927805,1006442,956548,910261,994307,933807
STAT,(NULL),LoopTime,22,10575324356,10575324356,0,0,0,0,0,0,0,0,0,0,0,0,0,0,0,0,0,0,0,0,0
STAT,(NULL),MeminfoPost,22,946,43,43,43,43,43,43,43,43,43,43,43,43,43,43,43,43,43,43,43,43,43,43
STAT,(NULL),MeminfoPre,22,946,43,43,43,43,43,43,43,43,43,43,43,43,43,43,43,43,43,43,43,43,43,43
STAT,(NULL),NumaPost,22,11623,10360,236,650,377,0,0,0,0,0,0,0,0,0,0,0,0,0,0,0,0,0,0
STAT,(NULL),PopTime,22,36726262535,1693431226,1700694941,1658180178,1694677308,1691113855,1693863293,1654389543,1661908742,1639987972,1667294507,1680344120,1662443789,1659581095,1662863681,1675269816,1661878068,1656195422,1668614533,1656062842,1659755382,1665324133,1662388089
STAT,(NULL),PushTime,22,102719114197,4689685489,4607779155,4693857870,4606024225,4618481881,4611856233,4673730920,4695354852,4703002311,4667533326,4630550432,4674160022,4687150034,4667108967,4660044720,4703903044,4703729461,4675991100,4690011787,4686934621,4683679902,4688543845
STAT,(NULL),RusageSys,22,0,0,0,0,0,0,0,0,0,0,0,0,0,0,0,0,0,0,0,0,0,0,0
STAT,(NULL),RusageUser,22,103604000,103604000,0,0,0,0,0,0,0,0,0,0,0,0,0,0,0,0,0,0,0,0,0
STAT,(NULL),Threads,22,22,22,0,0,0,0,0,0,0,0,0,0,0,0,0,0,0,0,0,0,0,0,0
STAT,(NULL),Time,22,10590114100,10590114100,0,0,0,0,0,0,0,0,0,0,0,0,0,0,0,0,0,0,0,0,0
STAT,(NULL),TotalTime,22,20487502146,20487502146,0,0,0,0,0,0,0,0,0,0,0,0,0,0,0,0,0,0,0,0,0
STAT,(NULL),UserTime,22,66853891925,2998908184,3091552334,3015290254,3097500926,3089934105,3093603260,3054804944,3013016795,3021457336,3034126273,3078086703,3030460019,3006236881,3041309216,3058501430,3016537838,3010057603,3030496445,3018623836,3006203250,3031697949,3015486344
STAT,(NULL),Work,22,227666450209,10348477862,10348469330,10348479612,10348469227,10348468901,10348469183,10348475114,10348470472,10348470868,10348483887,10348468876,10348477576,10348494788,10348475727,10348480116,10348472938,10348468678,10348470212,10348473294,10348491714,10348469604,10348472230
STAT,(NULL),nBad,22,124643,6125,5666,5000,6352,5436,4893,5179,6505,5887,6309,5273,6247,4339,5462,6136,6117,5239,5570,6037,6085,5111,5675
STAT,(NULL),nEmpty,22,12161035,549155,632126,530029,634882,633516,632124,541216,532897,508834,550396,593571,534952,504097,541382,580820,520517,507250,553774,525359,499758,543217,511163
STAT,(NULL),nEmptyPop,22,732883,34246,34279,33188,33904,33816,33448,32964,33285,32368,33696,33015,32725,32708,32869,33548,33445,33116,33415,32942,32757,33563,33586
STAT,(NULL),nOverall,22,120124431,5247375,6150622,5243578,6211170,6196238,6211757,5482339,5286995,5121241,5439009,5870335,5299179,4968301,5344206,5787484,5198995,5047835,5434664,5174871,4924655,5411921,5071661
STAT,(NULL),nPop,22,22171317,986526,1144791,966629,1152727,1149892,1149596,998113,973210,935696,1003600,1082764,976642,918180,986802,1063328,953651,927805,1006442,956548,910261,994307,933807
STAT,(NULL),nPush,22,22171312,963970,1129723,971282,1140248,1139398,1143014,1009050,981770,950157,1005410,1077455,977531,916731,986391,1066764,962531,934864,1010419,957440,908765,1000362,938037
STAT,(NULL),nPushInit,22,5,1,1,1,1,0,1,0,0,0,0,0,0,0,0,0,0,0,0,0,0,0,0
==== BENCHMARK TOOK 10.093
==== BENCHMARK START ===
==== PARAMS kernel=4.9.5-64-net1 malloc=libc hostname=rack-castor threads=22 delta=4 prog=sssp-klsm256mq  ===
ERROR: ld.so: object '/specific/disk1/home/adamx/malloc/lib64/libjemalloc.so' from LD_PRELOAD cannot be preloaded (cannot open shared object file): ignored.
Galois Benchmark Suite v2.2.1 (r0)
Copyright (C) 2014 The University of Texas at Austin
http://iss.ices.utexas.edu/galois/

application: Single Source Shortest Path
Computes the shortest path from a source node to all nodes in a directed graph using a modified chaotic iteration algorithm
http://iss.ices.utexas.edu/?p=projects/galois/benchmarks/single_source_shortest_path

INFO: CommandLine ./build/debug/apps/sssp/sssp -noverify -t 22 -delta 4 -wl klsm256mq -startNode 0 /specific/disk1/home/mad/Galois-PQ/inputs/planar10M.gr
INFO: Hostname rack-castor
Read 10000000 nodes
Running Asynchronous with CAS version
INFO: Using delta-step of 1
WARNING: Performance varies considerably due to delta parameter.
WARNING: Do not expect the default to be good for your graph.
Node 1 has distance 7300
STATTYPE,LOOP,CATEGORY,n,sum,T0,T1,T2,T3,T4,T5,T6,T7,T8,T9,T10,T11,T12,T13,T14,T15,T16,T17,T18,T19,T20,T21
STAT,(NULL),BadWork,22,65412500,3593361,3139079,3153300,3257779,3285853,3007297,2792343,3268204,2735462,2559394,2728001,2873442,2876507,3109408,2690883,3463973,3641270,2557923,2819705,2635469,2541427,2682420
STAT,(NULL),BarrierTime,22,4041124,420219,354372,349256,298870,305752,255063,265005,153628,157680,158815,159766,172634,164724,214578,142424,93324,51320,77110,64547,91006,59543,31488
STAT,(NULL),ConflictTime,22,0,0,0,0,0,0,0,0,0,0,0,0,0,0,0,0,0,0,0,0,0,0,0
STAT,(NULL),Conflicts,22,0,0,0,0,0,0,0,0,0,0,0,0,0,0,0,0,0,0,0,0,0,0,0
STAT,(NULL),EmptyPopTime,22,791255795,34523671,33782817,37934444,33172833,33344984,34372032,37797559,36413585,36390019,35029775,35699529,34771410,34911020,34716682,38442196,38097194,37953256,38251425,34387736,35325242,37178379,38760007
STAT,(NULL),EmptyWork,22,3040563847,132033347,136021927,136317727,139347121,139189585,138240999,135691650,139582877,138515882,139414739,136781196,140222793,137204364,136600505,136698562,139588037,143097056,140459469,139915597,141326870,134681415,139632129
STAT,(NULL),GaloisTime,22,16561217235,733509836,738041892,765041070,745583805,745993947,741531007,752636884,752494906,758397925,752711787,757817032,769384164,753593637,751540958,765998585,750970689,751247791,765626972,749033551,757510883,745516231,757033683
STAT,(NULL),InitPushTime,22,746793,32420,13184,10365,12068,2696,55544,46252,40496,39268,39064,38728,34712,38320,34220,35340,35300,38544,33467,33252,36480,34351,62722
STAT,(NULL),Iterations,22,22171882,969046,1096507,897100,1111699,1111512,1110679,946721,992444,964189,1057183,978616,1037500,1001761,1016133,916937,990975,1012362,935720,1072344,1057839,967593,927022
STAT,(NULL),LoopTime,22,10148905989,10148905989,0,0,0,0,0,0,0,0,0,0,0,0,0,0,0,0,0,0,0,0,0
STAT,(NULL),MeminfoPost,22,946,43,43,43,43,43,43,43,43,43,43,43,43,43,43,43,43,43,43,43,43,43,43
STAT,(NULL),MeminfoPre,22,946,43,43,43,43,43,43,43,43,43,43,43,43,43,43,43,43,43,43,43,43,43,43
STAT,(NULL),NumaPost,22,11622,10366,458,637,161,0,0,0,0,0,0,0,0,0,0,0,0,0,0,0,0,0,0
STAT,(NULL),PopTime,22,35318306137,1564576197,1630797692,1573090348,1637531655,1633226229,1630716951,1587239021,1619238153,1592227641,1620899205,1585262266,1611226294,1584513007,1598270917,1587420647,1612255310,1628044202,1586712744,1622277122,1634748711,1584955242,1593076583
STAT,(NULL),PushTime,22,98422009026,4576612616,4439492858,4523412404,4417710150,4425144994,4427490625,4507966322,4473367003,4498803519,4433543972,4490012217,4439623749,4485589597,4481211618,4507035551,4471742690,4455951838,4502176188,4434419242,4418831107,4509760529,4502110237
STAT,(NULL),RusageSys,22,0,0,0,0,0,0,0,0,0,0,0,0,0,0,0,0,0,0,0,0,0,0,0
STAT,(NULL),RusageUser,22,99552000,99552000,0,0,0,0,0,0,0,0,0,0,0,0,0,0,0,0,0,0,0,0,0
STAT,(NULL),Threads,22,22,22,0,0,0,0,0,0,0,0,0,0,0,0,0,0,0,0,0,0,0,0,0
STAT,(NULL),Time,22,10161314821,10161314821,0,0,0,0,0,0,0,0,0,0,0,0,0,0,0,0,0,0,0,0,0
STAT,(NULL),TotalTime,22,20496569908,20496569908,0,0,0,0,0,0,0,0,0,0,0,0,0,0,0,0,0,0,0,0,0
STAT,(NULL),UserTime,22,64624268809,2902272354,2965391376,2907733396,2970182496,2966627660,2971176669,2922197231,2922431820,2919193410,2961928432,2937955607,2948299678,2947716427,2941187819,2907933227,2930874915,2927234904,2910301200,2963495229,2955785447,2931436984,2912912528
STAT,(NULL),Work,22,218759380311,9943619985,9943605295,9943605993,9943604942,9943604916,9943604970,9943605536,9943607080,9943606724,9943604621,9943604994,9943607192,9943605696,9943605192,9943629237,9943605865,9943605962,9943626952,9943605750,9943605067,9943605783,9943602559
STAT,(NULL),nBad,22,128838,7120,6038,6359,6389,6589,5858,5467,6411,5649,5197,5276,5581,5621,6395,5159,6820,7195,4886,5471,5211,4961,5185
STAT,(NULL),nEmpty,22,12161245,522424,602950,485220,615289,615182,613156,513499,546420,525234,581525,532613,573474,544836,557262,498518,545225,561345,514150,591425,589491,524448,507559
STAT,(NULL),nEmptyPop,22,732549,31738,34275,31719,34040,34068,33960,32998,33430,32461,33886,32237,33412,32689,32906,32419,34333,34971,33126,33856,33769,33089,33167
STAT,(NULL),nOverall,22,120128626,5361252,5924568,4941195,5956445,5954141,5968876,5201871,5352979,5266801,5705527,5352338,5567839,5485321,5508467,5023063,5349360,5410435,5062382,5768913,5615595,5316527,5034731
STAT,(NULL),nPop,22,22171882,969046,1096507,897100,1111699,1111512,1110679,946721,992444,964189,1057183,978616,1037500,1001761,1016133,916937,990975,1012362,935720,1072344,1057839,967593,927022
STAT,(NULL),nPush,22,22171877,993216,1091630,913877,1096419,1096647,1097699,964759,988134,974182,1049042,986995,1025227,1017809,1020343,927751,986434,995760,942289,1059660,1029772,983498,930734
STAT,(NULL),nPushInit,22,5,1,1,1,1,0,1,0,0,0,0,0,0,0,0,0,0,0,0,0,0,0,0
==== BENCHMARK TOOK 10.027
==== BENCHMARK START ===
==== PARAMS kernel=4.9.5-64-net1 malloc=libc hostname=rack-castor threads=22 delta=4 prog=sssp-klsm256mq  ===
ERROR: ld.so: object '/specific/disk1/home/adamx/malloc/lib64/libjemalloc.so' from LD_PRELOAD cannot be preloaded (cannot open shared object file): ignored.
Galois Benchmark Suite v2.2.1 (r0)
Copyright (C) 2014 The University of Texas at Austin
http://iss.ices.utexas.edu/galois/

application: Single Source Shortest Path
Computes the shortest path from a source node to all nodes in a directed graph using a modified chaotic iteration algorithm
http://iss.ices.utexas.edu/?p=projects/galois/benchmarks/single_source_shortest_path

INFO: CommandLine ./build/debug/apps/sssp/sssp -noverify -t 22 -delta 4 -wl klsm256mq -startNode 0 /specific/disk1/home/mad/Galois-PQ/inputs/planar10M.gr
INFO: Hostname rack-castor
Read 10000000 nodes
Running Asynchronous with CAS version
INFO: Using delta-step of 1
WARNING: Performance varies considerably due to delta parameter.
WARNING: Do not expect the default to be good for your graph.
Node 1 has distance 7300
STATTYPE,LOOP,CATEGORY,n,sum,T0,T1,T2,T3,T4,T5,T6,T7,T8,T9,T10,T11,T12,T13,T14,T15,T16,T17,T18,T19,T20,T21
STAT,(NULL),BadWork,22,90495760,3030530,3262712,2791025,3717112,3081383,3324750,2829539,23914113,3276152,3086654,3271155,3060884,4302995,3411869,4327860,2572000,2436577,3061405,2993448,2977281,2621125,3145191
STAT,(NULL),BarrierTime,22,3855875,480410,371826,316294,297999,303251,226175,146320,126134,180309,181356,205632,152769,160791,89908,89896,85099,22296,89480,87688,89564,65030,87648
STAT,(NULL),ConflictTime,22,0,0,0,0,0,0,0,0,0,0,0,0,0,0,0,0,0,0,0,0,0,0,0
STAT,(NULL),Conflicts,22,0,0,0,0,0,0,0,0,0,0,0,0,0,0,0,0,0,0,0,0,0,0,0
STAT,(NULL),EmptyPopTime,22,824659763,36125236,33647942,39740298,32962315,32530775,32828193,36381123,37189012,38413026,40931147,35394772,36712997,37549560,37009283,41542575,39966197,39614744,37494129,36306786,39635723,41684722,40999208
STAT,(NULL),EmptyWork,22,3142666876,142143198,138285602,145542272,142127777,141075597,140317534,139520801,140335625,141217076,145206432,141433193,145615789,145461068,144395629,145354279,142463347,141658160,143582243,143946964,144331953,144540313,144112024
STAT,(NULL),GaloisTime,22,17137809254,766236413,761399634,790473303,766595549,764470322,764250315,768960676,787386694,782918008,789143169,776737654,782910975,780843343,787987525,779164295,773495065,775904468,785730712,785823624,795267122,791903776,780206612
STAT,(NULL),InitPushTime,22,798048,38988,11685,15330,11309,2501,54008,40256,67071,39092,39184,35109,38644,34730,37912,39124,39416,64313,37828,38176,37624,37932,37816
STAT,(NULL),Iterations,22,22175092,1025726,1124720,931115,1136512,1135846,1141333,1009928,968349,978937,957564,1077327,991538,995914,1001068,971479,997267,986824,983736,1014655,897108,902357,945789
STAT,(NULL),LoopTime,22,10465504797,10465504797,0,0,0,0,0,0,0,0,0,0,0,0,0,0,0,0,0,0,0,0,0
STAT,(NULL),MeminfoPost,22,946,43,43,43,43,43,43,43,43,43,43,43,43,43,43,43,43,43,43,43,43,43,43
STAT,(NULL),MeminfoPre,22,946,43,43,43,43,43,43,43,43,43,43,43,43,43,43,43,43,43,43,43,43,43,43
STAT,(NULL),NumaPost,22,11610,10360,238,635,377,0,0,0,0,0,0,0,0,0,0,0,0,0,0,0,0,0,0
STAT,(NULL),PopTime,22,36345334783,1653158402,1676558339,1644639837,1666548501,1670002289,1672249496,1649196287,1637950602,1629857648,1655224176,1659494626,1643865663,1648673537,1649546495,1658590974,1653392886,1651903024,1649399249,1659100653,1620146267,1644894803,1650941029
STAT,(NULL),PushTime,22,101353828852,4639053646,4574005358,4633664969,4558632585,4574695383,4550684834,4613856373,4616211907,4635274083,4613813085,4586916238,4613326384,4614977307,4603041661,4610232649,4609593446,4616448775,4603384146,4589841111,4639139472,4639914296,4617121144
STAT,(NULL),RusageSys,22,0,0,0,0,0,0,0,0,0,0,0,0,0,0,0,0,0,0,0,0,0,0,0
STAT,(NULL),RusageUser,22,102396000,102396000,0,0,0,0,0,0,0,0,0,0,0,0,0,0,0,0,0,0,0,0,0
STAT,(NULL),Threads,22,22,22,0,0,0,0,0,0,0,0,0,0,0,0,0,0,0,0,0,0,0,0,0
STAT,(NULL),Time,22,10479996952,10479996952,0,0,0,0,0,0,0,0,0,0,0,0,0,0,0,0,0,0,0,0,0
STAT,(NULL),TotalTime,22,19652495506,19652495506,0,0,0,0,0,0,0,0,0,0,0,0,0,0,0,0,0,0,0,0,0
STAT,(NULL),UserTime,22,66202878125,2990881254,3043702124,2973535999,3060732639,3044825710,3067269613,3019683556,3008521931,2999919789,2983280117,3027623004,3005167176,3000095401,3005618501,2992715060,3008688405,3002066999,3008009237,3012579760,2989079773,2964662152,2994219925
STAT,(NULL),Work,22,225009122525,10227687605,10227683464,10227681744,10227684589,10227684377,10227684228,10227708922,10227681100,10227695522,10227687266,10227684662,10227683417,10227684886,10227684762,10227684412,10227684667,10227691544,10227685140,10227684758,10227684858,10227705976,10227684626
STAT,(NULL),nBad,22,166050,5718,6114,5271,6914,5885,6307,5366,45043,6017,5793,6215,5858,5847,6574,5547,4703,4594,5928,5631,5590,5074,6061
STAT,(NULL),nEmpty,22,12161325,562634,615294,511055,623023,623964,627310,549997,525611,533860,530165,592395,543055,546537,550323,535011,546504,541224,539357,560429,488412,495721,519444
STAT,(NULL),nEmptyPop,22,733231,33096,34183,33213,33607,33297,33643,32793,32578,32692,33653,33684,32717,33206,33291,34536,34254,33703,32904,33206,31803,33632,33540
STAT,(NULL),nOverall,22,120165838,5555064,6113262,5042025,6163932,6143305,6167599,5521444,5311577,5343257,5127535,5817823,5380216,5392837,5407196,5237089,5409931,5347386,5331808,5449153,4906204,4880058,5117137
STAT,(NULL),nPop,22,22175092,1025726,1124720,931115,1136512,1135846,1141333,1009928,968349,978937,957564,1077327,991538,995914,1001068,971479,997267,986824,983736,1014655,897108,902357,945789
STAT,(NULL),nPush,22,22175087,1019885,1130783,929524,1138584,1135929,1134837,1019609,976915,990881,949545,1074282,992634,995112,998546,965995,999640,987277,981580,1006148,905274,901781,940326
STAT,(NULL),nPushInit,22,5,1,1,1,1,0,1,0,0,0,0,0,0,0,0,0,0,0,0,0,0,0,0
==== BENCHMARK TOOK 9.787
==== BENCHMARK START ===
==== PARAMS kernel=4.9.5-64-net1 malloc=libc hostname=rack-castor threads=22 delta=4 prog=sssp-klsm256mq  ===
ERROR: ld.so: object '/specific/disk1/home/adamx/malloc/lib64/libjemalloc.so' from LD_PRELOAD cannot be preloaded (cannot open shared object file): ignored.
Galois Benchmark Suite v2.2.1 (r0)
Copyright (C) 2014 The University of Texas at Austin
http://iss.ices.utexas.edu/galois/

application: Single Source Shortest Path
Computes the shortest path from a source node to all nodes in a directed graph using a modified chaotic iteration algorithm
http://iss.ices.utexas.edu/?p=projects/galois/benchmarks/single_source_shortest_path

INFO: CommandLine ./build/debug/apps/sssp/sssp -noverify -t 22 -delta 4 -wl klsm256mq -startNode 0 /specific/disk1/home/mad/Galois-PQ/inputs/planar10M.gr
INFO: Hostname rack-castor
Read 10000000 nodes
Running Asynchronous with CAS version
INFO: Using delta-step of 1
WARNING: Performance varies considerably due to delta parameter.
WARNING: Do not expect the default to be good for your graph.
Node 1 has distance 7300
STATTYPE,LOOP,CATEGORY,n,sum,T0,T1,T2,T3,T4,T5,T6,T7,T8,T9,T10,T11,T12,T13,T14,T15,T16,T17,T18,T19,T20,T21
STAT,(NULL),BadWork,22,61972474,2752367,3355765,2814458,3386434,3070696,2746074,2798708,2180839,2601534,2967392,3433471,2150355,2264504,2774905,2837532,2906162,3198909,2406189,2221966,3143783,2725559,3234872
STAT,(NULL),BarrierTime,22,3443768,419045,313905,304020,278369,264033,216086,220021,168853,152696,117469,92327,123736,121704,134994,127278,77710,69429,70964,72818,31244,33500,33567
STAT,(NULL),ConflictTime,22,0,0,0,0,0,0,0,0,0,0,0,0,0,0,0,0,0,0,0,0,0,0,0
STAT,(NULL),Conflicts,22,0,0,0,0,0,0,0,0,0,0,0,0,0,0,0,0,0,0,0,0,0,0,0
STAT,(NULL),EmptyPopTime,22,799357729,34965186,33586805,35523826,32702798,34199941,32774701,37241116,35861172,37759572,35648860,36820255,37199435,39503800,34081878,37557890,36147000,40331730,39733760,35634834,36477801,37422796,38182573
STAT,(NULL),EmptyWork,22,3031920256,138913880,134504550,138395875,136398905,137291207,140273358,136076966,136774638,138079868,137266017,138278234,137369093,139819095,137443920,139227067,134108697,139852798,138973026,138938446,142807378,136264800,134862438
STAT,(NULL),GaloisTime,22,16513721688,737571856,735567388,747885783,741083545,739677566,742046065,747851935,744692535,760856444,750204012,766674232,752727935,768790645,750625701,750076750,744483973,757218850,771466973,754378425,756505997,742769208,750565870
STAT,(NULL),InitPushTime,22,726659,33690,12314,10412,11130,2498,54518,44601,36122,44148,39184,38784,38456,38332,34387,35170,35510,38476,37268,36968,36512,34114,34065
STAT,(NULL),Iterations,22,22171428,1008121,1091612,1026142,1106429,1102731,1108007,977074,1021513,960527,1028189,938690,1021944,894578,1053623,1002200,1000319,946379,884542,1024764,1019230,1002395,952419
STAT,(NULL),LoopTime,22,10105608064,10105608064,0,0,0,0,0,0,0,0,0,0,0,0,0,0,0,0,0,0,0,0,0
STAT,(NULL),MeminfoPost,22,946,43,43,43,43,43,43,43,43,43,43,43,43,43,43,43,43,43,43,43,43,43,43
STAT,(NULL),MeminfoPre,22,946,43,43,43,43,43,43,43,43,43,43,43,43,43,43,43,43,43,43,43,43,43,43
STAT,(NULL),NumaPost,22,11637,10359,236,665,377,0,0,0,0,0,0,0,0,0,0,0,0,0,0,0,0,0,0
STAT,(NULL),PopTime,22,35229910366,1608327864,1618933185,1608857488,1624669370,1614013576,1613959724,1585040971,1615252839,1592743916,1605505751,1588662151,1604128687,1577309857,1594314650,1611950049,1586623039,1604815832,1571604839,1604539840,1611776889,1606630641,1580249208
STAT,(NULL),PushTime,22,98168868822,4502788012,4435080181,4451245528,4423743669,4425289139,4413449547,4498613428,4455825935,4480486266,4449729741,4488521424,4442663504,4499600878,4445074222,4448988661,4483296333,4478580920,4502473214,4450447892,4434892415,4456309050,4501768863
STAT,(NULL),RusageSys,22,4000,4000,0,0,0,0,0,0,0,0,0,0,0,0,0,0,0,0,0,0,0,0,0
STAT,(NULL),RusageUser,22,99304000,99304000,0,0,0,0,0,0,0,0,0,0,0,0,0,0,0,0,0,0,0,0,0
STAT,(NULL),Threads,22,22,22,0,0,0,0,0,0,0,0,0,0,0,0,0,0,0,0,0,0,0,0,0
STAT,(NULL),Time,22,10117984174,10117984174,0,0,0,0,0,0,0,0,0,0,0,0,0,0,0,0,0,0,0,0,0
STAT,(NULL),TotalTime,22,20369841794,20369841794,0,0,0,0,0,0,0,0,0,0,0,0,0,0,0,0,0,0,0,0,0
STAT,(NULL),UserTime,22,64476604602,2896541135,2961435644,2937199536,2960510185,2968637170,2976605562,2914283943,2930700848,2909181753,2940753761,2900152836,2945018733,2894083795,2957568293,2931307586,2934449632,2898308013,2894857064,2935169059,2936647729,2939712388,2913479937
STAT,(NULL),Work,22,218222154804,9919197717,9919186549,9919188788,9919186655,9919186616,9919186804,9919187835,9919190111,9919185602,9919186301,9919211574,9919186397,9919190394,9919186689,9919186848,9919188001,9919186233,9919188156,9919186444,9919186514,9919187230,9919187346
STAT,(NULL),nBad,22,122816,5472,6566,5585,6824,6007,5503,5539,4257,5218,5837,6878,4051,4564,5445,5673,5795,6457,4712,4241,6437,5288,6467
STAT,(NULL),nEmpty,22,12161301,554446,596799,562550,608666,605440,609046,530758,560616,528039,566293,514462,561400,490673,576280,550803,543617,523865,482866,564280,563836,548926,517640
STAT,(NULL),nEmptyPop,22,738205,33258,34312,33461,33756,33586,33705,32761,33837,33770,33891,32468,34020,32799,33435,33248,33802,33817,32335,33808,34065,34358,33713
STAT,(NULL),nOverall,22,120122604,5446218,5933974,5563161,5973758,5965189,5988001,5357371,5533675,5189856,5542749,5092770,5523917,4846068,5726993,5417033,5479629,5072091,4820524,5524631,5462025,5444320,5218651
STAT,(NULL),nPop,22,22171428,1008121,1091612,1026142,1106429,1102731,1108007,977074,1021513,960527,1028189,938690,1021944,894578,1053623,1002200,1000319,946379,884542,1024764,1019230,1002395,952419
STAT,(NULL),nPush,22,22171423,1004922,1092967,1025754,1102060,1099686,1100561,993501,1022773,964318,1023643,942869,1017026,896101,1055724,992117,1014242,936211,890383,1017036,1004049,1000930,974550
STAT,(NULL),nPushInit,22,5,1,1,1,1,0,1,0,0,0,0,0,0,0,0,0,0,0,0,0,0,0,0
==== BENCHMARK TOOK 9.935
