==== BENCHMARK START ===
==== PARAMS kernel=4.9.5-64-net1 malloc=libc hostname=rack-castor threads=22 delta=4 prog=sssp-klsm256mq4  ===
ERROR: ld.so: object '/specific/disk1/home/adamx/malloc/lib64/libjemalloc.so' from LD_PRELOAD cannot be preloaded (cannot open shared object file): ignored.
Galois Benchmark Suite v2.2.1 (r0)
Copyright (C) 2014 The University of Texas at Austin
http://iss.ices.utexas.edu/galois/

application: Single Source Shortest Path
Computes the shortest path from a source node to all nodes in a directed graph using a modified chaotic iteration algorithm
http://iss.ices.utexas.edu/?p=projects/galois/benchmarks/single_source_shortest_path

INFO: CommandLine ./build/debug/apps/sssp/sssp -noverify -t 22 -delta 4 -wl klsm256mq4 -startNode 0 /specific/disk1/home/mad/Galois-PQ/inputs/scalefree/rmat16p-2e27.gr
INFO: Hostname rack-castor
Read 134217728 nodes
Running Asynchronous with CAS version
INFO: Using delta-step of 1
WARNING: Performance varies considerably due to delta parameter.
WARNING: Do not expect the default to be good for your graph.
Node 1 has distance 0
STATTYPE,LOOP,CATEGORY,n,sum,T0,T1,T2,T3,T4,T5,T6,T7,T8,T9,T10,T11,T12,T13,T14,T15,T16,T17,T18,T19,T20,T21
STAT,(NULL),BadWork,22,362734,0,26336,0,29094,31138,0,26151,14214,30715,0,19038,26256,0,0,0,0,0,8136,66008,85648,0,0
STAT,(NULL),BarrierTime,22,3284143787,132584306,231129287,175285175,240280880,237192327,240699129,75586649,162219508,110424599,158219299,221752757,115111104,94933477,103070908,157693948,122873089,169453024,151291871,237565116,115171561,30325,31575448
STAT,(NULL),ConflictTime,22,0,0,0,0,0,0,0,0,0,0,0,0,0,0,0,0,0,0,0,0,0,0,0
STAT,(NULL),Conflicts,22,0,0,0,0,0,0,0,0,0,0,0,0,0,0,0,0,0,0,0,0,0,0,0
STAT,(NULL),EmptyPopTime,22,3680098389,172148411,141194171,177622014,140006421,141082634,140056451,181767408,185998326,176772746,182612881,173827882,153238810,168249149,170438212,166340312,178188431,175662838,166745700,173300338,162990280,167428435,184426539
STAT,(NULL),EmptyWork,22,36102623014,1640243067,1576944681,1672759978,1602530828,1606448727,1630527705,1656385530,1668339733,1664270080,1664857063,1667919491,1636058736,1654574729,1643538611,1610560786,1636764801,1635508658,1668670125,1668155349,1639103984,1608243342,1650217010
STAT,(NULL),GaloisTime,22,76415667041,3391126854,3608883527,3559251744,3201086327,3195475169,3196850288,3557405345,3600079431,3556178079,3577246553,3516622415,3422214445,3517731904,3545275208,3450083386,3478325796,3494169639,3537596024,3557253222,3477211445,3421454740,3554145500
STAT,(NULL),InitPushTime,22,13137768267,614127266,515529553,571318040,506265308,509354951,505793136,670924068,584246364,635992262,588204233,524674064,631302259,651487960,643352460,588736888,623499950,576925732,595031014,508764811,631195154,746293676,714749118
STAT,(NULL),Iterations,22,188627512,8655733,9342151,8201553,9554869,9540460,9558242,8090867,7953982,8263366,8123639,8391027,8965421,8475654,8344760,8638847,8232570,8323851,8451995,8296261,8582678,8588617,8050969
STAT,(NULL),LoopTime,22,173781607460,173781607460,0,0,0,0,0,0,0,0,0,0,0,0,0,0,0,0,0,0,0,0,0
STAT,(NULL),MeminfoPost,22,12320,560,560,560,560,560,560,560,560,560,560,560,560,560,560,560,560,560,560,560,560,560,560
STAT,(NULL),MeminfoPre,22,12320,560,560,560,560,560,560,560,560,560,560,560,560,560,560,560,560,560,560,560,560,560,560
STAT,(NULL),NumaPost,22,6852087,6450795,133802,133986,133504,0,0,0,0,0,0,0,0,0,0,0,0,0,0,0,0,0,0
STAT,(NULL),PopTime,22,367791203689,16813929522,16192392073,16881408578,16360000949,16351828755,16335434021,16888485766,16955045796,16789850868,16859334951,16713775645,16618753850,16766718208,16765255916,16773497815,16851082383,16846818248,16766971972,16805751871,16702732077,16801790014,16950344411
STAT,(NULL),PushTime,22,1391080512702,63152774125,61346810393,63994524020,60731881051,60838504968,60802722799,64330852937,64052117521,63433716356,63578232221,63506645855,63121958722,63422945951,63721081723,64459124538,64353134933,64120113668,63622893375,63457196824,63189495274,63930261611,63913523837
STAT,(NULL),RusageSys,22,8000,8000,0,0,0,0,0,0,0,0,0,0,0,0,0,0,0,0,0,0,0,0,0
STAT,(NULL),RusageUser,22,1664128000,1664128000,0,0,0,0,0,0,0,0,0,0,0,0,0,0,0,0,0,0,0,0,0
STAT,(NULL),Threads,22,22,22,0,0,0,0,0,0,0,0,0,0,0,0,0,0,0,0,0,0,0,0,0
STAT,(NULL),Time,22,173811102616,173811102616,0,0,0,0,0,0,0,0,0,0,0,0,0,0,0,0,0,0,0,0,0
STAT,(NULL),TotalTime,22,347783308602,347783308602,0,0,0,0,0,0,0,0,0,0,0,0,0,0,0,0,0,0,0,0,0
STAT,(NULL),UserTime,22,1765447756559,80307859584,82611859076,79192518583,83442578794,83344743862,83372492994,78863189086,79016503629,79857296743,79615805565,79899290456,80525861445,79947865415,79632494906,79018473883,78980587470,79205811717,79715207278,79816425654,80306552271,79548908565,79225429583
STAT,(NULL),Work,22,3640519858839,165478196200,165478172546,165478180752,165478172494,165478173099,165478172874,165478173112,165478174024,165478180862,165478197284,165478170334,165478172385,165478172237,165478173168,165478168557,165478172627,165478171936,165478172422,165478171258,165478171829,165478175755,165478173084
STAT,(NULL),nBad,22,476,0,30,0,37,37,0,28,17,40,0,30,35,0,0,0,0,0,7,100,115,0,0
STAT,(NULL),nEmpty,22,106649342,4889926,5284931,4612950,5410101,5411691,5419136,4547541,4459790,4651266,4546599,4717136,5098986,4801571,4735487,4901554,4651238,4714888,4810207,4671098,4878540,4901738,4532968
STAT,(NULL),nEmptyPop,22,3017377,144258,134797,136591,135203,136164,135360,137379,137909,136529,136901,136300,135111,136257,136283,138170,139773,139186,135779,135983,135863,138538,139043
STAT,(NULL),nOverall,22,2142249860,98850431,107265263,94150641,108668025,108487138,108605148,93218305,94004481,96138216,95450811,96150676,96811026,95555117,94506618,91956298,93009430,93722657,94448003,95422640,96914752,94665225,94248959
STAT,(NULL),nPop,22,188627512,8655733,9342151,8201553,9554869,9540460,9558242,8090867,7953982,8263366,8123639,8391027,8965421,8475654,8344760,8638847,8232570,8323851,8451995,8296261,8582678,8588617,8050969
STAT,(NULL),nPush,22,186301631,8656994,9424108,8160894,9539715,9511746,9553746,8091406,8153119,8299730,8266424,8288065,8378842,8286283,8168422,7904850,8135022,8122815,8255254,8390781,8428223,8180206,8104986
STAT,(NULL),nPushInit,22,2325881,105074,106646,106100,106277,106370,106383,105768,105605,104548,105200,106022,104660,105008,105883,105878,105848,105844,105716,106724,104991,105704,105632
==== BENCHMARK TOOK 160.088
==== BENCHMARK START ===
==== PARAMS kernel=4.9.5-64-net1 malloc=libc hostname=rack-castor threads=22 delta=4 prog=sssp-klsm256mq4  ===
ERROR: ld.so: object '/specific/disk1/home/adamx/malloc/lib64/libjemalloc.so' from LD_PRELOAD cannot be preloaded (cannot open shared object file): ignored.
Galois Benchmark Suite v2.2.1 (r0)
Copyright (C) 2014 The University of Texas at Austin
http://iss.ices.utexas.edu/galois/

application: Single Source Shortest Path
Computes the shortest path from a source node to all nodes in a directed graph using a modified chaotic iteration algorithm
http://iss.ices.utexas.edu/?p=projects/galois/benchmarks/single_source_shortest_path

INFO: CommandLine ./build/debug/apps/sssp/sssp -noverify -t 22 -delta 4 -wl klsm256mq4 -startNode 0 /specific/disk1/home/mad/Galois-PQ/inputs/scalefree/rmat16p-2e27.gr
INFO: Hostname rack-castor
Read 134217728 nodes
Running Asynchronous with CAS version
INFO: Using delta-step of 1
WARNING: Performance varies considerably due to delta parameter.
WARNING: Do not expect the default to be good for your graph.
Node 1 has distance 0
STATTYPE,LOOP,CATEGORY,n,sum,T0,T1,T2,T3,T4,T5,T6,T7,T8,T9,T10,T11,T12,T13,T14,T15,T16,T17,T18,T19,T20,T21
STAT,(NULL),BadWork,22,2208707,96724,3852,32413,39745,0,175696,10077,32327,42766,77071,631901,117573,434650,40880,70556,28500,49255,19176,107910,0,154444,43191
STAT,(NULL),BarrierTime,22,5269189944,334272478,334985910,338058382,344477302,342170157,344388206,40137898,150199115,151991625,191553708,147827296,196336715,250147015,30452,103981533,272986884,210018891,287302378,283268008,347315986,265009627,332730378
STAT,(NULL),ConflictTime,22,0,0,0,0,0,0,0,0,0,0,0,0,0,0,0,0,0,0,0,0,0,0,0
STAT,(NULL),Conflicts,22,0,0,0,0,0,0,0,0,0,0,0,0,0,0,0,0,0,0,0,0,0,0,0
STAT,(NULL),EmptyPopTime,22,3696312312,165074115,145587780,170835283,140911140,140384557,142334639,176120596,178698469,173290240,176763826,170015940,168895946,175551489,171849583,174897338,183686993,177997084,169136414,174770415,167968560,171160169,180381736
STAT,(NULL),EmptyWork,22,36203627695,1650496166,1625910764,1637571174,1598988860,1615468830,1623616276,1649211586,1645800879,1675459635,1676415131,1656098821,1652528180,1658017260,1651447108,1641292533,1673604613,1651888277,1645184032,1663558047,1648664817,1636127802,1626276904
STAT,(NULL),GaloisTime,22,75910061509,3283221421,3177157730,3533377088,3197049249,3206100123,3219289569,3512016626,3547525213,3559513994,3528343725,3548753390,3503820089,3552476823,3517243173,3435413844,3486823288,3527289435,3518875627,3536209446,3510681631,3455809229,3553070796
STAT,(NULL),InitPushTime,22,13312057268,510607140,509829468,506743160,500220330,502526021,500290102,804516262,694411244,692592434,653038762,696770019,648228274,594434548,844556342,740580590,571489800,634459384,557178032,561231264,497129512,579476800,511747780
STAT,(NULL),Iterations,22,188606825,8710610,9483776,8344024,9563693,9570742,9601441,8327186,8191862,8329866,8360767,8368382,8466598,8327590,8370752,8367567,8126357,8138671,8487390,8302611,8559022,8479907,8128011
STAT,(NULL),LoopTime,22,173001438629,173001438629,0,0,0,0,0,0,0,0,0,0,0,0,0,0,0,0,0,0,0,0,0
STAT,(NULL),MeminfoPost,22,12320,560,560,560,560,560,560,560,560,560,560,560,560,560,560,560,560,560,560,560,560,560,560
STAT,(NULL),MeminfoPre,22,12320,560,560,560,560,560,560,560,560,560,560,560,560,560,560,560,560,560,560,560,560,560,560
STAT,(NULL),NumaPost,22,6852092,6450803,133577,133992,133720,0,0,0,0,0,0,0,0,0,0,0,0,0,0,0,0,0,0
STAT,(NULL),PopTime,22,369053884397,16800133680,16488836754,16939288442,16416092052,16417335489,16413789686,16905236341,16934639016,16869595954,16817330010,16836110260,16760461346,16823139114,16747386782,16770762053,16881369760,16949042988,16821523258,16833364628,16781353288,16858915167,16988178329
STAT,(NULL),PushTime,22,1381206016919,62735625821,60960846808,63324831025,60443269092,60388872882,60231219092,63975531062,64053901995,63295697799,63617777532,63355739439,62266310971,62823920590,63344592714,63432643467,63493410204,63519817566,62563872380,63086707783,62771065274,63703181059,63817182364
STAT,(NULL),RusageSys,22,8000,8000,0,0,0,0,0,0,0,0,0,0,0,0,0,0,0,0,0,0,0,0,0
STAT,(NULL),RusageUser,22,1659508000,1659508000,0,0,0,0,0,0,0,0,0,0,0,0,0,0,0,0,0,0,0,0,0
STAT,(NULL),Threads,22,22,22,0,0,0,0,0,0,0,0,0,0,0,0,0,0,0,0,0,0,0,0,0
STAT,(NULL),Time,22,173030416936,173030416936,0,0,0,0,0,0,0,0,0,0,0,0,0,0,0,0,0,0,0,0,0
STAT,(NULL),TotalTime,22,349888606251,349888606251,0,0,0,0,0,0,0,0,0,0,0,0,0,0,0,0,0,0,0,0,0
STAT,(NULL),UserTime,22,1762135133487,80283852153,82520071103,79312507709,83122098774,83150249371,83288161323,78700298211,78557846695,79344855204,79101782139,79351693259,80566397236,79885304752,79485893592,79463405685,79199518519,79092377737,80199814505,79623797667,80038673805,79093214667,78753319381
STAT,(NULL),Work,22,3628207240256,164918521048,164918498154,164918498251,164918497401,164918497541,164918497929,164918512770,164918499432,164918522471,164918522322,164918522808,164918521282,164918497764,164918501620,164918523976,164918522177,164918519805,164918517822,164918494698,164918517874,164918516293,164918516818
STAT,(NULL),nBad,22,2829,130,4,38,43,0,251,9,30,56,97,764,131,593,49,100,36,59,23,154,0,211,51
STAT,(NULL),nEmpty,22,106628610,4904614,5383749,4727613,5426798,5427283,5437437,4722889,4644107,4709767,4719553,4730894,4769738,4678662,4722765,4728346,4537333,4613201,4833399,4672155,4828994,4783906,4625407
STAT,(NULL),nEmptyPop,22,3011592,137515,137356,135809,135874,135103,135712,137259,137842,136622,137232,136099,136428,136856,135943,138593,139112,137379,136681,136531,136500,137284,137862
STAT,(NULL),nOverall,22,2142252213,99377625,107038082,95016418,108180800,108155742,108452447,92432199,92153161,94610117,93826831,94564436,98716783,96100946,94841818,95211421,95029836,93986396,97069030,95261607,96209955,93406416,92610147
STAT,(NULL),nPop,22,188606825,8710610,9483776,8344024,9563693,9570742,9601441,8327186,8191862,8329866,8360767,8368382,8466598,8327590,8370752,8367567,8126357,8138671,8487390,8302611,8559022,8479907,8128011
STAT,(NULL),nPush,22,186280836,8616816,9373204,8251661,9495592,9462151,9491211,8035754,7986340,8137773,8080914,8245644,8536446,8246665,8300750,8211417,8265315,8190435,8583621,8302788,8317697,8092647,8055995
STAT,(NULL),nPushInit,22,2325989,105832,106369,106249,106010,106057,106088,105922,105979,105696,106029,105740,105698,105533,105580,105625,105542,103258,105380,105940,105790,105865,105807
==== BENCHMARK TOOK 161.011
==== BENCHMARK START ===
==== PARAMS kernel=4.9.5-64-net1 malloc=libc hostname=rack-castor threads=22 delta=4 prog=sssp-klsm256mq4  ===
ERROR: ld.so: object '/specific/disk1/home/adamx/malloc/lib64/libjemalloc.so' from LD_PRELOAD cannot be preloaded (cannot open shared object file): ignored.
Galois Benchmark Suite v2.2.1 (r0)
Copyright (C) 2014 The University of Texas at Austin
http://iss.ices.utexas.edu/galois/

application: Single Source Shortest Path
Computes the shortest path from a source node to all nodes in a directed graph using a modified chaotic iteration algorithm
http://iss.ices.utexas.edu/?p=projects/galois/benchmarks/single_source_shortest_path

INFO: CommandLine ./build/debug/apps/sssp/sssp -noverify -t 22 -delta 4 -wl klsm256mq4 -startNode 0 /specific/disk1/home/mad/Galois-PQ/inputs/scalefree/rmat16p-2e27.gr
INFO: Hostname rack-castor
Read 134217728 nodes
Running Asynchronous with CAS version
INFO: Using delta-step of 1
WARNING: Performance varies considerably due to delta parameter.
WARNING: Do not expect the default to be good for your graph.
Node 1 has distance 0
STATTYPE,LOOP,CATEGORY,n,sum,T0,T1,T2,T3,T4,T5,T6,T7,T8,T9,T10,T11,T12,T13,T14,T15,T16,T17,T18,T19,T20,T21
STAT,(NULL),BadWork,22,2170782,102787,282730,22161,89408,108090,112143,27886,171045,0,23728,2230,207568,52690,21684,5804,117081,664,185555,136066,5001,488068,8393
STAT,(NULL),BarrierTime,22,3691488790,125624640,224249144,170407696,234725567,231966212,235823638,34103,171585558,180376978,173536069,193681547,81442114,233871347,120432074,115967486,121729124,158986837,177097630,231571859,178419406,164358044,165601717
STAT,(NULL),ConflictTime,22,0,0,0,0,0,0,0,0,0,0,0,0,0,0,0,0,0,0,0,0,0,0,0
STAT,(NULL),Conflicts,22,0,0,0,0,0,0,0,0,0,0,0,0,0,0,0,0,0,0,0,0,0,0,0
STAT,(NULL),EmptyPopTime,22,3687660295,160699585,144884039,176774176,142130172,141673926,140693827,173444264,178158931,171676093,173859429,173888532,164813776,172275700,175280493,175342134,183091907,178912545,171997244,169458274,167179699,175184532,176241017
STAT,(NULL),EmptyWork,22,36036528480,1620436344,1599907032,1651040452,1609508249,1628259366,1616945081,1638897554,1654066957,1652452069,1659439539,1656953521,1637649751,1641366564,1649889213,1639885137,1634001691,1664996005,1664804133,1639382410,1635465604,1626336438,1614845370
STAT,(NULL),GaloisTime,22,76192781674,3378172474,3182629366,3549771180,3218392890,3212526459,3221956845,3532354456,3539973920,3578880255,3557846205,3553505401,3440911925,3578973031,3552206657,3477565340,3511056375,3518637486,3543960645,3520197620,3519220724,3502083552,3501958868
STAT,(NULL),InitPushTime,22,12547210631,612761554,514084149,567873756,503493817,506250142,502336648,738160778,566551520,557700920,564541920,544425492,656623166,504242855,617678898,622131811,616319485,579070370,560901092,506437894,559587704,573628828,572407832
STAT,(NULL),Iterations,22,188606578,8765258,9504872,8257563,9589081,9578414,9601270,8411783,8237218,8304944,8308230,8297105,8691414,8299146,8257784,8221389,8116019,8235757,8386271,8477254,8448039,8272942,8344825
STAT,(NULL),LoopTime,22,173308297198,173308297198,0,0,0,0,0,0,0,0,0,0,0,0,0,0,0,0,0,0,0,0,0
STAT,(NULL),MeminfoPost,22,12320,560,560,560,560,560,560,560,560,560,560,560,560,560,560,560,560,560,560,560,560,560,560
STAT,(NULL),MeminfoPre,22,12320,560,560,560,560,560,560,560,560,560,560,560,560,560,560,560,560,560,560,560,560,560,560
STAT,(NULL),NumaPost,22,6852091,6450802,133577,133992,133720,0,0,0,0,0,0,0,0,0,0,0,0,0,0,0,0,0,0
STAT,(NULL),PopTime,22,369125085641,16707136431,16495308601,16908513839,16444880889,16419315031,16389866844,16906065899,16901555271,16863635511,16869386535,16852767199,16668076743,16883099370,16837670775,16875443394,16915713220,16902962861,16812267100,16795462315,16793371938,16931326449,16951259426
STAT,(NULL),PushTime,22,1383788384795,63275964346,61001887306,63787902168,60402313702,60579135200,60373849431,63888143075,63798020034,63379890461,63505367717,62913663229,62294547800,63231734814,63340799605,63586538722,63944545975,63515732430,63047570971,63322758684,62912342229,63906179636,63779497260
STAT,(NULL),RusageSys,22,8000,8000,0,0,0,0,0,0,0,0,0,0,0,0,0,0,0,0,0,0,0,0,0
STAT,(NULL),RusageUser,22,1657032000,1657032000,0,0,0,0,0,0,0,0,0,0,0,0,0,0,0,0,0,0,0,0,0
STAT,(NULL),Threads,22,22,22,0,0,0,0,0,0,0,0,0,0,0,0,0,0,0,0,0,0,0,0,0
STAT,(NULL),Time,22,173345008281,173345008281,0,0,0,0,0,0,0,0,0,0,0,0,0,0,0,0,0,0,0,0,0
STAT,(NULL),TotalTime,22,349234170146,349234170146,0,0,0,0,0,0,0,0,0,0,0,0,0,0,0,0,0,0,0,0,0
STAT,(NULL),UserTime,22,1756274830895,79635099548,82352895316,78703511053,82960284080,82796601563,83034202973,78638610023,78705736857,79130975196,79011615705,79626735598,80571515217,79270064822,79221661571,79022740021,78589102308,78996272664,79536907275,79330253352,79749928795,78636405273,78753711685
STAT,(NULL),Work,22,3625107349176,164777624220,164777598953,164777601228,164777596684,164777599587,164777600759,164777602107,164777603098,164777617701,164777623305,164777599307,164777626085,164777599477,164777597394,164777603420,164777600372,164777609097,164777610456,164777609091,164777603254,164777623701,164777599880
STAT,(NULL),nBad,22,2865,136,379,31,128,144,122,44,236,0,33,1,290,64,27,5,168,0,237,188,4,616,12
STAT,(NULL),nEmpty,22,106628350,4957374,5375285,4655902,5425041,5420301,5437349,4754812,4631170,4698709,4717264,4694154,4908296,4702150,4664681,4688313,4547956,4599523,4746188,4802475,4763782,4699855,4737770
STAT,(NULL),nEmptyPop,22,3020529,137066,138166,137428,135727,135182,135898,137326,138110,136042,137456,137288,136630,137082,136599,139047,139384,137229,137184,136997,135636,139016,140036
STAT,(NULL),nOverall,22,2142252249,98449930,107116254,93960002,108378358,108001341,108424657,92996045,94111928,94826701,94424563,96458668,99398116,94689977,94748805,94935403,93604013,94284060,95500793,94693246,96336236,93510143,93403010
STAT,(NULL),nPop,22,188606578,8765258,9504872,8257563,9589081,9578414,9601270,8411783,8237218,8304944,8308230,8297105,8691414,8299146,8257784,8221389,8116019,8235757,8386271,8477254,8448039,8272942,8344825
STAT,(NULL),nPush,22,186280589,8510270,9330871,8123949,9453396,9433579,9467023,8040498,8144620,8201722,8149049,8414800,8710964,8258480,8272974,8285633,8101619,8148609,8416043,8260403,8417395,7972291,8166401
STAT,(NULL),nPushInit,22,2325989,103855,106606,106056,106268,106337,106377,105697,105761,105436,106268,105980,103868,106268,105877,106314,103466,105812,105672,106712,106079,105663,105617
==== BENCHMARK TOOK 160.724
==== BENCHMARK START ===
==== PARAMS kernel=4.9.5-64-net1 malloc=libc hostname=rack-castor threads=22 delta=4 prog=sssp-klsm256mq4  ===
ERROR: ld.so: object '/specific/disk1/home/adamx/malloc/lib64/libjemalloc.so' from LD_PRELOAD cannot be preloaded (cannot open shared object file): ignored.
Galois Benchmark Suite v2.2.1 (r0)
Copyright (C) 2014 The University of Texas at Austin
http://iss.ices.utexas.edu/galois/

application: Single Source Shortest Path
Computes the shortest path from a source node to all nodes in a directed graph using a modified chaotic iteration algorithm
http://iss.ices.utexas.edu/?p=projects/galois/benchmarks/single_source_shortest_path

INFO: CommandLine ./build/debug/apps/sssp/sssp -noverify -t 22 -delta 4 -wl klsm256mq4 -startNode 0 /specific/disk1/home/mad/Galois-PQ/inputs/scalefree/rmat16p-2e27.gr
INFO: Hostname rack-castor
Read 134217728 nodes
Running Asynchronous with CAS version
INFO: Using delta-step of 1
WARNING: Performance varies considerably due to delta parameter.
WARNING: Do not expect the default to be good for your graph.
Node 1 has distance 0
STATTYPE,LOOP,CATEGORY,n,sum,T0,T1,T2,T3,T4,T5,T6,T7,T8,T9,T10,T11,T12,T13,T14,T15,T16,T17,T18,T19,T20,T21
STAT,(NULL),BadWork,22,1353587,98396,39960,0,34951,41409,71115,54181,0,74248,0,58686,44500,0,195907,29003,101364,201684,15237,0,192594,69336,31016
STAT,(NULL),BarrierTime,22,2222336571,117899980,175354717,41790796,185899047,183601753,185688640,118088860,36068,164052816,77498775,11272333,117068131,24385672,75796283,86779925,68216016,13316608,83772101,113918920,147394647,115158779,115345704
STAT,(NULL),ConflictTime,22,0,0,0,0,0,0,0,0,0,0,0,0,0,0,0,0,0,0,0,0,0,0,0
STAT,(NULL),Conflicts,22,0,0,0,0,0,0,0,0,0,0,0,0,0,0,0,0,0,0,0,0,0,0,0
STAT,(NULL),EmptyPopTime,22,3665620160,157481627,145891101,173943724,140758384,141162989,141148924,176985222,176494970,175625646,168808468,168456288,159140018,181501441,171557470,179115877,174275892,178035110,172194425,170912120,166914899,171388157,173827408
STAT,(NULL),EmptyWork,22,35969469236,1637374840,1607306245,1631691078,1609326415,1599447155,1603424393,1647039986,1630366659,1646529016,1646236558,1652923799,1629732096,1655509381,1655859372,1647627837,1620742723,1621655157,1658450745,1659196772,1648821634,1621296041,1638911334
STAT,(NULL),GaloisTime,22,75644510162,3217308153,3165673532,3539859263,3211671179,3197177862,3201687176,3557668777,3506606642,3601964064,3509644580,3495884989,3442257908,3545410227,3533246283,3532609250,3438283082,3497327487,3520764052,3499982776,3516161577,3434860189,3478461114
STAT,(NULL),InitPushTime,22,13029521789,575590864,518108010,651669152,507415043,509732147,507643953,575239244,693245526,529188715,615741008,681967996,576173716,668857924,617445761,606461954,624991542,679890934,609372264,579229609,545759259,577990756,577806412
STAT,(NULL),Iterations,22,188607075,8908071,9457712,8242909,9551046,9521434,9555535,8206736,8188204,8175140,8481525,8535672,8728413,8093531,8389988,8133427,8325210,8216455,8267259,8399075,8459638,8454538,8315557
STAT,(NULL),LoopTime,22,174148093844,174148093844,0,0,0,0,0,0,0,0,0,0,0,0,0,0,0,0,0,0,0,0,0
STAT,(NULL),MeminfoPost,22,12320,560,560,560,560,560,560,560,560,560,560,560,560,560,560,560,560,560,560,560,560,560,560
STAT,(NULL),MeminfoPre,22,12320,560,560,560,560,560,560,560,560,560,560,560,560,560,560,560,560,560,560,560,560,560,560
STAT,(NULL),NumaPost,22,6852091,6450798,133581,133992,133720,0,0,0,0,0,0,0,0,0,0,0,0,0,0,0,0,0,0
STAT,(NULL),PopTime,22,367064959820,16666353801,16405254879,16830055577,16351826080,16314573400,16312737478,16882089647,16776563664,16825127741,16752120398,16682679275,16600880138,16722332905,16707469469,16886280966,16789992119,16832785980,16728515691,16698535484,16708661236,16782006113,16808117779
STAT,(NULL),PushTime,22,1396159927907,63236322661,61460649698,64370480462,60829429680,61064549331,60865411685,64542372602,64289248756,63748679396,63869322055,63961321142,63105638261,64106972192,63719032272,64698065042,64318522250,64396505238,63738466251,63574570270,63716024598,64456061343,64092282722
STAT,(NULL),RusageSys,22,8000,8000,0,0,0,0,0,0,0,0,0,0,0,0,0,0,0,0,0,0,0,0,0
STAT,(NULL),RusageUser,22,1664940000,1664940000,0,0,0,0,0,0,0,0,0,0,0,0,0,0,0,0,0,0,0,0,0
STAT,(NULL),Threads,22,22,22,0,0,0,0,0,0,0,0,0,0,0,0,0,0,0,0,0,0,0,0,0
STAT,(NULL),Time,22,174179176164,174179176164,0,0,0,0,0,0,0,0,0,0,0,0,0,0,0,0,0,0,0,0,0
STAT,(NULL),TotalTime,22,344544656050,344544656050,0,0,0,0,0,0,0,0,0,0,0,0,0,0,0,0,0,0,0,0,0
STAT,(NULL),UserTime,22,1764961636415,80697252698,82827321872,79066066728,83469082279,83295185859,83487688118,78805938364,79232819209,79614171334,79665962837,79650833098,80674447391,79400371694,79824930374,78668396620,79270279962,79085790774,79793704358,80008899229,79855512828,79146485030,79420495759
STAT,(NULL),Work,22,3643468118254,165612212520,165612184530,165612186288,165612179993,165612184444,165612183959,165612184866,165612189516,165612186036,165612185426,165612185188,165612183085,165612189932,165612185932,165612183935,165612185248,165612189666,165612194436,165612185744,165612185969,165612186897,165612184644
STAT,(NULL),nBad,22,1750,130,55,0,36,51,87,63,0,100,0,81,65,0,251,39,137,277,11,0,239,95,33
STAT,(NULL),nEmpty,22,106628868,5022701,5351125,4658684,5402337,5390247,5409841,4640127,4629285,4593952,4796404,4811312,4991613,4555893,4713141,4585919,4699022,4669003,4666817,4729580,4805149,4805921,4700795
STAT,(NULL),nEmptyPop,22,3017976,136669,138011,136924,135901,136039,135031,137649,138160,136126,137534,136519,135995,137266,137458,139041,138883,138335,136576,136270,135962,138312,139315
STAT,(NULL),nOverall,22,2142251134,99759527,107360279,93700100,108735491,108347923,108730276,92812269,94568097,95152386,95156083,95170372,98063503,94594943,95163384,92206766,94088412,93345062,95590914,96443758,95355691,93432180,94473718
STAT,(NULL),nPop,22,188607075,8908071,9457712,8242909,9551046,9521434,9555535,8206736,8188204,8175140,8481525,8535672,8728413,8093531,8389988,8133427,8325210,8216455,8267259,8399075,8459638,8454538,8315557
STAT,(NULL),nPush,22,186281099,8647062,9447822,8194144,9553196,9538832,9567207,8019920,8127146,8294258,8233558,8149649,8523832,8182386,8269583,7942518,8177224,8103999,8314394,8333934,8320110,8091744,8248581
STAT,(NULL),nPushInit,22,2325976,105736,106292,105736,105955,105995,106040,105400,105418,105609,106465,105662,106131,105461,105534,105514,105483,105463,105338,106406,105727,105332,105279
==== BENCHMARK TOOK 158.593
==== BENCHMARK START ===
==== PARAMS kernel=4.9.5-64-net1 malloc=libc hostname=rack-castor threads=22 delta=4 prog=sssp-klsm256mq4  ===
ERROR: ld.so: object '/specific/disk1/home/adamx/malloc/lib64/libjemalloc.so' from LD_PRELOAD cannot be preloaded (cannot open shared object file): ignored.
Galois Benchmark Suite v2.2.1 (r0)
Copyright (C) 2014 The University of Texas at Austin
http://iss.ices.utexas.edu/galois/

application: Single Source Shortest Path
Computes the shortest path from a source node to all nodes in a directed graph using a modified chaotic iteration algorithm
http://iss.ices.utexas.edu/?p=projects/galois/benchmarks/single_source_shortest_path

INFO: CommandLine ./build/debug/apps/sssp/sssp -noverify -t 22 -delta 4 -wl klsm256mq4 -startNode 0 /specific/disk1/home/mad/Galois-PQ/inputs/scalefree/rmat16p-2e27.gr
INFO: Hostname rack-castor
Read 134217728 nodes
Running Asynchronous with CAS version
INFO: Using delta-step of 1
WARNING: Performance varies considerably due to delta parameter.
WARNING: Do not expect the default to be good for your graph.
Node 1 has distance 0
STATTYPE,LOOP,CATEGORY,n,sum,T0,T1,T2,T3,T4,T5,T6,T7,T8,T9,T10,T11,T12,T13,T14,T15,T16,T17,T18,T19,T20,T21
STAT,(NULL),BadWork,22,3117533,123065,189968,120261,180920,257071,79464,30542,0,10517,110030,344463,35194,294264,172887,360492,33194,196156,34535,42098,212456,119327,170629
STAT,(NULL),BarrierTime,22,4058845795,186941700,282856446,171222291,290633734,290906060,292574416,225598633,116196213,182985513,114287392,200726776,219021828,222378477,202757812,182755568,106957560,119573673,146516655,15248,124104263,196674459,183161078
STAT,(NULL),ConflictTime,22,0,0,0,0,0,0,0,0,0,0,0,0,0,0,0,0,0,0,0,0,0,0,0
STAT,(NULL),Conflicts,22,0,0,0,0,0,0,0,0,0,0,0,0,0,0,0,0,0,0,0,0,0,0,0
STAT,(NULL),EmptyPopTime,22,3665332021,162464708,143915556,170597848,142389097,140322326,140304805,168781780,181928124,174380445,174977034,173818035,167787642,175318289,172464961,177227516,173231640,174054810,170893580,162271508,158147541,178844764,181210012
STAT,(NULL),EmptyWork,22,36040856299,1627728610,1607480799,1627221644,1616306321,1610234872,1630007495,1635963004,1665967901,1633739941,1641484335,1657337304,1629587388,1673802447,1663088685,1639532721,1637512666,1653357857,1642466368,1630940092,1642979847,1648444858,1625671144
STAT,(NULL),GaloisTime,22,75669342972,3380522316,3168820667,3495440959,3216556528,3202507951,3205571073,3465980868,3539396438,3580562945,3529510255,3536486847,3466960486,3529139103,3551607354,3471992524,3435990439,3479019423,3507820398,3448432511,3451194474,3511365514,3494463899
STAT,(NULL),InitPushTime,22,13352713570,604721208,508782017,620391960,500898343,500604632,498901292,565886796,675235839,608447222,677127568,590678998,572388615,569032044,588653422,608654102,684368136,671742350,644859274,791352480,667215152,594618482,608153638
STAT,(NULL),Iterations,22,188624254,8658063,9454555,8408223,9554100,9530181,9559305,8428861,8069609,8240025,8259853,8333523,8585804,8266867,8277278,8155189,8417232,8280282,8475263,8658686,8726498,8168536,8116321
STAT,(NULL),LoopTime,22,172780101680,172780101680,0,0,0,0,0,0,0,0,0,0,0,0,0,0,0,0,0,0,0,0,0
STAT,(NULL),MeminfoPost,22,12320,560,560,560,560,560,560,560,560,560,560,560,560,560,560,560,560,560,560,560,560,560,560
STAT,(NULL),MeminfoPre,22,12320,560,560,560,560,560,560,560,560,560,560,560,560,560,560,560,560,560,560,560,560,560,560
STAT,(NULL),NumaPost,22,6852079,6450804,133579,133977,133719,0,0,0,0,0,0,0,0,0,0,0,0,0,0,0,0,0,0
STAT,(NULL),PopTime,22,367092750502,16732562181,16411175871,16814735619,16354196322,16320397792,16292063114,16759997723,16831683684,16820931182,16752866452,16750717054,16632354010,16715177006,16787345856,16758374658,16802488108,16810434006,16721521048,16648062968,16637568511,16876413079,16861684258
STAT,(NULL),PushTime,22,1378168783245,62335436280,60869714361,63434060810,60192242725,60405418523,60228781416,63724131252,63687721345,63056390798,63046016178,62950459864,62564172115,63139345005,62995472331,63496650115,63298503611,63563382537,62873664342,62920510810,62336300538,63600523417,63449884872
STAT,(NULL),RusageSys,22,0,0,0,0,0,0,0,0,0,0,0,0,0,0,0,0,0,0,0,0,0,0,0
STAT,(NULL),RusageUser,22,1654012000,1654012000,0,0,0,0,0,0,0,0,0,0,0,0,0,0,0,0,0,0,0,0,0
STAT,(NULL),Threads,22,22,22,0,0,0,0,0,0,0,0,0,0,0,0,0,0,0,0,0,0,0,0,0
STAT,(NULL),Time,22,172811236439,172811236439,0,0,0,0,0,0,0,0,0,0,0,0,0,0,0,0,0,0,0,0,0
STAT,(NULL),TotalTime,22,352994105150,352994105150,0,0,0,0,0,0,0,0,0,0,0,0,0,0,0,0,0,0,0,0,0
STAT,(NULL),UserTime,22,1756633112513,80182655157,82220264316,78879314825,82899679615,82742491074,82924643036,78666517997,78514671791,79155361850,79276517574,79352551872,79960511459,79188590982,79251392409,78877594406,79073646836,78741123240,79505004886,79611157823,80195182423,78605780247,78808458695
STAT,(NULL),Work,22,3617272303520,164421485688,164421461214,164421483558,164421462119,164421463060,164421462377,164421485061,164421460388,164421482779,164421463896,164421462692,164421462236,164421463164,164421462384,164421462944,164421462860,164421462549,164421461442,164421479940,164421463680,164421486437,164421463052
STAT,(NULL),nBad,22,4203,183,265,149,242,349,120,29,0,13,139,485,44,374,205,514,39,254,35,52,295,169,248
STAT,(NULL),nEmpty,22,106645997,4877479,5348990,4768364,5398368,5390506,5405645,4795957,4556738,4674379,4644885,4691505,4849170,4641179,4694646,4599817,4762313,4684654,4801870,4910658,4956339,4605933,4586602
STAT,(NULL),nEmptyPop,22,3014297,136280,136934,136732,136052,135312,135644,137211,139126,136672,136116,136342,136373,137250,136149,137906,139661,137660,136618,136298,136002,138304,139655
STAT,(NULL),nOverall,22,2142253587,99841932,106745546,94218525,108103534,107762406,108065874,93627005,93515918,94673522,95593517,95603615,97037539,94891688,94438049,94475185,94548237,93329200,95492739,95499342,97405819,93200719,94183676
STAT,(NULL),nPop,22,188624254,8658063,9454555,8408223,9554100,9530181,9559305,8428861,8069609,8240025,8259853,8333523,8585804,8266867,8277278,8155189,8417232,8280282,8475263,8658686,8726498,8168536,8116321
STAT,(NULL),nPush,22,186298227,8652507,9375006,8119538,9468406,9464646,9493674,8228832,8200749,8269680,8157298,8277081,8505941,8168392,8242090,8124130,8210262,8181237,8220107,8273910,8485350,8029358,8150033
STAT,(NULL),nPushInit,22,2326027,106015,106556,106025,106207,106287,106322,105654,105714,105368,106222,105940,104089,103616,105806,105792,105757,105737,105622,106140,106002,105590,105566
==== BENCHMARK TOOK 162.786
==== BENCHMARK START ===
==== PARAMS kernel=4.9.5-64-net1 malloc=libc hostname=rack-castor threads=22 delta=4 prog=sssp-klsm256mq4  ===
ERROR: ld.so: object '/specific/disk1/home/adamx/malloc/lib64/libjemalloc.so' from LD_PRELOAD cannot be preloaded (cannot open shared object file): ignored.
Galois Benchmark Suite v2.2.1 (r0)
Copyright (C) 2014 The University of Texas at Austin
http://iss.ices.utexas.edu/galois/

application: Single Source Shortest Path
Computes the shortest path from a source node to all nodes in a directed graph using a modified chaotic iteration algorithm
http://iss.ices.utexas.edu/?p=projects/galois/benchmarks/single_source_shortest_path

INFO: CommandLine ./build/debug/apps/sssp/sssp -noverify -t 22 -delta 4 -wl klsm256mq4 -startNode 0 /specific/disk1/home/mad/Galois-PQ/inputs/scalefree/rmat16p-2e27.gr
INFO: Hostname rack-castor
Read 134217728 nodes
Running Asynchronous with CAS version
INFO: Using delta-step of 1
WARNING: Performance varies considerably due to delta parameter.
WARNING: Do not expect the default to be good for your graph.
Node 1 has distance 0
STATTYPE,LOOP,CATEGORY,n,sum,T0,T1,T2,T3,T4,T5,T6,T7,T8,T9,T10,T11,T12,T13,T14,T15,T16,T17,T18,T19,T20,T21
STAT,(NULL),BadWork,22,2950397,316951,142886,18102,109533,262155,91744,82047,27488,0,0,67112,1963,507090,98626,425804,89813,25940,32853,68037,5744,412872,163637
STAT,(NULL),BarrierTime,22,2988713582,120695717,185188977,173491750,192955798,192321764,194180900,93860528,168192824,140199292,112882541,194242843,137636153,87776851,96478836,119774603,133364800,182426355,183882791,9280100,33952,88525056,181321151
STAT,(NULL),ConflictTime,22,0,0,0,0,0,0,0,0,0,0,0,0,0,0,0,0,0,0,0,0,0,0,0
STAT,(NULL),Conflicts,22,0,0,0,0,0,0,0,0,0,0,0,0,0,0,0,0,0,0,0,0,0,0,0
STAT,(NULL),EmptyPopTime,22,3707236995,161020335,145104429,169510903,142095482,141913424,140174704,173490601,178686391,178789584,173708624,171790430,171278952,179258167,175297795,177035252,177540314,178996119,176331131,175677398,164294742,184229068,171013150
STAT,(NULL),EmptyWork,22,36199326322,1618112404,1599234652,1650963327,1602723895,1606391252,1620316428,1658212312,1657800747,1682226218,1651672949,1649885199,1659584502,1681269743,1660895170,1636378002,1626973907,1650548560,1662612279,1676294867,1644251203,1652813464,1650165242
STAT,(NULL),GaloisTime,22,76360657842,3386575202,3194235000,3465059258,3220775691,3195874218,3227140692,3515283836,3557777248,3597771673,3569662042,3586685551,3537931689,3571912887,3578600385,3513215613,3479702369,3513811328,3554048870,3582958002,3504199971,3541272954,3466163363
STAT,(NULL),InitPushTime,22,12305766265,574776772,510222429,521846814,502383020,502945614,501086068,601401650,527035214,555004564,582268407,500899168,557521252,607405262,598676087,575379858,561753404,512713308,511255594,685847991,695044852,606536688,513762249
STAT,(NULL),Iterations,22,188604236,8716315,9518511,8575712,9597311,9572205,9618322,8334835,8201317,8203407,8299291,8353785,8399816,8262975,8229083,8262274,8281279,8289024,8346172,8251632,8630390,8134680,8525900
STAT,(NULL),LoopTime,22,173353621985,173353621985,0,0,0,0,0,0,0,0,0,0,0,0,0,0,0,0,0,0,0,0,0
STAT,(NULL),MeminfoPost,22,12320,560,560,560,560,560,560,560,560,560,560,560,560,560,560,560,560,560,560,560,560,560,560
STAT,(NULL),MeminfoPre,22,12320,560,560,560,560,560,560,560,560,560,560,560,560,560,560,560,560,560,560,560,560,560,560
STAT,(NULL),NumaPost,22,6852075,6450808,133798,133965,133504,0,0,0,0,0,0,0,0,0,0,0,0,0,0,0,0,0,0
STAT,(NULL),PopTime,22,369617031033,16779404550,16512593709,16809683259,16421679368,16386788398,16433941052,16892113024,16957920711,16911837485,16892180864,16907628296,16815915988,16896233617,16848364264,16924109175,16919482277,16929073802,16865791152,16873164828,16768402902,16981178968,16889543344
STAT,(NULL),PushTime,22,1385441706226,63029706196,61093871395,63626943308,60559320901,60773362271,60438297907,63785255919,63943410111,63456683115,63682571664,63329633448,62507854781,63352165829,63129108309,64178759101,63876830574,63983673661,63381090059,63167973543,62556181847,63804297758,63784714529
STAT,(NULL),RusageSys,22,0,0,0,0,0,0,0,0,0,0,0,0,0,0,0,0,0,0,0,0,0,0,0
STAT,(NULL),RusageUser,22,1659164000,1659164000,0,0,0,0,0,0,0,0,0,0,0,0,0,0,0,0,0,0,0,0,0
STAT,(NULL),Threads,22,22,22,0,0,0,0,0,0,0,0,0,0,0,0,0,0,0,0,0,0,0,0,0
STAT,(NULL),Time,22,173380221122,173380221122,0,0,0,0,0,0,0,0,0,0,0,0,0,0,0,0,0,0,0,0,0
STAT,(NULL),TotalTime,22,349218206704,349218206704,0,0,0,0,0,0,0,0,0,0,0,0,0,0,0,0,0,0,0,0,0
STAT,(NULL),UserTime,22,1759390809421,80057755860,82487542369,79310420031,83085985695,82928252058,83172710579,79008224824,78736981144,79205272080,79062788650,79386951821,80340015563,79351740394,79640313721,78603086625,78952050709,78776477467,79392706746,79556511742,80395252103,78868787156,79070982084
STAT,(NULL),Work,22,3630718792865,165032684604,165032665433,165032690334,165032664756,165032665014,165032666723,165032666476,165032661068,165032688044,165032690235,165032661969,165032688580,165032665459,165032685006,165032690630,165032664580,165032666866,165032664617,165032664728,165032667256,165032664204,165032666283
STAT,(NULL),nBad,22,4187,473,206,22,161,325,132,99,39,0,0,92,1,723,125,671,113,34,41,98,4,589,239
STAT,(NULL),nEmpty,22,106625999,4942473,5386169,4845293,5432827,5432198,5442266,4722721,4626080,4619010,4675516,4753935,4743592,4654514,4643679,4664276,4672543,4657668,4751927,4641190,4886340,4587419,4844363
STAT,(NULL),nEmptyPop,22,3015984,135271,137943,136926,135739,135346,135507,138170,138140,136374,136418,136484,136062,137063,136112,137755,139336,139122,136993,135960,135982,139556,139725
STAT,(NULL),nOverall,22,2142253571,99037322,107050341,95553535,108253821,107908146,108401276,94740163,93451036,94899092,93897015,95148332,97933417,94989944,95619333,92523691,93861235,92963051,95006414,95456424,97768626,93826503,93964854
STAT,(NULL),nPop,22,188604236,8716315,9518511,8575712,9597311,9572205,9618322,8334835,8201317,8203407,8299291,8353785,8399816,8262975,8229083,8262274,8281279,8289024,8346172,8251632,8630390,8134680,8525900
STAT,(NULL),nPush,22,186278291,8613867,9359145,8198152,9483898,9478329,9484162,8187300,8247789,8239581,8174971,8325437,8520252,8116932,8257141,8009878,8154321,8102776,8268905,8330911,8535393,8071935,8117216
STAT,(NULL),nPushInit,22,2325945,106076,106595,105619,106244,106302,106376,105516,106201,105424,106253,106467,105965,105769,104806,105632,104780,106246,105671,104797,105834,103296,106076
==== BENCHMARK TOOK 160.993
==== BENCHMARK START ===
==== PARAMS kernel=4.9.5-64-net1 malloc=libc hostname=rack-castor threads=22 delta=4 prog=sssp-klsm256mq4  ===
ERROR: ld.so: object '/specific/disk1/home/adamx/malloc/lib64/libjemalloc.so' from LD_PRELOAD cannot be preloaded (cannot open shared object file): ignored.
Galois Benchmark Suite v2.2.1 (r0)
Copyright (C) 2014 The University of Texas at Austin
http://iss.ices.utexas.edu/galois/

application: Single Source Shortest Path
Computes the shortest path from a source node to all nodes in a directed graph using a modified chaotic iteration algorithm
http://iss.ices.utexas.edu/?p=projects/galois/benchmarks/single_source_shortest_path

INFO: CommandLine ./build/debug/apps/sssp/sssp -noverify -t 22 -delta 4 -wl klsm256mq4 -startNode 0 /specific/disk1/home/mad/Galois-PQ/inputs/scalefree/rmat16p-2e27.gr
INFO: Hostname rack-castor
Read 134217728 nodes
Running Asynchronous with CAS version
INFO: Using delta-step of 1
WARNING: Performance varies considerably due to delta parameter.
WARNING: Do not expect the default to be good for your graph.
Node 1 has distance 0
STATTYPE,LOOP,CATEGORY,n,sum,T0,T1,T2,T3,T4,T5,T6,T7,T8,T9,T10,T11,T12,T13,T14,T15,T16,T17,T18,T19,T20,T21
STAT,(NULL),BadWork,22,973038,16332,0,0,6940,31486,0,0,9524,131594,37981,692,3612,22694,15384,57150,96216,5124,0,82800,6442,90784,358283
STAT,(NULL),BarrierTime,22,3909776961,199992406,208052337,209300527,217174691,215917191,218484655,152370284,213241537,218056156,214256023,217494901,217730802,163879968,160261452,204413342,12763,153917220,217730485,156294740,158672436,42497769,150025276
STAT,(NULL),ConflictTime,22,0,0,0,0,0,0,0,0,0,0,0,0,0,0,0,0,0,0,0,0,0,0,0
STAT,(NULL),Conflicts,22,0,0,0,0,0,0,0,0,0,0,0,0,0,0,0,0,0,0,0,0,0,0,0
STAT,(NULL),EmptyPopTime,22,3739696382,165584495,144900134,175745495,141074584,140716030,140116605,182687403,177825151,175591051,177730850,179761285,165253858,176983722,170909851,182785198,186574277,179034820,172176623,175044084,165110453,181624534,182465879
STAT,(NULL),EmptyWork,22,36414011371,1652001904,1620605366,1658846857,1641562819,1626987017,1617151424,1671852896,1683921713,1674939644,1656742247,1690132555,1650413997,1665864489,1654795078,1656860828,1662019617,1642621659,1675379969,1664843871,1647766180,1640069906,1658631335
STAT,(NULL),GaloisTime,22,77264857652,3405086623,3196262382,3555550463,3230424213,3223409623,3215761901,3550184631,3530576193,3614886244,3610701537,3581453785,3544909485,3594931209,3551342692,3551820355,3556426207,4027834975,3559298104,3573018606,3515798254,3531641105,3543539065
STAT,(NULL),InitPushTime,22,11898383942,518829026,510709445,509421655,501466950,502725232,500101496,566247752,505325668,500459999,504311589,501025921,500793286,554645703,558259688,514088235,718428524,564554626,500694681,562127552,559799092,675972450,568395372
STAT,(NULL),Iterations,22,188613269,8681772,9545122,8421468,9642238,9634806,9641814,8206973,8262506,8338454,8276623,8310169,8593026,8370325,8500693,8194131,8098382,8115076,8400387,8315870,8592950,8281790,8188694
STAT,(NULL),LoopTime,22,174216689056,174216689056,0,0,0,0,0,0,0,0,0,0,0,0,0,0,0,0,0,0,0,0,0
STAT,(NULL),MeminfoPost,22,12320,560,560,560,560,560,560,560,560,560,560,560,560,560,560,560,560,560,560,560,560,560,560
STAT,(NULL),MeminfoPre,22,12320,560,560,560,560,560,560,560,560,560,560,560,560,560,560,560,560,560,560,560,560,560,560
STAT,(NULL),NumaPost,22,6852103,6450802,133575,134007,133719,0,0,0,0,0,0,0,0,0,0,0,0,0,0,0,0,0,0
STAT,(NULL),PopTime,22,370701284935,16828102411,16544559570,16962185934,16491372139,16486356984,16443417656,16966558045,16946898127,16992395316,16945218900,16905297643,16858508610,16953569112,16852280169,17033562889,17053812127,16748983900,16896726252,16945831773,16813737118,17016651493,17015258767
STAT,(NULL),PushTime,22,1392612696901,63089886292,61453056391,63997870188,60779320082,60841084686,60767479145,64017091618,64266192577,63604124637,63690137775,63878861755,63330462836,63772727052,63682776774,64014256458,63904207050,64418871877,63595503053,63416123451,63675571818,64079165316,64337926070
STAT,(NULL),RusageSys,22,4000,4000,0,0,0,0,0,0,0,0,0,0,0,0,0,0,0,0,0,0,0,0,0
STAT,(NULL),RusageUser,22,1664828000,1664828000,0,0,0,0,0,0,0,0,0,0,0,0,0,0,0,0,0,0,0,0,0
STAT,(NULL),Threads,22,22,22,0,0,0,0,0,0,0,0,0,0,0,0,0,0,0,0,0,0,0,0,0
STAT,(NULL),Time,22,174248301653,174248301653,0,0,0,0,0,0,0,0,0,0,0,0,0,0,0,0,0,0,0,0,0
STAT,(NULL),TotalTime,22,352217678954,352217678954,0,0,0,0,0,0,0,0,0,0,0,0,0,0,0,0,0,0,0,0,0
STAT,(NULL),UserTime,22,1761923017363,80434588750,82615868494,79225054313,83291494021,83256698795,83391326504,79186878295,78969839361,79513317026,79494722315,79339745560,80025704335,79411177755,79663149546,79135966509,79212217139,78557905174,79676170927,79800388989,79757268553,79126102830,78837432172
STAT,(NULL),Work,22,3642657554523,165575370382,165575338996,165575362184,165575334648,165575338550,165575338405,165575339356,165575339961,165575339804,165575339482,165575338925,165575339003,165575338585,165575338758,165575360516,165575362612,165575338822,165575339358,165575338198,165575338472,165575340454,165575339052
STAT,(NULL),nBad,22,1350,20,0,0,10,42,0,0,11,170,34,0,5,33,19,66,133,4,0,99,6,130,568
STAT,(NULL),nEmpty,22,106635082,4904984,5421333,4748647,5471503,5466727,5477837,4637550,4679666,4708883,4652119,4661506,4884867,4745953,4821260,4624175,4537842,4580389,4738569,4706344,4873120,4679488,4612320
STAT,(NULL),nEmptyPop,22,3021821,137533,138269,137494,136009,135709,135313,137727,137605,136964,137503,137477,135983,136864,136767,139263,139815,136616,136766,136405,136251,139796,139692
STAT,(NULL),nOverall,22,2142250734,100160274,107269726,94663265,108607199,108398299,108681262,95068839,94421433,94829409,95024600,94809299,96101909,93995877,95112060,94173778,94751672,92311627,95055688,96095804,95341676,94283721,93093317
STAT,(NULL),nPop,22,188613269,8681772,9545122,8421468,9642238,9634806,9641814,8206973,8262506,8338454,8276623,8310169,8593026,8370325,8500693,8194131,8098382,8115076,8400387,8315870,8592950,8281790,8188694
STAT,(NULL),nPush,22,186287324,8749464,9380478,8169341,9493557,9474140,9513168,8334119,8128025,8265368,8326660,8161660,8365837,8307111,8277050,8245454,8112434,7990328,8320186,8270862,8186655,8118047,8097380
STAT,(NULL),nPushInit,22,2325945,106095,106093,106027,105780,105783,105849,105188,105676,105411,106257,106001,105942,105743,105330,105798,105281,105725,105637,105641,106033,105601,105054
==== BENCHMARK TOOK 162.340
==== BENCHMARK START ===
==== PARAMS kernel=4.9.5-64-net1 malloc=libc hostname=rack-castor threads=22 delta=4 prog=sssp-klsm256mq4  ===
ERROR: ld.so: object '/specific/disk1/home/adamx/malloc/lib64/libjemalloc.so' from LD_PRELOAD cannot be preloaded (cannot open shared object file): ignored.
Galois Benchmark Suite v2.2.1 (r0)
Copyright (C) 2014 The University of Texas at Austin
http://iss.ices.utexas.edu/galois/

application: Single Source Shortest Path
Computes the shortest path from a source node to all nodes in a directed graph using a modified chaotic iteration algorithm
http://iss.ices.utexas.edu/?p=projects/galois/benchmarks/single_source_shortest_path

INFO: CommandLine ./build/debug/apps/sssp/sssp -noverify -t 22 -delta 4 -wl klsm256mq4 -startNode 0 /specific/disk1/home/mad/Galois-PQ/inputs/scalefree/rmat16p-2e27.gr
INFO: Hostname rack-castor
Read 134217728 nodes
Running Asynchronous with CAS version
INFO: Using delta-step of 1
WARNING: Performance varies considerably due to delta parameter.
WARNING: Do not expect the default to be good for your graph.
Node 1 has distance 0
STATTYPE,LOOP,CATEGORY,n,sum,T0,T1,T2,T3,T4,T5,T6,T7,T8,T9,T10,T11,T12,T13,T14,T15,T16,T17,T18,T19,T20,T21
STAT,(NULL),BadWork,22,4694951,133575,348406,988145,210125,69217,316286,128281,284641,508782,151821,130007,167290,160845,170760,97563,160465,154958,0,118706,70473,145280,179325
STAT,(NULL),BarrierTime,22,4751101045,213680300,275873555,186884648,288159204,287114911,288531529,219807386,281098936,158110674,224952314,223731080,239164704,229260672,231761687,30844,150127476,111824556,262674092,186309620,258261461,215558388,218183008
STAT,(NULL),ConflictTime,22,0,0,0,0,0,0,0,0,0,0,0,0,0,0,0,0,0,0,0,0,0,0,0
STAT,(NULL),Conflicts,22,0,0,0,0,0,0,0,0,0,0,0,0,0,0,0,0,0,0,0,0,0,0,0
STAT,(NULL),EmptyPopTime,22,3991040589,161369492,157636619,190093987,150640406,150959714,151191037,188460332,185767378,193860977,189251306,185497030,181078709,193643664,191773119,193890186,201507589,189048032,183777865,187825284,182722784,193773783,187271296
STAT,(NULL),EmptyWork,22,36265771358,1641675449,1613253598,1653414128,1596969831,1631028275,1633999715,1628816830,1644517670,1681532199,1664446744,1673340197,1653202428,1668842436,1662370682,1656784249,1648329695,1630974295,1662473597,1658738639,1677361168,1650727756,1632971777
STAT,(NULL),GaloisTime,22,76265946019,3360713599,3185198581,3475439874,3407402165,3217823598,3210343063,3505891807,3497804785,3613872608,3541059136,3513642905,3503927525,3587111080,3591846180,3451892139,3561418738,3496846500,3525101800,3535585464,3529710278,3496356181,3456958013
STAT,(NULL),InitPushTime,22,12629716767,576586224,514364440,603349592,501968659,502995462,501538024,570296488,508953484,631944981,565034012,566277332,550854993,560756444,558256821,789977128,639834846,678137714,527291293,603635386,531630156,574329112,571704176
STAT,(NULL),Iterations,22,188597812,8873198,9492020,8429889,9538248,9570127,9573654,8266461,8411530,8143989,8376171,8471329,8530501,8155005,8186925,8297791,8025998,8383876,8306059,8397951,8453853,8226520,8486717
STAT,(NULL),LoopTime,22,174415121159,174415121159,0,0,0,0,0,0,0,0,0,0,0,0,0,0,0,0,0,0,0,0,0
STAT,(NULL),MeminfoPost,22,12320,560,560,560,560,560,560,560,560,560,560,560,560,560,560,560,560,560,560,560,560,560,560
STAT,(NULL),MeminfoPre,22,12320,560,560,560,560,560,560,560,560,560,560,560,560,560,560,560,560,560,560,560,560,560,560
STAT,(NULL),NumaPost,22,6852070,6450790,133581,133979,133720,0,0,0,0,0,0,0,0,0,0,0,0,0,0,0,0,0,0
STAT,(NULL),PopTime,22,373318397504,16899493886,16685882270,17048579820,16536224730,16603143569,16562174738,17065310122,17055394862,17108213212,17033411951,16979138374,16990871623,17110634335,17102236745,17035006630,17241692700,17110187342,17005563097,17030000637,16967869785,17095318256,17052048820
STAT,(NULL),PushTime,22,1399695311666,63538073562,61719078263,64100898685,61147482794,61190776900,61169047086,64631993978,64529912106,64374291932,63844820594,63899025552,63167662920,63903232825,63829585737,64653271913,64667539500,64500435927,64084347178,63497755632,63641324573,64877429327,64727324682
STAT,(NULL),RusageSys,22,4000,4000,0,0,0,0,0,0,0,0,0,0,0,0,0,0,0,0,0,0,0,0,0
STAT,(NULL),RusageUser,22,1668720000,1668720000,0,0,0,0,0,0,0,0,0,0,0,0,0,0,0,0,0,0,0,0,0
STAT,(NULL),Threads,22,22,22,0,0,0,0,0,0,0,0,0,0,0,0,0,0,0,0,0,0,0,0,0
STAT,(NULL),Time,22,174441761620,174441761620,0,0,0,0,0,0,0,0,0,0,0,0,0,0,0,0,0,0,0,0,0
STAT,(NULL),TotalTime,22,349504791132,349504791132,0,0,0,0,0,0,0,0,0,0,0,0,0,0,0,0,0,0,0,0,0
STAT,(NULL),UserTime,22,1760100584218,80291263295,82531543418,79424168134,83053873448,83098860583,83165838606,78872119173,78979196249,78920821962,79619604441,79641948350,80395849160,79429128994,79514781864,78901748730,78572105690,78965101240,79431330676,79982687972,79893606918,78578986297,78836019018
STAT,(NULL),Work,22,3649639078080,165892704020,165892682317,165892683320,165892683428,165892682748,165892683461,165892683570,165892683410,165892686033,165892704999,165892682780,165892682819,165892683278,165892683972,165892684845,165892683636,165892683716,165892682917,165892682664,165892684793,165892682844,165892682510
STAT,(NULL),nBad,22,6123,181,475,1238,281,95,422,180,368,677,203,157,203,217,212,138,212,217,0,146,89,192,220
STAT,(NULL),nEmpty,22,106619486,5010210,5370166,4758396,5402954,5419240,5428589,4702373,4762505,4568933,4711726,4766770,4842980,4594503,4604227,4691551,4543746,4740327,4754465,4724350,4762040,4635460,4823975
STAT,(NULL),nEmptyPop,22,3202834,137531,146238,146958,143158,143081,143603,146082,146330,144767,145676,145829,145421,146510,145451,147811,149660,147319,144964,145488,144617,147817,148523
STAT,(NULL),nOverall,22,2142255507,99301422,107200637,96185401,108344591,108315180,108441888,93991810,93973944,93479262,96067607,95619159,98096702,94974939,95096339,93530750,92787743,93413036,94858601,96826480,96072565,92784706,92892745
STAT,(NULL),nPop,22,188597812,8873198,9492020,8429889,9538248,9570127,9573654,8266461,8411530,8143989,8376171,8471329,8530501,8155005,8186925,8297791,8025998,8383876,8306059,8397951,8453853,8226520,8486717
STAT,(NULL),nPush,22,186271879,8583598,9382254,8322461,9507332,9488667,9531794,8153512,8063374,8104551,8337879,8303151,8577054,8251958,8298107,8057215,8015522,8108598,8274988,8326650,8419616,8116079,8047519
STAT,(NULL),nPushInit,22,2325933,105873,106423,105853,106078,106109,106166,105500,106014,105760,106092,105780,105784,105591,105650,106117,105415,105581,105467,103474,106343,105467,105396
==== BENCHMARK TOOK 161.052
==== BENCHMARK START ===
==== PARAMS kernel=4.9.5-64-net1 malloc=libc hostname=rack-castor threads=22 delta=4 prog=sssp-klsm256mq4  ===
ERROR: ld.so: object '/specific/disk1/home/adamx/malloc/lib64/libjemalloc.so' from LD_PRELOAD cannot be preloaded (cannot open shared object file): ignored.
Galois Benchmark Suite v2.2.1 (r0)
Copyright (C) 2014 The University of Texas at Austin
http://iss.ices.utexas.edu/galois/

application: Single Source Shortest Path
Computes the shortest path from a source node to all nodes in a directed graph using a modified chaotic iteration algorithm
http://iss.ices.utexas.edu/?p=projects/galois/benchmarks/single_source_shortest_path

INFO: CommandLine ./build/debug/apps/sssp/sssp -noverify -t 22 -delta 4 -wl klsm256mq4 -startNode 0 /specific/disk1/home/mad/Galois-PQ/inputs/scalefree/rmat16p-2e27.gr
INFO: Hostname rack-castor
Read 134217728 nodes
Running Asynchronous with CAS version
INFO: Using delta-step of 1
WARNING: Performance varies considerably due to delta parameter.
WARNING: Do not expect the default to be good for your graph.
Node 1 has distance 0
STATTYPE,LOOP,CATEGORY,n,sum,T0,T1,T2,T3,T4,T5,T6,T7,T8,T9,T10,T11,T12,T13,T14,T15,T16,T17,T18,T19,T20,T21
STAT,(NULL),BadWork,22,1263077,28567,23912,23654,0,156759,148111,0,11678,92030,0,27504,71712,88278,182200,44954,30634,93323,0,0,20834,192795,26132
STAT,(NULL),BarrierTime,22,4266812043,214984757,277789470,204352954,287320670,285415786,287847924,181210800,161508626,196485388,46851784,284112457,127728204,301357656,155261117,184114177,196784299,206834957,140782340,68792,126879052,213964345,185156488
STAT,(NULL),ConflictTime,22,0,0,0,0,0,0,0,0,0,0,0,0,0,0,0,0,0,0,0,0,0,0,0
STAT,(NULL),Conflicts,22,0,0,0,0,0,0,0,0,0,0,0,0,0,0,0,0,0,0,0,0,0,0,0
STAT,(NULL),EmptyPopTime,22,3711692440,162098316,144941043,173697573,141284495,140283104,140151996,181036493,175188957,173691961,170376337,175868414,163539442,181544976,175873828,182078144,181661444,180912442,176269154,170173751,167899311,171279860,181841399
STAT,(NULL),EmptyWork,22,36288131209,1646974682,1611891684,1649227028,1602071633,1606611477,1631338470,1654832208,1647049609,1683468872,1651840624,1663931903,1667096531,1644225384,1692799811,1663943768,1652352622,1658324458,1678826122,1644829357,1651492637,1635374234,1649628095
STAT,(NULL),GaloisTime,22,75881027080,3249056615,3173914670,3513440912,3207846060,3210937460,3209698093,3524247877,3525670300,3589212049,3523053093,3582146290,3460071071,3589134237,3561072543,3481624780,3497302792,3492813783,3553259745,3506618780,3509261806,3426189839,3494454285
STAT,(NULL),InitPushTime,22,13041020755,571955848,509129398,582504478,499481873,501386299,498934562,605571603,625220560,590241381,739865967,502581561,658951858,485282955,631436614,602573160,589849876,579800368,645846860,786552696,659754806,572666320,601431712
STAT,(NULL),Iterations,22,188614299,8862433,9485954,8337489,9572284,9578546,9589847,8215115,8320595,8260126,8421305,8282926,8645661,8178145,8282191,8244611,8165837,8228607,8285902,8444303,8528314,8498532,8185576
STAT,(NULL),LoopTime,22,172972681051,172972681051,0,0,0,0,0,0,0,0,0,0,0,0,0,0,0,0,0,0,0,0,0
STAT,(NULL),MeminfoPost,22,12320,560,560,560,560,560,560,560,560,560,560,560,560,560,560,560,560,560,560,560,560,560,560
STAT,(NULL),MeminfoPre,22,12320,560,560,560,560,560,560,560,560,560,560,560,560,560,560,560,560,560,560,560,560,560,560
STAT,(NULL),NumaPost,22,6852079,6450794,133800,133981,133504,0,0,0,0,0,0,0,0,0,0,0,0,0,0,0,0,0,0
STAT,(NULL),PopTime,22,368764695333,16750092514,16478692815,16902656131,16395650848,16427202580,16367994627,16856549362,16869137859,16839240137,16812082070,16892250273,16672656018,16888517962,16864239781,16865746770,16938913193,16880680897,16831208507,16771183555,16746613510,16817498089,16895887835
STAT,(NULL),PushTime,22,1382866827812,62744096900,61088063246,63482992326,60548390593,60495916638,60420013633,63843847327,63732878616,63577360911,63387416102,63408793166,62507826322,63236103100,62908493498,63569423266,63708196043,63560718694,63367342576,63105448062,62736620145,63677323970,63759562678
STAT,(NULL),RusageSys,22,0,0,0,0,0,0,0,0,0,0,0,0,0,0,0,0,0,0,0,0,0,0,0
STAT,(NULL),RusageUser,22,1657608000,1657608000,0,0,0,0,0,0,0,0,0,0,0,0,0,0,0,0,0,0,0,0,0
STAT,(NULL),Threads,22,22,22,0,0,0,0,0,0,0,0,0,0,0,0,0,0,0,0,0,0,0,0,0
STAT,(NULL),Time,22,173014685942,173014685942,0,0,0,0,0,0,0,0,0,0,0,0,0,0,0,0,0,0,0,0,0
STAT,(NULL),TotalTime,22,346527078410,346527078410,0,0,0,0,0,0,0,0,0,0,0,0,0,0,0,0,0,0,0,0,0
STAT,(NULL),UserTime,22,1757766982871,80233103218,82287922989,79063408105,82890182894,82904473088,83016227185,78724913073,78835499635,78922451460,79240655925,79062432183,80314235876,79245901089,79582946553,79022610664,78806998576,79011975711,79178520350,79587173517,79973540257,79057758459,78804052064
STAT,(NULL),Work,22,3625281397624,164785573306,164785514565,164785510218,164785515012,164785513149,164785513583,164785515554,164785512605,164785512578,164785511902,164785509636,164785514964,164785536842,164785515386,164785521289,164785513859,164785513629,164785521482,164785515785,164785514786,164785513290,164785514204
STAT,(NULL),nBad,22,1626,36,38,30,0,177,200,0,11,109,0,33,98,130,215,53,39,123,0,0,18,283,33
STAT,(NULL),nEmpty,22,106636099,5000842,5376550,4742213,5430425,5424114,5439109,4618500,4708147,4687115,4790547,4684612,4868516,4623379,4652220,4612237,4616369,4653537,4673503,4774153,4797375,4822556,4640080
STAT,(NULL),nEmptyPop,22,3019412,138506,138115,137743,136267,135050,135345,138249,138039,136645,137730,136932,134412,136559,137382,139498,140040,137938,135829,135051,135701,138954,139427
STAT,(NULL),nOverall,22,2142251010,99681981,106726839,95212908,107937804,107931868,108163722,93750212,94117333,93523613,94997320,94002331,97990897,94459238,95694989,94497489,93810267,94365562,94316484,95957105,96830998,94467663,93814387
STAT,(NULL),nPop,22,188614299,8862433,9485954,8337489,9572284,9578546,9589847,8215115,8320595,8260126,8421305,8282926,8645661,8178145,8282191,8244611,8165837,8228607,8285902,8444303,8528314,8498532,8185576
STAT,(NULL),nPush,22,186288299,8680209,9369491,8242303,9497054,9462045,9504612,8231725,8141524,8119733,8276542,8148384,8561228,8230178,8277278,8173653,8181640,8168734,8171197,8244920,8325251,8145008,8135590
STAT,(NULL),nPushInit,22,2326000,105864,106363,104262,106088,106113,106201,105983,105991,105723,106602,106284,105720,103173,106154,105638,106056,106050,105123,105975,105826,105442,105369
==== BENCHMARK TOOK 159.730
==== BENCHMARK START ===
==== PARAMS kernel=4.9.5-64-net1 malloc=libc hostname=rack-castor threads=22 delta=4 prog=sssp-klsm256mq4  ===
ERROR: ld.so: object '/specific/disk1/home/adamx/malloc/lib64/libjemalloc.so' from LD_PRELOAD cannot be preloaded (cannot open shared object file): ignored.
Galois Benchmark Suite v2.2.1 (r0)
Copyright (C) 2014 The University of Texas at Austin
http://iss.ices.utexas.edu/galois/

application: Single Source Shortest Path
Computes the shortest path from a source node to all nodes in a directed graph using a modified chaotic iteration algorithm
http://iss.ices.utexas.edu/?p=projects/galois/benchmarks/single_source_shortest_path

INFO: CommandLine ./build/debug/apps/sssp/sssp -noverify -t 22 -delta 4 -wl klsm256mq4 -startNode 0 /specific/disk1/home/mad/Galois-PQ/inputs/scalefree/rmat16p-2e27.gr
INFO: Hostname rack-castor
Read 134217728 nodes
Running Asynchronous with CAS version
INFO: Using delta-step of 1
WARNING: Performance varies considerably due to delta parameter.
WARNING: Do not expect the default to be good for your graph.
Node 1 has distance 0
STATTYPE,LOOP,CATEGORY,n,sum,T0,T1,T2,T3,T4,T5,T6,T7,T8,T9,T10,T11,T12,T13,T14,T15,T16,T17,T18,T19,T20,T21
STAT,(NULL),BadWork,22,4291678,270653,258170,55672,178144,208762,258174,0,211512,194233,139850,630380,173476,8556,143617,234116,171773,254808,279328,318240,125584,85978,90652
STAT,(NULL),BarrierTime,22,2142317677,115457088,177464684,114040326,190752298,185998846,189371372,9931560,124515887,83327920,33649680,10661362,133315182,66653026,14275988,114232689,122673485,113672943,7692,48032258,131063943,45218917,118000531
STAT,(NULL),ConflictTime,22,0,0,0,0,0,0,0,0,0,0,0,0,0,0,0,0,0,0,0,0,0,0,0
STAT,(NULL),Conflicts,22,0,0,0,0,0,0,0,0,0,0,0,0,0,0,0,0,0,0,0,0,0,0,0
STAT,(NULL),EmptyPopTime,22,3745242128,162847045,145175659,179959492,142603317,141567726,143445683,175793255,181584173,177203020,178814575,174706485,173471744,170588515,176947927,181932589,178198538,177252996,173279237,179970984,173881831,179430736,176586601
STAT,(NULL),EmptyWork,22,36567259982,1646585844,1623960154,1667300450,1629896842,1636549039,1621837695,1669359998,1666196210,1690218801,1674934297,1660863615,1678937432,1665314198,1656062964,1678562333,1660918517,1661284943,1676549008,1689687143,1687379169,1660421094,1664440236
STAT,(NULL),GaloisTime,22,76582481702,3401538095,3196674576,3558063815,3226113526,3222214175,3234785224,3504550901,3609840018,3636998266,3593848953,3581239169,3552495740,3512700781,3586769095,3514806376,3461569497,3497904670,3560555715,3580047335,3544606969,3527193970,3477964836
STAT,(NULL),InitPushTime,22,12994781608,572856280,510795901,574159446,497355954,502145506,498756413,678174640,563542304,604702236,654413952,677359682,554699544,621382740,673759746,573773288,565267308,574295162,687907574,639884954,556891480,642741238,569916260
STAT,(NULL),Iterations,22,188611843,8748834,9555728,8266245,9640574,9632853,9651127,8332706,8150116,8231421,8185004,8373651,8391817,8466390,8338587,8270894,8304584,8381720,8349723,8287933,8456525,8227986,8367425
STAT,(NULL),LoopTime,22,173881307216,173881307216,0,0,0,0,0,0,0,0,0,0,0,0,0,0,0,0,0,0,0,0,0
STAT,(NULL),MeminfoPost,22,12320,560,560,560,560,560,560,560,560,560,560,560,560,560,560,560,560,560,560,560,560,560,560
STAT,(NULL),MeminfoPre,22,12320,560,560,560,560,560,560,560,560,560,560,560,560,560,560,560,560,560,560,560,560,560,560
STAT,(NULL),NumaPost,22,6852082,6450805,133580,133978,133719,0,0,0,0,0,0,0,0,0,0,0,0,0,0,0,0,0,0
STAT,(NULL),PopTime,22,370956919311,16851933655,16587355995,16978651638,16508812760,16512934330,16493915614,16886218178,17115318432,17030854763,16973350781,16944362974,16884109713,16790424839,16945764204,16999511906,16899427718,16964822184,16873200815,16904497628,16891118234,16980771461,16939561489
STAT,(NULL),PushTime,22,1388535874963,62913228026,61262261896,64245878946,60768384258,60743860278,60602843367,63865668498,63762959650,63726597815,64114811604,63704161224,63076503479,63766896371,63497706253,63416063991,63863353707,63676302847,63620990248,63453621757,62714495577,64132111595,63607173576
STAT,(NULL),RusageSys,22,8000,8000,0,0,0,0,0,0,0,0,0,0,0,0,0,0,0,0,0,0,0,0,0
STAT,(NULL),RusageUser,22,1662416000,1662416000,0,0,0,0,0,0,0,0,0,0,0,0,0,0,0,0,0,0,0,0,0
STAT,(NULL),Threads,22,22,22,0,0,0,0,0,0,0,0,0,0,0,0,0,0,0,0,0,0,0,0,0
STAT,(NULL),Time,22,173912428056,173912428056,0,0,0,0,0,0,0,0,0,0,0,0,0,0,0,0,0,0,0,0,0
STAT,(NULL),TotalTime,22,356006118038,356006118038,0,0,0,0,0,0,0,0,0,0,0,0,0,0,0,0,0,0,0,0,0
STAT,(NULL),UserTime,22,1761649433482,80389193211,82549899348,78735468906,83089516533,83108199503,83268500081,79263739524,79029429209,79103455687,78829564608,79299994899,79999809588,79459404215,79502077813,79574450891,79301861397,79387760266,79460757165,79557502191,80353844276,78885400734,79499603437
STAT,(NULL),Work,22,3638039466898,165365448168,165365417590,165365418536,165365416480,165365416805,165365417524,165365436174,165365432475,165365418292,165365416098,165365418765,165365438522,165365418129,165365419700,165365446330,165365443530,165365431333,165365445350,165365441796,165365441685,165365442715,165365440901
STAT,(NULL),nBad,22,5716,375,347,74,224,278,339,0,278,243,172,902,245,11,189,314,239,328,357,432,139,117,113
STAT,(NULL),nEmpty,22,106633525,4948646,5408148,4710486,5466881,5456293,5470677,4705845,4593299,4643707,4610646,4738306,4713552,4819954,4741995,4663920,4696943,4744470,4729889,4651804,4742765,4653964,4721335
STAT,(NULL),nEmptyPop,22,3029884,137284,138217,138283,136226,136082,136755,137458,138414,136918,136946,136841,136751,136992,137118,139871,140474,138993,137068,137380,137320,138724,139769
STAT,(NULL),nOverall,22,2142255100,99415358,106991996,93118822,108163359,108069043,108304293,95242164,94047958,93618770,93031544,94262780,96549177,94623391,94741540,96140406,94970857,94715587,94784378,95116885,97705507,93147718,95493567
STAT,(NULL),nPop,22,188611843,8748834,9555728,8266245,9640574,9632853,9651127,8332706,8150116,8231421,8185004,8373651,8391817,8466390,8338587,8270894,8304584,8381720,8349723,8287933,8456525,8227986,8367425
STAT,(NULL),nPush,22,186285934,8663203,9347872,8122816,9492198,9463337,9485096,8240507,8161114,8143878,7979155,8250623,8458480,8270930,8215830,8289974,8271686,8158512,8256426,8155801,8528983,8037410,8292103
STAT,(NULL),nPushInit,22,2325909,105921,106439,105898,106101,106148,106219,105540,105566,105273,106118,105847,105810,105625,105708,105686,103896,105638,105316,105813,105897,105988,105462
==== BENCHMARK TOOK 164.144
