==== BENCHMARK START ===
==== PARAMS kernel=4.9.5-64-net1 malloc=libc hostname=rack-castor threads=22 delta=4 prog=sssp-capq  ===
Galois Benchmark Suite v2.2.1 (r0)
Copyright (C) 2014 The University of Texas at Austin
http://iss.ices.utexas.edu/galois/

application: Single Source Shortest Path
Computes the shortest path from a source node to all nodes in a directed graph using a modified chaotic iteration algorithm
http://iss.ices.utexas.edu/?p=projects/galois/benchmarks/single_source_shortest_path

INFO: CommandLine ./build/debug/apps/sssp/sssp -noverify -t 22 -delta 4 -wl capq -startNode 0 /specific/disk1/home/mad/Galois-PQ/inputs/road/USA-road-d.USA.gr
INFO: Hostname rack-castor
Read 23947347 nodes
Running Asynchronous with CAS version
INFO: Using delta-step of 1
WARNING: Performance varies considerably due to delta parameter.
WARNING: Do not expect the default to be good for your graph.
Node 1 has distance 2025
STATTYPE,LOOP,CATEGORY,n,sum,T0,T1,T2,T3,T4,T5,T6,T7,T8,T9,T10,T11,T12,T13,T14,T15,T16,T17,T18,T19,T20,T21
STAT,(NULL),BadWork,22,26069001560,1168316699,1309078380,1253210256,1242727841,1315472141,1285861290,1139261222,1130878647,1163819807,1140131211,1298987883,1144500679,1130273554,1103375700,1267900559,1147418471,1122080001,1084068437,1126759370,1186386977,1173035648,1135456787
STAT,(NULL),BarrierTime,22,4424499,566396,393280,293492,310112,286774,267292,266944,201208,195402,181348,194585,181848,133773,190948,195619,66642,49785,135146,104042,81856,32055,95952
STAT,(NULL),ConflictTime,22,0,0,0,0,0,0,0,0,0,0,0,0,0,0,0,0,0,0,0,0,0,0,0
STAT,(NULL),Conflicts,22,0,0,0,0,0,0,0,0,0,0,0,0,0,0,0,0,0,0,0,0,0,0,0
STAT,(NULL),EmptyPopTime,22,144797748,5400108,3248224,8081047,5951308,5448554,4997599,5573184,7347380,9299892,8974668,7875800,5517652,8093499,2618232,6916021,6674375,6909090,6051105,7302240,5945986,7915302,8656482
STAT,(NULL),EmptyWork,22,1275123099,56118089,54632653,58645504,60760466,56251410,56302174,64874574,54141870,56100672,56918325,60916386,55197414,54503330,76398903,57509373,55736181,56965128,60169676,55124610,54289621,55607438,57959302
STAT,(NULL),GaloisTime,22,45839787824,1914215366,1957678720,2315033350,1820423596,1902603190,1908051020,2294883345,2071273124,2108767859,2048469708,2298213309,2179754562,2144488257,2140722026,2361186688,2031742314,2060513208,1956887733,2135866954,2064563639,2147762105,1976687751
STAT,(NULL),InitPushTime,22,1129714,20320,108196,134589,71323,36474,37507,37801,49954,51441,39424,35264,43180,64401,37884,35030,64401,59400,33483,36860,36452,62620,33710
STAT,(NULL),Iterations,22,37875076,1672955,1893627,1845560,1792793,1854434,1854623,1701374,1652657,1670498,1645442,1933759,1616715,1642118,1743841,1882344,1630800,1633859,1612622,1596511,1701660,1662412,1634472
STAT,(NULL),LoopTime,22,13580562568,13580562568,0,0,0,0,0,0,0,0,0,0,0,0,0,0,0,0,0,0,0,0,0
STAT,(NULL),MeminfoPost,22,2222,101,101,101,101,101,101,101,101,101,101,101,101,101,101,101,101,101,101,101,101,101,101
STAT,(NULL),MeminfoPre,22,2222,101,101,101,101,101,101,101,101,101,101,101,101,101,101,101,101,101,101,101,101,101,101
STAT,(NULL),NumaPost,22,27157,25871,253,865,168,0,0,0,0,0,0,0,0,0,0,0,0,0,0,0,0,0,0
STAT,(NULL),PopTime,22,45186540311,2187314658,2139890018,1924361234,2176967293,2161535068,2132622057,1919530237,2085792313,2042925576,2063223603,1937415106,1979909326,2040401248,1986519982,1904970858,2076394044,2066351796,2092691946,2050048665,2093031715,2038331853,2086311715
STAT,(NULL),PushTime,22,104034164337,5068587309,4936649223,4200871298,5299506881,5072820102,5100899774,4285215932,4747451615,4705866815,4840255436,4205118312,4583796879,4594705466,4654659409,4064745322,4846167475,4793535746,5066648193,4642056539,4756301689,4583104185,4985200737
STAT,(NULL),RusageSys,22,140000,140000,0,0,0,0,0,0,0,0,0,0,0,0,0,0,0,0,0,0,0,0,0
STAT,(NULL),RusageUser,22,130992000,130992000,0,0,0,0,0,0,0,0,0,0,0,0,0,0,0,0,0,0,0,0,0
STAT,(NULL),Threads,22,22,22,0,0,0,0,0,0,0,0,0,0,0,0,0,0,0,0,0,0,0,0,0
STAT,(NULL),Time,22,13582456256,13582456256,0,0,0,0,0,0,0,0,0,0,0,0,0,0,0,0,0,0,0,0,0
STAT,(NULL),TotalTime,22,22576557672,22576557672,0,0,0,0,0,0,0,0,0,0,0,0,0,0,0,0,0,0,0,0,0
STAT,(NULL),UserTime,22,91709314158,3867886106,4007439873,4592542749,3735928370,3900879138,3896651240,4529461405,4133530719,4176573648,4081684804,4589991499,4295361419,4257342402,4238617870,4704196135,4082816521,4115259832,3917080288,4209133674,4125402072,4266812594,3984721800
STAT,(NULL),Work,22,288191217540,13099608204,13099597839,13099597330,13099597702,13099597426,13099598470,13099599502,13099599132,13099595370,13099599096,13099597751,13099599792,13099597173,13099599854,13099597145,13099598329,13099621810,13099598695,13099621168,13099598350,13099596046,13099601356
STAT,(NULL),nBad,22,26606387,1195422,1363011,1279750,1286632,1346337,1327277,1153982,1141664,1195496,1161264,1336519,1153111,1143461,1122479,1294846,1165913,1146050,1108458,1135000,1204524,1193376,1151815
STAT,(NULL),nEmpty,22,3902215,173537,190979,179543,212924,197943,197253,180690,159952,162873,165593,196556,156046,157147,229071,176945,163782,165522,180260,155488,166754,161463,171894
STAT,(NULL),nEmptyPop,22,43292,2476,1086,2994,1557,2098,1756,1957,1541,2450,2618,2256,2094,1923,1671,1909,1661,1443,1506,1674,2153,1980,2489
STAT,(NULL),nOverall,22,84939728,3730297,4244993,4214890,3930238,4124969,4127075,3851238,3721793,3760034,3680015,4386809,3649678,3704441,3822370,4303923,3653612,3660060,3564913,3598879,3832432,3739570,3637499
STAT,(NULL),nPop,22,37875076,1672955,1893627,1845560,1792793,1854434,1854623,1701374,1652657,1670498,1645442,1933759,1616715,1642118,1743841,1882344,1630800,1633859,1612622,1596511,1701660,1662412,1634472
STAT,(NULL),nPush,22,37875073,1657326,1891884,1893447,1741267,1833246,1837981,1726616,1657623,1674089,1637794,1972064,1626534,1651858,1709370,1937007,1625265,1630012,1582410,1601933,1703811,1666889,1616647
STAT,(NULL),nPushInit,22,3,1,1,1,0,0,0,0,0,0,0,0,0,0,0,0,0,0,0,0,0,0,0
==== BENCHMARK TOOK 11.093
==== BENCHMARK START ===
==== PARAMS kernel=4.9.5-64-net1 malloc=libc hostname=rack-castor threads=22 delta=4 prog=sssp-capq  ===
Galois Benchmark Suite v2.2.1 (r0)
Copyright (C) 2014 The University of Texas at Austin
http://iss.ices.utexas.edu/galois/

application: Single Source Shortest Path
Computes the shortest path from a source node to all nodes in a directed graph using a modified chaotic iteration algorithm
http://iss.ices.utexas.edu/?p=projects/galois/benchmarks/single_source_shortest_path

INFO: CommandLine ./build/debug/apps/sssp/sssp -noverify -t 22 -delta 4 -wl capq -startNode 0 /specific/disk1/home/mad/Galois-PQ/inputs/road/USA-road-d.USA.gr
INFO: Hostname rack-castor
Read 23947347 nodes
Running Asynchronous with CAS version
INFO: Using delta-step of 1
WARNING: Performance varies considerably due to delta parameter.
WARNING: Do not expect the default to be good for your graph.
Node 1 has distance 2025
STATTYPE,LOOP,CATEGORY,n,sum,T0,T1,T2,T3,T4,T5,T6,T7,T8,T9,T10,T11,T12,T13,T14,T15,T16,T17,T18,T19,T20,T21
STAT,(NULL),BadWork,22,24210977927,1083385818,1223115715,1065404764,1194942411,1104851685,1218912896,1089677659,1110759357,1070602781,1090403757,1116289472,1027900433,1076658818,1189546476,1128733290,1008809423,1170241296,1005831431,1035825657,1127884381,1026240671,1044959736
STAT,(NULL),BarrierTime,22,3900534,508425,329721,270246,277449,276957,260207,249468,129730,168702,195384,156228,109416,163745,170797,172534,70944,55328,82654,29041,104215,98652,20691
STAT,(NULL),ConflictTime,22,0,0,0,0,0,0,0,0,0,0,0,0,0,0,0,0,0,0,0,0,0,0,0
STAT,(NULL),Conflicts,22,0,0,0,0,0,0,0,0,0,0,0,0,0,0,0,0,0,0,0,0,0,0,0
STAT,(NULL),EmptyPopTime,22,110991519,2938119,4326561,6505425,4300117,1395902,3111529,6117600,5623036,6477326,959860,6753964,5908177,4283935,5467812,5511605,5904421,4832903,5007590,6282508,6622316,5944204,6716609
STAT,(NULL),EmptyWork,22,1211062329,52694949,53619484,52542519,53415115,65160221,55506945,53940489,54643956,52742029,57844851,52740969,52824024,54111793,56519279,53861946,52560619,55852105,68570112,54524988,52408788,52439084,52538064
STAT,(NULL),GaloisTime,22,44893294111,1980251113,1870622939,2085680604,1924306156,1790078332,1878757342,2071347747,2167226105,2030003789,2116023438,2044522013,2075988141,2023825170,2322283060,1982981881,2046355825,2307415724,1870200537,2093894440,2064272140,2104486563,2042771052
STAT,(NULL),InitPushTime,22,1029799,20476,107470,104792,36459,36222,35810,40328,67196,39020,39200,38944,64380,35130,34996,35018,50275,34757,33489,61747,36204,37740,40146
STAT,(NULL),Iterations,22,37077107,1673872,1816688,1642528,1859936,1778102,1829610,1637535,1670246,1612323,1639571,1698010,1562036,1605688,1865372,1680849,1575195,1842043,1584751,1579775,1733596,1585184,1604197
STAT,(NULL),LoopTime,22,13656654629,13656654629,0,0,0,0,0,0,0,0,0,0,0,0,0,0,0,0,0,0,0,0,0
STAT,(NULL),MeminfoPost,22,2222,101,101,101,101,101,101,101,101,101,101,101,101,101,101,101,101,101,101,101,101,101,101
STAT,(NULL),MeminfoPre,22,2222,101,101,101,101,101,101,101,101,101,101,101,101,101,101,101,101,101,101,101,101,101,101
STAT,(NULL),NumaPost,22,26376,25082,249,877,168,0,0,0,0,0,0,0,0,0,0,0,0,0,0,0,0,0,0
STAT,(NULL),PopTime,22,46693701747,2206285821,2238899657,2068143192,2205506039,2263686981,2224410460,2067978180,2040917184,2135989438,2072901883,2135787348,2111069468,2124919778,1926270889,2138109224,2144881041,1935175252,2177392325,2098296292,2121524273,2099557299,2155999723
STAT,(NULL),PushTime,22,104610323299,4807047600,5047337230,4702510670,4953795565,5289527911,5053941949,4727339969,4498877938,4784078003,4619566567,4726071545,4715099929,4823575042,4173804553,4892654306,4735063925,4152716491,5216480655,4666596148,4689762778,4609699643,4724774882
STAT,(NULL),RusageSys,22,108000,108000,0,0,0,0,0,0,0,0,0,0,0,0,0,0,0,0,0,0,0,0,0
STAT,(NULL),RusageUser,22,130784000,130784000,0,0,0,0,0,0,0,0,0,0,0,0,0,0,0,0,0,0,0,0,0
STAT,(NULL),Threads,22,22,22,0,0,0,0,0,0,0,0,0,0,0,0,0,0,0,0,0,0,0,0,0
STAT,(NULL),Time,22,13659926546,13659926546,0,0,0,0,0,0,0,0,0,0,0,0,0,0,0,0,0,0,0,0,0
STAT,(NULL),TotalTime,22,21883018422,21883018422,0,0,0,0,0,0,0,0,0,0,0,0,0,0,0,0,0,0,0,0,0
STAT,(NULL),UserTime,22,90145579347,4026461434,3860874193,4160295961,3934356820,3665830073,3859953580,4148956349,4308388259,4066387924,4208382113,4109805577,4114788030,4044962623,4591336460,4002562188,4090911556,4619690443,3738030163,4156084172,4141089519,4203554067,4092877843
STAT,(NULL),Work,22,287666699739,13075759487,13075753471,13075768539,13075753128,13075753634,13075753753,13075753275,13075750788,13075780344,13075754392,13075759636,13075751032,13075763168,13075753612,13075754041,13075753961,13075761396,13075778903,13075757450,13075753452,13075754520,13075777757
STAT,(NULL),nBad,22,24886183,1112821,1275641,1091063,1254983,1150144,1267711,1128045,1140291,1083919,1116351,1149717,1044881,1098795,1222998,1173000,1025742,1202572,1035507,1049571,1165436,1034581,1062414
STAT,(NULL),nEmpty,22,3729535,163771,187572,155488,188408,234388,191880,155375,157759,156053,170045,163537,149691,160793,176561,167930,149677,172758,212706,150836,164344,147167,152796
STAT,(NULL),nEmptyPop,22,30006,1052,1299,2281,1526,347,949,1680,1299,1733,319,1658,1308,1480,1171,1305,1516,2129,977,1628,1761,1286,1302
STAT,(NULL),nOverall,22,83219524,3764321,4054901,3713158,4168612,3834185,4075519,3696116,3782655,3628905,3675704,3831205,3508813,3601151,4268566,3764793,3546042,4219530,3414083,3563219,3910122,3585668,3612256
STAT,(NULL),nPop,22,37077107,1673872,1816688,1642528,1859936,1778102,1829610,1637535,1670246,1612323,1639571,1698010,1562036,1605688,1865372,1680849,1575195,1842043,1584751,1579775,1733596,1585184,1604197
STAT,(NULL),nPush,22,37077104,1677382,1800860,1658400,1855300,1700380,1810678,1647826,1688669,1614680,1636363,1706424,1562148,1600685,1919385,1673788,1579322,1895464,1511000,1586242,1744227,1599510,1608371
STAT,(NULL),nPushInit,22,3,1,1,1,0,0,0,0,0,0,0,0,0,0,0,0,0,0,0,0,0,0,0
==== BENCHMARK TOOK 10.746
==== BENCHMARK START ===
==== PARAMS kernel=4.9.5-64-net1 malloc=libc hostname=rack-castor threads=22 delta=4 prog=sssp-capq  ===
Galois Benchmark Suite v2.2.1 (r0)
Copyright (C) 2014 The University of Texas at Austin
http://iss.ices.utexas.edu/galois/

application: Single Source Shortest Path
Computes the shortest path from a source node to all nodes in a directed graph using a modified chaotic iteration algorithm
http://iss.ices.utexas.edu/?p=projects/galois/benchmarks/single_source_shortest_path

INFO: CommandLine ./build/debug/apps/sssp/sssp -noverify -t 22 -delta 4 -wl capq -startNode 0 /specific/disk1/home/mad/Galois-PQ/inputs/road/USA-road-d.USA.gr
INFO: Hostname rack-castor
Read 23947347 nodes
Running Asynchronous with CAS version
INFO: Using delta-step of 1
WARNING: Performance varies considerably due to delta parameter.
WARNING: Do not expect the default to be good for your graph.
Node 1 has distance 2025
STATTYPE,LOOP,CATEGORY,n,sum,T0,T1,T2,T3,T4,T5,T6,T7,T8,T9,T10,T11,T12,T13,T14,T15,T16,T17,T18,T19,T20,T21
STAT,(NULL),BadWork,22,25329914705,1049087656,1287527888,1041964256,1349994379,1193951999,1218728240,1052206155,1154157242,1204605409,1100879671,1170763307,1138110140,1194151842,1190035341,1226738428,1107367405,1100944022,1081679374,1156822076,1079168807,1127273510,1103757558
STAT,(NULL),BarrierTime,22,4514765,496470,350595,334108,298563,280502,281709,271860,190493,231155,190299,183728,197758,187276,186756,195906,45437,130630,122828,135083,93492,77935,32182
STAT,(NULL),ConflictTime,22,0,0,0,0,0,0,0,0,0,0,0,0,0,0,0,0,0,0,0,0,0,0,0
STAT,(NULL),Conflicts,22,0,0,0,0,0,0,0,0,0,0,0,0,0,0,0,0,0,0,0,0,0,0,0
STAT,(NULL),EmptyPopTime,22,89507952,4190128,3149415,4332984,3234669,6096861,2745303,4414751,3297342,3903369,3789349,3523964,3767314,4303632,4867738,3684383,1992940,5080268,6554840,4210004,3380680,5992663,2995355
STAT,(NULL),EmptyWork,22,1258096845,61459774,55627600,58163392,54320752,59271388,57218332,54808370,56500625,55790306,55075027,55793305,54947015,60228794,54963118,55690183,54866035,57136502,59458421,64786670,54389089,62824788,54777359
STAT,(NULL),GaloisTime,22,45546888263,1790213976,1901109233,2000547130,2024413149,1818992305,1849975622,2193171974,2183249268,2079471692,2108316831,2279443747,2086511464,2294362563,1993980562,2090738149,2056598865,2028825889,2313461587,2090184442,2107093914,2238301303,2017924598
STAT,(NULL),InitPushTime,22,997720,18564,107160,118128,36647,36474,35983,40480,40252,35291,35446,38696,34362,38104,38244,35228,65318,34784,38360,33534,36396,38104,62165
STAT,(NULL),Iterations,22,37535536,1610490,1850181,1552038,1950331,1782190,1811990,1557682,1697714,1706498,1583937,1851528,1637826,1770637,1742062,1780635,1608735,1610366,1736602,1704869,1619789,1728792,1640644
STAT,(NULL),LoopTime,22,13690289034,13690289034,0,0,0,0,0,0,0,0,0,0,0,0,0,0,0,0,0,0,0,0,0
STAT,(NULL),MeminfoPost,22,2222,101,101,101,101,101,101,101,101,101,101,101,101,101,101,101,101,101,101,101,101,101,101
STAT,(NULL),MeminfoPre,22,2222,101,101,101,101,101,101,101,101,101,101,101,101,101,101,101,101,101,101,101,101,101,101
STAT,(NULL),NumaPost,22,26929,25855,253,653,168,0,0,0,0,0,0,0,0,0,0,0,0,0,0,0,0,0,0
STAT,(NULL),PopTime,22,45920212832,2223817407,2199297214,2104964031,2137491960,2198061261,2200527752,1985155103,2014696018,2085745958,2088306310,1998712299,2076387369,1941029578,2150232069,2092795745,2111192607,2111581871,1966928928,2070688976,2105776219,1933257359,2123566798
STAT,(NULL),PushTime,22,105068319432,5401909328,5071049776,4988923285,4801965954,5334289505,5229521678,4591969051,4548034658,4782778756,4729208193,4262556264,4767549108,4305469060,4923596645,4683993379,4786358605,4876284721,4211249491,4765145040,4684313119,4446936735,4875217081
STAT,(NULL),RusageSys,22,136000,136000,0,0,0,0,0,0,0,0,0,0,0,0,0,0,0,0,0,0,0,0,0
STAT,(NULL),RusageUser,22,131448000,131448000,0,0,0,0,0,0,0,0,0,0,0,0,0,0,0,0,0,0,0,0,0
STAT,(NULL),Threads,22,22,22,0,0,0,0,0,0,0,0,0,0,0,0,0,0,0,0,0,0,0,0,0
STAT,(NULL),Time,22,13692090822,13692090822,0,0,0,0,0,0,0,0,0,0,0,0,0,0,0,0,0,0,0,0,0
STAT,(NULL),TotalTime,22,21989636838,21989636838,0,0,0,0,0,0,0,0,0,0,0,0,0,0,0,0,0,0,0,0,0
STAT,(NULL),UserTime,22,91296115856,3662912852,3914273355,3987578150,4123080054,3727794211,3804516765,4314985441,4338731039,4136817055,4159811576,4544475613,4155347531,4539110657,4016867636,4217604408,4133492906,4065599362,4586850759,4149492697,4189554969,4457193807,4070025013
STAT,(NULL),Work,22,289180669701,13144580117,13144572612,13144576484,13144572702,13144573603,13144572463,13144575366,13144598982,13144572019,13144573603,13144574648,13144574701,13144575112,13144574514,13144573610,13144572019,13144574861,13144573610,13144574871,13144574874,13144585265,13144573665
STAT,(NULL),nBad,22,25845777,1083387,1332096,1048395,1386314,1228548,1259354,1046735,1176035,1235720,1111863,1192418,1162241,1204121,1222890,1274462,1118780,1126593,1086735,1177393,1102979,1143684,1125034
STAT,(NULL),nEmpty,22,3840385,198739,193624,166263,191613,205938,199728,146466,161216,171251,155686,173841,160482,179591,176036,170644,158300,162572,171469,194791,155844,184006,162285
STAT,(NULL),nEmptyPop,22,29890,1439,1246,1884,1103,1737,968,2030,886,1484,1290,1027,761,1623,1787,1354,809,1480,1871,1586,1204,1160,1161
STAT,(NULL),nOverall,22,84179118,3507136,4124660,3447024,4400478,3912356,4007487,3512806,3842105,3835807,3566871,4235209,3680971,4016980,3900161,4026674,3610438,3602795,3952706,3774386,3645801,3900208,3676059
STAT,(NULL),nPop,22,37535536,1610490,1850181,1552038,1950331,1782190,1811990,1557682,1697714,1706498,1583937,1851528,1637826,1770637,1742062,1780635,1608735,1610366,1736602,1704869,1619789,1728792,1640644
STAT,(NULL),nPush,22,37535533,1554772,1831913,1531631,1964162,1737023,1779537,1570431,1718883,1705055,1587370,1903712,1638370,1802383,1734999,1795972,1606775,1602930,1779641,1680125,1624497,1750404,1634948
STAT,(NULL),nPushInit,22,3,1,1,1,0,0,0,0,0,0,0,0,0,0,0,0,0,0,0,0,0,0,0
==== BENCHMARK TOOK 10.800
==== BENCHMARK START ===
==== PARAMS kernel=4.9.5-64-net1 malloc=libc hostname=rack-castor threads=22 delta=4 prog=sssp-capq  ===
Galois Benchmark Suite v2.2.1 (r0)
Copyright (C) 2014 The University of Texas at Austin
http://iss.ices.utexas.edu/galois/

application: Single Source Shortest Path
Computes the shortest path from a source node to all nodes in a directed graph using a modified chaotic iteration algorithm
http://iss.ices.utexas.edu/?p=projects/galois/benchmarks/single_source_shortest_path

INFO: CommandLine ./build/debug/apps/sssp/sssp -noverify -t 22 -delta 4 -wl capq -startNode 0 /specific/disk1/home/mad/Galois-PQ/inputs/road/USA-road-d.USA.gr
INFO: Hostname rack-castor
Read 23947347 nodes
Running Asynchronous with CAS version
INFO: Using delta-step of 1
WARNING: Performance varies considerably due to delta parameter.
WARNING: Do not expect the default to be good for your graph.
Node 1 has distance 2025
STATTYPE,LOOP,CATEGORY,n,sum,T0,T1,T2,T3,T4,T5,T6,T7,T8,T9,T10,T11,T12,T13,T14,T15,T16,T17,T18,T19,T20,T21
STAT,(NULL),BadWork,22,24424514342,1026800361,1245505931,1149734388,1222180878,1148935001,1202740755,1055425236,1058031006,1155783184,1082513518,1117194202,1169558923,1133575429,1113986700,1074806253,1102273783,1132202287,1223526037,969729490,1123880890,955971149,960158941
STAT,(NULL),BarrierTime,22,2748079,412610,267435,211506,216495,214195,199210,142006,124815,121062,128753,120204,89628,91353,90387,87854,24785,42265,31796,17115,55930,15951,42724
STAT,(NULL),ConflictTime,22,0,0,0,0,0,0,0,0,0,0,0,0,0,0,0,0,0,0,0,0,0,0,0
STAT,(NULL),Conflicts,22,0,0,0,0,0,0,0,0,0,0,0,0,0,0,0,0,0,0,0,0,0,0,0
STAT,(NULL),EmptyPopTime,22,166350564,5607658,7656810,7005823,7563976,8771132,4080628,6731985,4422661,7865306,7349961,10259996,7279292,7173100,8877362,8608671,9117706,7869337,6085108,8299253,8995434,8422881,8306484
STAT,(NULL),EmptyWork,22,1207287413,50411004,54210111,52295762,53794738,58539855,53344392,60834694,52855483,56021897,53204741,54545306,56288649,52855058,51195702,51272561,52802619,51889425,53374767,58269876,52388101,64277423,62615249
STAT,(NULL),GaloisTime,22,44014588172,1955490616,1883299170,2037497993,1861480872,1807805958,1862614466,2188845536,2042534607,2280514163,2014007337,2030707046,2339022239,1983342550,2028787528,2012987438,1952604173,2038099593,2084581430,1890596342,1974344448,1851799250,1893625417
STAT,(NULL),InitPushTime,22,1014902,21376,109636,116183,36310,36186,35870,47596,36811,39052,35313,38616,52364,49436,51444,52928,35336,38496,36956,36768,32761,37872,37592
STAT,(NULL),Iterations,22,37302626,1590922,1820838,1683670,1810645,1767516,1814251,1579804,1581644,1839166,1639930,1645636,1839117,1705864,1693993,1666827,1694054,1737009,1848324,1562809,1704804,1535762,1540041
STAT,(NULL),LoopTime,22,13403714483,13403714483,0,0,0,0,0,0,0,0,0,0,0,0,0,0,0,0,0,0,0,0,0
STAT,(NULL),MeminfoPost,22,2222,101,101,101,101,101,101,101,101,101,101,101,101,101,101,101,101,101,101,101,101,101,101
STAT,(NULL),MeminfoPre,22,2222,101,101,101,101,101,101,101,101,101,101,101,101,101,101,101,101,101,101,101,101,101,101
STAT,(NULL),NumaPost,22,27114,25830,252,864,168,0,0,0,0,0,0,0,0,0,0,0,0,0,0,0,0,0,0
STAT,(NULL),PopTime,22,46002564637,2201542185,2174011336,2058998141,2176709750,2183455795,2163671250,1950475356,2034935064,1912968734,2100832083,2029614287,1865319446,2106134474,2106718458,2118462135,2114241913,2102674473,2043438232,2157134162,2123314556,2152406586,2125506221
STAT,(NULL),PushTime,22,102553750173,4707780882,4884781309,4600346415,4928782106,5077234341,4935272526,4323040842,4622769109,4043653646,4644574814,4678916769,3933233613,4694139440,4574434421,4581514609,4743745311,4527464106,4456749578,4908494798,4708289260,5033618043,4944914235
STAT,(NULL),RusageSys,22,176000,176000,0,0,0,0,0,0,0,0,0,0,0,0,0,0,0,0,0,0,0,0,0
STAT,(NULL),RusageUser,22,128360000,128360000,0,0,0,0,0,0,0,0,0,0,0,0,0,0,0,0,0,0,0,0,0
STAT,(NULL),Threads,22,22,22,0,0,0,0,0,0,0,0,0,0,0,0,0,0,0,0,0,0,0,0,0
STAT,(NULL),Time,22,13405669907,13405669907,0,0,0,0,0,0,0,0,0,0,0,0,0,0,0,0,0,0,0,0,0
STAT,(NULL),TotalTime,22,21914960014,21914960014,0,0,0,0,0,0,0,0,0,0,0,0,0,0,0,0,0,0,0,0,0
STAT,(NULL),UserTime,22,88538615114,3919308374,3836182976,4083999684,3811813211,3704339162,3821161873,4310212071,4082625515,4539120409,4020173616,4036099988,4639000145,3996499868,4070130170,4067298646,3967633357,4112146316,4195913398,3817351583,3972810552,3729618584,3805175616
STAT,(NULL),Work,22,282485015918,12840256884,12840219447,12840220184,12840219701,12840220102,12840220160,12840247571,12840220786,12840220127,12840224788,12840222892,12840225164,12840220091,12840220523,12840219889,12840240366,12840220405,12840233956,12840247518,12840222808,12840247926,12840224630
STAT,(NULL),nBad,22,25337557,1057599,1309287,1200933,1282804,1204195,1259035,1071799,1091335,1200238,1119815,1159907,1198928,1175271,1154314,1108870,1144504,1180598,1286493,991269,1164802,984731,990830
STAT,(NULL),nEmpty,22,3783585,151938,189850,160775,190035,200927,188027,162301,153273,175256,158098,165654,172943,164098,159817,156674,166846,164258,178227,175365,166094,198616,184513
STAT,(NULL),nEmptyPop,22,44124,1350,2148,2159,2643,2701,1560,1678,1669,1626,1539,2752,2085,2441,2179,2268,1814,1705,1596,2138,2440,1525,2108
STAT,(NULL),nOverall,22,83670898,3590353,4065522,3795832,4035976,3897920,4040755,3552095,3564516,4192761,3687569,3688100,4226627,3838367,3823791,3765597,3798480,3928855,4196216,3455201,3830378,3324507,3371480
STAT,(NULL),nPop,22,37302626,1590922,1820838,1683670,1810645,1767516,1814251,1579804,1581644,1839166,1639930,1645636,1839117,1705864,1693993,1666827,1694054,1737009,1848324,1562809,1704804,1535762,1540041
STAT,(NULL),nPush,22,37302623,1599442,1806009,1691623,1794242,1731244,1798525,1588400,1587140,1888420,1642811,1641458,1904319,1710021,1704196,1680300,1692499,1754152,1875338,1534357,1706820,1473635,1497672
STAT,(NULL),nPushInit,22,3,1,1,1,0,0,0,0,0,0,0,0,0,0,0,0,0,0,0,0,0,0,0
==== BENCHMARK TOOK 10.840
==== BENCHMARK START ===
==== PARAMS kernel=4.9.5-64-net1 malloc=libc hostname=rack-castor threads=22 delta=4 prog=sssp-capq  ===
Galois Benchmark Suite v2.2.1 (r0)
Copyright (C) 2014 The University of Texas at Austin
http://iss.ices.utexas.edu/galois/

application: Single Source Shortest Path
Computes the shortest path from a source node to all nodes in a directed graph using a modified chaotic iteration algorithm
http://iss.ices.utexas.edu/?p=projects/galois/benchmarks/single_source_shortest_path

INFO: CommandLine ./build/debug/apps/sssp/sssp -noverify -t 22 -delta 4 -wl capq -startNode 0 /specific/disk1/home/mad/Galois-PQ/inputs/road/USA-road-d.USA.gr
INFO: Hostname rack-castor
Read 23947347 nodes
Running Asynchronous with CAS version
INFO: Using delta-step of 1
WARNING: Performance varies considerably due to delta parameter.
WARNING: Do not expect the default to be good for your graph.
Node 1 has distance 2025
STATTYPE,LOOP,CATEGORY,n,sum,T0,T1,T2,T3,T4,T5,T6,T7,T8,T9,T10,T11,T12,T13,T14,T15,T16,T17,T18,T19,T20,T21
STAT,(NULL),BadWork,22,24044962785,1051059821,1200577813,1096710582,1140042687,1081349446,1215692829,1038057031,1075711314,1096585367,1141019084,1104988752,1037504312,1117418374,1063091834,1084243698,1129727132,1080660141,1100754196,1110378140,1051914058,1028663384,998812790
STAT,(NULL),BarrierTime,22,3501741,424347,305585,273944,253194,237475,236777,223896,155505,179900,141468,137696,98588,138784,123936,135300,96964,84242,90540,64476,33291,45308,20525
STAT,(NULL),ConflictTime,22,0,0,0,0,0,0,0,0,0,0,0,0,0,0,0,0,0,0,0,0,0,0,0
STAT,(NULL),Conflicts,22,0,0,0,0,0,0,0,0,0,0,0,0,0,0,0,0,0,0,0,0,0,0,0
STAT,(NULL),EmptyPopTime,22,122480231,5303472,3181996,6028984,5471321,6194168,5646761,6284904,7416341,7798592,4679438,5602192,6545240,5970398,5615200,5810246,5690749,5749216,3261792,5177469,5904783,4132824,5014145
STAT,(NULL),EmptyWork,22,1203424288,55886519,53383856,52128055,58660107,62114631,55398643,52589053,65498130,52609868,54341999,52265586,52324558,53001461,52752414,59640593,53770533,51747592,52830403,52081886,54946200,52214287,53237914
STAT,(NULL),GaloisTime,22,44610249814,1846643446,1915238432,2049646300,1811246921,1787114153,1871188662,2099407747,2231015585,2082018819,2081005869,2080648442,2054396536,2061114636,2082975413,2156590842,2000497987,2156076505,2014427954,2051624387,1980440159,2115291002,2081640017
STAT,(NULL),InitPushTime,22,1030868,52112,106655,132980,38914,36274,36092,40840,36617,39148,35722,38904,45608,34606,45864,39584,35586,38676,37296,36960,45418,39308,37704
STAT,(NULL),Iterations,22,36882581,1647621,1853699,1679992,1779029,1757512,1816905,1571969,1731977,1684773,1694538,1703896,1587260,1649867,1641484,1652892,1645378,1679773,1656671,1673653,1633176,1589017,1551499
STAT,(NULL),LoopTime,22,13497336426,13497336426,0,0,0,0,0,0,0,0,0,0,0,0,0,0,0,0,0,0,0,0,0
STAT,(NULL),MeminfoPost,22,2222,101,101,101,101,101,101,101,101,101,101,101,101,101,101,101,101,101,101,101,101,101,101
STAT,(NULL),MeminfoPre,22,2222,101,101,101,101,101,101,101,101,101,101,101,101,101,101,101,101,101,101,101,101,101,101
STAT,(NULL),NumaPost,22,27262,26190,247,657,168,0,0,0,0,0,0,0,0,0,0,0,0,0,0,0,0,0,0
STAT,(NULL),PopTime,22,47259580784,2281661474,2231724143,2190116557,2268571315,2259720133,2228516075,2088473175,1954978131,2147648746,2085772790,2140363146,2131272263,2124737947,2120192954,2075498313,2128698932,2108470983,2163324135,2151204454,2162606061,2099903122,2116125935
STAT,(NULL),PushTime,22,104800109690,5103107639,4916051428,4661667418,5203028856,5290080047,5084688382,4655745929,4408036301,4623221236,4674737331,4637374288,4734835854,4702846785,4642426491,4496673376,4850707569,4459916352,4794943717,4701525317,4911490451,4578313952,4668690971
STAT,(NULL),RusageSys,22,108000,108000,0,0,0,0,0,0,0,0,0,0,0,0,0,0,0,0,0,0,0,0,0
STAT,(NULL),RusageUser,22,130772000,130772000,0,0,0,0,0,0,0,0,0,0,0,0,0,0,0,0,0,0,0,0,0
STAT,(NULL),Threads,22,22,22,0,0,0,0,0,0,0,0,0,0,0,0,0,0,0,0,0,0,0,0,0
STAT,(NULL),Time,22,13499076084,13499076084,0,0,0,0,0,0,0,0,0,0,0,0,0,0,0,0,0,0,0,0,0
STAT,(NULL),TotalTime,22,22475036048,22475036048,0,0,0,0,0,0,0,0,0,0,0,0,0,0,0,0,0,0,0,0,0
STAT,(NULL),UserTime,22,89636913295,3781611187,3954638692,4114628268,3727237818,3668995564,3828778671,4171717094,4407270006,4160917147,4173678122,4157960866,4094843433,4126546772,4170252168,4280002704,4034850646,4292256586,4045426773,4112603966,3958826643,4224359365,4149510804
STAT,(NULL),Work,22,287634369573,13074292695,13074281631,13074285510,13074280590,13074281459,13074281661,13074286338,13074309292,13074284116,13074284061,13074283144,13074307866,13074294044,13074285324,13074287616,13074285479,13074288068,13074284798,13074308275,13074283882,13074284860,13074308864
STAT,(NULL),nBad,22,24463110,1069840,1245797,1104125,1173092,1116111,1255667,1050717,1092338,1110274,1164355,1125205,1052178,1133791,1071931,1094424,1151948,1096588,1117337,1127937,1067156,1037695,1004604
STAT,(NULL),nEmpty,22,3685994,170066,182195,159030,206911,213635,194522,148770,190089,158689,164084,159949,152602,160218,150762,174361,163408,151429,161379,160100,168289,147055,148451
STAT,(NULL),nEmptyPop,22,41412,2122,893,2287,2024,2380,1810,2213,1740,2605,1651,2483,1705,1660,2279,1888,2480,2079,997,1426,1816,1580,1294
STAT,(NULL),nOverall,22,82796451,3672797,4166363,3793340,3911112,3836992,4041751,3551268,3895050,3804463,3818336,3852304,3574005,3715397,3715224,3694793,3689979,3817666,3720873,3782287,3647649,3602399,3492403
STAT,(NULL),nPop,22,36882581,1647621,1853699,1679992,1779029,1757512,1816905,1571969,1731977,1684773,1694538,1703896,1587260,1649867,1641484,1652892,1645378,1679773,1656671,1673653,1633176,1589017,1551499
STAT,(NULL),nPush,22,36882578,1632726,1855606,1689916,1736255,1703646,1794421,1582214,1749045,1696076,1700245,1719469,1591670,1653285,1657076,1648680,1640425,1705739,1656173,1684185,1621919,1607083,1556724
STAT,(NULL),nPushInit,22,3,1,1,1,0,0,0,0,0,0,0,0,0,0,0,0,0,0,0,0,0,0,0
==== BENCHMARK TOOK 11.030
==== BENCHMARK START ===
==== PARAMS kernel=4.9.5-64-net1 malloc=libc hostname=rack-castor threads=22 delta=4 prog=sssp-capq  ===
Galois Benchmark Suite v2.2.1 (r0)
Copyright (C) 2014 The University of Texas at Austin
http://iss.ices.utexas.edu/galois/

application: Single Source Shortest Path
Computes the shortest path from a source node to all nodes in a directed graph using a modified chaotic iteration algorithm
http://iss.ices.utexas.edu/?p=projects/galois/benchmarks/single_source_shortest_path

INFO: CommandLine ./build/debug/apps/sssp/sssp -noverify -t 22 -delta 4 -wl capq -startNode 0 /specific/disk1/home/mad/Galois-PQ/inputs/road/USA-road-d.USA.gr
INFO: Hostname rack-castor
Read 23947347 nodes
Running Asynchronous with CAS version
INFO: Using delta-step of 1
WARNING: Performance varies considerably due to delta parameter.
WARNING: Do not expect the default to be good for your graph.
Node 1 has distance 2025
STATTYPE,LOOP,CATEGORY,n,sum,T0,T1,T2,T3,T4,T5,T6,T7,T8,T9,T10,T11,T12,T13,T14,T15,T16,T17,T18,T19,T20,T21
STAT,(NULL),BadWork,22,24783827576,1116203300,1273727633,996075878,1131030279,1198413054,1284777055,1056458188,1104386350,1029448222,1129100914,1215074515,1117199504,1025699424,1026596973,1097438689,1123295278,1140389002,1158087909,1054216206,1188333183,1166760847,1151115173
STAT,(NULL),BarrierTime,22,3407318,488592,315905,255249,263457,242643,244352,206632,93764,123326,146800,89650,155484,115790,98284,143616,51264,105749,101348,45175,31664,63186,25388
STAT,(NULL),ConflictTime,22,0,0,0,0,0,0,0,0,0,0,0,0,0,0,0,0,0,0,0,0,0,0,0
STAT,(NULL),Conflicts,22,0,0,0,0,0,0,0,0,0,0,0,0,0,0,0,0,0,0,0,0,0,0,0
STAT,(NULL),EmptyPopTime,22,89305526,3202292,1534786,2946295,3275026,2420989,2560502,3740901,5343103,4718472,4028312,4084603,2645724,5657216,5036532,5608604,5882831,3157016,3402620,5955393,6392687,3184111,4527511
STAT,(NULL),EmptyWork,22,1221654295,55684280,54967190,66246952,64725807,56684975,55440498,53802004,56071449,58331316,53458456,55999108,53430115,50922687,52514624,54354598,54072707,55153113,53307711,54631393,54897576,53753792,53203944
STAT,(NULL),GaloisTime,22,45060875326,2265119395,1894873483,1923881808,1772838919,1856185408,1895894293,2148329309,2437336924,2026025480,2103891055,2107277219,2029168344,2106447993,2116888300,2012145838,2019456650,2009311100,2163795720,2074347294,1980480952,2066138904,2051040938
STAT,(NULL),InitPushTime,22,1146503,21488,107797,116752,36535,36089,35782,40600,67151,65853,39220,64922,38104,55924,63763,43668,60444,34760,37032,61878,47432,33993,37316
STAT,(NULL),Iterations,22,37086078,1760122,1838601,1552530,1761494,1812682,1844061,1579007,1748578,1577789,1640771,1821853,1667978,1599813,1571525,1651025,1642501,1658543,1716056,1551648,1717674,1707249,1664578
STAT,(NULL),LoopTime,22,13638818568,13638818568,0,0,0,0,0,0,0,0,0,0,0,0,0,0,0,0,0,0,0,0,0
STAT,(NULL),MeminfoPost,22,2222,101,101,101,101,101,101,101,101,101,101,101,101,101,101,101,101,101,101,101,101,101,101
STAT,(NULL),MeminfoPre,22,2222,101,101,101,101,101,101,101,101,101,101,101,101,101,101,101,101,101,101,101,101,101,101
STAT,(NULL),NumaPost,22,26780,25488,253,655,384,0,0,0,0,0,0,0,0,0,0,0,0,0,0,0,0,0,0
STAT,(NULL),PopTime,22,47377223387,2074825957,2267755429,2168160358,2287580275,2254509523,2239025273,2095556398,1926483635,2152980790,2124307519,2156245137,2193974519,2158852176,2153380013,2202044398,2167714697,2145760388,2074059323,2089978317,2182686088,2124053476,2137289698
STAT,(NULL),PushTime,22,104785910339,4222519020,5024771734,5127494438,5360250048,5153868797,5061232520,4581348613,3910508291,4862218328,4657291861,4576329941,4782679695,4620963274,4603645026,4789292544,4827624056,4878408876,4531217252,4808987268,4908582599,4711415779,4785260379
STAT,(NULL),RusageSys,22,100000,100000,0,0,0,0,0,0,0,0,0,0,0,0,0,0,0,0,0,0,0,0,0
STAT,(NULL),RusageUser,22,131424000,131424000,0,0,0,0,0,0,0,0,0,0,0,0,0,0,0,0,0,0,0,0,0
STAT,(NULL),Threads,22,22,22,0,0,0,0,0,0,0,0,0,0,0,0,0,0,0,0,0,0,0,0,0
STAT,(NULL),Time,22,13640714424,13640714424,0,0,0,0,0,0,0,0,0,0,0,0,0,0,0,0,0,0,0,0,0
STAT,(NULL),TotalTime,22,22923813693,22923813693,0,0,0,0,0,0,0,0,0,0,0,0,0,0,0,0,0,0,0,0,0
STAT,(NULL),UserTime,22,90523422117,4517665612,3895117016,3850289153,3650349970,3815348265,3884867521,4256240943,4803273251,4034742344,4196043677,4239077980,4077119809,4196174500,4207550169,4075571620,4064266081,4047229353,4313234780,4105118271,4005977026,4180470815,4107693961
STAT,(NULL),Work,22,289060089086,13139100112,13139090927,13139091611,13139090964,13139091091,13139091410,13139116717,13139113408,13139088463,13139091452,13139088186,13139092906,13139091204,13139090725,13139092806,13139092760,13139091773,13139092578,13139090410,13139090380,13139093169,13139116034
STAT,(NULL),nBad,22,24874680,1121900,1298070,999078,1158519,1224044,1307530,1040267,1087320,1024809,1126824,1225499,1112666,1013497,1009687,1095533,1128097,1159677,1163600,1051929,1195874,1175313,1154947
STAT,(NULL),nEmpty,22,3734564,165063,191080,193829,228258,198551,195384,149080,157868,163522,157190,184634,158509,146138,146189,158948,162545,162736,159976,155285,175138,164403,160238
STAT,(NULL),nEmptyPop,22,24570,1494,384,909,893,742,800,948,732,1133,1285,1377,747,1487,876,1335,1177,963,855,1817,2190,1068,1358
STAT,(NULL),nOverall,22,83208021,4027086,4096830,3375055,3811513,4015945,4100563,3562358,4029038,3525559,3699714,4091110,3756322,3623521,3556510,3725156,3684221,3719666,3900214,3477638,3836777,3842922,3750303
STAT,(NULL),nPop,22,37086078,1760122,1838601,1552530,1761494,1812682,1844061,1579007,1748578,1577789,1640771,1821853,1667978,1599813,1571525,1651025,1642501,1658543,1716056,1551648,1717674,1707249,1664578
STAT,(NULL),nPush,22,37086075,1813479,1820634,1498496,1689477,1785211,1821939,1588231,1817908,1568327,1647440,1827134,1672558,1617299,1584823,1659444,1638994,1655586,1745047,1545384,1704556,1716072,1668036
STAT,(NULL),nPushInit,22,3,1,1,1,0,0,0,0,0,0,0,0,0,0,0,0,0,0,0,0,0,0,0
==== BENCHMARK TOOK 11.212
==== BENCHMARK START ===
==== PARAMS kernel=4.9.5-64-net1 malloc=libc hostname=rack-castor threads=22 delta=4 prog=sssp-capq  ===
Galois Benchmark Suite v2.2.1 (r0)
Copyright (C) 2014 The University of Texas at Austin
http://iss.ices.utexas.edu/galois/

application: Single Source Shortest Path
Computes the shortest path from a source node to all nodes in a directed graph using a modified chaotic iteration algorithm
http://iss.ices.utexas.edu/?p=projects/galois/benchmarks/single_source_shortest_path

INFO: CommandLine ./build/debug/apps/sssp/sssp -noverify -t 22 -delta 4 -wl capq -startNode 0 /specific/disk1/home/mad/Galois-PQ/inputs/road/USA-road-d.USA.gr
INFO: Hostname rack-castor
Read 23947347 nodes
Running Asynchronous with CAS version
INFO: Using delta-step of 1
WARNING: Performance varies considerably due to delta parameter.
WARNING: Do not expect the default to be good for your graph.
Node 1 has distance 2025
STATTYPE,LOOP,CATEGORY,n,sum,T0,T1,T2,T3,T4,T5,T6,T7,T8,T9,T10,T11,T12,T13,T14,T15,T16,T17,T18,T19,T20,T21
STAT,(NULL),BadWork,22,23808787075,1075520535,1167533716,931409702,1177411801,1116925548,1146216771,1165687576,1152800090,1046511657,1094387327,1072589108,1098627808,1089691435,1111834322,1060498823,996633702,1048210756,968962342,1108628533,1128420419,1036323404,1013961700
STAT,(NULL),BarrierTime,22,3136189,446602,285909,239460,234814,234434,216875,204839,89924,154053,164877,106353,117354,123622,132498,62270,58980,3898,60108,57759,62908,58524,20128
STAT,(NULL),ConflictTime,22,0,0,0,0,0,0,0,0,0,0,0,0,0,0,0,0,0,0,0,0,0,0,0
STAT,(NULL),Conflicts,22,0,0,0,0,0,0,0,0,0,0,0,0,0,0,0,0,0,0,0,0,0,0,0
STAT,(NULL),EmptyPopTime,22,142517558,6287415,5329374,5245348,5948129,7352581,5503608,6481465,9383345,7273202,7184010,6611324,5341010,7828699,6256897,3972489,7123360,5637362,3993122,6563118,8729228,4810916,9661556
STAT,(NULL),EmptyWork,22,1206326077,51534789,52715425,66238780,53376075,55447730,54075458,55093140,53659223,53521449,53694984,62576827,52035844,53456292,52314996,52705540,53938085,63227662,57567326,52054493,52274139,52837123,51980697
STAT,(NULL),GaloisTime,22,44000712603,1973228295,1848423891,1861852437,1853738949,1812477577,1848456852,2299566608,2274351116,1984055107,1894195703,2224199224,1967770123,1995331905,1969789068,2007338644,2085245524,2090744683,1922860752,1997260024,1998089524,2015391941,2076344656
STAT,(NULL),InitPushTime,22,1029225,27903,111019,107716,36447,36723,36007,40848,67239,38972,35336,43764,41668,38484,34086,65245,39672,39000,37264,38592,36532,38740,37968
STAT,(NULL),Iterations,22,37180869,1644106,1797560,1514132,1795666,1769597,1790159,1836238,1848757,1654235,1692570,1754346,1698452,1669429,1688403,1645633,1533690,1662359,1569999,1700239,1715287,1610267,1589745
STAT,(NULL),LoopTime,22,13437425902,13437425902,0,0,0,0,0,0,0,0,0,0,0,0,0,0,0,0,0,0,0,0,0
STAT,(NULL),MeminfoPost,22,2222,101,101,101,101,101,101,101,101,101,101,101,101,101,101,101,101,101,101,101,101,101,101
STAT,(NULL),MeminfoPre,22,2222,101,101,101,101,101,101,101,101,101,101,101,101,101,101,101,101,101,101,101,101,101,101
STAT,(NULL),NumaPost,22,26913,25637,463,645,168,0,0,0,0,0,0,0,0,0,0,0,0,0,0,0,0,0,0
STAT,(NULL),PopTime,22,45125737816,2108987589,2147499161,2086036062,2137492834,2139038970,2144967398,1879524559,1874596820,2057931155,2112927286,1896362666,2078652125,2074326823,2060118858,2061155204,1981964134,2007665058,2076604364,2065069996,2064507589,2060379412,2009929753
STAT,(NULL),PushTime,22,103828923110,4745145566,4987190844,5105191838,5018831644,5113999534,5029940923,4030767716,4111117552,4777836540,4948853596,4249088421,4775620680,4708434649,4800864398,4687608057,4595292227,4526858091,4952287375,4723683260,4703447657,4656674505,4580188037
STAT,(NULL),RusageSys,22,116000,116000,0,0,0,0,0,0,0,0,0,0,0,0,0,0,0,0,0,0,0,0,0
STAT,(NULL),RusageUser,22,128556000,128556000,0,0,0,0,0,0,0,0,0,0,0,0,0,0,0,0,0,0,0,0,0
STAT,(NULL),Threads,22,22,22,0,0,0,0,0,0,0,0,0,0,0,0,0,0,0,0,0,0,0,0,0
STAT,(NULL),Time,22,13439837829,13439837829,0,0,0,0,0,0,0,0,0,0,0,0,0,0,0,0,0,0,0,0,0
STAT,(NULL),TotalTime,22,22500386024,22500386024,0,0,0,0,0,0,0,0,0,0,0,0,0,0,0,0,0,0,0,0,0
STAT,(NULL),UserTime,22,88476588821,3968484048,3812515718,3729108499,3784287622,3725356024,3770731039,4582240445,4530562495,3973056578,3836819091,4414832266,3974252938,4014294197,3964329355,4040891018,4130109346,4159542316,3840359221,4009044154,4026625777,4063578083,4125568591
STAT,(NULL),Work,22,282782491871,12853751583,12853747881,12853750364,12853748120,12853748385,12853748636,12853747894,12853747173,12853747799,12853748655,12853747175,12853749582,12853748133,12853748484,12853749932,12853750688,12853763292,12853750760,12853747726,12853748835,12853749980,12853750794
STAT,(NULL),nBad,22,25061795,1141104,1237701,968568,1254254,1186419,1217805,1218364,1218793,1104009,1160284,1119904,1148748,1148234,1175369,1108985,1034792,1102861,1003745,1169854,1197913,1085776,1058313
STAT,(NULL),nEmpty,22,3770483,158981,184299,184814,187220,193862,189500,170001,169189,166415,175136,192739,164802,161466,167111,159540,145264,189459,174689,164854,167358,154537,149247
STAT,(NULL),nEmptyPop,22,41438,1948,1497,1566,1623,2686,1860,2032,2551,1520,2483,1706,1455,1628,1806,852,2329,1459,1232,1982,2187,1290,3746
STAT,(NULL),nOverall,22,83395136,3708082,4011155,3293431,4003475,3915589,3981188,4202771,4250100,3702457,3775423,3948370,3818317,3758330,3791047,3703465,3454031,3689617,3466799,3830568,3867355,3631312,3592254
STAT,(NULL),nPop,22,37180869,1644106,1797560,1514132,1795666,1769597,1790159,1836238,1848757,1654235,1692570,1754346,1698452,1669429,1688403,1645633,1533690,1662359,1569999,1700239,1715287,1610267,1589745
STAT,(NULL),nPush,22,37180866,1650572,1785554,1461110,1779189,1740166,1769673,1891246,1911338,1649344,1677992,1774287,1701569,1673129,1687245,1651479,1540343,1647078,1540829,1704979,1722441,1617541,1603762
STAT,(NULL),nPushInit,22,3,1,1,1,0,0,0,0,0,0,0,0,0,0,0,0,0,0,0,0,0,0,0
==== BENCHMARK TOOK 11.005
==== BENCHMARK START ===
==== PARAMS kernel=4.9.5-64-net1 malloc=libc hostname=rack-castor threads=22 delta=4 prog=sssp-capq  ===
Galois Benchmark Suite v2.2.1 (r0)
Copyright (C) 2014 The University of Texas at Austin
http://iss.ices.utexas.edu/galois/

application: Single Source Shortest Path
Computes the shortest path from a source node to all nodes in a directed graph using a modified chaotic iteration algorithm
http://iss.ices.utexas.edu/?p=projects/galois/benchmarks/single_source_shortest_path

INFO: CommandLine ./build/debug/apps/sssp/sssp -noverify -t 22 -delta 4 -wl capq -startNode 0 /specific/disk1/home/mad/Galois-PQ/inputs/road/USA-road-d.USA.gr
INFO: Hostname rack-castor
Read 23947347 nodes
Running Asynchronous with CAS version
INFO: Using delta-step of 1
WARNING: Performance varies considerably due to delta parameter.
WARNING: Do not expect the default to be good for your graph.
Node 1 has distance 2025
STATTYPE,LOOP,CATEGORY,n,sum,T0,T1,T2,T3,T4,T5,T6,T7,T8,T9,T10,T11,T12,T13,T14,T15,T16,T17,T18,T19,T20,T21
STAT,(NULL),BadWork,22,24965953951,1114948102,1264576251,1096678293,1258126742,1246492892,1226596886,1114889291,1099772780,1191217962,1100294581,1046220687,1181475340,1135634522,1037536789,1092037380,1116652909,1110767291,1116102731,1134354461,1017298835,1157989205,1106290021
STAT,(NULL),BarrierTime,22,3290526,443164,312488,259770,258550,257405,230172,182208,116962,119919,119308,123258,79810,136705,78076,134392,13515,70176,73627,63009,73908,73596,70508
STAT,(NULL),ConflictTime,22,0,0,0,0,0,0,0,0,0,0,0,0,0,0,0,0,0,0,0,0,0,0,0
STAT,(NULL),Conflicts,22,0,0,0,0,0,0,0,0,0,0,0,0,0,0,0,0,0,0,0,0,0,0,0
STAT,(NULL),EmptyPopTime,22,188597422,9311380,8963288,5598422,6679591,9377612,7873115,10438334,8498582,8875001,5818826,9538934,10739698,7250850,9364165,4978148,11463151,9312708,9410801,8058812,8851724,8778972,9415308
STAT,(NULL),EmptyWork,22,1235720986,53237678,56666699,66271966,55720014,56334942,56644986,53720365,54112326,53712221,54608360,56627215,52523468,54145428,59804437,54039462,54128472,54372558,63497481,55015809,56033815,57274266,57229018
STAT,(NULL),GaloisTime,22,44932167009,1864480928,1875531869,2208205317,1920515092,1853069423,1842775026,2124942693,2055762257,2015497803,2043286594,2030996681,2063738254,2089343184,1954182151,2072155082,2014073964,2050044591,2254129813,2036652805,2009178256,2194163785,2359441441
STAT,(NULL),InitPushTime,22,1232330,31540,73043,130240,72263,73578,36223,56162,67716,66300,66117,65538,64959,38352,64233,39268,61002,38836,37328,37104,36652,37964,37912
STAT,(NULL),Iterations,22,37507441,1683637,1824297,1724242,1848602,1808458,1792218,1690292,1613707,1784484,1681705,1565642,1769823,1692819,1609230,1620100,1668822,1665821,1765122,1664982,1556019,1715348,1762071
STAT,(NULL),LoopTime,22,13464364644,13464364644,0,0,0,0,0,0,0,0,0,0,0,0,0,0,0,0,0,0,0,0,0
STAT,(NULL),MeminfoPost,22,2222,101,101,101,101,101,101,101,101,101,101,101,101,101,101,101,101,101,101,101,101,101,101
STAT,(NULL),MeminfoPre,22,2222,101,101,101,101,101,101,101,101,101,101,101,101,101,101,101,101,101,101,101,101,101,101
STAT,(NULL),NumaPost,22,26774,25484,248,659,383,0,0,0,0,0,0,0,0,0,0,0,0,0,0,0,0,0,0
STAT,(NULL),PopTime,22,44979107615,2151539987,2144391004,1923374203,2119780216,2153097835,2160115922,2010544486,2052033218,2041014689,2049790783,2029422854,2058072836,2005062638,2087268537,2051696427,2069655419,2048472054,1891585259,2052252489,2057947772,1957388730,1864600257
STAT,(NULL),PushTime,22,103898227252,5090418786,5034009148,4390138861,4974149453,5101211688,5145699651,4541773907,4706778616,4809803900,4721386433,4814079570,4634363454,4663587057,4939893902,4629301688,4771234056,4690819706,4286923360,4741931945,4849447586,4367031703,3994242782
STAT,(NULL),RusageSys,22,152000,152000,0,0,0,0,0,0,0,0,0,0,0,0,0,0,0,0,0,0,0,0,0
STAT,(NULL),RusageUser,22,129680000,129680000,0,0,0,0,0,0,0,0,0,0,0,0,0,0,0,0,0,0,0,0,0
STAT,(NULL),Threads,22,22,22,0,0,0,0,0,0,0,0,0,0,0,0,0,0,0,0,0,0,0,0,0
STAT,(NULL),Time,22,13466272152,13466272152,0,0,0,0,0,0,0,0,0,0,0,0,0,0,0,0,0,0,0,0,0
STAT,(NULL),TotalTime,22,22613949840,22613949840,0,0,0,0,0,0,0,0,0,0,0,0,0,0,0,0,0,0,0,0,0
STAT,(NULL),UserTime,22,90105401639,3800975133,3850403276,4376374859,3893123725,3796872525,3756857227,4228543235,4092778541,4041057522,4095073206,4029298284,4150525986,4150578521,3919451027,4157795393,4049409395,4116942785,4464418636,4076051526,3988505567,4385329756,4685035514
STAT,(NULL),Work,22,285341008636,12970056604,12970045576,12970046798,12970045121,12970044263,12970045419,12970043511,12970044754,12970042395,12970045334,12970044500,12970042624,12970045478,12970042701,12970048428,12970043072,12970048670,12970045215,12970044421,12970050252,12970048176,12970045324
STAT,(NULL),nBad,22,25798707,1149717,1320072,1130074,1315464,1299998,1278936,1158640,1131745,1252467,1135462,1073370,1229890,1184207,1070820,1112108,1154032,1145954,1143455,1176924,1033406,1179822,1122144
STAT,(NULL),nEmpty,22,3819940,174831,193234,191291,191154,197539,198237,162109,158231,175478,162805,163684,168322,165954,178431,156729,164497,164034,194527,163318,162996,169938,162601
STAT,(NULL),nEmptyPop,22,62856,3659,3089,1598,2076,2999,2969,2851,2510,2970,1748,2413,3374,2675,3446,2058,2991,3253,3333,3179,3434,2773,3458
STAT,(NULL),nOverall,22,84132048,3754808,4055138,3871592,4130396,4008762,3970572,3818716,3627853,4017653,3790258,3495164,3995019,3806592,3558287,3644671,3742116,3742962,3973311,3744464,3466120,3885376,4032218
STAT,(NULL),nPop,22,37507441,1683637,1824297,1724242,1848602,1808458,1792218,1690292,1613707,1784484,1681705,1565642,1769823,1692819,1609230,1620100,1668822,1665821,1765122,1664982,1556019,1715348,1762071
STAT,(NULL),nPush,22,37507438,1669922,1800476,1737219,1837866,1777492,1761915,1704836,1616200,1791492,1688918,1552988,1782195,1696820,1582998,1623538,1666490,1667180,1785133,1664997,1541675,1739720,1817368
STAT,(NULL),nPushInit,22,3,1,1,1,0,0,0,0,0,0,0,0,0,0,0,0,0,0,0,0,0,0,0
==== BENCHMARK TOOK 11.199
==== BENCHMARK START ===
==== PARAMS kernel=4.9.5-64-net1 malloc=libc hostname=rack-castor threads=22 delta=4 prog=sssp-capq  ===
Galois Benchmark Suite v2.2.1 (r0)
Copyright (C) 2014 The University of Texas at Austin
http://iss.ices.utexas.edu/galois/

application: Single Source Shortest Path
Computes the shortest path from a source node to all nodes in a directed graph using a modified chaotic iteration algorithm
http://iss.ices.utexas.edu/?p=projects/galois/benchmarks/single_source_shortest_path

INFO: CommandLine ./build/debug/apps/sssp/sssp -noverify -t 22 -delta 4 -wl capq -startNode 0 /specific/disk1/home/mad/Galois-PQ/inputs/road/USA-road-d.USA.gr
INFO: Hostname rack-castor
Read 23947347 nodes
Running Asynchronous with CAS version
INFO: Using delta-step of 1
WARNING: Performance varies considerably due to delta parameter.
WARNING: Do not expect the default to be good for your graph.
Node 1 has distance 2025
STATTYPE,LOOP,CATEGORY,n,sum,T0,T1,T2,T3,T4,T5,T6,T7,T8,T9,T10,T11,T12,T13,T14,T15,T16,T17,T18,T19,T20,T21
STAT,(NULL),BadWork,22,23857629317,1123258170,1114629160,1086198376,1194433535,1138512080,1117826643,1000426635,902531421,1178686852,1057251569,1008828898,1055142111,1094876023,1035302423,1106886819,1075507989,1152544392,1141549351,1050145993,1063741965,1081215923,1078132989
STAT,(NULL),BarrierTime,22,3819534,467316,313990,268711,258602,258613,244561,232772,181968,172805,163908,187444,152525,126093,141036,142613,63510,85740,74669,79055,31676,85984,85943
STAT,(NULL),ConflictTime,22,0,0,0,0,0,0,0,0,0,0,0,0,0,0,0,0,0,0,0,0,0,0,0
STAT,(NULL),Conflicts,22,0,0,0,0,0,0,0,0,0,0,0,0,0,0,0,0,0,0,0,0,0,0,0
STAT,(NULL),EmptyPopTime,22,147376061,7554234,7272472,7112403,6935675,8318642,6914788,6350332,5304408,5484714,7653042,8267548,9037026,7762744,6945688,5793010,4339362,6074636,5082908,6584974,5180374,6889276,6517805
STAT,(NULL),EmptyWork,22,1204423964,51105980,56027037,55336701,52961732,54668340,56934808,74342051,64304260,53893495,51374655,51675914,52525451,53994716,53613153,51867587,51625034,52973358,55934386,53898826,51399553,51848884,52118043
STAT,(NULL),GaloisTime,22,44256132043,1961264786,1813899739,2099010022,1868873919,1846895948,1812208583,2189948473,1951840104,2303539147,2071702117,2062457304,2067133200,1996804278,2048633785,2019775685,2023947555,1919174701,2065711437,2056975214,2041773344,2022861057,2011701645
STAT,(NULL),InitPushTime,22,1017441,21704,108605,106104,38932,38365,35734,40548,40408,39680,39084,38676,39316,38900,38864,38964,39036,38636,36956,36756,86913,37640,37620
STAT,(NULL),Iterations,22,37125036,1704431,1771499,1674949,1818713,1794396,1776631,1644842,1485409,1944852,1660356,1595251,1632344,1659198,1603075,1665389,1699221,1722392,1725439,1603194,1645311,1636554,1661590
STAT,(NULL),LoopTime,22,13543957792,13543957792,0,0,0,0,0,0,0,0,0,0,0,0,0,0,0,0,0,0,0,0,0
STAT,(NULL),MeminfoPost,22,2222,101,101,101,101,101,101,101,101,101,101,101,101,101,101,101,101,101,101,101,101,101,101
STAT,(NULL),MeminfoPre,22,2222,101,101,101,101,101,101,101,101,101,101,101,101,101,101,101,101,101,101,101,101,101,101
STAT,(NULL),NumaPost,22,27271,25993,464,646,168,0,0,0,0,0,0,0,0,0,0,0,0,0,0,0,0,0,0
STAT,(NULL),PopTime,22,47304090443,2269685786,2271774026,2072912951,2242352953,2249100421,2264872307,1964448439,2130944043,1979152101,2135278293,2123773310,2112027598,2171522208,2122691910,2162489264,2165662699,2213342560,2117813205,2107539428,2110527209,2149010761,2167168971
STAT,(NULL),PushTime,22,105780233220,4831139842,5183218787,4643567166,5058416113,5142687848,5201329952,4533871334,5070302697,4120848482,4678226073,4730449737,4717676910,4843165784,4768284810,4759560851,4723502176,4963436256,4699210484,4768456886,4789423022,4771569332,4781888678
STAT,(NULL),RusageSys,22,144000,144000,0,0,0,0,0,0,0,0,0,0,0,0,0,0,0,0,0,0,0,0,0
STAT,(NULL),RusageUser,22,130780000,130780000,0,0,0,0,0,0,0,0,0,0,0,0,0,0,0,0,0,0,0,0,0
STAT,(NULL),Threads,22,22,22,0,0,0,0,0,0,0,0,0,0,0,0,0,0,0,0,0,0,0,0,0
STAT,(NULL),Time,22,13545916120,13545916120,0,0,0,0,0,0,0,0,0,0,0,0,0,0,0,0,0,0,0,0,0
STAT,(NULL),TotalTime,22,22309236372,22309236372,0,0,0,0,0,0,0,0,0,0,0,0,0,0,0,0,0,0,0,0,0
STAT,(NULL),UserTime,22,89042461219,3958098070,3746661947,4200911805,3849310712,3777178370,3736592049,4309890695,3856156232,4615933870,4134615276,4102226361,4120446089,4005602520,4078681830,4079365376,4109776616,3923848611,4135096331,4085396722,4080546815,4076670050,4059454872
STAT,(NULL),Work,22,287736524020,13078954024,13078925995,13078926236,13078927339,13078926211,13078927121,13078927568,13078927020,13078939477,13078947480,13078926474,13078923669,13078952318,13078927316,13078937229,13078943840,13078929170,13078939167,13078937339,13078923372,13078928568,13078927087
STAT,(NULL),nBad,22,24956734,1178866,1181741,1127569,1261207,1199094,1183596,1025682,938214,1237024,1104355,1043268,1101976,1150618,1070611,1151880,1128050,1214932,1199194,1094541,1115805,1119559,1128952
STAT,(NULL),nEmpty,22,3726886,165869,194195,166013,185906,191332,199559,206823,179036,175014,155100,150335,155849,162314,157520,158707,160327,173452,167743,152855,155425,154790,158722
STAT,(NULL),nEmptyPop,22,41814,2274,2396,2162,2258,2251,2194,1839,1735,1393,1292,1929,2213,1841,1947,1478,1280,1922,1599,1751,1329,2589,2142
STAT,(NULL),nOverall,22,83290075,3837114,3911989,3769759,4066241,3979552,3916770,3633352,3245584,4462119,3757066,3594775,3681721,3730516,3600682,3754445,3840609,3855298,3891893,3611773,3716449,3690663,3741705
STAT,(NULL),nPop,22,37125036,1704431,1771499,1674949,1818713,1794396,1776631,1644842,1485409,1944852,1660356,1595251,1632344,1659198,1603075,1665389,1699221,1722392,1725439,1603194,1645311,1636554,1661590
STAT,(NULL),nPush,22,37125033,1709581,1738840,1682748,1807164,1769146,1739608,1627887,1443073,2011002,1677133,1605134,1641083,1659460,1603753,1673198,1713390,1713907,1735088,1606503,1657415,1644986,1664934
STAT,(NULL),nPushInit,22,3,1,1,1,0,0,0,0,0,0,0,0,0,0,0,0,0,0,0,0,0,0,0
==== BENCHMARK TOOK 10.939
==== BENCHMARK START ===
==== PARAMS kernel=4.9.5-64-net1 malloc=libc hostname=rack-castor threads=22 delta=4 prog=sssp-capq  ===
Galois Benchmark Suite v2.2.1 (r0)
Copyright (C) 2014 The University of Texas at Austin
http://iss.ices.utexas.edu/galois/

application: Single Source Shortest Path
Computes the shortest path from a source node to all nodes in a directed graph using a modified chaotic iteration algorithm
http://iss.ices.utexas.edu/?p=projects/galois/benchmarks/single_source_shortest_path

INFO: CommandLine ./build/debug/apps/sssp/sssp -noverify -t 22 -delta 4 -wl capq -startNode 0 /specific/disk1/home/mad/Galois-PQ/inputs/road/USA-road-d.USA.gr
INFO: Hostname rack-castor
Read 23947347 nodes
Running Asynchronous with CAS version
INFO: Using delta-step of 1
WARNING: Performance varies considerably due to delta parameter.
WARNING: Do not expect the default to be good for your graph.
Node 1 has distance 2025
STATTYPE,LOOP,CATEGORY,n,sum,T0,T1,T2,T3,T4,T5,T6,T7,T8,T9,T10,T11,T12,T13,T14,T15,T16,T17,T18,T19,T20,T21
STAT,(NULL),BadWork,22,25338610650,1065437024,1196347983,1275411056,1252077856,1245807717,1234066715,984449276,1114129963,1226491893,1158070027,1124091612,1118450987,1191075144,1193657080,1094797767,1067343291,1122129104,1049532443,1080142693,1201798839,1197908559,1145393621
STAT,(NULL),BarrierTime,22,3077037,462828,296257,211907,241554,241050,222959,186731,125800,135779,70770,134541,105343,104388,106216,90372,56574,63344,39488,49479,32151,36824,62682
STAT,(NULL),ConflictTime,22,0,0,0,0,0,0,0,0,0,0,0,0,0,0,0,0,0,0,0,0,0,0,0
STAT,(NULL),Conflicts,22,0,0,0,0,0,0,0,0,0,0,0,0,0,0,0,0,0,0,0,0,0,0,0
STAT,(NULL),EmptyPopTime,22,164994297,5675020,6818591,10261671,5568222,11355880,7743939,5380176,8628952,9389161,6527936,8079471,6306215,6980916,7842140,7261460,7122498,8671644,5540264,9146414,8576702,5911618,6205407
STAT,(NULL),EmptyWork,22,1237272603,69681642,58296644,59913135,54521772,55455058,54260786,68046410,54460267,55186875,54218542,54034983,53611285,56014482,54321647,53260108,54089909,53730472,53938114,54477820,54736412,55821415,55194825
STAT,(NULL),GaloisTime,22,44433810945,2082538407,1792873188,2663864288,1864393447,1865676046,1863651375,1825117910,2014353465,1933211771,2061542091,2100889484,1989986246,2305751693,1933584187,2054302000,1988581548,1988738619,2075056894,1935881303,1994763749,2188729589,1910323645
STAT,(NULL),InitPushTime,22,1087658,28392,73593,151030,36960,36669,36262,37000,64536,64956,66272,65064,38528,38416,38048,44180,42466,38744,37332,40260,36684,34374,37892
STAT,(NULL),Iterations,22,37697151,1685076,1760265,1997551,1808859,1812492,1809838,1558116,1635427,1756690,1729965,1620840,1657597,1788345,1716779,1632376,1580646,1659327,1581563,1656136,1742398,1821565,1685300
STAT,(NULL),LoopTime,22,13201855428,13201855428,0,0,0,0,0,0,0,0,0,0,0,0,0,0,0,0,0,0,0,0,0
STAT,(NULL),MeminfoPost,22,2222,101,101,101,101,101,101,101,101,101,101,101,101,101,101,101,101,101,101,101,101,101,101
STAT,(NULL),MeminfoPre,22,2222,101,101,101,101,101,101,101,101,101,101,101,101,101,101,101,101,101,101,101,101,101,101
STAT,(NULL),NumaPost,22,27344,26050,249,661,384,0,0,0,0,0,0,0,0,0,0,0,0,0,0,0,0,0,0
STAT,(NULL),PopTime,22,44100399021,1997052498,2102483317,1612496765,2094438888,2085598211,2100973077,2069282934,2001428466,2036627207,1990919589,1946783086,2037035195,1846803438,2043926226,1993406689,2033212149,2044861070,1965598257,2058371455,2026077186,1922898392,2090124926
STAT,(NULL),PushTime,22,100563276620,4429917530,5071669945,3133847510,4895525907,4879078606,4885669324,5064560341,4608652754,4786909597,4480683268,4443390895,4639207238,3932613101,4781006066,4498610400,4642414429,4592106306,4504168571,4770548123,4627123567,4138987313,4756585829
STAT,(NULL),RusageSys,22,148000,148000,0,0,0,0,0,0,0,0,0,0,0,0,0,0,0,0,0,0,0,0,0
STAT,(NULL),RusageUser,22,127124000,127124000,0,0,0,0,0,0,0,0,0,0,0,0,0,0,0,0,0,0,0,0,0
STAT,(NULL),Threads,22,22,22,0,0,0,0,0,0,0,0,0,0,0,0,0,0,0,0,0,0,0,0,0
STAT,(NULL),Time,22,13203749252,13203749252,0,0,0,0,0,0,0,0,0,0,0,0,0,0,0,0,0,0,0,0,0
STAT,(NULL),TotalTime,22,22485568204,22485568204,0,0,0,0,0,0,0,0,0,0,0,0,0,0,0,0,0,0,0,0,0
STAT,(NULL),UserTime,22,89206507318,4129053811,3681777816,5233534867,3799472679,3816758744,3801624162,3681535366,4026397890,3892594909,4120025938,4160744066,3987776120,4565755956,3893242672,4107080485,3988499667,4025815345,4109619966,3885495303,4002642837,4401572182,3895486537
STAT,(NULL),Work,22,279708100004,12714010264,12714000312,12714026109,12714000786,12714001587,12714001111,12714003186,12714009686,12714000486,12713997452,12714000228,12714000147,12714003394,12714002910,12714004114,12714003954,12714003860,12714028603,12714000221,12714000716,12714000695,12714000183
STAT,(NULL),nBad,22,26200802,1096218,1257830,1293270,1314551,1305833,1298087,1021591,1149125,1281457,1202639,1154373,1158666,1224160,1240213,1124723,1090763,1154773,1069406,1111256,1242556,1229641,1179671
STAT,(NULL),nEmpty,22,3886201,219319,204385,181756,190466,190120,190802,198658,162437,183714,168064,157696,165638,169392,176433,157056,157825,163353,154500,169480,176593,175878,172636
STAT,(NULL),nEmptyPop,22,49494,2584,2387,3303,1993,3483,2069,1733,2297,3079,1287,2018,2107,1710,2604,1676,1804,2752,1608,2594,2494,2481,1431
STAT,(NULL),nOverall,22,84534143,3702191,3865593,4662084,4033165,4036798,4031595,3372360,3665779,3917303,3905224,3662516,3715565,4096257,3835403,3679684,3546027,3722241,3559293,3694101,3903858,4156936,3770170
STAT,(NULL),nPop,22,37697151,1685076,1760265,1997551,1808859,1812492,1809838,1558116,1635427,1756690,1729965,1620840,1657597,1788345,1716779,1632376,1580646,1659327,1581563,1656136,1742398,1821565,1685300
STAT,(NULL),nPush,22,37697148,1657569,1713891,2115982,1791029,1794262,1790503,1495533,1632802,1741544,1744688,1629953,1655691,1840655,1704566,1642147,1577554,1657835,1587386,1645265,1737027,1865130,1676136
STAT,(NULL),nPushInit,22,3,1,1,1,0,0,0,0,0,0,0,0,0,0,0,0,0,0,0,0,0,0,0
==== BENCHMARK TOOK 11.003
