==== BENCHMARK START ===
==== PARAMS kernel=4.9.5-64-net1 malloc=libc hostname=rack-castor threads=44 delta=4 prog=sssp-klsm256mq  ===
ERROR: ld.so: object '/specific/disk1/home/adamx/malloc/lib64/libjemalloc.so' from LD_PRELOAD cannot be preloaded (cannot open shared object file): ignored.
Galois Benchmark Suite v2.2.1 (r0)
Copyright (C) 2014 The University of Texas at Austin
http://iss.ices.utexas.edu/galois/

application: Single Source Shortest Path
Computes the shortest path from a source node to all nodes in a directed graph using a modified chaotic iteration algorithm
http://iss.ices.utexas.edu/?p=projects/galois/benchmarks/single_source_shortest_path

INFO: CommandLine ./build/debug/apps/sssp/sssp -noverify -t 44 -delta 4 -wl klsm256mq -startNode 0 /specific/disk1/home/mad/Galois-PQ/inputs/road/USA-road-t.USA.gr
INFO: Hostname rack-castor
Read 23947347 nodes
Running Asynchronous with CAS version
INFO: Using delta-step of 1
WARNING: Performance varies considerably due to delta parameter.
WARNING: Do not expect the default to be good for your graph.
Node 1 has distance 5062
STATTYPE,LOOP,CATEGORY,n,sum,T0,T1,T2,T3,T4,T5,T6,T7,T8,T9,T10,T11,T12,T13,T14,T15,T16,T17,T18,T19,T20,T21,T22,T23,T24,T25,T26,T27,T28,T29,T30,T31,T32,T33,T34,T35,T36,T37,T38,T39,T40,T41,T42,T43
STAT,(NULL),BadWork,44,9982264157,216734033,253657571,244147721,250332036,253471166,246659748,212225041,248183130,233063814,223921734,214421966,211361624,222630195,220478327,236455056,225629440,227812245,215557061,223195354,217380205,199600546,224395065,231011988,197317363,213713065,234452226,228491317,209868541,225482991,270509106,245954691,220980294,221732628,253744714,207176999,245422250,214885154,205508848,224402454,234522112,250143029,208896950,201358186,215376173
STAT,(NULL),BarrierTime,44,9946982,611168,529372,484188,466950,467738,449945,416327,374358,294594,369716,342963,296832,338572,278230,341732,268256,270884,286768,143817,197388,268784,269956,103745,103470,90345,104807,103546,104414,104017,103970,104730,103778,102900,103757,104116,103406,86081,77151,77572,103530,104523,93987,90658,103941
STAT,(NULL),ConflictTime,44,0,0,0,0,0,0,0,0,0,0,0,0,0,0,0,0,0,0,0,0,0,0,0,0,0,0,0,0,0,0,0,0,0,0,0,0,0,0,0,0,0,0,0,0,0
STAT,(NULL),Conflicts,44,0,0,0,0,0,0,0,0,0,0,0,0,0,0,0,0,0,0,0,0,0,0,0,0,0,0,0,0,0,0,0,0,0,0,0,0,0,0,0,0,0,0,0,0,0
STAT,(NULL),EmptyPopTime,44,1163616122,27258944,27224308,26975132,25085443,25993687,26085707,26484141,26622835,27531050,25876527,27391079,27077593,24748428,28271607,26064015,26079738,26170669,26139754,26530713,26014102,26961684,28717738,26331548,26535054,26710852,26473553,26958759,26506555,24610647,26176527,24748026,26518235,24867206,28234406,26264972,24366566,26213404,26838879,27112113,25627954,25178502,27915799,27432398,26689273
STAT,(NULL),EmptyWork,44,1147473064,25647301,28670000,26420450,26688722,26620031,27710295,25266199,26558265,25061506,25778326,26119653,25830206,25563338,27077679,24947477,26497707,25474957,26553964,25566130,25228630,25748882,25052719,25836307,25923746,25217643,27034297,26232697,25328410,25867992,25836591,26821615,26930524,26064450,26174553,25788860,25662071,26156559,25231041,27219750,26025780,25896399,25266253,26168505,26706584
STAT,(NULL),GaloisTime,44,36118936973,808844263,794829918,820444592,791095935,794273584,798666972,838092726,805330914,842537345,842960726,824081663,826719923,821267533,838657373,843638743,828100753,831746222,824692450,821455490,835900887,828586962,840674571,824899887,812262379,849110744,799706788,829378965,834428286,810736578,797414778,799906859,834547944,822880154,809153710,819118545,829683754,811442890,834453299,787983510,824689950,811143703,861942789,816264887,795187029
STAT,(NULL),InitPushTime,44,2599348,40172,10833,81344,36560,36557,35813,40744,40428,66271,40976,53705,56328,38144,63976,38852,39024,38668,33380,82661,74770,37748,37384,103701,103385,77191,102630,102366,77096,75937,102417,102688,57933,57435,57164,56445,57222,56467,57442,57398,54435,53929,53372,54230,54127
STAT,(NULL),Iterations,44,30182916,683807,755297,707684,756957,755766,757679,633343,732926,633686,629530,679645,661112,665714,639902,616351,659739,640235,669871,663255,655703,636097,625178,674301,693854,621587,760006,679123,652655,714382,759117,760145,660870,680903,726795,693337,690811,709047,642903,753205,683397,725556,603103,683956,754386
STAT,(NULL),LoopTime,44,6357072973,6357072973,0,0,0,0,0,0,0,0,0,0,0,0,0,0,0,0,0,0,0,0,0,0,0,0,0,0,0,0,0,0,0,0,0,0,0,0,0,0,0,0,0,0,0
STAT,(NULL),MeminfoPost,44,2244,51,51,51,51,51,51,51,51,51,51,51,51,51,51,51,51,51,51,51,51,51,51,51,51,51,51,51,51,51,51,51,51,51,51,51,51,51,51,51,51,51,51,51,51
STAT,(NULL),MeminfoPre,44,2244,51,51,51,51,51,51,51,51,51,51,51,51,51,51,51,51,51,51,51,51,51,51,51,51,51,51,51,51,51,51,51,51,51,51,51,51,51,51,51,51,51,51,51,51
STAT,(NULL),NumaPost,44,13283,10541,1700,874,168,0,0,0,0,0,0,0,0,0,0,0,0,0,0,0,0,0,0,0,0,0,0,0,0,0,0,0,0,0,0,0,0,0,0,0,0,0,0,0,0
STAT,(NULL),PopTime,44,66196639482,1503891587,1517713174,1504281420,1515012007,1513478666,1518625444,1489942269,1511806429,1496078072,1493948840,1500755486,1496784117,1509765235,1490891270,1495352645,1505581534,1506278057,1503769582,1512098911,1505790604,1507778647,1496418475,1493931716,1514680876,1494639922,1515380328,1493350186,1496404960,1507803954,1513321472,1509266467,1493453039,1506463652,1507687081,1515948714,1499789987,1507300481,1503176674,1519447680,1493824534,1503492414,1482374050,1510960385,1517898439
STAT,(NULL),PushTime,44,79158637248,1819505313,1799900942,1789578853,1806644255,1807054545,1797947581,1802028686,1803821349,1785653490,1794754451,1799366892,1804366989,1797259637,1794243029,1789369316,1793019592,1793842574,1796810642,1787493505,1785297684,1797991570,1785017216,1812417934,1798211497,1785005330,1800892880,1800657875,1799276523,1805703376,1810565513,1814401653,1805217182,1801521249,1801568830,1792170172,1789597961,1801937307,1790775205,1814790422,1803746426,1804686709,1786661218,1802315625,1805548250
STAT,(NULL),RusageSys,44,4000,4000,0,0,0,0,0,0,0,0,0,0,0,0,0,0,0,0,0,0,0,0,0,0,0,0,0,0,0,0,0,0,0,0,0,0,0,0,0,0,0,0,0,0,0
STAT,(NULL),RusageUser,44,121904000,121904000,0,0,0,0,0,0,0,0,0,0,0,0,0,0,0,0,0,0,0,0,0,0,0,0,0,0,0,0,0,0,0,0,0,0,0,0,0,0,0,0,0,0,0
STAT,(NULL),Threads,44,44,44,0,0,0,0,0,0,0,0,0,0,0,0,0,0,0,0,0,0,0,0,0,0,0,0,0,0,0,0,0,0,0,0,0,0,0,0,0,0,0,0,0,0,0
STAT,(NULL),Time,44,6378954786,6378954786,0,0,0,0,0,0,0,0,0,0,0,0,0,0,0,0,0,0,0,0,0,0,0,0,0,0,0,0,0,0,0,0,0,0,0,0,0,0,0,0,0,0,0
STAT,(NULL),TotalTime,44,13749041698,13749041698,0,0,0,0,0,0,0,0,0,0,0,0,0,0,0,0,0,0,0,0,0,0,0,0,0,0,0,0,0,0,0,0,0,0,0,0,0,0,0,0,0,0,0
STAT,(NULL),UserTime,44,84083599619,1902778656,1919591546,1920228356,1923403207,1920509153,1918896416,1906115545,1913789552,1911067637,1904610498,1910211332,1907148850,1909327243,1908785940,1908560096,1908648870,1904416365,1909965056,1914781599,1909694118,1900863675,1912048833,1904512338,1910315726,1907245095,1918441263,1911352708,1905985248,1913206947,1914614637,1912786822,1901264545,1906133041,1915110851,1908638146,1918830984,1914878920,1907453923,1911377907,1914014785,1917531676,1903771205,1904789847,1915900462
STAT,(NULL),Work,44,267873836622,6088098536,6088051109,6088046159,6088041484,6088040142,6088043280,6088063568,6088047863,6088064158,6088051004,6088039203,6088047210,6088048214,6088045822,6088043116,6088050810,6088048036,6088046088,6088045379,6088050288,6088054236,6088050552,6088029890,6088028196,6088045967,6088028180,6088029343,6088028197,6088028202,6088028342,6088030476,6088030374,6088032082,6088030229,6088029360,6088030255,6088049868,6088029456,6088030526,6088032062,6088028109,6088044519,6088048162,6088028570
STAT,(NULL),nBad,44,9663915,206620,247508,237064,249821,248199,240029,203137,241351,226182,215269,207635,205521,211436,213479,228404,217575,217558,211245,214325,207638,191024,218482,219327,192210,201379,224398,224677,200167,219947,266272,237631,212146,216575,246482,197413,234937,212401,197799,219549,224893,243694,201308,197740,213468
STAT,(NULL),nEmpty,44,2449926,55742,63415,58388,62072,61542,61001,50745,60562,50618,52073,55479,53720,54143,52019,48820,52474,51372,53137,52708,52455,51334,49318,54470,56282,49523,63140,56291,52022,57676,60147,63150,53291,55312,59083,55803,56163,58204,51566,63031,56342,58101,49311,55742,62139
STAT,(NULL),nEmptyPop,44,483967,10938,12063,11370,11343,11817,11688,10415,11678,10372,10399,11248,11011,10581,11002,10438,10821,10632,10901,10927,10736,10984,10745,10907,11190,10191,11758,11112,10684,10742,11574,11060,10703,10535,11610,11157,10517,10820,10685,11785,10697,10979,10279,11043,11830
STAT,(NULL),nOverall,44,67997256,1542030,1702245,1594131,1705556,1702050,1705684,1427759,1651397,1427749,1419823,1528079,1490412,1501327,1442263,1387871,1485074,1441226,1509003,1495132,1478471,1431170,1406449,1519370,1563568,1398168,1709044,1528625,1469828,1607154,1712708,1713645,1489258,1532293,1637843,1561431,1556300,1597797,1449172,1694579,1542767,1635203,1361709,1540769,1701124
STAT,(NULL),nPop,44,30182916,683807,755297,707684,756957,755766,757679,633343,732926,633686,629530,679645,661112,665714,639902,616351,659739,640235,669871,663255,655703,636097,625178,674301,693854,621587,760006,679123,652655,714382,759117,760145,660870,680903,726795,693337,690811,709047,642903,753205,683397,725556,603103,683956,754386
STAT,(NULL),nPush,44,30182913,684165,755437,708492,757769,756991,758117,633185,734572,632941,628649,678889,661033,666783,639525,614995,658712,639511,668509,663057,655101,635110,624101,675678,694058,619350,759606,678387,652802,714957,760290,761551,661246,678979,727356,692501,690814,709392,642045,754516,683850,725666,604364,684254,755607
STAT,(NULL),nPushInit,44,3,1,1,1,0,0,0,0,0,0,0,0,0,0,0,0,0,0,0,0,0,0,0,0,0,0,0,0,0,0,0,0,0,0,0,0,0,0,0,0,0,0,0,0,0
==== BENCHMARK TOOK 7.052
==== BENCHMARK START ===
==== PARAMS kernel=4.9.5-64-net1 malloc=libc hostname=rack-castor threads=44 delta=4 prog=sssp-klsm256mq  ===
ERROR: ld.so: object '/specific/disk1/home/adamx/malloc/lib64/libjemalloc.so' from LD_PRELOAD cannot be preloaded (cannot open shared object file): ignored.
Galois Benchmark Suite v2.2.1 (r0)
Copyright (C) 2014 The University of Texas at Austin
http://iss.ices.utexas.edu/galois/

application: Single Source Shortest Path
Computes the shortest path from a source node to all nodes in a directed graph using a modified chaotic iteration algorithm
http://iss.ices.utexas.edu/?p=projects/galois/benchmarks/single_source_shortest_path

INFO: CommandLine ./build/debug/apps/sssp/sssp -noverify -t 44 -delta 4 -wl klsm256mq -startNode 0 /specific/disk1/home/mad/Galois-PQ/inputs/road/USA-road-t.USA.gr
INFO: Hostname rack-castor
Read 23947347 nodes
Running Asynchronous with CAS version
INFO: Using delta-step of 1
WARNING: Performance varies considerably due to delta parameter.
WARNING: Do not expect the default to be good for your graph.
Node 1 has distance 5062
STATTYPE,LOOP,CATEGORY,n,sum,T0,T1,T2,T3,T4,T5,T6,T7,T8,T9,T10,T11,T12,T13,T14,T15,T16,T17,T18,T19,T20,T21,T22,T23,T24,T25,T26,T27,T28,T29,T30,T31,T32,T33,T34,T35,T36,T37,T38,T39,T40,T41,T42,T43
STAT,(NULL),BadWork,44,10900643847,228941797,283501864,226693158,243492199,249955225,290158521,219341489,222246920,233609354,242893536,239064333,215336735,277584775,233095177,221688443,247140903,230243811,262647265,246766403,242906897,238208149,275561903,258004406,234098345,241163051,272611304,239043494,231880824,233796604,250012358,257397551,243175224,231018407,266030511,246014036,261264577,254867964,240591391,278315089,228114051,264212625,253213966,284506808,260232404
STAT,(NULL),BarrierTime,44,10969932,712784,624514,507452,515282,515358,485705,470736,433940,371861,436536,371383,379856,375392,379720,347575,316400,315056,327900,316780,318644,314980,303931,85893,84216,66572,87654,78194,88943,85051,88522,54664,73568,79887,91368,69826,97584,94228,81090,92904,89633,94868,91282,68234,83966
STAT,(NULL),ConflictTime,44,0,0,0,0,0,0,0,0,0,0,0,0,0,0,0,0,0,0,0,0,0,0,0,0,0,0,0,0,0,0,0,0,0,0,0,0,0,0,0,0,0,0,0,0,0
STAT,(NULL),Conflicts,44,0,0,0,0,0,0,0,0,0,0,0,0,0,0,0,0,0,0,0,0,0,0,0,0,0,0,0,0,0,0,0,0,0,0,0,0,0,0,0,0,0,0,0,0,0
STAT,(NULL),EmptyPopTime,44,1151950249,28324262,24706896,25995149,26046738,25114233,24879804,27329786,26317446,24155659,25584363,25964141,26617690,23540750,26646171,25990725,27709934,26014301,26207772,25788361,25442416,26946673,25320170,25821252,26055080,25689336,25669957,26353537,26922342,28766261,26323126,26251784,27079466,27950204,25161761,26068507,25520889,27554681,27125681,25779745,26903957,25743199,25244437,26887976,26433631
STAT,(NULL),EmptyWork,44,1182059851,27048706,27681906,26846724,27958876,27650955,27357545,27240156,27169616,25800503,26264352,28076354,25997684,25541416,26204769,25836634,26284724,25992690,27560432,25960684,26673804,27271613,26097658,26737357,26928567,25469727,28843126,26498593,27981403,26732139,28101793,27522092,26789755,26790694,26216716,26542895,25824654,27046942,27622650,27826630,27323535,25873386,25580642,27572171,27716583
STAT,(NULL),GaloisTime,44,37479972724,850356068,816904428,848914184,818006820,818780359,821674295,859728695,855148750,870593479,871396411,866359927,866984525,869473334,867341315,871138725,853419893,862896613,857561766,877523547,869779411,852762985,859569093,844067651,849360021,871943907,824616847,862828968,854639468,855242992,826081416,826903549,850856237,861445252,858884556,849726888,858647338,869388179,842650103,820321577,857060320,880682791,865064673,825965700,817279668
STAT,(NULL),InitPushTime,44,2707239,35440,10557,100966,72200,72912,36144,41104,40992,66367,39484,65590,38600,38340,38216,51062,39120,38668,37720,37284,36600,38084,34241,106414,106788,106296,105637,105695,104816,106348,104712,104969,58102,58462,57566,59202,59019,57119,57295,57779,56115,56819,56452,56144,55799
STAT,(NULL),Iterations,44,30502730,671821,777860,676843,777564,776388,781017,659939,661597,638895,644126,656105,643039,638232,652892,616938,664064,647162,701419,628582,643171,666174,645393,707854,707346,641541,783710,684309,699430,677369,779681,785006,707272,680042,678182,698707,674821,672923,699279,780351,698124,647243,680830,770460,779029
STAT,(NULL),LoopTime,44,6535628724,6535628724,0,0,0,0,0,0,0,0,0,0,0,0,0,0,0,0,0,0,0,0,0,0,0,0,0,0,0,0,0,0,0,0,0,0,0,0,0,0,0,0,0,0,0
STAT,(NULL),MeminfoPost,44,2244,51,51,51,51,51,51,51,51,51,51,51,51,51,51,51,51,51,51,51,51,51,51,51,51,51,51,51,51,51,51,51,51,51,51,51,51,51,51,51,51,51,51,51,51
STAT,(NULL),MeminfoPre,44,2244,51,51,51,51,51,51,51,51,51,51,51,51,51,51,51,51,51,51,51,51,51,51,51,51,51,51,51,51,51,51,51,51,51,51,51,51,51,51,51,51,51,51,51,51
STAT,(NULL),NumaPost,44,13271,10535,1704,864,168,0,0,0,0,0,0,0,0,0,0,0,0,0,0,0,0,0,0,0,0,0,0,0,0,0,0,0,0,0,0,0,0,0,0,0,0,0,0,0,0
STAT,(NULL),PopTime,44,68125147286,1537823849,1566508689,1547295495,1566429280,1561395636,1563859796,1548281300,1542954839,1546467184,1541243404,1546475784,1542671910,1546648441,1540140879,1542763890,1547080256,1548486130,1544796313,1544162102,1539161203,1548570177,1549595320,1555583151,1542374441,1538570512,1552944198,1532487852,1545641022,1534719422,1562337570,1560114042,1545785062,1535963022,1548813947,1545059408,1544353799,1540539117,1562651713,1566734817,1535968860,1535298354,1547092137,1563257972,1566044991
STAT,(NULL),PushTime,44,81702952827,1874497504,1861987515,1863043343,1865640865,1868366198,1863181511,1855927598,1862182556,1846715981,1846354137,1840595938,1849676320,1840438904,1853738798,1845099914,1859263888,1842661199,1853528920,1839082708,1853465882,1855744544,1851231200,1862494141,1861243901,1853065963,1871896282,1861089596,1860237830,1869688482,1861371750,1864576068,1869862236,1868423556,1850928679,1869203651,1857770355,1846902033,1853875020,1862523895,1849268372,1842244077,1851765739,1858959713,1863136065
STAT,(NULL),RusageSys,44,8000,8000,0,0,0,0,0,0,0,0,0,0,0,0,0,0,0,0,0,0,0,0,0,0,0,0,0,0,0,0,0,0,0,0,0,0,0,0,0,0,0,0,0,0,0
STAT,(NULL),RusageUser,44,125684000,125684000,0,0,0,0,0,0,0,0,0,0,0,0,0,0,0,0,0,0,0,0,0,0,0,0,0,0,0,0,0,0,0,0,0,0,0,0,0,0,0,0,0,0,0
STAT,(NULL),Threads,44,44,44,0,0,0,0,0,0,0,0,0,0,0,0,0,0,0,0,0,0,0,0,0,0,0,0,0,0,0,0,0,0,0,0,0,0,0,0,0,0,0,0,0,0,0
STAT,(NULL),Time,44,6550726280,6550726280,0,0,0,0,0,0,0,0,0,0,0,0,0,0,0,0,0,0,0,0,0,0,0,0,0,0,0,0,0,0,0,0,0,0,0,0,0,0,0,0,0,0,0
STAT,(NULL),TotalTime,44,14466834401,14466834401,0,0,0,0,0,0,0,0,0,0,0,0,0,0,0,0,0,0,0,0,0,0,0,0,0,0,0,0,0,0,0,0,0,0,0,0,0,0,0,0,0,0,0
STAT,(NULL),UserTime,44,86546269499,1958955779,1979217202,1964913216,1972926284,1975701288,1976057314,1958502281,1963234623,1963274384,1966166721,1969535379,1965060531,1971366151,1962936920,1966178054,1963251107,1970958081,1967346265,1964491640,1962484966,1965712018,1965198259,1962303863,1971045628,1962268200,1973037180,1967748642,1961586009,1961858337,1972792625,1971640180,1956634368,1956435039,1967002714,1960406806,1964891255,1965576549,1963082601,1973821438,1980482774,1967166205,1962259609,1974363949,1976397065
STAT,(NULL),Work,44,276193154196,6277147760,6277121282,6277118947,6277121755,6277120177,6277125348,6277128492,6277119870,6277123146,6277120376,6277123010,6277122620,6277124716,6277122964,6277123969,6277120830,6277123186,6277113869,6277120270,6277124194,6277119094,6277148657,6277108051,6277106381,6277129782,6277106962,6277107738,6277106482,6277106782,6277106617,6277107046,6277131461,6277107035,6277106953,6277119376,6277106265,6277106624,6277108731,6277106197,6277112259,6277108212,6277106517,6277106517,6277107676
STAT,(NULL),nBad,44,10397878,222361,268659,215942,237652,243403,271437,209828,212998,220088,233179,225689,202522,257031,218987,208067,235385,219234,250182,232141,231597,224726,256778,242338,222996,231007,261620,230194,223388,219437,242680,250037,235580,220580,253511,237593,246400,245541,228854,269251,221395,253671,240903,275530,247486
STAT,(NULL),nEmpty,44,2487409,55868,63674,55825,64433,63973,63284,52607,54716,50731,52301,53680,51646,50768,52484,48719,52826,51203,58919,50239,52528,55069,51617,57175,57956,51107,64212,55456,57164,55474,65623,64653,57531,55906,54736,56913,53760,56230,58136,64890,59045,52560,53599,64113,64060
STAT,(NULL),nEmptyPop,44,474472,10855,11240,10755,11727,11397,11237,10543,10649,10076,10290,10522,10554,9926,10259,10257,11093,10477,10836,10150,10171,10873,10359,10796,10787,10028,11451,10761,11066,11312,11617,11676,10873,11163,10473,10699,10302,10888,11064,11413,10641,10032,10425,11181,11578
STAT,(NULL),nOverall,44,68731219,1513655,1751538,1524498,1752134,1754783,1758349,1484922,1492079,1439664,1450235,1475990,1448755,1441571,1469767,1388723,1495961,1456319,1583044,1416314,1448783,1499255,1458461,1594899,1595138,1447041,1764710,1540809,1575302,1528137,1759246,1766649,1591085,1533402,1527299,1575778,1524274,1515709,1573883,1758622,1573246,1459903,1532996,1734883,1753408
STAT,(NULL),nPop,44,30502730,671821,777860,676843,777564,776388,781017,659939,661597,638895,644126,656105,643039,638232,652892,616938,664064,647162,701419,628582,643171,666174,645393,707854,707346,641541,783710,684309,699430,677369,779681,785006,707272,680042,678182,698707,674821,672923,699279,780351,698124,647243,680830,770460,779029
STAT,(NULL),nPush,44,30502727,671622,778511,677923,778970,780387,782553,659415,662293,637729,643222,653996,643367,637452,651854,615809,664698,645905,702131,626629,643041,664451,644680,708378,710084,641452,785114,684210,699737,678526,779495,784018,707934,680586,677553,699327,675004,671643,697550,779318,697650,647634,680588,770557,779731
STAT,(NULL),nPushInit,44,3,1,1,1,0,0,0,0,0,0,0,0,0,0,0,0,0,0,0,0,0,0,0,0,0,0,0,0,0,0,0,0,0,0,0,0,0,0,0,0,0,0,0,0,0
==== BENCHMARK TOOK 7.288
==== BENCHMARK START ===
==== PARAMS kernel=4.9.5-64-net1 malloc=libc hostname=rack-castor threads=44 delta=4 prog=sssp-klsm256mq  ===
ERROR: ld.so: object '/specific/disk1/home/adamx/malloc/lib64/libjemalloc.so' from LD_PRELOAD cannot be preloaded (cannot open shared object file): ignored.
Galois Benchmark Suite v2.2.1 (r0)
Copyright (C) 2014 The University of Texas at Austin
http://iss.ices.utexas.edu/galois/

application: Single Source Shortest Path
Computes the shortest path from a source node to all nodes in a directed graph using a modified chaotic iteration algorithm
http://iss.ices.utexas.edu/?p=projects/galois/benchmarks/single_source_shortest_path

INFO: CommandLine ./build/debug/apps/sssp/sssp -noverify -t 44 -delta 4 -wl klsm256mq -startNode 0 /specific/disk1/home/mad/Galois-PQ/inputs/road/USA-road-t.USA.gr
INFO: Hostname rack-castor
Read 23947347 nodes
Running Asynchronous with CAS version
INFO: Using delta-step of 1
WARNING: Performance varies considerably due to delta parameter.
WARNING: Do not expect the default to be good for your graph.
Node 1 has distance 5062
STATTYPE,LOOP,CATEGORY,n,sum,T0,T1,T2,T3,T4,T5,T6,T7,T8,T9,T10,T11,T12,T13,T14,T15,T16,T17,T18,T19,T20,T21,T22,T23,T24,T25,T26,T27,T28,T29,T30,T31,T32,T33,T34,T35,T36,T37,T38,T39,T40,T41,T42,T43
STAT,(NULL),BadWork,44,10525658935,241678842,268489922,237477263,267049976,242014911,258904983,257198323,222863415,230379135,223395463,209295398,227000810,216438159,231727551,259757055,247220554,267498269,233882477,233210167,226713099,223674353,243841119,239071063,246634864,264614866,265351327,224089999,233797463,245918751,236131782,264191742,225145427,233934347,223374008,220790662,249194831,227857383,209830943,248478463,228706551,236258123,263258912,237321171,231995013
STAT,(NULL),BarrierTime,44,8119130,574586,514682,495028,444643,445823,444521,396524,334337,350164,324652,239036,341372,233960,221136,295072,230306,220664,168780,168926,223700,226401,157992,44773,50076,50821,50034,48922,50228,27581,50940,50347,50047,50341,48261,49649,49543,50403,49796,49811,50267,49351,50273,49912,45449
STAT,(NULL),ConflictTime,44,0,0,0,0,0,0,0,0,0,0,0,0,0,0,0,0,0,0,0,0,0,0,0,0,0,0,0,0,0,0,0,0,0,0,0,0,0,0,0,0,0,0,0,0,0
STAT,(NULL),Conflicts,44,0,0,0,0,0,0,0,0,0,0,0,0,0,0,0,0,0,0,0,0,0,0,0,0,0,0,0,0,0,0,0,0,0,0,0,0,0,0,0,0,0,0,0,0,0
STAT,(NULL),EmptyPopTime,44,1152910427,26045920,26675330,27027482,24970435,25067240,26462770,25858708,25701369,26046351,25964216,26886968,26865788,26032612,26903356,27281149,25902464,23231445,26300841,25575008,25474071,27330689,24969083,25704010,24203292,24430182,26372547,25702357,24565793,26653001,28213193,26311377,26629916,27373744,26780343,27051754,26723123,27718032,26899614,26744164,27612000,25499485,25171756,26313569,27663880
STAT,(NULL),EmptyWork,44,1163255366,26402410,27719182,26044505,26812555,28432949,27606693,26048088,25687898,25679577,26451393,25952473,25432101,26973455,26466194,26163366,25991254,25611488,25753290,25724175,26133817,26412556,25743210,25700508,25188701,24931033,28624576,25496427,26947894,26615258,27107588,27145999,25245884,26752448,25909180,26623279,25608613,26422617,27561702,27370357,27445397,26062478,26789529,27190543,27272726
STAT,(NULL),GaloisTime,44,36688159515,826352814,806107169,852921012,804080772,805428509,805590187,816455160,853790592,843901552,872031996,833952296,852599927,828821219,837079817,845625905,838253116,839409052,837965607,853015002,836638605,829816454,842254493,838490742,850284369,866080394,812057727,849671202,844467681,831483912,804365974,812117208,850822444,834696742,831615582,814270098,853270266,827240572,839764558,805832690,835396590,822691502,855075809,846085719,800286478
STAT,(NULL),InitPushTime,44,2706953,34500,10510,59560,36711,36844,36681,37203,40484,35449,46312,65332,38216,64504,97921,39184,35580,55748,80945,80916,56480,34377,60596,103840,103598,103356,102975,103546,89724,89063,99022,102557,57610,57464,56804,56378,55806,57075,56071,55982,55271,54362,53225,54230,54941
STAT,(NULL),Iterations,44,30412038,707100,763849,659743,765953,766799,766890,705603,649261,655032,625555,673823,626712,690809,684436,664626,659873,660036,667816,648367,690864,684575,643868,668793,643200,625897,769713,660514,683498,687956,765793,769435,649600,702400,683243,726347,657198,705359,674597,763343,695998,707616,669762,677793,762393
STAT,(NULL),LoopTime,44,6415223658,6415223658,0,0,0,0,0,0,0,0,0,0,0,0,0,0,0,0,0,0,0,0,0,0,0,0,0,0,0,0,0,0,0,0,0,0,0,0,0,0,0,0,0,0,0
STAT,(NULL),MeminfoPost,44,2244,51,51,51,51,51,51,51,51,51,51,51,51,51,51,51,51,51,51,51,51,51,51,51,51,51,51,51,51,51,51,51,51,51,51,51,51,51,51,51,51,51,51,51,51
STAT,(NULL),MeminfoPre,44,2244,51,51,51,51,51,51,51,51,51,51,51,51,51,51,51,51,51,51,51,51,51,51,51,51,51,51,51,51,51,51,51,51,51,51,51,51,51,51,51,51,51,51,51,51
STAT,(NULL),NumaPost,44,13279,10539,1699,657,384,0,0,0,0,0,0,0,0,0,0,0,0,0,0,0,0,0,0,0,0,0,0,0,0,0,0,0,0,0,0,0,0,0,0,0,0,0,0,0,0
STAT,(NULL),PopTime,44,66858083580,1508431923,1531736191,1516005191,1533111228,1535307025,1534325709,1527755237,1513182041,1519778363,1508873292,1524644018,1517282958,1528149183,1515126868,1516378639,1525265934,1522248365,1516629826,1506684784,1525652218,1525641017,1515580705,1517867514,1510150416,1510573152,1524515264,1514580619,1510495319,1504118501,1523749744,1529272640,1509672368,1513669001,1521535977,1521857021,1514459427,1518655742,1513210349,1529104835,1520763008,1529280867,1502081038,1516194199,1534485864
STAT,(NULL),PushTime,44,80114044346,1844933967,1829678334,1810914360,1833840741,1825732532,1821779494,1830614676,1808244957,1816451415,1793645250,1815485989,1814543947,1815655474,1819657834,1809114057,1817012925,1815014716,1823966869,1820189273,1815943640,1815464904,1829321045,1825719633,1820608472,1796967736,1823450607,1812533752,1828216501,1832819543,1825598586,1828853157,1824071396,1824502892,1816725952,1836914276,1808128478,1825824986,1821579008,1832479628,1816915973,1819260670,1817683227,1817993783,1829989691
STAT,(NULL),RusageSys,44,0,0,0,0,0,0,0,0,0,0,0,0,0,0,0,0,0,0,0,0,0,0,0,0,0,0,0,0,0,0,0,0,0,0,0,0,0,0,0,0,0,0,0,0,0
STAT,(NULL),RusageUser,44,123396000,123396000,0,0,0,0,0,0,0,0,0,0,0,0,0,0,0,0,0,0,0,0,0,0,0,0,0,0,0,0,0,0,0,0,0,0,0,0,0,0,0,0,0,0,0
STAT,(NULL),Threads,44,44,44,0,0,0,0,0,0,0,0,0,0,0,0,0,0,0,0,0,0,0,0,0,0,0,0,0,0,0,0,0,0,0,0,0,0,0,0,0,0,0,0,0,0,0
STAT,(NULL),Time,44,6430276614,6430276614,0,0,0,0,0,0,0,0,0,0,0,0,0,0,0,0,0,0,0,0,0,0,0,0,0,0,0,0,0,0,0,0,0,0,0,0,0,0,0,0,0,0,0
STAT,(NULL),TotalTime,44,14442909084,14442909084,0,0,0,0,0,0,0,0,0,0,0,0,0,0,0,0,0,0,0,0,0,0,0,0,0,0,0,0,0,0,0,0,0,0,0,0,0,0,0,0,0,0,0
STAT,(NULL),UserTime,44,85163721345,1930109414,1940360639,1929364562,1939461970,1942308095,1946512575,1935544812,1935669714,1930419462,1935308885,1935352787,1925551981,1936642610,1937043971,1937713478,1929851235,1936762706,1931658326,1931086617,1932433953,1937610986,1924409226,1928794336,1931842108,1939294878,1947256459,1934293076,1927583754,1940587826,1953242202,1938574860,1925835396,1935282303,1939710376,1935560471,1934086896,1936414106,1933261775,1940744697,1934144083,1939482110,1935475033,1928499059,1942577537
STAT,(NULL),Work,44,271145232921,6162421815,6162392626,6162401872,6162393348,6162395851,6162397420,6162403952,6162402936,6162397671,6162395891,6162393316,6162397162,6162403792,6162401352,6162402138,6162400263,6162402288,6162396834,6162392158,6162403600,6162405589,6162392026,6162385917,6162382915,6162382589,6162382369,6162384674,6162382738,6162404270,6162384380,6162380386,6162382981,6162382551,6162386775,6162382103,6162378987,6162381568,6162384941,6162381462,6162379602,6162384984,6162378912,6162382898,6162381019
STAT,(NULL),nBad,44,10155775,236880,259029,227877,259843,235405,252149,251901,214856,221503,216413,203097,215417,207810,225765,245861,236978,250818,225153,224664,219924,214331,228845,229777,233368,252409,260827,213628,229503,233137,228415,255781,216704,230012,213311,218457,240673,223729,200414,244885,216756,228898,254016,227489,229067
STAT,(NULL),nEmpty,44,2466670,57781,63830,53535,62277,62601,64507,55804,52269,52129,50523,54364,49804,57443,56058,54336,52789,52798,53285,52181,55320,54899,51478,54104,50865,49544,64142,52287,54412,56681,62890,63491,51884,58212,54084,59283,53673,56652,54853,63552,57242,56875,53852,54584,63497
STAT,(NULL),nEmptyPop,44,480210,11153,11940,10814,11517,11360,11756,11055,10452,10663,10178,11117,10515,10954,11136,10940,10842,10297,10985,10472,10807,11297,10402,10625,10124,9637,11644,10423,10362,10614,11480,11475,10606,11161,11020,11145,10523,11397,10747,11679,11115,10923,10221,10708,11929
STAT,(NULL),nOverall,44,68489116,1590108,1717836,1482775,1724820,1726219,1729278,1589714,1459373,1475361,1409436,1517253,1411687,1553942,1541062,1499069,1484895,1486820,1505574,1460524,1554338,1539291,1448411,1505953,1452204,1410853,1732954,1484300,1539100,1552751,1726011,1732382,1465731,1579871,1535676,1635470,1483940,1585028,1518298,1720141,1571352,1596008,1507929,1525155,1720223
STAT,(NULL),nPop,44,30412038,707100,763849,659743,765953,766799,766890,705603,649261,655032,625555,673823,626712,690809,684436,664626,659873,660036,667816,648367,690864,684575,643868,668793,643200,625897,769713,660514,683498,687956,765793,769435,649600,702400,683243,726347,657198,705359,674597,763343,695998,707616,669762,677793,762393
STAT,(NULL),nPush,44,30412035,706858,764028,658404,767861,767948,768150,707287,647823,654636,624628,672976,625946,688677,684329,664251,658599,659880,668499,647902,690466,682819,644005,668144,643687,625276,769879,658980,684241,688967,767357,769720,650100,701891,681990,727059,656904,705517,674618,764530,698118,707580,669828,677383,764294
STAT,(NULL),nPushInit,44,3,1,1,1,0,0,0,0,0,0,0,0,0,0,0,0,0,0,0,0,0,0,0,0,0,0,0,0,0,0,0,0,0,0,0,0,0,0,0,0,0,0,0,0,0
==== BENCHMARK TOOK 7.344
==== BENCHMARK START ===
==== PARAMS kernel=4.9.5-64-net1 malloc=libc hostname=rack-castor threads=44 delta=4 prog=sssp-klsm256mq  ===
ERROR: ld.so: object '/specific/disk1/home/adamx/malloc/lib64/libjemalloc.so' from LD_PRELOAD cannot be preloaded (cannot open shared object file): ignored.
Galois Benchmark Suite v2.2.1 (r0)
Copyright (C) 2014 The University of Texas at Austin
http://iss.ices.utexas.edu/galois/

application: Single Source Shortest Path
Computes the shortest path from a source node to all nodes in a directed graph using a modified chaotic iteration algorithm
http://iss.ices.utexas.edu/?p=projects/galois/benchmarks/single_source_shortest_path

INFO: CommandLine ./build/debug/apps/sssp/sssp -noverify -t 44 -delta 4 -wl klsm256mq -startNode 0 /specific/disk1/home/mad/Galois-PQ/inputs/road/USA-road-t.USA.gr
INFO: Hostname rack-castor
Read 23947347 nodes
Running Asynchronous with CAS version
INFO: Using delta-step of 1
WARNING: Performance varies considerably due to delta parameter.
WARNING: Do not expect the default to be good for your graph.
Node 1 has distance 5062
STATTYPE,LOOP,CATEGORY,n,sum,T0,T1,T2,T3,T4,T5,T6,T7,T8,T9,T10,T11,T12,T13,T14,T15,T16,T17,T18,T19,T20,T21,T22,T23,T24,T25,T26,T27,T28,T29,T30,T31,T32,T33,T34,T35,T36,T37,T38,T39,T40,T41,T42,T43
STAT,(NULL),BadWork,44,10551540894,244540499,252191761,240922827,267780429,251974073,270745007,254589316,223376624,221798576,244616593,261940478,233737522,231225943,215151932,198471896,230423913,264223161,208086698,245365954,223314952,249109761,229017273,215502311,212033599,236632927,250874344,227397008,253269045,196141440,261481321,265965554,239213829,261206373,223958891,258668245,251848173,256825751,256233660,261280814,214861742,241414723,226432377,228494757,249198822
STAT,(NULL),BarrierTime,44,8333126,647036,515910,468928,452694,451780,434104,355179,307704,276934,378676,318248,307946,295753,308636,308530,265864,263404,178848,197768,281781,266964,110921,45182,42973,49952,49215,48749,47668,49959,49772,48769,48396,46958,46927,46907,44782,41528,38068,40563,24259,24626,24266,38328,41671
STAT,(NULL),ConflictTime,44,0,0,0,0,0,0,0,0,0,0,0,0,0,0,0,0,0,0,0,0,0,0,0,0,0,0,0,0,0,0,0,0,0,0,0,0,0,0,0,0,0,0,0,0,0
STAT,(NULL),Conflicts,44,0,0,0,0,0,0,0,0,0,0,0,0,0,0,0,0,0,0,0,0,0,0,0,0,0,0,0,0,0,0,0,0,0,0,0,0,0,0,0,0,0,0,0,0,0
STAT,(NULL),EmptyPopTime,44,1167671831,27183074,25774627,26164448,26488415,27228959,26122582,24096606,26182073,26366056,23571182,23947567,25921651,26317612,27544964,25727139,27080921,25472816,27259798,26579124,28561454,28071771,28338529,26724792,26626977,26505307,27611437,26982281,25713911,26892816,27300860,25578513,26043255,26766171,27248204,26868728,24154943,27783151,26039060,26738575,27737190,28303982,24205213,27827570,28017527
STAT,(NULL),EmptyWork,44,1153877592,25799700,27203755,26402787,27101966,29137883,27484557,24681912,25368277,26017947,25538051,24864391,25899564,25991019,25881316,25600079,26007562,25574732,26057706,25996916,27169875,25191240,25770275,26094271,25781940,25718843,27236226,26686981,26011027,26091187,27403504,26552568,25582845,26782131,25630439,26185090,25166796,27212766,26258990,26995297,26234376,26749529,24799647,26721475,27240154
STAT,(NULL),GaloisTime,44,36621051339,839710640,804604212,842820384,803727057,802055738,802865597,872690894,853073367,846919219,833954738,846974922,826661366,841995950,854274430,826565575,835089059,840005576,841173476,852033120,829005413,845420801,841553600,834260784,839714970,864835827,806869554,824946422,838132244,836780710,805161063,813826954,841987513,812131608,844999999,824184448,866037870,801728609,829912684,800576760,830389634,834440472,863757933,822842602,800357545
STAT,(NULL),InitPushTime,44,2641492,33804,11767,82616,36811,36669,36007,67877,67173,54125,39344,34915,34426,34472,38072,35236,39076,38444,38184,37856,32778,37556,93266,97915,97365,97012,96888,96734,96345,96749,96778,96785,61431,62032,61534,61277,57068,57904,57538,56899,94886,61431,61043,60272,55132
STAT,(NULL),Iterations,44,30391027,663449,763358,667724,766392,765263,766000,603810,620000,649743,694016,645955,700422,654490,639577,670556,653811,656694,652710,654887,675323,648363,642662,679836,675020,633875,769442,715224,676959,682127,766164,770120,682942,756125,655629,717485,622943,759059,695900,765292,700589,705664,610694,730791,763942
STAT,(NULL),LoopTime,44,6445677676,6445677676,0,0,0,0,0,0,0,0,0,0,0,0,0,0,0,0,0,0,0,0,0,0,0,0,0,0,0,0,0,0,0,0,0,0,0,0,0,0,0,0,0,0,0
STAT,(NULL),MeminfoPost,44,2244,51,51,51,51,51,51,51,51,51,51,51,51,51,51,51,51,51,51,51,51,51,51,51,51,51,51,51,51,51,51,51,51,51,51,51,51,51,51,51,51,51,51,51,51
STAT,(NULL),MeminfoPre,44,2244,51,51,51,51,51,51,51,51,51,51,51,51,51,51,51,51,51,51,51,51,51,51,51,51,51,51,51,51,51,51,51,51,51,51,51,51,51,51,51,51,51,51,51,51
STAT,(NULL),NumaPost,44,13284,10545,1912,659,168,0,0,0,0,0,0,0,0,0,0,0,0,0,0,0,0,0,0,0,0,0,0,0,0,0,0,0,0,0,0,0,0,0,0,0,0,0,0,0,0
STAT,(NULL),PopTime,44,67009082963,1505277207,1536510096,1514020217,1536450360,1534700034,1536188194,1515827632,1515741729,1518498891,1527002335,1527305847,1520481280,1519838320,1512855962,1529247668,1526517148,1516135012,1515434440,1522730545,1530647752,1522396884,1526139738,1520065533,1512307774,1507286208,1533796702,1523126476,1512154431,1524689211,1529204307,1531066913,1519264540,1529529289,1520073899,1520353624,1506046697,1534604113,1519345156,1535243466,1518911906,1522113714,1516210110,1526105769,1537635834
STAT,(NULL),PushTime,44,79944412132,1837704390,1817344199,1818188348,1818767937,1819237526,1822321447,1783290626,1810282677,1808229878,1813715690,1805172769,1823306055,1811051823,1808922847,1816250724,1805407849,1817217908,1813833900,1803790777,1812153568,1809006218,1803831531,1818878764,1827207960,1803438401,1822970547,1825369147,1827876947,1815648874,1830801040,1825166966,1817600422,1822831505,1819496773,1830319346,1808571231,1830343288,1827195964,1827297791,1824660146,1811259955,1806215529,1818678718,1823554131
STAT,(NULL),RusageSys,44,0,0,0,0,0,0,0,0,0,0,0,0,0,0,0,0,0,0,0,0,0,0,0,0,0,0,0,0,0,0,0,0,0,0,0,0,0,0,0,0,0,0,0,0,0
STAT,(NULL),RusageUser,44,123308000,123308000,0,0,0,0,0,0,0,0,0,0,0,0,0,0,0,0,0,0,0,0,0,0,0,0,0,0,0,0,0,0,0,0,0,0,0,0,0,0,0,0,0,0,0
STAT,(NULL),Threads,44,44,44,0,0,0,0,0,0,0,0,0,0,0,0,0,0,0,0,0,0,0,0,0,0,0,0,0,0,0,0,0,0,0,0,0,0,0,0,0,0,0,0,0,0,0
STAT,(NULL),Time,44,6460844382,6460844382,0,0,0,0,0,0,0,0,0,0,0,0,0,0,0,0,0,0,0,0,0,0,0,0,0,0,0,0,0,0,0,0,0,0,0,0,0,0,0,0,0,0,0
STAT,(NULL),TotalTime,44,14670261996,14670261996,0,0,0,0,0,0,0,0,0,0,0,0,0,0,0,0,0,0,0,0,0,0,0,0,0,0,0,0,0,0,0,0,0,0,0,0,0,0,0,0,0,0,0
STAT,(NULL),UserTime,44,85051869937,1922233249,1946473311,1930312166,1945372729,1945549897,1942926837,1937319136,1927257519,1931875376,1934126613,1929645068,1935640738,1932717225,1928431315,1934519515,1937805741,1933504810,1934152551,1926780352,1930370075,1927822238,1932273177,1931882786,1926267457,1930122328,1939422380,1930796435,1928018890,1927804472,1938036546,1935714932,1927428655,1939866577,1920457726,1929996554,1927929283,1936235559,1929155130,1941055708,1929974915,1935040573,1922720219,1935730799,1941102375
STAT,(NULL),Work,44,270952485799,6158035572,6158012851,6158013134,6158007547,6158008979,6158008226,6158011500,6158011148,6158008190,6158008640,6158011655,6158015693,6158030856,6158013562,6158019361,6158011592,6158015894,6158029806,6158014110,6158007745,6158013984,6158006213,6158007525,6158010996,6158001230,6158004029,6158001535,6158005966,6158004442,6158001561,6158001119,6158005374,6158007320,6158006246,6158007995,6158001530,6158001102,6158001410,6158005688,6158026784,6158026358,6158027003,6158013146,6158001182
STAT,(NULL),nBad,44,10145943,237576,246089,230444,256767,243369,265357,240218,211413,207604,237635,248939,222282,219426,206624,187377,217917,255344,200717,233123,213044,236951,219153,208688,206541,229182,244428,221248,239156,189789,255722,255783,228665,253383,212155,249093,236092,251823,239631,254169,209890,239716,213872,225047,244501
STAT,(NULL),nEmpty,44,2460775,53525,62815,54337,63027,64392,63518,47489,49343,52580,54824,49594,54895,53150,51647,52486,52303,52162,53106,52311,53720,50609,51159,55585,54683,51950,63583,58907,54556,54798,64104,62373,53937,61825,52740,58060,49800,63216,56445,63044,56992,59537,48021,60093,63534
STAT,(NULL),nEmptyPop,44,479218,10406,11472,10794,11356,11971,11535,9426,10330,10663,10264,10125,10944,10520,10413,10799,10718,10497,10818,10818,11244,11036,10780,10753,10811,10160,11918,11283,10540,11063,11789,11343,10699,11546,10794,10909,9583,12049,10896,11475,11150,10762,9449,11439,11878
STAT,(NULL),nOverall,44,68479284,1493938,1723163,1503909,1728636,1722422,1724214,1360092,1397755,1462042,1561913,1456782,1576252,1476434,1438670,1509539,1474467,1478125,1472500,1473874,1520908,1461715,1445726,1532125,1521906,1428363,1731538,1612867,1526112,1538734,1727064,1733091,1539320,1702927,1478423,1620149,1403285,1709966,1568295,1723589,1576367,1593080,1379581,1647784,1721642
STAT,(NULL),nPop,44,30391027,663449,763358,667724,766392,765263,766000,603810,620000,649743,694016,645955,700422,654490,639577,670556,653811,656694,652710,654887,675323,648363,642662,679836,675020,633875,769442,715224,676959,682127,766164,770120,682942,756125,655629,717485,622943,759059,695900,765292,700589,705664,610694,730791,763942
STAT,(NULL),nPush,44,30391024,662760,766216,668171,767921,765209,765620,602097,618920,648879,693538,646319,700904,653530,638879,670995,652958,656982,652721,654076,675383,647915,641176,680335,676004,633235,769824,715000,676943,681937,767973,771096,682757,755465,655609,719620,622314,758732,695895,765887,699909,705092,610013,730829,765386
STAT,(NULL),nPushInit,44,3,1,1,1,0,0,0,0,0,0,0,0,0,0,0,0,0,0,0,0,0,0,0,0,0,0,0,0,0,0,0,0,0,0,0,0,0,0,0,0,0,0,0,0,0
==== BENCHMARK TOOK 7.444
==== BENCHMARK START ===
==== PARAMS kernel=4.9.5-64-net1 malloc=libc hostname=rack-castor threads=44 delta=4 prog=sssp-klsm256mq  ===
ERROR: ld.so: object '/specific/disk1/home/adamx/malloc/lib64/libjemalloc.so' from LD_PRELOAD cannot be preloaded (cannot open shared object file): ignored.
Galois Benchmark Suite v2.2.1 (r0)
Copyright (C) 2014 The University of Texas at Austin
http://iss.ices.utexas.edu/galois/

application: Single Source Shortest Path
Computes the shortest path from a source node to all nodes in a directed graph using a modified chaotic iteration algorithm
http://iss.ices.utexas.edu/?p=projects/galois/benchmarks/single_source_shortest_path

INFO: CommandLine ./build/debug/apps/sssp/sssp -noverify -t 44 -delta 4 -wl klsm256mq -startNode 0 /specific/disk1/home/mad/Galois-PQ/inputs/road/USA-road-t.USA.gr
INFO: Hostname rack-castor
Read 23947347 nodes
Running Asynchronous with CAS version
INFO: Using delta-step of 1
WARNING: Performance varies considerably due to delta parameter.
WARNING: Do not expect the default to be good for your graph.
Node 1 has distance 5062
STATTYPE,LOOP,CATEGORY,n,sum,T0,T1,T2,T3,T4,T5,T6,T7,T8,T9,T10,T11,T12,T13,T14,T15,T16,T17,T18,T19,T20,T21,T22,T23,T24,T25,T26,T27,T28,T29,T30,T31,T32,T33,T34,T35,T36,T37,T38,T39,T40,T41,T42,T43
STAT,(NULL),BadWork,44,10866844681,262182964,265861128,238791816,255388736,266922968,269665105,226449688,236664827,246438911,214745455,223653891,250397496,207253687,237447973,258260531,243651522,257397459,253924987,237780640,249421514,239840770,235565902,253057066,248564195,235240167,267936979,257849353,240411519,231180866,274426142,292092810,228478762,220320115,233476254,242568070,261939734,263962457,239371481,270183494,227367691,257379929,253878750,237685225,251765652
STAT,(NULL),BarrierTime,44,8256616,602908,513037,416672,402257,396595,379505,369120,305944,317133,301937,310476,236499,184294,281746,274994,173861,202772,204186,206328,206188,203648,205560,75320,74484,58071,76526,76615,75112,75680,73805,75094,38654,54188,74808,74394,76900,74844,74284,76373,55504,74356,76126,74693,75125
STAT,(NULL),ConflictTime,44,0,0,0,0,0,0,0,0,0,0,0,0,0,0,0,0,0,0,0,0,0,0,0,0,0,0,0,0,0,0,0,0,0,0,0,0,0,0,0,0,0,0,0,0,0
STAT,(NULL),Conflicts,44,0,0,0,0,0,0,0,0,0,0,0,0,0,0,0,0,0,0,0,0,0,0,0,0,0,0,0,0,0,0,0,0,0,0,0,0,0,0,0,0,0,0,0,0,0
STAT,(NULL),EmptyPopTime,44,1199360706,27192077,27437715,28952402,25972139,28495050,26762432,27705756,25862500,27950488,29574046,27982166,26681119,29414013,28233324,25362484,29985583,25884127,28215406,26153721,27728132,27592359,29017077,27122478,25335963,28741976,26757869,25766597,26915509,27252336,26650583,27434835,26457606,28370472,26308036,26256541,24889802,27337944,27995503,27807504,27820526,26258146,26034596,26447539,27244229
STAT,(NULL),EmptyWork,44,1170704827,27797119,27438013,27408883,27332113,27082539,27243244,26863920,25472006,25136147,26504304,26641224,26120824,26017027,25574087,25085394,27375057,25737346,26657452,25765747,29265368,26078538,26417220,26386692,25905600,25619083,27474681,26765532,26642647,26163449,27292896,27441620,25944487,26086096,25765552,27605324,26229884,26548738,27072730,27563361,26098648,26509113,26371381,26974744,27228997
STAT,(NULL),GaloisTime,44,37000631259,826664604,815458955,826778274,813094984,814754897,811597772,837950393,857291085,854579250,842178836,861902760,853075562,865994618,866214568,864148857,824235901,857751888,859805438,849017636,844367259,860120890,859216284,855492332,864504346,871689764,814846269,841634025,839301264,839735533,814565196,814965406,846177735,855976986,843239625,841496633,837129969,843375410,832188505,809722607,852886007,841144886,836940759,828645653,808771638
STAT,(NULL),InitPushTime,44,2003832,33112,10884,125130,36438,36223,36022,40504,40184,35379,35488,39152,53235,64731,34292,35415,52883,38816,37856,36944,36632,38384,37908,79072,78908,77097,32347,35920,78308,78196,77716,76997,60881,31194,35172,34708,34100,34492,34368,30769,33600,32176,28873,33564,29762
STAT,(NULL),Iterations,44,30556590,716839,773326,727946,774086,772416,773684,676152,631947,631182,692059,650422,676811,612024,651504,626315,714227,650561,653003,669774,688400,638559,647968,675316,653325,638661,776107,714375,710084,702350,775596,777326,663129,664162,673095,685945,704846,681255,707366,769955,646494,682918,713589,720469,771022
STAT,(NULL),LoopTime,44,6512994248,6512994248,0,0,0,0,0,0,0,0,0,0,0,0,0,0,0,0,0,0,0,0,0,0,0,0,0,0,0,0,0,0,0,0,0,0,0,0,0,0,0,0,0,0,0
STAT,(NULL),MeminfoPost,44,2244,51,51,51,51,51,51,51,51,51,51,51,51,51,51,51,51,51,51,51,51,51,51,51,51,51,51,51,51,51,51,51,51,51,51,51,51,51,51,51,51,51,51,51,51
STAT,(NULL),MeminfoPre,44,2244,51,51,51,51,51,51,51,51,51,51,51,51,51,51,51,51,51,51,51,51,51,51,51,51,51,51,51,51,51,51,51,51,51,51,51,51,51,51,51,51,51,51,51,51
STAT,(NULL),NumaPost,44,13295,10543,1694,674,384,0,0,0,0,0,0,0,0,0,0,0,0,0,0,0,0,0,0,0,0,0,0,0,0,0,0,0,0,0,0,0,0,0,0,0,0,0,0,0,0
STAT,(NULL),PopTime,44,68158855221,1534391804,1566649328,1560037898,1564063212,1560365217,1564602082,1549744374,1547809440,1606089097,1550461853,1541437843,1545946066,1536525607,1537533349,1535875615,1559464554,1544315881,1551813299,1558314246,1540587455,1540640281,1542900371,1537946913,1536559536,1531514975,1554101305,1549013799,1541801026,1543386207,1557727012,1552193113,1539430872,1535270662,1541446652,1542525240,1548252034,1543682176,1552893178,1562640766,1539068902,1544154481,1555175463,1551455189,1559046848
STAT,(NULL),PushTime,44,80852233046,1867402336,1829968061,1837005832,1842577722,1843493925,1843378147,1841776652,1823260341,1797476226,1835185057,1827171720,1830087042,1828403225,1820946355,1832671827,1835054756,1835908076,1816374223,1825609015,1835598103,1823898305,1825673990,1835620128,1831183513,1826810011,1846781941,1841404084,1843715375,1849344906,1843279552,1854832295,1849155847,1839589628,1852261747,1851418086,1842913238,1841572602,1840569024,1845266184,1841383591,1846682251,1835017536,1843375824,1851134747
STAT,(NULL),RusageSys,44,0,0,0,0,0,0,0,0,0,0,0,0,0,0,0,0,0,0,0,0,0,0,0,0,0,0,0,0,0,0,0,0,0,0,0,0,0,0,0,0,0,0,0,0,0
STAT,(NULL),RusageUser,44,124724000,124724000,0,0,0,0,0,0,0,0,0,0,0,0,0,0,0,0,0,0,0,0,0,0,0,0,0,0,0,0,0,0,0,0,0,0,0,0,0,0,0,0,0,0,0
STAT,(NULL),Threads,44,44,44,0,0,0,0,0,0,0,0,0,0,0,0,0,0,0,0,0,0,0,0,0,0,0,0,0,0,0,0,0,0,0,0,0,0,0,0,0,0,0,0,0,0,0
STAT,(NULL),Time,44,6528102555,6528102555,0,0,0,0,0,0,0,0,0,0,0,0,0,0,0,0,0,0,0,0,0,0,0,0,0,0,0,0,0,0,0,0,0,0,0,0,0,0,0,0,0,0,0
STAT,(NULL),TotalTime,44,14785396739,14785396739,0,0,0,0,0,0,0,0,0,0,0,0,0,0,0,0,0,0,0,0,0,0,0,0,0,0,0,0,0,0,0,0,0,0,0,0,0,0,0,0,0,0,0
STAT,(NULL),UserTime,44,85676063718,1945137336,1961635619,1948402495,1955547658,1954395842,1955003180,1944545345,1948892340,1917356656,1944683854,1943451649,1946675189,1942229777,1950086289,1945442299,1952470105,1938989260,1945720720,1943726355,1951040265,1950256183,1945362710,1946019883,1945098156,1944212453,1958626686,1944004055,1950212111,1942705927,1959073385,1951721467,1941417587,1943296095,1939566618,1939286452,1949173529,1946071742,1947869020,1955587780,1941330590,1943839789,1949048538,1951688322,1955162407
STAT,(NULL),Work,44,274063078009,6228733772,6228707984,6228709500,6228706103,6228708100,6228708828,6228708368,6228709200,6228710740,6228721134,6228705602,6228701150,6228727648,6228704688,6228709353,6228706366,6228701874,6228708548,6228707548,6228705894,6228701532,6228704652,6228700046,6228699378,6228719781,6228700214,6228700285,6228700312,6228701002,6228700641,6228701582,6228696248,6228723166,6228700210,6228700337,6228700504,6228701368,6228700428,6228700393,6228721459,6228701602,6228700774,6228699379,6228700316
STAT,(NULL),nBad,44,10490121,251261,259698,232991,251081,260634,263478,215376,227742,234105,209496,215387,233872,195807,229831,247133,236187,247939,239689,227786,242379,229677,229323,241930,240923,227195,260697,248159,232490,221026,265976,287457,219260,211863,225302,237765,252184,258108,227965,258455,218689,247498,246584,232954,246769
STAT,(NULL),nEmpty,44,2490757,58101,64180,60511,63796,62796,63406,55752,50315,50348,56597,53750,54493,49221,52185,49145,59165,52075,53845,53635,56495,51533,52985,55117,53081,51976,64777,59034,57952,55890,63931,64262,53389,53603,53685,55795,57118,55828,58392,63753,52967,56226,57852,58653,63147
STAT,(NULL),nEmptyPop,44,486473,11457,11857,11779,11495,11862,11761,11186,10457,11063,11440,10780,10731,10752,10970,9993,11767,10402,10888,10745,11149,10639,11203,10751,10132,10305,11594,10438,11177,11103,11521,11650,10702,10875,10719,10650,10681,11067,11433,11960,10471,10833,11082,11177,11776
STAT,(NULL),nOverall,44,68823462,1617977,1741465,1636332,1745763,1739499,1741643,1523944,1426255,1424515,1561344,1465105,1521160,1377463,1467017,1413057,1604856,1465632,1469518,1509487,1547929,1436766,1458167,1518755,1471826,1441410,1752486,1605746,1598412,1580673,1745913,1749588,1493379,1495259,1521074,1545532,1585469,1533481,1591197,1733395,1458044,1540023,1610997,1622860,1733049
STAT,(NULL),nPop,44,30556590,716839,773326,727946,774086,772416,773684,676152,631947,631182,692059,650422,676811,612024,651504,626315,714227,650561,653003,669774,688400,638559,647968,675316,653325,638661,776107,714375,710084,702350,775596,777326,663129,664162,673095,685945,704846,681255,707366,769955,646494,682918,713589,720469,771022
STAT,(NULL),nPush,44,30556587,716800,773459,727668,776298,773294,773970,676470,631840,630700,693440,649021,675700,611832,651302,627169,712333,650526,651392,669622,688764,637774,647104,674522,653731,639140,777524,712225,710556,703672,776039,777689,662939,663011,675514,685929,704046,680223,706274,770886,646657,682692,713751,721334,771755
STAT,(NULL),nPushInit,44,3,1,1,1,0,0,0,0,0,0,0,0,0,0,0,0,0,0,0,0,0,0,0,0,0,0,0,0,0,0,0,0,0,0,0,0,0,0,0,0,0,0,0,0,0
==== BENCHMARK TOOK 7.463
==== BENCHMARK START ===
==== PARAMS kernel=4.9.5-64-net1 malloc=libc hostname=rack-castor threads=44 delta=4 prog=sssp-klsm256mq  ===
ERROR: ld.so: object '/specific/disk1/home/adamx/malloc/lib64/libjemalloc.so' from LD_PRELOAD cannot be preloaded (cannot open shared object file): ignored.
Galois Benchmark Suite v2.2.1 (r0)
Copyright (C) 2014 The University of Texas at Austin
http://iss.ices.utexas.edu/galois/

application: Single Source Shortest Path
Computes the shortest path from a source node to all nodes in a directed graph using a modified chaotic iteration algorithm
http://iss.ices.utexas.edu/?p=projects/galois/benchmarks/single_source_shortest_path

INFO: CommandLine ./build/debug/apps/sssp/sssp -noverify -t 44 -delta 4 -wl klsm256mq -startNode 0 /specific/disk1/home/mad/Galois-PQ/inputs/road/USA-road-t.USA.gr
INFO: Hostname rack-castor
Read 23947347 nodes
Running Asynchronous with CAS version
INFO: Using delta-step of 1
WARNING: Performance varies considerably due to delta parameter.
WARNING: Do not expect the default to be good for your graph.
Node 1 has distance 5062
STATTYPE,LOOP,CATEGORY,n,sum,T0,T1,T2,T3,T4,T5,T6,T7,T8,T9,T10,T11,T12,T13,T14,T15,T16,T17,T18,T19,T20,T21,T22,T23,T24,T25,T26,T27,T28,T29,T30,T31,T32,T33,T34,T35,T36,T37,T38,T39,T40,T41,T42,T43
STAT,(NULL),BadWork,44,10321400209,218211088,241535431,239431742,247652286,239498892,237186845,229328759,232435832,245046196,255552237,215719736,234432591,235814411,228746755,217532502,216694976,215114153,246161225,251515800,221759143,262104147,256926349,220926300,247901686,252568754,254970636,230042846,227932898,233797232,250710612,235563495,213561658,244662578,250466519,256062247,238281798,205336231,221630171,233936897,223369285,221848777,196942588,236946904,235539001
STAT,(NULL),BarrierTime,44,9355063,626220,527065,498409,467113,449514,448660,448186,319106,389680,357811,346656,275843,325998,346476,342396,240412,235196,303630,303528,164241,239932,244088,72144,69926,71562,72567,71606,70886,71029,71571,71848,50994,71588,69730,71148,71811,47344,71726,72166,51406,39730,71514,51084,71523
STAT,(NULL),ConflictTime,44,0,0,0,0,0,0,0,0,0,0,0,0,0,0,0,0,0,0,0,0,0,0,0,0,0,0,0,0,0,0,0,0,0,0,0,0,0,0,0,0,0,0,0,0,0
STAT,(NULL),Conflicts,44,0,0,0,0,0,0,0,0,0,0,0,0,0,0,0,0,0,0,0,0,0,0,0,0,0,0,0,0,0,0,0,0,0,0,0,0,0,0,0,0,0,0,0,0,0
STAT,(NULL),EmptyPopTime,44,1185099788,26306313,29177771,27469543,26979413,26743703,26614009,26341249,27224503,26206660,25627389,25992408,25799138,25855826,27185250,27912220,27185011,27138505,27456790,24832338,27631710,24134430,24532857,27906032,25324821,25874242,26863981,27568215,28022187,28452143,27281231,28129328,27891179,27343596,27215884,24702844,26702838,28581091,27466031,28219636,29061567,26035956,27631404,27565712,26912834
STAT,(NULL),EmptyWork,44,1170004105,26679679,28403704,25927708,27683904,27681675,28250601,26123376,26272453,26234553,25991636,25615010,26229478,25697735,26139948,26220967,26478101,26538248,26732630,26096897,26905174,25425289,24583410,28237508,25702405,25072392,27541672,27991277,26989645,26639267,27779567,27939731,26853144,26500584,27062978,26568390,25058797,26886935,25951684,27541334,26483945,25622470,26089451,25929811,27648942
STAT,(NULL),GaloisTime,44,37293716731,839951731,813187244,862104191,811845823,815403668,811972319,853643861,860136960,858264106,854880223,871179584,870156704,869782740,871518096,859700148,846843408,848569697,861336780,841130951,848391861,861846756,876548067,848850994,860902368,886067519,815708942,856046243,835795732,853846298,818970907,815389066,832447374,856538824,833212819,824312440,884641931,856727295,850247562,815715943,845619730,851515404,874496641,856154391,812113390
STAT,(NULL),InitPushTime,44,2740802,33144,46735,66832,36966,37088,35961,36678,67393,39264,35549,38924,65025,38444,38268,39492,39392,38956,33692,33513,83636,38224,37924,107008,106634,106451,106099,106538,105871,105878,105776,105079,58916,57794,57273,57237,79808,79904,79449,78415,55293,54986,55250,55337,54706
STAT,(NULL),Iterations,44,30245666,676878,772355,654482,774201,773361,773129,667810,650731,672534,668548,631209,644534,635169,645339,648972,657598,663148,663418,694949,686645,630723,601701,677641,658177,608893,777646,673944,715078,680684,775236,779687,717933,688103,753733,745017,603823,657448,674657,770879,686497,664941,626447,649184,772584
STAT,(NULL),LoopTime,44,6539515946,6539515946,0,0,0,0,0,0,0,0,0,0,0,0,0,0,0,0,0,0,0,0,0,0,0,0,0,0,0,0,0,0,0,0,0,0,0,0,0,0,0,0,0,0,0
STAT,(NULL),MeminfoPost,44,2244,51,51,51,51,51,51,51,51,51,51,51,51,51,51,51,51,51,51,51,51,51,51,51,51,51,51,51,51,51,51,51,51,51,51,51,51,51,51,51,51,51,51,51,51
STAT,(NULL),MeminfoPre,44,2244,51,51,51,51,51,51,51,51,51,51,51,51,51,51,51,51,51,51,51,51,51,51,51,51,51,51,51,51,51,51,51,51,51,51,51,51,51,51,51,51,51,51,51,51
STAT,(NULL),NumaPost,44,13262,10532,1700,646,384,0,0,0,0,0,0,0,0,0,0,0,0,0,0,0,0,0,0,0,0,0,0,0,0,0,0,0,0,0,0,0,0,0,0,0,0,0,0,0,0
STAT,(NULL),PopTime,44,67891487415,1538869529,1560073440,1541213902,1560276816,1558211828,1559478227,1548346675,1533914117,1537195406,1539746357,1539387834,1535076506,1534066087,1528925896,1540632317,1545916093,1549742332,1538280762,1555901865,1542463163,1545534887,1536155578,1533404530,1537127246,1531416921,1550870433,1534740435,1541299334,1538366136,1552790411,1552544639,1545892130,1523744841,1550711784,1553680390,1528269467,1533213473,1541872734,1561612422,1534632290,1545877893,1527374816,1539703821,1562931652
STAT,(NULL),PushTime,44,81222415068,1867832714,1853263702,1833867790,1849933021,1856361945,1856158718,1829685761,1849627969,1848771667,1844561783,1837352140,1831214855,1837913519,1835112321,1834544927,1841153038,1837953462,1835586748,1837052531,1843971304,1835291760,1831095950,1863095078,1841521190,1824780992,1862569122,1848021720,1855313489,1846698645,1856053589,1858032541,1855604334,1857185461,1849357950,1862184680,1829819266,1846085068,1844382994,1854942510,1855352031,1843726757,1838609921,1844236046,1856534059
STAT,(NULL),RusageSys,44,0,0,0,0,0,0,0,0,0,0,0,0,0,0,0,0,0,0,0,0,0,0,0,0,0,0,0,0,0,0,0,0,0,0,0,0,0,0,0,0,0,0,0,0,0
STAT,(NULL),RusageUser,44,125116000,125116000,0,0,0,0,0,0,0,0,0,0,0,0,0,0,0,0,0,0,0,0,0,0,0,0,0,0,0,0,0,0,0,0,0,0,0,0,0,0,0,0,0,0,0
STAT,(NULL),Threads,44,44,44,0,0,0,0,0,0,0,0,0,0,0,0,0,0,0,0,0,0,0,0,0,0,0,0,0,0,0,0,0,0,0,0,0,0,0,0,0,0,0,0,0,0,0
STAT,(NULL),Time,44,6554730041,6554730041,0,0,0,0,0,0,0,0,0,0,0,0,0,0,0,0,0,0,0,0,0,0,0,0,0,0,0,0,0,0,0,0,0,0,0,0,0,0,0,0,0,0,0
STAT,(NULL),TotalTime,44,14358213268,14358213268,0,0,0,0,0,0,0,0,0,0,0,0,0,0,0,0,0,0,0,0,0,0,0,0,0,0,0,0,0,0,0,0,0,0,0,0,0,0,0,0,0,0,0
STAT,(NULL),UserTime,44,86158746240,1948575090,1964110592,1957634460,1971497424,1963813430,1965744130,1964076877,1951038120,1951544172,1957408822,1948688790,1959737069,1954900193,1959334953,1959205681,1960640239,1958273646,1958822339,1963201352,1958850626,1955984690,1955300288,1946720545,1957635831,1955002166,1964659784,1953846260,1960793547,1954211505,1965338727,1966178422,1959525801,1956900706,1960654594,1956765749,1953721707,1956719743,1958292969,1960182502,1957064798,1955435090,1954011743,1954625995,1962075073
STAT,(NULL),Work,44,274926715830,6248362224,6248333584,6248348589,6248335963,6248333805,6248335541,6248337395,6248337719,6248336132,6248337306,6248333582,6248331130,6248345598,6248334004,6248338184,6248336162,6248340620,6248334706,6248333529,6248333197,6248335648,6248333362,6248328683,6248330560,6248325453,6248329447,6248329918,6248330001,6248325917,6248328037,6248329626,6248331713,6248324988,6248333232,6248325451,6248328036,6248350467,6248328290,6248328105,6248347454,6248329722,6248327783,6248347079,6248327888
STAT,(NULL),nBad,44,9820868,208404,231837,226538,237385,233826,228926,213988,223407,235263,239856,201353,221415,222921,218262,210149,203599,204571,229502,240383,214860,244951,239864,208087,234222,235491,245677,222252,221294,221704,242687,229393,204700,232233,241821,246025,223460,196983,201643,225425,212223,208756,187854,219601,228077
STAT,(NULL),nEmpty,44,2456683,55161,65142,52495,63569,63370,64937,53183,52470,53934,53365,50115,52006,50390,52778,52119,53092,54236,54495,55578,56623,49504,46538,56434,52550,47551,64172,55753,58327,55655,64998,65382,58334,56485,61589,60028,47606,54942,52870,63401,55872,52178,50791,52465,64200
STAT,(NULL),nEmptyPop,44,482760,10921,12187,10774,11865,11884,11859,10820,10830,10752,10661,10350,10332,10215,10639,11044,11022,10818,10722,10772,11052,9984,9736,10846,10315,9815,11736,10870,11447,11204,11894,12067,11495,10854,11465,10805,9962,10961,10968,12148,11199,10743,10448,10618,11661
STAT,(NULL),nOverall,44,68154209,1527147,1739560,1474805,1743289,1740289,1743736,1503728,1469671,1514076,1506115,1421396,1448969,1430266,1455783,1463953,1483782,1491691,1493175,1566458,1547668,1419857,1353539,1527949,1483664,1373566,1752055,1519374,1609448,1531896,1748031,1756324,1618487,1551365,1700108,1677426,1363980,1483947,1515864,1737771,1548197,1497139,1412329,1465176,1741160
STAT,(NULL),nPop,44,30245666,676878,772355,654482,774201,773361,773129,667810,650731,672534,668548,631209,644534,635169,645339,648972,657598,663148,663418,694949,686645,630723,601701,677641,658177,608893,777646,673944,715078,680684,775236,779687,717933,688103,753733,745017,603823,657448,674657,770879,686497,664941,626447,649184,772584
STAT,(NULL),nPush,44,30245663,676815,772431,653236,775578,774694,775205,666794,651118,673968,669374,630049,643519,634415,645304,648048,657068,662210,662097,695203,685346,628782,600334,677277,657149,607928,779523,673680,713587,679996,777393,779849,720109,689937,754670,745924,603156,657873,672764,772973,686033,664353,625408,649982,774511
STAT,(NULL),nPushInit,44,3,1,1,1,0,0,0,0,0,0,0,0,0,0,0,0,0,0,0,0,0,0,0,0,0,0,0,0,0,0,0,0,0,0,0,0,0,0,0,0,0,0,0,0,0
==== BENCHMARK TOOK 7.278
==== BENCHMARK START ===
==== PARAMS kernel=4.9.5-64-net1 malloc=libc hostname=rack-castor threads=44 delta=4 prog=sssp-klsm256mq  ===
ERROR: ld.so: object '/specific/disk1/home/adamx/malloc/lib64/libjemalloc.so' from LD_PRELOAD cannot be preloaded (cannot open shared object file): ignored.
Galois Benchmark Suite v2.2.1 (r0)
Copyright (C) 2014 The University of Texas at Austin
http://iss.ices.utexas.edu/galois/

application: Single Source Shortest Path
Computes the shortest path from a source node to all nodes in a directed graph using a modified chaotic iteration algorithm
http://iss.ices.utexas.edu/?p=projects/galois/benchmarks/single_source_shortest_path

INFO: CommandLine ./build/debug/apps/sssp/sssp -noverify -t 44 -delta 4 -wl klsm256mq -startNode 0 /specific/disk1/home/mad/Galois-PQ/inputs/road/USA-road-t.USA.gr
INFO: Hostname rack-castor
Read 23947347 nodes
Running Asynchronous with CAS version
INFO: Using delta-step of 1
WARNING: Performance varies considerably due to delta parameter.
WARNING: Do not expect the default to be good for your graph.
Node 1 has distance 5062
STATTYPE,LOOP,CATEGORY,n,sum,T0,T1,T2,T3,T4,T5,T6,T7,T8,T9,T10,T11,T12,T13,T14,T15,T16,T17,T18,T19,T20,T21,T22,T23,T24,T25,T26,T27,T28,T29,T30,T31,T32,T33,T34,T35,T36,T37,T38,T39,T40,T41,T42,T43
STAT,(NULL),BadWork,44,10895484541,243410116,250867805,224311510,259531840,247812750,243482024,228175239,247338584,231429216,264279330,242498371,225956820,230236073,263064829,282875010,289859427,257256510,257343810,236204206,226089607,229631534,270649310,258748758,231979230,225815956,264578579,266085826,248384158,246098073,256977245,270673736,238966817,260003829,272993862,226218570,237514299,225565269,215337514,263608082,224047552,229916258,266260785,253332273,260073949
STAT,(NULL),BarrierTime,44,8902172,609626,503991,449152,433989,433612,417712,414766,347400,342032,346620,349248,307560,311248,308456,306264,260477,259552,253372,254276,255712,254224,267292,58337,57783,58064,56307,58823,54391,58076,58011,59129,59475,58800,59751,27918,32193,56840,58388,57272,53883,55076,59216,59092,58766
STAT,(NULL),ConflictTime,44,0,0,0,0,0,0,0,0,0,0,0,0,0,0,0,0,0,0,0,0,0,0,0,0,0,0,0,0,0,0,0,0,0,0,0,0,0,0,0,0,0,0,0,0,0
STAT,(NULL),Conflicts,44,0,0,0,0,0,0,0,0,0,0,0,0,0,0,0,0,0,0,0,0,0,0,0,0,0,0,0,0,0,0,0,0,0,0,0,0,0,0,0,0,0,0,0,0,0
STAT,(NULL),EmptyPopTime,44,1141561856,26280837,25912851,27241395,25645262,26421602,25510381,27337629,26694129,27100730,27300477,27837653,25504770,25959663,25700769,28078814,24666319,25742641,25049667,26305412,26297324,26350509,25895643,24289831,25081817,25114089,25126453,24431909,25684700,26785472,26094374,26910500,25145793,24792803,24922847,25963002,23595117,26535897,27359609,26018598,25832848,28686879,23483266,24429995,26441580
STAT,(NULL),EmptyWork,44,1156175056,26440470,27188009,26136646,27220178,27261445,27139360,26433472,25729472,25867212,25653673,25424560,25873910,25900584,25923126,25672986,25972318,25102667,25040698,26364696,25766533,26389310,26069198,27784545,25366533,25553158,27383051,25402490,26317253,26723237,26904144,28031978,25914932,26633902,26448422,25997944,25033510,26988291,26686999,27421904,25997097,26038708,26035631,25783501,27157303
STAT,(NULL),GaloisTime,44,36533749653,824078266,801683059,831872815,804512759,807262512,806986888,820307423,851628969,835532603,847713160,844426906,841660470,849897278,855604225,832490980,817876018,846156025,854991354,841705025,844786556,835531189,819134353,816321938,854297755,861083565,806117640,847088114,835584602,820048638,805826150,804525141,835677659,819853076,823516456,813755057,847106268,818224460,825389012,804348780,847910342,843960659,837309268,847857560,802108680
STAT,(NULL),InitPushTime,44,2572101,33524,10733,81828,39561,38845,36083,37689,40952,39728,39728,35668,38512,39384,38436,39412,35585,38828,38372,37936,37572,37992,34299,107022,107000,106744,106142,106656,105652,105981,104647,105373,60448,61329,61255,58036,60559,58000,59063,57273,60749,55212,59496,55976,58821
STAT,(NULL),Iterations,44,30567681,691178,764296,669278,764666,764341,767242,704411,637234,682785,657560,647212,654735,641377,651591,679398,711832,636053,635925,664599,646029,678087,716154,725967,645360,617827,770127,657953,700947,729945,766701,768970,703430,724844,728223,724528,634099,708282,691889,764640,655730,665504,695787,656916,764029
STAT,(NULL),LoopTime,44,6440058064,6440058064,0,0,0,0,0,0,0,0,0,0,0,0,0,0,0,0,0,0,0,0,0,0,0,0,0,0,0,0,0,0,0,0,0,0,0,0,0,0,0,0,0,0,0
STAT,(NULL),MeminfoPost,44,2244,51,51,51,51,51,51,51,51,51,51,51,51,51,51,51,51,51,51,51,51,51,51,51,51,51,51,51,51,51,51,51,51,51,51,51,51,51,51,51,51,51,51,51,51
STAT,(NULL),MeminfoPre,44,2244,51,51,51,51,51,51,51,51,51,51,51,51,51,51,51,51,51,51,51,51,51,51,51,51,51,51,51,51,51,51,51,51,51,51,51,51,51,51,51,51,51,51,51,51
STAT,(NULL),NumaPost,44,13283,10541,1700,659,383,0,0,0,0,0,0,0,0,0,0,0,0,0,0,0,0,0,0,0,0,0,0,0,0,0,0,0,0,0,0,0,0,0,0,0,0,0,0,0,0
STAT,(NULL),PopTime,44,66919069705,1510805421,1539562963,1525728768,1535556210,1528064230,1536808879,1536677844,1513239573,1520187035,1509564091,1518597793,1522725646,1511003539,1506398175,1526169554,1535388146,1518622865,1510297791,1515655591,1515537527,1520585357,1532726027,1527830259,1505407719,1506138930,1525669789,1503092872,1518955716,1521705803,1524101998,1525325083,1512940277,1524288673,1518082912,1523844696,1517801193,1529519006,1527309585,1530392288,1514227253,1510348740,1513099903,1515652333,1533431652
STAT,(NULL),PushTime,44,79628176490,1837904480,1814316514,1808813781,1814937005,1813564282,1806991660,1807938715,1798820288,1796840959,1804493220,1802798816,1797189242,1801804940,1800885329,1800589118,1807340145,1796594380,1803629233,1803704516,1800053620,1806950199,1806316376,1816246047,1802861672,1802476376,1820127437,1813701379,1810453417,1814379071,1818234587,1824369433,1810483981,1816767447,1816759967,1822443155,1806530492,1819912947,1813749463,1816282394,1802441738,1811160546,1811785981,1802133382,1822398760
STAT,(NULL),RusageSys,44,4000,4000,0,0,0,0,0,0,0,0,0,0,0,0,0,0,0,0,0,0,0,0,0,0,0,0,0,0,0,0,0,0,0,0,0,0,0,0,0,0,0,0,0,0,0
STAT,(NULL),RusageUser,44,123040000,123040000,0,0,0,0,0,0,0,0,0,0,0,0,0,0,0,0,0,0,0,0,0,0,0,0,0,0,0,0,0,0,0,0,0,0,0,0,0,0,0,0,0,0,0
STAT,(NULL),Threads,44,44,44,0,0,0,0,0,0,0,0,0,0,0,0,0,0,0,0,0,0,0,0,0,0,0,0,0,0,0,0,0,0,0,0,0,0,0,0,0,0,0,0,0,0,0
STAT,(NULL),Time,44,6455586444,6455586444,0,0,0,0,0,0,0,0,0,0,0,0,0,0,0,0,0,0,0,0,0,0,0,0,0,0,0,0,0,0,0,0,0,0,0,0,0,0,0,0,0,0,0
STAT,(NULL),TotalTime,44,13799909468,13799909468,0,0,0,0,0,0,0,0,0,0,0,0,0,0,0,0,0,0,0,0,0,0,0,0,0,0,0,0,0,0,0,0,0,0,0,0,0,0,0,0,0,0,0
STAT,(NULL),UserTime,44,84985570147,1919130901,1935980847,1924850951,1936772635,1942067665,1941205967,1925948768,1928531457,1939115237,1929918879,1925559627,1931689842,1930078262,1930131302,1931642634,1933400510,1932425506,1925635727,1930908196,1932201332,1928837596,1934501902,1932169981,1931626708,1924276506,1940218791,1930926717,1927647354,1935001240,1943481745,1935481006,1934480004,1932307365,1934911842,1932639801,1924575095,1923461487,1924148618,1940178779,1928233370,1924448110,1932929132,1928785776,1933104977
STAT,(NULL),Work,44,270369148285,6144794221,6144750729,6144757820,6144747248,6144746821,6144746037,6144747454,6144753700,6144762408,6144756024,6144762889,6144757672,6144752562,6144754978,6144754914,6144752549,6144748812,6144757542,6144757952,6144752264,6144753292,6144749936,6144749188,6144745980,6144747906,6144754106,6144750490,6144752131,6144750918,6144745655,6144749948,6144746229,6144745703,6144744789,6144778515,6144771454,6144750602,6144745960,6144746039,6144754244,6144754242,6144748611,6144749868,6144747883
STAT,(NULL),nBad,44,10544209,239228,245839,218534,254881,243335,237445,222608,235442,227832,256626,227530,216892,218956,251152,265286,284428,245496,242356,230168,217986,220321,262363,250600,222463,212633,258233,259222,246098,237880,252913,267621,227051,255205,266870,221749,224651,218348,206491,258832,213547,222884,256941,244009,255264
STAT,(NULL),nEmpty,44,2488206,57642,63007,54130,63290,63688,63025,57041,51829,54923,52329,51627,52220,52167,52987,53882,56764,49661,50022,54284,51389,55691,57463,59349,51968,50162,64721,52382,57172,60120,62779,63564,57313,59623,59615,58319,50390,59183,57049,63993,54030,54138,56720,53462,63093
STAT,(NULL),nEmptyPop,44,478768,10848,11571,11184,11521,11819,11460,11546,10571,11113,10663,10628,10672,10514,10474,11107,10670,10339,10274,10802,10642,10826,11178,10773,10101,9893,11307,10121,10842,11409,11540,11460,10839,10896,10845,11114,9766,11165,11270,11469,10378,11040,10281,10214,11623
STAT,(NULL),nOverall,44,68877550,1560414,1721019,1509762,1723033,1726512,1726678,1585408,1439061,1534299,1481155,1456750,1473683,1443190,1469300,1527479,1604210,1434546,1435113,1494203,1450882,1525634,1610425,1636387,1451946,1393680,1733088,1485760,1576327,1645085,1728216,1736253,1585377,1634551,1642467,1634426,1429734,1598202,1559607,1723566,1478856,1496131,1571134,1480900,1723101
STAT,(NULL),nPop,44,30567681,691178,764296,669278,764666,764341,767242,704411,637234,682785,657560,647212,654735,641377,651591,679398,711832,636053,635925,664599,646029,678087,716154,725967,645360,617827,770127,657953,700947,729945,766701,768970,703430,724844,728223,724528,634099,708282,691889,764640,655730,665504,695787,656916,764029
STAT,(NULL),nPush,44,30567678,692270,765057,669505,766393,765892,767675,703622,636432,681055,655844,646830,652959,641103,651859,678764,711956,635726,636322,661958,644760,677519,715596,726662,644224,617621,770531,660123,700405,730855,767564,771467,704283,724790,727961,725980,633038,708543,691402,765217,655720,663971,697044,655855,765325
STAT,(NULL),nPushInit,44,3,1,1,1,0,0,0,0,0,0,0,0,0,0,0,0,0,0,0,0,0,0,0,0,0,0,0,0,0,0,0,0,0,0,0,0,0,0,0,0,0,0,0,0,0
==== BENCHMARK TOOK 7.027
==== BENCHMARK START ===
==== PARAMS kernel=4.9.5-64-net1 malloc=libc hostname=rack-castor threads=44 delta=4 prog=sssp-klsm256mq  ===
ERROR: ld.so: object '/specific/disk1/home/adamx/malloc/lib64/libjemalloc.so' from LD_PRELOAD cannot be preloaded (cannot open shared object file): ignored.
Galois Benchmark Suite v2.2.1 (r0)
Copyright (C) 2014 The University of Texas at Austin
http://iss.ices.utexas.edu/galois/

application: Single Source Shortest Path
Computes the shortest path from a source node to all nodes in a directed graph using a modified chaotic iteration algorithm
http://iss.ices.utexas.edu/?p=projects/galois/benchmarks/single_source_shortest_path

INFO: CommandLine ./build/debug/apps/sssp/sssp -noverify -t 44 -delta 4 -wl klsm256mq -startNode 0 /specific/disk1/home/mad/Galois-PQ/inputs/road/USA-road-t.USA.gr
INFO: Hostname rack-castor
Read 23947347 nodes
Running Asynchronous with CAS version
INFO: Using delta-step of 1
WARNING: Performance varies considerably due to delta parameter.
WARNING: Do not expect the default to be good for your graph.
Node 1 has distance 5062
STATTYPE,LOOP,CATEGORY,n,sum,T0,T1,T2,T3,T4,T5,T6,T7,T8,T9,T10,T11,T12,T13,T14,T15,T16,T17,T18,T19,T20,T21,T22,T23,T24,T25,T26,T27,T28,T29,T30,T31,T32,T33,T34,T35,T36,T37,T38,T39,T40,T41,T42,T43
STAT,(NULL),BadWork,44,10503368400,250036483,269630194,225028021,248172505,249922359,259374989,219553494,240278542,231836079,262533008,231444265,248143113,238793205,255446961,227383521,229040340,214036747,247766091,220900681,222357281,200759327,210548283,254865590,244437320,228251090,233438469,263351160,256835534,238023332,265045847,251857631,218483766,224466884,243319219,235430301,223720570,215486498,258043475,265802407,229415709,220782082,232147786,233407078,263771163
STAT,(NULL),BarrierTime,44,11026384,677722,552215,512160,491040,470035,470318,429160,406740,380096,379547,317488,369330,370132,362185,365080,303808,311876,237780,164550,224300,230668,255208,138066,137521,138698,137848,137602,136602,136891,137668,138288,111726,136456,138141,137576,131249,128720,96114,110092,122276,106740,49068,104620,132984
STAT,(NULL),ConflictTime,44,0,0,0,0,0,0,0,0,0,0,0,0,0,0,0,0,0,0,0,0,0,0,0,0,0,0,0,0,0,0,0,0,0,0,0,0,0,0,0,0,0,0,0,0,0
STAT,(NULL),Conflicts,44,0,0,0,0,0,0,0,0,0,0,0,0,0,0,0,0,0,0,0,0,0,0,0,0,0,0,0,0,0,0,0,0,0,0,0,0,0,0,0,0,0,0,0,0,0
STAT,(NULL),EmptyPopTime,44,1336014732,28579178,28293854,30149657,29375435,29328133,30428665,33276948,30737287,29271094,27580902,31150807,30446380,29954715,29583306,31483076,28332387,31998241,29496170,31703042,29676539,31008453,33328969,29171204,31389373,31709365,30593805,30022607,31204897,31223909,29414748,30141317,32022807,29342094,27673784,30018661,30557999,32533193,28707323,30926412,30713800,30870485,31803340,30499656,30290715
STAT,(NULL),EmptyWork,44,1149382221,25719379,27398478,26443558,27218463,27201500,27322781,26438642,25034267,26294386,25756469,25561840,26280059,25761926,25930154,25089462,25419739,25843091,24022433,25248841,25324340,25332406,26274790,25315174,26324683,25803593,26874318,26190195,26570447,26768144,26764194,26639502,26292859,25883389,25002798,26044865,26389493,26200317,26037269,28063787,26012372,27113736,25750231,26105439,26318412
STAT,(NULL),GaloisTime,44,36406077953,825858430,800491448,811837491,801852956,800325187,804345666,829244790,856634113,815937543,828378215,856723642,823353771,830820827,837904025,839921861,866994844,840396563,860083757,842402867,845312032,835400097,830376494,828585944,819957196,838115149,800806777,824629872,821086327,805892468,799263220,801621992,827470056,823313073,848648450,833912523,835049984,831516732,830452382,800076730,830387900,839226024,851922386,823601538,805944611
STAT,(NULL),InitPushTime,44,3020882,34998,11066,80160,36766,36226,35776,40848,40208,35279,35428,56786,38240,38148,41268,40292,39036,38820,47564,92459,44592,50763,44328,135060,131638,132343,132837,131636,132081,131615,131130,130501,98296,73092,104528,106113,74880,74670,35808,33947,78728,33804,53137,35164,70823
STAT,(NULL),Iterations,44,30427903,671747,761630,697554,761915,759001,762549,655231,621561,718351,679395,630333,720074,677393,673325,643160,649474,651748,613912,639922,643302,639614,639988,698747,704090,685289,764762,711421,712597,750888,763810,765007,685059,715314,643494,677424,692857,663655,672647,761035,688885,658989,645225,691271,764258
STAT,(NULL),LoopTime,44,6405023908,6405023908,0,0,0,0,0,0,0,0,0,0,0,0,0,0,0,0,0,0,0,0,0,0,0,0,0,0,0,0,0,0,0,0,0,0,0,0,0,0,0,0,0,0,0
STAT,(NULL),MeminfoPost,44,2244,51,51,51,51,51,51,51,51,51,51,51,51,51,51,51,51,51,51,51,51,51,51,51,51,51,51,51,51,51,51,51,51,51,51,51,51,51,51,51,51,51,51,51,51
STAT,(NULL),MeminfoPre,44,2244,51,51,51,51,51,51,51,51,51,51,51,51,51,51,51,51,51,51,51,51,51,51,51,51,51,51,51,51,51,51,51,51,51,51,51,51,51,51,51,51,51,51,51,51
STAT,(NULL),NumaPost,44,13283,10540,1916,659,168,0,0,0,0,0,0,0,0,0,0,0,0,0,0,0,0,0,0,0,0,0,0,0,0,0,0,0,0,0,0,0,0,0,0,0,0,0,0,0,0
STAT,(NULL),PopTime,44,67446474181,1519081903,1553839706,1542255095,1545142860,1542246478,1546070086,1532823398,1522568646,1537184056,1540985791,1522941991,1534731607,1534286251,1527448014,1533615034,1526994123,1523642073,1524050427,1526809604,1520061426,1529148232,1533879185,1533761341,1538187295,1524235650,1542939514,1530357488,1540070048,1536373527,1541985288,1539422759,1536765049,1539589109,1522664601,1521538088,1529530023,1523825691,1532262623,1544754012,1525600076,1522038420,1519831344,1532686472,1548249777
STAT,(NULL),PushTime,44,79614977430,1836931980,1810450936,1819995807,1818408175,1819280381,1811335501,1807682151,1782265225,1808985525,1801441608,1790707906,1809590340,1804673335,1807922330,1791376426,1777523766,1802642252,1789102373,1797935956,1810531122,1803802019,1804566416,1809054261,1811130107,1807075719,1816484269,1816102038,1802721075,1824629478,1822535564,1822973143,1813850351,1805562006,1806987550,1815567709,1809417731,1822228115,1809891407,1818841984,1821286624,1814378064,1804239754,1819510770,1813358181
STAT,(NULL),RusageSys,44,0,0,0,0,0,0,0,0,0,0,0,0,0,0,0,0,0,0,0,0,0,0,0,0,0,0,0,0,0,0,0,0,0,0,0,0,0,0,0,0,0,0,0,0,0
STAT,(NULL),RusageUser,44,122916000,122916000,0,0,0,0,0,0,0,0,0,0,0,0,0,0,0,0,0,0,0,0,0,0,0,0,0,0,0,0,0,0,0,0,0,0,0,0,0,0,0,0,0,0,0
STAT,(NULL),Threads,44,44,44,0,0,0,0,0,0,0,0,0,0,0,0,0,0,0,0,0,0,0,0,0,0,0,0,0,0,0,0,0,0,0,0,0,0,0,0,0,0,0,0,0,0,0
STAT,(NULL),Time,44,6420926028,6420926028,0,0,0,0,0,0,0,0,0,0,0,0,0,0,0,0,0,0,0,0,0,0,0,0,0,0,0,0,0,0,0,0,0,0,0,0,0,0,0,0,0,0,0
STAT,(NULL),TotalTime,44,14537632354,14537632354,0,0,0,0,0,0,0,0,0,0,0,0,0,0,0,0,0,0,0,0,0,0,0,0,0,0,0,0,0,0,0,0,0,0,0,0,0,0,0,0,0,0,0
STAT,(NULL),UserTime,44,84130329556,1902083614,1917781370,1907574126,1916258998,1919874110,1918752753,1908789915,1921016564,1920584692,1914114774,1911167536,1913853522,1912757990,1909467667,1916770851,1912990353,1913733618,1911500756,1914152846,1907350735,1913564691,1909830392,1912367878,1911267288,1911316938,1920557188,1910954181,1916603143,1913368305,1918292908,1917456864,1901855073,1914563925,1907279003,1911174686,1907310781,1901951936,1910905611,1915593316,1904254892,1904629537,1904707207,1905852915,1914094108
STAT,(NULL),Work,44,270087739011,6138392816,6138368414,6138363802,6138362934,6138359398,6138365203,6138391954,6138365322,6138361187,6138362013,6138371092,6138358557,6138357988,6138362258,6138359402,6138359320,6138360130,6138364632,6138365784,6138368418,6138360563,6138361518,6138348452,6138350268,6138347339,6138347412,6138347072,6138349101,6138347566,6138347412,6138346820,6138374562,6138344289,6138346897,6138347588,6138348748,6138352036,6138356062,6138353481,6138348584,6138346558,6138349821,6138347952,6138348286
STAT,(NULL),nBad,44,10219950,244831,264057,209489,242960,242748,256530,212466,232849,227455,254955,229524,244438,233596,250218,218311,223759,205710,237000,212957,218132,192707,202816,248782,238256,223729,232807,256068,246359,234766,263630,244327,213064,221105,233358,225998,220009,209575,244527,257429,223679,214549,223673,227906,258846
STAT,(NULL),nEmpty,44,2485105,54471,64116,57302,63760,63287,64271,54603,49824,58701,55193,51699,58954,54312,54880,50976,52516,52870,47044,51081,51948,50663,52708,55237,57410,55461,63322,57749,58752,62376,63198,63074,56434,57801,51066,55632,57602,55014,55115,63114,55912,54570,52643,56309,62135
STAT,(NULL),nEmptyPop,44,534623,11561,12406,12525,12665,12623,13041,12070,11520,12281,11396,11603,12547,12035,11855,12125,11334,12317,11160,11961,11528,11861,12429,11914,12516,12298,12862,12156,12529,12849,12627,12903,12245,12076,11026,11738,12108,12358,11326,13005,12257,11832,11935,12400,12820
STAT,(NULL),nOverall,44,68553291,1513698,1715878,1572664,1715946,1712257,1718727,1478184,1400800,1620014,1533913,1420423,1621075,1522814,1518704,1449529,1464472,1468364,1381863,1441973,1451318,1437913,1442613,1573123,1586267,1541069,1722124,1598408,1603459,1690189,1722521,1724058,1542864,1608900,1451505,1526705,1560066,1495605,1514577,1718297,1550068,1486251,1453157,1559061,1721875
STAT,(NULL),nPop,44,30427903,671747,761630,697554,761915,759001,762549,655231,621561,718351,679395,630333,720074,677393,673325,643160,649474,651748,613912,639922,643302,639614,639988,698747,704090,685289,764762,711421,712597,750888,763810,765007,685059,715314,643494,677424,692857,663655,672647,761035,688885,658989,645225,691271,764258
STAT,(NULL),nPush,44,30427900,670312,762037,699844,762750,761083,762845,655709,620203,720129,680067,629173,720525,677092,674525,642464,649004,651841,612777,639748,643833,638919,639120,698044,704105,684366,765644,709678,710991,752321,765488,766479,684030,713894,642444,677042,693480,663824,671065,762467,688951,659201,644382,691071,764933
STAT,(NULL),nPushInit,44,3,1,1,1,0,0,0,0,0,0,0,0,0,0,0,0,0,0,0,0,0,0,0,0,0,0,0,0,0,0,0,0,0,0,0,0,0,0,0,0,0,0,0,0,0
==== BENCHMARK TOOK 7.502
==== BENCHMARK START ===
==== PARAMS kernel=4.9.5-64-net1 malloc=libc hostname=rack-castor threads=44 delta=4 prog=sssp-klsm256mq  ===
ERROR: ld.so: object '/specific/disk1/home/adamx/malloc/lib64/libjemalloc.so' from LD_PRELOAD cannot be preloaded (cannot open shared object file): ignored.
Galois Benchmark Suite v2.2.1 (r0)
Copyright (C) 2014 The University of Texas at Austin
http://iss.ices.utexas.edu/galois/

application: Single Source Shortest Path
Computes the shortest path from a source node to all nodes in a directed graph using a modified chaotic iteration algorithm
http://iss.ices.utexas.edu/?p=projects/galois/benchmarks/single_source_shortest_path

INFO: CommandLine ./build/debug/apps/sssp/sssp -noverify -t 44 -delta 4 -wl klsm256mq -startNode 0 /specific/disk1/home/mad/Galois-PQ/inputs/road/USA-road-t.USA.gr
INFO: Hostname rack-castor
Read 23947347 nodes
Running Asynchronous with CAS version
INFO: Using delta-step of 1
WARNING: Performance varies considerably due to delta parameter.
WARNING: Do not expect the default to be good for your graph.
Node 1 has distance 5062
STATTYPE,LOOP,CATEGORY,n,sum,T0,T1,T2,T3,T4,T5,T6,T7,T8,T9,T10,T11,T12,T13,T14,T15,T16,T17,T18,T19,T20,T21,T22,T23,T24,T25,T26,T27,T28,T29,T30,T31,T32,T33,T34,T35,T36,T37,T38,T39,T40,T41,T42,T43
STAT,(NULL),BadWork,44,10511035248,253405835,242104115,233637206,252051971,242932810,266803470,255524803,218564198,224952844,249012574,238223906,233678687,217090005,245014944,223117326,214367049,251803285,237825036,226674103,254996480,235848575,229410635,243063633,213805589,248001513,258904182,218971951,271101876,218980654,255466384,247335237,246403314,231140452,205501192,240928481,239681907,279101670,235958397,262493052,222523688,209372927,233860872,218366152,263032268
STAT,(NULL),BarrierTime,44,11296792,654537,597435,585656,537154,512794,520460,439406,454044,397303,379460,384104,386836,386196,392165,385766,336756,334462,335788,343700,308904,302092,311873,92372,91567,90860,92844,86634,91791,92460,92272,91184,90879,91816,85123,92816,91700,92423,92505,91765,91231,92369,91526,92441,91323
STAT,(NULL),ConflictTime,44,0,0,0,0,0,0,0,0,0,0,0,0,0,0,0,0,0,0,0,0,0,0,0,0,0,0,0,0,0,0,0,0,0,0,0,0,0,0,0,0,0,0,0,0,0
STAT,(NULL),Conflicts,44,0,0,0,0,0,0,0,0,0,0,0,0,0,0,0,0,0,0,0,0,0,0,0,0,0,0,0,0,0,0,0,0,0,0,0,0,0,0,0,0,0,0,0,0,0
STAT,(NULL),EmptyPopTime,44,1221541777,26305137,29437676,25995324,28356534,26860725,26797548,26740748,26834129,28242675,26752966,28368001,28484948,25793859,25649006,29843812,28460081,26195050,26837731,28148910,27581336,27291448,28271535,29009453,30571673,27002921,26664359,29728135,28170387,28433383,28041996,27570469,27314496,26973226,27687265,27595805,28344681,28047258,28850238,28247317,27740354,28104755,27150782,28175712,28867933
STAT,(NULL),EmptyWork,44,1159243705,27366028,27458900,26411136,27416849,27465694,27125023,25407427,25476658,25327110,25601788,25794037,26632498,25757147,25655169,28123709,25910297,25066710,24325801,26130714,26736598,25926684,25573225,27462587,25349130,25089383,27039981,26316604,26652850,26487911,28382441,28151991,26339465,25961973,25348048,26390133,25474406,26704066,26970679,27580305,25692015,26048878,25756557,25972888,27382212
STAT,(NULL),GaloisTime,44,36478531930,818359182,796598474,818360072,804318763,803694582,802711622,835898263,853181147,847511257,845582317,850503193,830442975,837049568,846482048,807222007,840597421,830946788,867270346,846939430,850997871,824386945,831850967,829855059,843805711,859192024,803574222,836073640,803905078,817569783,803263943,804130535,815882250,824671458,846438710,833272753,858244092,808553449,830837727,798329335,850982894,842149821,858226871,820672961,797994376
STAT,(NULL),InitPushTime,44,2719819,34320,46803,67748,36614,36101,35795,67459,40148,65780,39116,38796,38668,38168,37988,39448,39700,38896,37868,37208,36580,38124,34062,107756,107492,107382,107104,105849,106311,106766,106216,106142,67327,68706,67261,67298,67702,65993,66154,65948,66579,55051,55169,56122,64101
STAT,(NULL),Iterations,44,30400709,687976,760153,715582,762424,763224,762306,659380,629049,651009,660145,656634,683978,665654,661938,714849,655863,672157,590060,643727,660030,686356,669401,692197,654352,632306,766771,695327,764762,710192,763370,766318,740543,698710,623737,688268,633539,751340,662272,761161,644561,641309,636223,700577,760979
STAT,(NULL),LoopTime,44,6446894612,6446894612,0,0,0,0,0,0,0,0,0,0,0,0,0,0,0,0,0,0,0,0,0,0,0,0,0,0,0,0,0,0,0,0,0,0,0,0,0,0,0,0,0,0,0
STAT,(NULL),MeminfoPost,44,2244,51,51,51,51,51,51,51,51,51,51,51,51,51,51,51,51,51,51,51,51,51,51,51,51,51,51,51,51,51,51,51,51,51,51,51,51,51,51,51,51,51,51,51,51
STAT,(NULL),MeminfoPre,44,2244,51,51,51,51,51,51,51,51,51,51,51,51,51,51,51,51,51,51,51,51,51,51,51,51,51,51,51,51,51,51,51,51,51,51,51,51,51,51,51,51,51,51,51,51
STAT,(NULL),NumaPost,44,13283,10541,1700,874,168,0,0,0,0,0,0,0,0,0,0,0,0,0,0,0,0,0,0,0,0,0,0,0,0,0,0,0,0,0,0,0,0,0,0,0,0,0,0,0,0
STAT,(NULL),PopTime,44,66990003535,1519744639,1540226542,1527952334,1532858261,1538071285,1530075800,1526301566,1521581784,1523277972,1518965871,1516653187,1515431002,1525307658,1512790388,1532335364,1524109296,1533526715,1510674063,1512381450,1515539459,1532664978,1528699516,1515757718,1514005648,1510779821,1530621800,1511644067,1523440396,1521830050,1528660811,1527075828,1525025952,1522860113,1513465802,1522418393,1507726086,1527234584,1518823665,1537239351,1509704619,1512840834,1503691823,1530428141,1535558903
STAT,(NULL),PushTime,44,80019799043,1844647165,1826465715,1819949813,1825829484,1821651037,1829223293,1811266516,1798642483,1807254409,1813122681,1806932248,1822795391,1815682747,1812363910,1822983727,1805555477,1809423442,1799697653,1815078104,1803961786,1813335216,1808408500,1827310980,1819614867,1806427941,1828750675,1818611147,1831524555,1826988179,1828217315,1829116641,1822251823,1826249198,1815598308,1817142522,1805152859,1822076996,1827350779,1826650607,1817288991,1826654222,1815012823,1823079375,1824457443
STAT,(NULL),RusageSys,44,0,0,0,0,0,0,0,0,0,0,0,0,0,0,0,0,0,0,0,0,0,0,0,0,0,0,0,0,0,0,0,0,0,0,0,0,0,0,0,0,0,0,0,0,0
STAT,(NULL),RusageUser,44,123168000,123168000,0,0,0,0,0,0,0,0,0,0,0,0,0,0,0,0,0,0,0,0,0,0,0,0,0,0,0,0,0,0,0,0,0,0,0,0,0,0,0,0,0,0,0
STAT,(NULL),Threads,44,44,44,0,0,0,0,0,0,0,0,0,0,0,0,0,0,0,0,0,0,0,0,0,0,0,0,0,0,0,0,0,0,0,0,0,0,0,0,0,0,0,0,0,0,0
STAT,(NULL),Time,44,6462306744,6462306744,0,0,0,0,0,0,0,0,0,0,0,0,0,0,0,0,0,0,0,0,0,0,0,0,0,0,0,0,0,0,0,0,0,0,0,0,0,0,0,0,0,0,0
STAT,(NULL),TotalTime,44,14460427672,14460427672,0,0,0,0,0,0,0,0,0,0,0,0,0,0,0,0,0,0,0,0,0,0,0,0,0,0,0,0,0,0,0,0,0,0,0,0,0,0,0,0,0,0,0
STAT,(NULL),UserTime,44,84768048457,1914419310,1930659318,1932177850,1932065648,1933103721,1934910599,1925229351,1925127457,1919227389,1920821519,1922592726,1927058702,1921252493,1927906323,1930336450,1926209600,1925686402,1922039874,1922166622,1926026212,1927241249,1928040413,1921449655,1917497443,1922353028,1934193413,1928471045,1937152067,1929535448,1934277873,1934799513,1934030853,1924128660,1922306765,1924025464,1925902471,1938228685,1918011572,1932798083,1919436040,1915046537,1921005912,1922514651,1936584051
STAT,(NULL),Work,44,270641943606,6151023483,6150957624,6150952200,6150954853,6150961220,6150952262,6150958509,6150955166,6150946827,6150966578,6150960236,6150957476,6150956772,6150951322,6150956380,6150957779,6150963597,6150962380,6150955910,6150954102,6150963156,6150960683,6150944813,6150946358,6150950448,6150944563,6150953820,6150944715,6150945868,6150944116,6150945050,6150946126,6150944190,6150954709,6150945122,6150945198,6150944880,6150945027,6150944772,6150945819,6150944775,6150944636,6150945046,6150945040
STAT,(NULL),nBad,44,10155572,247286,235341,228181,243834,239099,258936,245028,208827,220392,239542,231056,226757,208229,237972,215167,208924,239719,223768,215391,241809,225301,220746,234905,208558,239006,252802,213684,263314,210799,249759,240684,241992,223357,189757,233595,229721,271063,227920,257938,214508,200698,226599,208399,255209
STAT,(NULL),nEmpty,44,2467915,55604,63471,58515,63853,63702,62949,52994,50060,52117,52839,52944,56236,53395,53495,58896,52463,52760,46337,52688,52443,55142,52392,56036,52297,50383,63360,57126,62411,57598,62945,62623,60367,55881,49108,56680,51491,61784,52402,63915,52223,52495,51919,56343,63233
STAT,(NULL),nEmptyPop,44,501444,10796,12860,11320,12009,11955,11951,10968,10754,11186,11038,11212,11650,10818,10627,12137,11362,10929,10338,11122,11084,11515,11254,11342,11323,10466,11775,11272,12198,11725,12193,12041,11819,11317,10752,11332,10805,11951,11464,12175,10904,10992,10612,11685,12416
STAT,(NULL),nOverall,44,68488913,1550440,1709978,1613262,1717507,1716833,1719923,1488735,1415802,1467503,1484420,1478445,1539193,1499514,1493519,1611805,1474953,1516348,1331029,1450985,1488297,1545960,1504297,1562320,1473081,1424122,1726291,1565232,1724079,1596754,1722267,1724832,1668858,1575257,1402720,1549411,1430116,1696802,1490247,1713339,1448799,1446711,1432199,1580254,1716474
STAT,(NULL),nPop,44,30400709,687976,760153,715582,762424,763224,762306,659380,629049,651009,660145,656634,683978,665654,661938,714849,655863,672157,590060,643727,660030,686356,669401,692197,654352,632306,766771,695327,764762,710192,763370,766318,740543,698710,623737,688268,633539,751340,662272,761161,644561,641309,636223,700577,760979
STAT,(NULL),nPush,44,30400706,687811,760932,716564,763652,763016,763922,660163,627647,651312,659956,655777,683626,665263,662486,715690,654067,673163,589755,643392,659472,686241,669816,692523,654102,631124,766355,694312,766479,709541,764411,767025,740486,699131,622200,687442,633410,752115,663105,761460,643533,641401,634428,701366,761034
STAT,(NULL),nPushInit,44,3,1,1,1,0,0,0,0,0,0,0,0,0,0,0,0,0,0,0,0,0,0,0,0,0,0,0,0,0,0,0,0,0,0,0,0,0,0,0,0,0,0,0,0,0
==== BENCHMARK TOOK 7.364
==== BENCHMARK START ===
==== PARAMS kernel=4.9.5-64-net1 malloc=libc hostname=rack-castor threads=44 delta=4 prog=sssp-klsm256mq  ===
ERROR: ld.so: object '/specific/disk1/home/adamx/malloc/lib64/libjemalloc.so' from LD_PRELOAD cannot be preloaded (cannot open shared object file): ignored.
Galois Benchmark Suite v2.2.1 (r0)
Copyright (C) 2014 The University of Texas at Austin
http://iss.ices.utexas.edu/galois/

application: Single Source Shortest Path
Computes the shortest path from a source node to all nodes in a directed graph using a modified chaotic iteration algorithm
http://iss.ices.utexas.edu/?p=projects/galois/benchmarks/single_source_shortest_path

INFO: CommandLine ./build/debug/apps/sssp/sssp -noverify -t 44 -delta 4 -wl klsm256mq -startNode 0 /specific/disk1/home/mad/Galois-PQ/inputs/road/USA-road-t.USA.gr
INFO: Hostname rack-castor
Read 23947347 nodes
Running Asynchronous with CAS version
INFO: Using delta-step of 1
WARNING: Performance varies considerably due to delta parameter.
WARNING: Do not expect the default to be good for your graph.
Node 1 has distance 5062
STATTYPE,LOOP,CATEGORY,n,sum,T0,T1,T2,T3,T4,T5,T6,T7,T8,T9,T10,T11,T12,T13,T14,T15,T16,T17,T18,T19,T20,T21,T22,T23,T24,T25,T26,T27,T28,T29,T30,T31,T32,T33,T34,T35,T36,T37,T38,T39,T40,T41,T42,T43
STAT,(NULL),BadWork,44,10698700321,234279082,256915637,207130736,269503267,259206521,252217296,264000027,253359549,216604681,242634714,247886670,246384452,221522106,224344818,243502202,240497169,250229735,238718033,230539271,244640121,239312459,268025932,245134849,261973458,205136417,241966516,246952824,240232707,247208039,248916497,234999812,197565312,262893876,270031941,251800452,235412079,226485196,228265589,268933833,229816484,278196961,222417094,221354103,281551804
STAT,(NULL),BarrierTime,44,8137464,588104,539941,410480,424057,417533,400230,392124,344202,266413,331536,338849,305870,213326,305747,273840,239672,240370,118185,110572,217535,243536,232351,44278,58956,63002,64275,46054,58098,63119,62731,59404,39263,62298,62957,63255,42792,40406,39288,42446,62797,62377,38713,43528,62954
STAT,(NULL),ConflictTime,44,0,0,0,0,0,0,0,0,0,0,0,0,0,0,0,0,0,0,0,0,0,0,0,0,0,0,0,0,0,0,0,0,0,0,0,0,0,0,0,0,0,0,0,0,0
STAT,(NULL),Conflicts,44,0,0,0,0,0,0,0,0,0,0,0,0,0,0,0,0,0,0,0,0,0,0,0,0,0,0,0,0,0,0,0,0,0,0,0,0,0,0,0,0,0,0,0,0,0
STAT,(NULL),EmptyPopTime,44,1230607445,26568567,27354999,29461974,27228923,26460700,27492098,26215162,27908053,28171294,27277980,27975793,28795558,28344443,26051482,29460283,30085165,27303900,27559027,27582399,26169599,29252026,29770433,27381555,25562646,26843031,27862778,29239067,30553733,28847270,28201761,26975153,30256919,26525006,27082402,28082350,28310871,29380372,29408260,27931679,28614018,27072740,28057054,27327458,28601464
STAT,(NULL),EmptyWork,44,1163080917,25607891,27311561,26045064,27014326,27293574,27425064,25067812,25664627,26743195,25371946,26805419,27273323,26516312,25151460,26191015,26103161,27102768,27761961,25629714,25176130,26629331,26364831,26585743,25179729,25268359,28036219,27201946,26309939,26095153,26773993,27274418,25449508,26989202,25854151,26535089,25749223,26443357,26818840,27103418,27185912,27189033,26580974,25415574,26790652
STAT,(NULL),GaloisTime,44,36693436253,844303023,804287475,847499535,807488606,802026108,804768755,861894238,847182122,841507528,850057927,836750780,842392921,837230459,849858650,847785016,843522300,815447077,836596466,856411180,854200797,846961677,852115172,818263598,840471331,855248669,809069237,818819179,825259575,846247340,810322989,810087893,853735556,812236957,836313688,833713478,859953833,845677171,836164981,807076252,810126324,821239722,860260041,849523923,803336704
STAT,(NULL),InitPushTime,44,2655042,30800,11038,147854,50873,51128,35843,40536,36299,65897,39080,38536,34399,64350,34292,45936,39176,39040,91168,91234,49219,37768,37588,102330,101904,101508,75526,76120,101545,101325,75167,75834,57919,57750,56496,57640,57523,58740,57567,58469,54105,54010,53225,54524,53761
STAT,(NULL),Iterations,44,30528255,660860,766386,648827,765384,765999,767075,629947,658925,663855,633793,699815,691044,668900,625076,654342,673878,720113,702634,623256,631011,656833,670124,715104,671397,624843,768203,729390,716864,675609,768921,769815,641465,764433,706680,705165,644732,668961,677793,766550,760146,755398,624845,628723,765141
STAT,(NULL),LoopTime,44,6472542398,6472542398,0,0,0,0,0,0,0,0,0,0,0,0,0,0,0,0,0,0,0,0,0,0,0,0,0,0,0,0,0,0,0,0,0,0,0,0,0,0,0,0,0,0,0
STAT,(NULL),MeminfoPost,44,2244,51,51,51,51,51,51,51,51,51,51,51,51,51,51,51,51,51,51,51,51,51,51,51,51,51,51,51,51,51,51,51,51,51,51,51,51,51,51,51,51,51,51,51,51
STAT,(NULL),MeminfoPre,44,2244,51,51,51,51,51,51,51,51,51,51,51,51,51,51,51,51,51,51,51,51,51,51,51,51,51,51,51,51,51,51,51,51,51,51,51,51,51,51,51,51,51,51,51,51
STAT,(NULL),NumaPost,44,13264,10532,1701,647,384,0,0,0,0,0,0,0,0,0,0,0,0,0,0,0,0,0,0,0,0,0,0,0,0,0,0,0,0,0,0,0,0,0,0,0,0,0,0,0,0
STAT,(NULL),PopTime,44,67399672428,1520965465,1553881325,1520801685,1544636198,1548999672,1548992651,1516455904,1532454250,1525171157,1524835704,1534115611,1527901997,1534896440,1524579443,1530085420,1527620353,1543233701,1531428098,1527077279,1521005397,1531315615,1525204958,1544759788,1541095103,1518158724,1533024246,1538562839,1535962240,1518544840,1543031414,1540444313,1524520875,1537443172,1527273411,1528154798,1517126672,1521170321,1527449338,1545108574,1539029716,1537949373,1518925504,1521131425,1545147419
STAT,(NULL),PushTime,44,80140793062,1836641084,1813429071,1820248224,1823473394,1834592629,1822809815,1818362020,1801707251,1825765607,1820845761,1813542098,1813304655,1810170645,1816511068,1805677359,1814545240,1817932939,1812408179,1810632347,1823387413,1809114229,1803725329,1822819607,1808303200,1823018994,1835888557,1825874875,1828514669,1825135624,1827765516,1834329679,1822564771,1831972712,1829470963,1829948279,1814912633,1818931322,1824984348,1827855904,1838601279,1828840252,1812665547,1830863489,1828704485
STAT,(NULL),RusageSys,44,4000,4000,0,0,0,0,0,0,0,0,0,0,0,0,0,0,0,0,0,0,0,0,0,0,0,0,0,0,0,0,0,0,0,0,0,0,0,0,0,0,0,0,0,0,0
STAT,(NULL),RusageUser,44,123676000,123676000,0,0,0,0,0,0,0,0,0,0,0,0,0,0,0,0,0,0,0,0,0,0,0,0,0,0,0,0,0,0,0,0,0,0,0,0,0,0,0,0,0,0,0
STAT,(NULL),Threads,44,44,44,0,0,0,0,0,0,0,0,0,0,0,0,0,0,0,0,0,0,0,0,0,0,0,0,0,0,0,0,0,0,0,0,0,0,0,0,0,0,0,0,0,0,0
STAT,(NULL),Time,44,6485561081,6485561081,0,0,0,0,0,0,0,0,0,0,0,0,0,0,0,0,0,0,0,0,0,0,0,0,0,0,0,0,0,0,0,0,0,0,0,0,0,0,0,0,0,0,0
STAT,(NULL),TotalTime,44,14920242612,14920242612,0,0,0,0,0,0,0,0,0,0,0,0,0,0,0,0,0,0,0,0,0,0,0,0,0,0,0,0,0,0,0,0,0,0,0,0,0,0,0,0,0,0,0
STAT,(NULL),UserTime,44,85149358339,1922663440,1950486141,1932693505,1946908752,1937377298,1945262426,1928754036,1941834230,1929388881,1928361314,1937560083,1937081133,1939588886,1934598465,1937551009,1934874189,1945730075,1940994079,1929415579,1926809939,1933477571,1939569611,1936937383,1936136557,1928210691,1942866424,1937050382,1930148538,1931877515,1940652366,1937636427,1920219996,1941580924,1930753202,1930313931,1930694684,1935145691,1931921672,1941672404,1933190933,1934456437,1930258006,1922486701,1944166833
STAT,(NULL),Work,44,271781821769,6176890967,6176864026,6176866403,6176852221,6176862912,6176861134,6176856288,6176858882,6176863377,6176863080,6176855543,6176859903,6176876185,6176859360,6176865910,6176860895,6176856621,6176853546,6176861959,6176857960,6176852175,6176860913,6176869050,6176856920,6176851778,6176850373,6176867746,6176857766,6176852343,6176851640,6176858440,6176872980,6176851512,6176850580,6176853342,6176854038,6176857356,6176856754,6176850821,6176852904,6176852585,6176873274,6176868824,6176850483
STAT,(NULL),nBad,44,10420711,228936,253315,199517,259224,256939,251699,254762,246722,213136,230797,245426,241770,217276,210285,237028,234490,244978,230223,216669,239005,232164,256974,240392,251300,197649,238733,240716,236058,238618,243100,234782,191417,258134,258656,242750,230257,221803,221011,264893,230112,273785,214656,213114,277440
STAT,(NULL),nEmpty,44,2490060,52811,63386,52175,62439,63467,63801,49783,52804,55171,50058,57793,58044,54387,48521,52834,54775,60264,57405,50148,49935,54299,55372,58282,52633,49772,62614,61491,58535,54862,62631,64050,51393,63054,56231,57809,52862,55627,56302,63326,62575,62795,51128,49912,62504
STAT,(NULL),nEmptyPop,44,498373,10651,12015,11397,11906,11686,11678,10262,10975,11201,10864,11391,11629,11139,10477,11313,11436,11554,11164,10919,10348,11295,11175,11290,10604,10515,12020,11773,11927,11302,12101,11802,11239,11543,11305,11554,10770,11480,11610,11999,12082,11685,10513,10531,12253
STAT,(NULL),nOverall,44,68754052,1486138,1726452,1459075,1723527,1724841,1730732,1417337,1484078,1494242,1428371,1575726,1554264,1505741,1404124,1472786,1517586,1622825,1582481,1405689,1422414,1477928,1508180,1611203,1513873,1406754,1732689,1644753,1615700,1522594,1731597,1734378,1446760,1721753,1591382,1585584,1453002,1507049,1525882,1725013,1712496,1698328,1409900,1414516,1724309
STAT,(NULL),nPop,44,30528255,660860,766386,648827,765384,765999,767075,629947,658925,663855,633793,699815,691044,668900,625076,654342,673878,720113,702634,623256,631011,656833,670124,715104,671397,624843,768203,729390,716864,675609,768921,769815,641465,764433,706680,705165,644732,668961,677793,766550,760146,755398,624845,628723,765141
STAT,(NULL),nPush,44,30528252,660420,766922,649162,766397,766997,768454,630694,658651,663380,633180,699050,689729,668457,623732,653222,674614,720308,702772,622622,630669,654407,670295,715158,671307,625163,771218,728088,716298,676091,769177,771184,641248,764359,708011,704885,644476,667692,677667,767653,761378,755622,623894,627439,766110
STAT,(NULL),nPushInit,44,3,1,1,1,0,0,0,0,0,0,0,0,0,0,0,0,0,0,0,0,0,0,0,0,0,0,0,0,0,0,0,0,0,0,0,0,0,0,0,0,0,0,0,0,0
==== BENCHMARK TOOK 7.559
