==== BENCHMARK START ===
==== PARAMS kernel=4.9.5-64-net1 malloc=libc hostname=rack-mad-04 threads=44 delta=4 prog=sssp-klsm4096mq4  ===
ERROR: ld.so: object '/specific/disk1/home/adamx/malloc/lib64/libjemalloc.so' from LD_PRELOAD cannot be preloaded (cannot open shared object file): ignored.
Galois Benchmark Suite v2.2.1 (r0)
Copyright (C) 2014 The University of Texas at Austin
http://iss.ices.utexas.edu/galois/

application: Single Source Shortest Path
Computes the shortest path from a source node to all nodes in a directed graph using a modified chaotic iteration algorithm
http://iss.ices.utexas.edu/?p=projects/galois/benchmarks/single_source_shortest_path

INFO: CommandLine ./build/debug/apps/sssp/sssp -noverify -t 44 -delta 4 -wl klsm4096mq4 -startNode 0 /specific/disk1/home/mad/Galois-PQ/inputs/clique4000.gr
INFO: Hostname rack-mad-04
Read 4000 nodes
Running Asynchronous with CAS version
INFO: Using delta-step of 1
WARNING: Performance varies considerably due to delta parameter.
WARNING: Do not expect the default to be good for your graph.
Node 1 has distance 3
STATTYPE,LOOP,CATEGORY,n,sum,T0,T1,T2,T3,T4,T5,T6,T7,T8,T9,T10,T11,T12,T13,T14,T15,T16,T17,T18,T19,T20,T21,T22,T23,T24,T25,T26,T27,T28,T29,T30,T31,T32,T33,T34,T35,T36,T37,T38,T39,T40,T41,T42,T43
STAT,(NULL),BadWork,44,328363210,8162244,6360804,4759572,6362928,9076384,6737616,5048668,9402036,7192320,6654600,10239358,11733488,5846480,5481600,5431052,9901532,4401756,7390140,7287768,5595540,5767700,4526112,6881368,13337572,9540862,4496520,8145986,5827428,12736728,10154756,7256352,7293972,11092256,2682840,4614256,10542812,7325880,9685884,11783780,4638616,6586980,5562016,6608492,8208156
STAT,(NULL),BarrierTime,44,13979036,728799,679172,662108,602532,594052,422984,560716,500280,514956,509216,514812,456644,446128,451160,453956,399164,375924,325392,391160,392044,385420,383756,182124,185470,185807,186793,187057,185534,185806,187474,187096,128694,135020,127458,108604,137045,131420,95059,133807,134034,129698,120773,132808,41080
STAT,(NULL),ConflictTime,44,0,0,0,0,0,0,0,0,0,0,0,0,0,0,0,0,0,0,0,0,0,0,0,0,0,0,0,0,0,0,0,0,0,0,0,0,0,0,0,0,0,0,0,0,0
STAT,(NULL),Conflicts,44,0,0,0,0,0,0,0,0,0,0,0,0,0,0,0,0,0,0,0,0,0,0,0,0,0,0,0,0,0,0,0,0,0,0,0,0,0,0,0,0,0,0,0,0,0
STAT,(NULL),EmptyPopTime,44,135380565,3172641,2598084,3652580,405936,1532500,4769336,5799540,2886076,1784540,4154784,724348,1709828,5761188,3231188,1748328,4166972,7552804,1028164,5594632,6260604,3726960,3129516,1594420,5001252,1578788,1902148,5224596,1809612,1570804,1594900,4183072,1907512,1879792,4946476,2919384,1381664,2880416,5754364,1544048,793248,1756276,3412592,2473928,3880724
STAT,(NULL),EmptyWork,44,3708518,1166,4024,71840,956,1284,197616,110540,13972,69712,157188,272,0,137080,116948,1032,187464,192236,888,345456,192188,125092,113220,1164,200432,292,1568,155372,1448,0,360,205784,0,5948,240292,25600,572,126292,99764,276,0,124404,113228,216880,148668
STAT,(NULL),GaloisTime,44,20581573,406548,402768,539780,367884,282528,655896,504160,362576,368016,545852,283784,310244,619144,449992,354040,546044,710632,311016,811008,695308,516784,467960,323993,728358,281055,304517,594309,412276,404666,399317,716085,300157,396814,690430,362709,381920,513703,506156,382140,308278,424771,464101,582935,590919
STAT,(NULL),InitPushTime,44,10693364,171596,174924,169448,173960,170032,291760,175540,180028,167440,170932,164804,167536,183072,169592,167324,168656,187396,221527,172668,176324,172348,177944,334495,300791,302316,302148,307722,299750,311967,315707,300828,293275,292659,290261,315898,287599,291346,327888,288823,292512,292504,303050,287261,379713
STAT,(NULL),Iterations,44,21860,94,118,435,108,107,1027,610,163,430,840,105,103,740,648,106,981,995,107,1746,991,687,639,107,1047,105,108,832,108,103,104,1074,103,127,1241,217,106,692,560,104,104,685,629,1123,801
STAT,(NULL),LoopTime,44,100715465,100715465,0,0,0,0,0,0,0,0,0,0,0,0,0,0,0,0,0,0,0,0,0,0,0,0,0,0,0,0,0,0,0,0,0,0,0,0,0,0,0,0,0,0,0
STAT,(NULL),MeminfoPost,44,352,8,8,8,8,8,8,8,8,8,8,8,8,8,8,8,8,8,8,8,8,8,8,8,8,8,8,8,8,8,8,8,8,8,8,8,8,8,8,8,8,8,8,8,8
STAT,(NULL),MeminfoPre,44,352,8,8,8,8,8,8,8,8,8,8,8,8,8,8,8,8,8,8,8,8,8,8,8,8,8,8,8,8,8,8,8,8,8,8,8,8,8,8,8,8,8,8,8,8
STAT,(NULL),NumaPost,44,11092,9861,743,448,40,0,0,0,0,0,0,0,0,0,0,0,0,0,0,0,0,0,0,0,0,0,0,0,0,0,0,0,0,0,0,0,0,0,0,0,0,0,0,0,0
STAT,(NULL),PopTime,44,137515762,885448,941960,2687312,802356,870192,5846172,3636512,1171760,2702232,4919124,865408,854760,4496188,3975788,801096,5736728,7113704,823464,9728620,5816124,5328356,3880736,901044,6173308,940469,909052,5032079,843918,914862,843346,6254621,911263,968278,7471944,1600544,839502,4186257,3687637,845362,902047,4270229,3831124,6404110,4900726
STAT,(NULL),PushTime,44,28083920,814792,525936,562564,854332,712288,340420,510076,712384,615564,560972,790004,786220,580464,570576,716588,472180,553436,598820,580132,436684,460404,513796,725352,488468,750304,616372,537092,689324,836380,1042424,482804,619344,805700,582812,802792,690304,518556,428980,771300,1038184,626712,510468,707052,544564
STAT,(NULL),RusageSys,44,8000,8000,0,0,0,0,0,0,0,0,0,0,0,0,0,0,0,0,0,0,0,0,0,0,0,0,0,0,0,0,0,0,0,0,0,0,0,0,0,0,0,0,0,0,0
STAT,(NULL),RusageUser,44,1972000,1972000,0,0,0,0,0,0,0,0,0,0,0,0,0,0,0,0,0,0,0,0,0,0,0,0,0,0,0,0,0,0,0,0,0,0,0,0,0,0,0,0,0,0,0
STAT,(NULL),Threads,44,44,44,0,0,0,0,0,0,0,0,0,0,0,0,0,0,0,0,0,0,0,0,0,0,0,0,0,0,0,0,0,0,0,0,0,0,0,0,0,0,0,0,0,0,0
STAT,(NULL),Time,44,115423335,115423335,0,0,0,0,0,0,0,0,0,0,0,0,0,0,0,0,0,0,0,0,0,0,0,0,0,0,0,0,0,0,0,0,0,0,0,0,0,0,0,0,0,0,0
STAT,(NULL),TotalTime,44,1926663378,1926663378,0,0,0,0,0,0,0,0,0,0,0,0,0,0,0,0,0,0,0,0,0,0,0,0,0,0,0,0,0,0,0,0,0,0,0,0,0,0,0,0,0,0,0
STAT,(NULL),UserTime,44,4040948957,93945239,94760708,91717456,96800720,95832640,87421680,88670576,94084500,93691836,88894796,96568320,95570924,87639196,90887280,95610636,88122304,83108780,96470416,82172324,85830560,89075108,91126868,95689257,86639966,95682940,95497920,87688820,95477876,95505526,95352659,87389578,95493154,95177010,85301793,93520305,95940720,91007158,88757101,95689395,96189786,92029536,90900663,88848192,89166735
STAT,(NULL),Work,44,4370771748,99361577,99346284,99334148,99334916,99349616,99340244,99339316,99333568,99334284,99338716,99331188,99341144,99331360,99345104,99342332,99330044,99340804,99335840,99343828,99336216,99346420,99346004,99336928,99333616,99327039,99329520,99327894,99333394,99333162,99329832,99327741,99327196,99333186,99339597,99327068,99330020,99328046,99329837,99336173,99329942,99333482,99334944,99327021,99333157
STAT,(NULL),nBad,44,1418429,36000,28000,20000,28000,40000,28519,21803,41591,32000,29639,44000,52000,25431,24177,24000,43021,18603,32000,32273,24912,24404,20000,24000,47866,42116,20000,36000,24000,56000,44000,32446,32000,47767,11464,20000,46068,32000,42574,52000,20000,29273,24000,28617,35865
STAT,(NULL),nEmpty,44,17490,2,16,336,3,4,932,513,61,329,742,1,0,645,549,3,886,902,3,1657,898,589,541,4,952,1,5,736,5,0,1,979,0,24,1149,116,2,594,463,1,0,585,531,1026,704
STAT,(NULL),nEmptyPop,44,24059,439,488,678,80,308,851,1026,544,355,538,142,345,983,595,353,726,1329,203,992,1098,685,559,320,894,315,379,721,362,311,322,769,381,377,894,530,275,511,793,308,162,313,648,467,690
STAT,(NULL),nOverall,44,17414429,368000,408000,396000,420000,412000,376519,381803,405591,404000,389639,416000,412000,377431,392177,412000,379021,362603,416000,352273,368912,388404,392000,412000,375866,414116,412000,384000,412000,412000,412000,376446,412000,411767,367464,404000,414068,392000,386574,412000,416000,397273,392000,384617,383865
STAT,(NULL),nPop,44,21860,94,118,435,108,107,1027,610,163,430,840,105,103,740,648,106,981,995,107,1746,991,687,639,107,1047,105,108,832,108,103,104,1074,103,127,1241,217,106,692,560,104,104,685,629,1123,801
STAT,(NULL),nPush,44,17861,453,351,378,484,447,214,338,457,419,368,519,513,387,372,464,295,367,403,398,275,297,340,447,305,458,409,358,435,528,618,306,411,509,385,522,428,321,270,472,610,420,334,432,344
STAT,(NULL),nPushInit,44,3999,90,91,91,91,91,91,91,91,91,91,91,91,91,91,91,91,91,91,91,91,91,91,91,91,91,91,91,91,91,91,91,91,91,91,91,91,91,91,91,91,91,91,91,87
==== BENCHMARK TOOK 1.821
==== BENCHMARK START ===
==== PARAMS kernel=4.9.5-64-net1 malloc=libc hostname=rack-mad-04 threads=44 delta=4 prog=sssp-klsm4096mq4  ===
ERROR: ld.so: object '/specific/disk1/home/adamx/malloc/lib64/libjemalloc.so' from LD_PRELOAD cannot be preloaded (cannot open shared object file): ignored.
Galois Benchmark Suite v2.2.1 (r0)
Copyright (C) 2014 The University of Texas at Austin
http://iss.ices.utexas.edu/galois/

application: Single Source Shortest Path
Computes the shortest path from a source node to all nodes in a directed graph using a modified chaotic iteration algorithm
http://iss.ices.utexas.edu/?p=projects/galois/benchmarks/single_source_shortest_path

INFO: CommandLine ./build/debug/apps/sssp/sssp -noverify -t 44 -delta 4 -wl klsm4096mq4 -startNode 0 /specific/disk1/home/mad/Galois-PQ/inputs/clique4000.gr
INFO: Hostname rack-mad-04
Read 4000 nodes
Running Asynchronous with CAS version
INFO: Using delta-step of 1
WARNING: Performance varies considerably due to delta parameter.
WARNING: Do not expect the default to be good for your graph.
Node 1 has distance 3
STATTYPE,LOOP,CATEGORY,n,sum,T0,T1,T2,T3,T4,T5,T6,T7,T8,T9,T10,T11,T12,T13,T14,T15,T16,T17,T18,T19,T20,T21,T22,T23,T24,T25,T26,T27,T28,T29,T30,T31,T32,T33,T34,T35,T36,T37,T38,T39,T40,T41,T42,T43
STAT,(NULL),BadWork,44,323094588,8982848,7810884,5505336,10017136,8063844,8636112,8215168,3580060,4558316,1815040,8546460,6311660,4208928,6942840,7271068,13655820,9476936,8780080,10717448,3257380,8174720,6402856,5121360,12348384,8357752,5498140,4542148,9009816,13717284,6030316,11980388,7324844,6318428,5556880,5754848,10036004,11023256,7532064,5024480,9931392,7382472,2018412,3331508,4323472
STAT,(NULL),BarrierTime,44,14044061,728648,686880,663824,609716,600972,570644,567616,494528,499360,512892,510176,461912,477036,474864,455300,399248,402528,407668,395300,399200,393632,401920,160180,158512,155343,156773,159592,161055,142455,154479,161120,121696,125846,118609,124128,128382,121738,128910,131150,114529,121788,129428,118292,36192
STAT,(NULL),ConflictTime,44,0,0,0,0,0,0,0,0,0,0,0,0,0,0,0,0,0,0,0,0,0,0,0,0,0,0,0,0,0,0,0,0,0,0,0,0,0,0,0,0,0,0,0,0,0
STAT,(NULL),Conflicts,44,0,0,0,0,0,0,0,0,0,0,0,0,0,0,0,0,0,0,0,0,0,0,0,0,0,0,0,0,0,0,0,0,0,0,0,0,0,0,0,0,0,0,0,0,0
STAT,(NULL),EmptyPopTime,44,154073608,2528692,2408340,3113072,1894248,2088080,6078936,5068376,3411080,4088296,5967580,2575784,1911764,4780212,3424092,2560928,4964748,6251620,3520804,6455520,4103168,4904156,2962092,1909756,3041188,2784036,1843728,4559212,1937008,2671192,1428092,4582508,2752044,513160,6594816,2581188,1868688,2238080,4876496,565780,2613368,3897780,5676364,5400592,4676944
STAT,(NULL),EmptyWork,44,4820976,3452,3764,95588,588,3492,178396,145224,8820,91808,58436,868,1412,110516,94328,6104,161772,217684,7736,175872,110068,138360,105664,1164,190228,1040,636,204776,2160,288,276,139820,1200,1228,189380,896,1268,195024,172752,556,844,125092,277816,185520,1409060
STAT,(NULL),GaloisTime,44,26401628,574704,457332,642324,509424,444004,710136,693120,441436,632076,566156,491248,446280,586036,531696,488016,737884,861336,550532,740880,679908,735076,610064,485862,736602,454039,499232,778056,473737,488308,447402,741748,526270,418227,819743,505384,415790,666805,692283,433125,522184,645996,893218,770680,857269
STAT,(NULL),InitPushTime,44,11430855,172468,171860,165912,163896,166900,166536,166072,174276,174828,171360,171476,175280,167124,165544,185832,175976,179824,178160,179968,173656,178388,176360,346977,350101,358886,350049,332860,354618,352059,348634,371946,334341,339262,345363,333930,331562,342239,330675,325791,342276,338125,334158,344689,420618
STAT,(NULL),Iterations,44,21745,118,118,552,105,117,928,788,137,529,357,105,108,619,545,127,860,1123,135,930,621,755,597,107,996,105,105,1064,110,103,105,761,106,109,981,106,107,1025,908,107,105,690,1416,965,1390
STAT,(NULL),LoopTime,44,100968108,100968108,0,0,0,0,0,0,0,0,0,0,0,0,0,0,0,0,0,0,0,0,0,0,0,0,0,0,0,0,0,0,0,0,0,0,0,0,0,0,0,0,0,0,0
STAT,(NULL),MeminfoPost,44,352,8,8,8,8,8,8,8,8,8,8,8,8,8,8,8,8,8,8,8,8,8,8,8,8,8,8,8,8,8,8,8,8,8,8,8,8,8,8,8,8,8,8,8,8
STAT,(NULL),MeminfoPre,44,352,8,8,8,8,8,8,8,8,8,8,8,8,8,8,8,8,8,8,8,8,8,8,8,8,8,8,8,8,8,8,8,8,8,8,8,8,8,8,8,8,8,8,8,8
STAT,(NULL),NumaPost,44,11109,9878,737,454,40,0,0,0,0,0,0,0,0,0,0,0,0,0,0,0,0,0,0,0,0,0,0,0,0,0,0,0,0,0,0,0,0,0,0,0,0,0,0,0,0
STAT,(NULL),PopTime,44,132533688,932624,941616,3234300,738548,952644,5482152,4584452,1100880,3141284,2247548,831356,873420,3693724,3266400,955444,4911868,6415164,1070188,5472512,3628568,4442336,4566700,824268,5580432,896600,773788,6196356,858036,859292,843072,4476100,830944,835632,5817020,840896,926748,5785488,5449252,862916,841348,4103532,8041296,5690064,7716880
STAT,(NULL),PushTime,44,27835748,870912,814008,488796,782112,737576,505492,465512,811044,427592,437780,766260,844720,468268,504648,688840,493208,450788,598924,570988,369560,471616,444592,613864,464492,602952,720760,598212,823960,759220,788008,621364,794168,742032,585864,829176,733396,593652,438560,824112,879544,532348,587452,564552,724824
STAT,(NULL),RusageSys,44,12000,12000,0,0,0,0,0,0,0,0,0,0,0,0,0,0,0,0,0,0,0,0,0,0,0,0,0,0,0,0,0,0,0,0,0,0,0,0,0,0,0,0,0,0,0
STAT,(NULL),RusageUser,44,1992000,1992000,0,0,0,0,0,0,0,0,0,0,0,0,0,0,0,0,0,0,0,0,0,0,0,0,0,0,0,0,0,0,0,0,0,0,0,0,0,0,0,0,0,0,0
STAT,(NULL),Threads,44,44,44,0,0,0,0,0,0,0,0,0,0,0,0,0,0,0,0,0,0,0,0,0,0,0,0,0,0,0,0,0,0,0,0,0,0,0,0,0,0,0,0,0,0,0
STAT,(NULL),Time,44,115529852,115529852,0,0,0,0,0,0,0,0,0,0,0,0,0,0,0,0,0,0,0,0,0,0,0,0,0,0,0,0,0,0,0,0,0,0,0,0,0,0,0,0,0,0,0
STAT,(NULL),TotalTime,44,2061761350,2061761350,0,0,0,0,0,0,0,0,0,0,0,0,0,0,0,0,0,0,0,0,0,0,0,0,0,0,0,0,0,0,0,0,0,0,0,0,0,0,0,0,0,0,0
STAT,(NULL),UserTime,44,4032061396,94575780,94869172,91918212,95567256,95265552,86537028,88535420,93718496,91110724,90214704,94829344,95414524,89854776,91670816,94792736,88223180,85295560,93743996,86075848,90601428,88801288,90803284,95659836,89481584,94755200,95657020,87158360,95402804,94715396,95990096,88933872,94590300,96984688,85489884,94738364,95550208,90017180,87867948,96809208,94638300,90188908,84018992,86885560,84108564
STAT,(NULL),Work,44,4382282345,99616280,99597932,99594728,99601840,99605968,99606744,99608424,99613676,99609048,99595920,99595948,99605124,99594900,99602056,99593212,99609108,99599856,99593444,99609212,99610652,99613784,99609928,99583734,99590300,99593554,99593464,99590531,99585540,99603796,99594656,99587214,99594812,99584756,99585725,99596611,99590858,99584536,99590670,99593064,99594709,99593233,99584162,99585550,99593086
STAT,(NULL),nBad,44,1395890,40000,34274,24000,44000,34594,37673,36482,16000,20000,8000,36000,28000,18665,30732,32000,60007,42176,36000,47136,14207,36000,28000,16000,49317,36000,24000,20000,40000,60000,25903,52000,32000,28000,24000,25178,44000,41320,33016,21885,43960,32957,8871,14568,18969
STAT,(NULL),nEmpty,44,17375,16,15,453,2,14,832,692,36,431,260,3,5,522,446,25,764,1029,34,835,522,659,498,4,897,3,2,970,7,1,1,665,4,4,889,3,4,926,813,2,3,592,1325,870,1297
STAT,(NULL),nEmptyPop,44,27733,455,448,587,348,388,1073,910,608,729,1025,480,356,840,607,479,874,1120,630,1137,750,862,559,350,554,509,337,806,355,494,259,816,511,98,1174,475,342,410,867,108,483,694,1028,961,837
STAT,(NULL),nOverall,44,17391890,408000,410274,396000,412000,410594,373673,380482,404000,392000,388000,408000,412000,386665,394732,408000,380007,366176,404000,371136,390207,384000,396000,412000,389317,408000,412000,376000,412000,408000,413903,384000,408000,420000,368000,409178,412000,389320,377016,417885,407960,388957,360871,374568,366969
STAT,(NULL),nPop,44,21745,118,118,552,105,117,928,788,137,529,357,105,108,619,545,127,860,1123,135,930,621,755,597,107,996,105,105,1064,110,103,105,761,106,109,981,106,107,1025,908,107,105,690,1416,965,1390
STAT,(NULL),nPush,44,17746,464,531,323,497,468,332,293,525,281,283,489,554,306,329,441,323,295,395,386,233,303,289,410,300,393,441,404,525,468,486,410,506,464,379,523,452,388,264,518,559,333,377,366,440
STAT,(NULL),nPushInit,44,3999,90,91,91,91,91,91,91,91,91,91,91,91,91,91,91,91,91,91,91,91,91,91,91,91,91,91,91,91,91,91,91,91,91,91,91,91,91,91,91,91,91,91,91,87
==== BENCHMARK TOOK 1.846
==== BENCHMARK START ===
==== PARAMS kernel=4.9.5-64-net1 malloc=libc hostname=rack-mad-04 threads=44 delta=4 prog=sssp-klsm4096mq4  ===
ERROR: ld.so: object '/specific/disk1/home/adamx/malloc/lib64/libjemalloc.so' from LD_PRELOAD cannot be preloaded (cannot open shared object file): ignored.
Galois Benchmark Suite v2.2.1 (r0)
Copyright (C) 2014 The University of Texas at Austin
http://iss.ices.utexas.edu/galois/

application: Single Source Shortest Path
Computes the shortest path from a source node to all nodes in a directed graph using a modified chaotic iteration algorithm
http://iss.ices.utexas.edu/?p=projects/galois/benchmarks/single_source_shortest_path

INFO: CommandLine ./build/debug/apps/sssp/sssp -noverify -t 44 -delta 4 -wl klsm4096mq4 -startNode 0 /specific/disk1/home/mad/Galois-PQ/inputs/clique4000.gr
INFO: Hostname rack-mad-04
Read 4000 nodes
Running Asynchronous with CAS version
INFO: Using delta-step of 1
WARNING: Performance varies considerably due to delta parameter.
WARNING: Do not expect the default to be good for your graph.
Node 1 has distance 3
STATTYPE,LOOP,CATEGORY,n,sum,T0,T1,T2,T3,T4,T5,T6,T7,T8,T9,T10,T11,T12,T13,T14,T15,T16,T17,T18,T19,T20,T21,T22,T23,T24,T25,T26,T27,T28,T29,T30,T31,T32,T33,T34,T35,T36,T37,T38,T39,T40,T41,T42,T43
STAT,(NULL),BadWork,44,325470504,15360080,7215952,6637784,7373704,11123712,8870776,13856992,4497756,1783224,8340992,8697752,6334468,14461452,4437016,3600708,7755908,5225832,9110236,8027596,6316396,7939984,4681900,3779324,10024956,4234280,8291068,5759568,12770308,14462688,10206920,4969168,6649256,7423604,7340084,7207716,6432048,2688340,8169328,8304516,6838520,10907060,2697892,3403236,1260404
STAT,(NULL),BarrierTime,44,15418474,770856,702636,714212,605136,614552,651988,599352,522576,513312,510952,506748,570108,565776,504892,518996,449504,391504,441660,368624,438308,364728,350200,230806,242476,240114,242461,238398,242956,240078,222458,235410,191328,65296,109625,125386,184514,131954,110904,108034,184510,120284,129818,121304,23740
STAT,(NULL),ConflictTime,44,0,0,0,0,0,0,0,0,0,0,0,0,0,0,0,0,0,0,0,0,0,0,0,0,0,0,0,0,0,0,0,0,0,0,0,0,0,0,0,0,0,0,0,0,0
STAT,(NULL),Conflicts,44,0,0,0,0,0,0,0,0,0,0,0,0,0,0,0,0,0,0,0,0,0,0,0,0,0,0,0,0,0,0,0,0,0,0,0,0,0,0,0,0,0,0,0,0,0
STAT,(NULL),EmptyPopTime,44,169267848,2592044,2182088,2937260,1596784,2904620,5274332,5831364,2223144,5295528,5397972,1408808,3843140,3481344,5483816,1422868,7891860,5314340,3172980,4570696,8474052,5300584,6091464,2570644,6192124,3263412,2744832,4122956,1599728,2010196,3492756,4752228,1420048,4432560,4765168,1848080,2972812,5365176,4228144,428748,1877864,3077520,6896436,3863104,4652224
STAT,(NULL),EmptyWork,44,3681756,36756,1272,23432,676,8872,156680,111956,836,59628,150724,784,7676,100024,121136,2476,171440,132408,6588,277828,235088,199772,96436,3800,214716,6172,2272,123340,828,4016,12768,196984,712,29752,199428,0,8788,163432,54780,576,684,145260,221364,190084,199512
STAT,(NULL),GaloisTime,44,26817672,576020,419568,540892,429312,449604,745228,696308,519276,539952,744652,518208,572056,648164,695756,492952,830628,717664,448004,820184,916748,804256,691316,448784,742000,427360,545688,685272,401352,509796,545080,692996,483160,594948,692708,436276,519916,687736,618320,486440,517636,686204,793104,784040,702108
STAT,(NULL),InitPushTime,44,11480638,169912,174668,175448,168160,169540,176364,168740,170480,166532,181852,170788,167004,168052,178812,172088,174212,170804,172844,173108,185392,203284,217064,342995,354560,352264,351479,351538,319762,338456,345767,339086,332406,357060,343032,334510,339086,326964,342723,346647,338741,340025,330814,336321,441254
STAT,(NULL),Iterations,44,21631,264,107,199,106,139,827,616,106,367,803,107,131,567,663,112,892,717,129,1411,1211,1042,543,119,1115,128,112,676,107,118,157,1029,106,236,1035,104,138,865,348,107,106,782,1138,1002,1044
STAT,(NULL),LoopTime,44,100649976,100649976,0,0,0,0,0,0,0,0,0,0,0,0,0,0,0,0,0,0,0,0,0,0,0,0,0,0,0,0,0,0,0,0,0,0,0,0,0,0,0,0,0,0,0
STAT,(NULL),MeminfoPost,44,352,8,8,8,8,8,8,8,8,8,8,8,8,8,8,8,8,8,8,8,8,8,8,8,8,8,8,8,8,8,8,8,8,8,8,8,8,8,8,8,8,8,8,8,8
STAT,(NULL),MeminfoPre,44,352,8,8,8,8,8,8,8,8,8,8,8,8,8,8,8,8,8,8,8,8,8,8,8,8,8,8,8,8,8,8,8,8,8,8,8,8,8,8,8,8,8,8,8,8
STAT,(NULL),NumaPost,44,11104,9865,747,236,256,0,0,0,0,0,0,0,0,0,0,0,0,0,0,0,0,0,0,0,0,0,0,0,0,0,0,0,0,0,0,0,0,0,0,0,0,0,0,0,0
STAT,(NULL),PopTime,44,132585760,1728700,847764,1475796,876184,1069544,5031160,3821832,846360,2351876,4665840,817288,1002136,3428444,4127912,902632,5247604,4355556,993344,7771312,6813136,6027716,3349612,997312,6509340,1031908,814592,4064644,934368,935564,1142876,6006312,902112,1584768,5981276,892264,1063036,5092308,2288708,802412,824532,4684272,6618984,5874508,5987916
STAT,(NULL),PushTime,44,27593428,691660,596932,446816,769992,709656,640140,407852,577304,521596,475224,855148,579504,477728,507000,550268,376768,422320,755284,475040,308320,463612,425216,809016,499516,770084,791316,776636,744992,715856,744792,559976,840460,794576,726488,744692,692132,485968,457632,752236,952784,626464,749984,581356,743092
STAT,(NULL),RusageSys,44,0,0,0,0,0,0,0,0,0,0,0,0,0,0,0,0,0,0,0,0,0,0,0,0,0,0,0,0,0,0,0,0,0,0,0,0,0,0,0,0,0,0,0,0,0
STAT,(NULL),RusageUser,44,1992000,1992000,0,0,0,0,0,0,0,0,0,0,0,0,0,0,0,0,0,0,0,0,0,0,0,0,0,0,0,0,0,0,0,0,0,0,0,0,0,0,0,0,0,0,0
STAT,(NULL),Threads,44,44,44,0,0,0,0,0,0,0,0,0,0,0,0,0,0,0,0,0,0,0,0,0,0,0,0,0,0,0,0,0,0,0,0,0,0,0,0,0,0,0,0,0,0,0
STAT,(NULL),Time,44,115282308,115282308,0,0,0,0,0,0,0,0,0,0,0,0,0,0,0,0,0,0,0,0,0,0,0,0,0,0,0,0,0,0,0,0,0,0,0,0,0,0,0,0,0,0,0
STAT,(NULL),TotalTime,44,1861186546,1861186546,0,0,0,0,0,0,0,0,0,0,0,0,0,0,0,0,0,0,0,0,0,0,0,0,0,0,0,0,0,0,0,0,0,0,0,0,0,0,0,0,0,0,0
STAT,(NULL),UserTime,44,4002485572,93517560,95096968,93720276,95473108,94003084,87298352,88277756,94979932,90377792,87711536,95545988,93141440,91008540,88208928,95773260,84626572,88202156,93770808,85231068,82399780,86348772,88494024,94317512,84987300,93646560,94249408,89376172,95463824,94970048,93207252,86939252,95498500,91710980,86780320,95226516,93890844,87350624,91498368,96678300,94971696,89927216,83868044,87856012,86863124
STAT,(NULL),Work,44,4366964088,99250332,99254588,99242040,99256800,99244720,99238128,99263220,99241604,99260776,99248212,99260896,99241288,99246892,99253084,99246004,99237020,99244936,99248540,99257848,99237788,99258892,99262348,99247344,99247624,99251780,99243636,99252072,99248960,99247616,99256272,99251000,99245556,99247680,99254184,99245504,99248612,99245260,99251164,99251472,99248832,99243648,99244212,99246928,99248776
STAT,(NULL),nBad,44,1403619,68000,32000,28000,32000,48000,37937,61524,20000,8000,36999,36000,28000,64000,19578,16000,34318,23215,38695,34130,27206,35143,20000,10881,39627,18639,28000,25712,55515,64000,44000,22073,28000,32000,32231,32000,28000,12015,36000,36000,29638,47790,12000,15122,5631
STAT,(NULL),nEmpty,44,17257,162,4,97,2,37,730,518,3,269,707,3,30,468,566,8,800,619,27,1318,1120,946,447,16,1019,26,9,578,3,15,56,933,2,136,940,0,36,769,249,2,2,684,1047,905,949
STAT,(NULL),nEmptyPop,44,29033,459,413,488,304,513,871,1004,423,849,925,262,673,593,915,262,1382,902,513,811,1400,890,1072,428,1020,540,496,695,289,347,600,761,266,792,790,353,492,912,733,84,357,517,1206,673,758
STAT,(NULL),nOverall,44,17399619,408000,412000,408000,416000,408000,381937,381524,412000,392000,380999,416000,404000,396000,383578,416000,366318,383215,406695,370130,355206,375143,384000,410881,371627,406639,412000,389712,415515,412000,404000,378073,416000,400000,376231,416000,408000,380015,396000,420000,413638,391790,364000,383122,377631
STAT,(NULL),nPop,44,21631,264,107,199,106,139,827,616,106,367,803,107,131,567,663,112,892,717,129,1411,1211,1042,543,119,1115,128,112,676,107,118,157,1029,106,236,1035,104,138,865,348,107,106,782,1138,1002,1044
STAT,(NULL),nPush,44,17632,401,412,292,500,447,437,260,379,336,306,556,380,305,334,360,239,272,483,300,183,302,276,519,314,486,502,498,468,438,467,369,527,509,466,469,425,313,283,474,619,409,470,385,462
STAT,(NULL),nPushInit,44,3999,90,91,91,91,91,91,91,91,91,91,91,91,91,91,91,91,91,91,91,91,91,91,91,91,91,91,91,91,91,91,91,91,91,91,91,91,91,91,91,91,91,91,91,87
==== BENCHMARK TOOK 1.679
==== BENCHMARK START ===
==== PARAMS kernel=4.9.5-64-net1 malloc=libc hostname=rack-mad-04 threads=44 delta=4 prog=sssp-klsm4096mq4  ===
ERROR: ld.so: object '/specific/disk1/home/adamx/malloc/lib64/libjemalloc.so' from LD_PRELOAD cannot be preloaded (cannot open shared object file): ignored.
Galois Benchmark Suite v2.2.1 (r0)
Copyright (C) 2014 The University of Texas at Austin
http://iss.ices.utexas.edu/galois/

application: Single Source Shortest Path
Computes the shortest path from a source node to all nodes in a directed graph using a modified chaotic iteration algorithm
http://iss.ices.utexas.edu/?p=projects/galois/benchmarks/single_source_shortest_path

INFO: CommandLine ./build/debug/apps/sssp/sssp -noverify -t 44 -delta 4 -wl klsm4096mq4 -startNode 0 /specific/disk1/home/mad/Galois-PQ/inputs/clique4000.gr
INFO: Hostname rack-mad-04
Read 4000 nodes
Running Asynchronous with CAS version
INFO: Using delta-step of 1
WARNING: Performance varies considerably due to delta parameter.
WARNING: Do not expect the default to be good for your graph.
Node 1 has distance 3
STATTYPE,LOOP,CATEGORY,n,sum,T0,T1,T2,T3,T4,T5,T6,T7,T8,T9,T10,T11,T12,T13,T14,T15,T16,T17,T18,T19,T20,T21,T22,T23,T24,T25,T26,T27,T28,T29,T30,T31,T32,T33,T34,T35,T36,T37,T38,T39,T40,T41,T42,T43
STAT,(NULL),BadWork,44,332144093,9899895,5417188,11167800,11594108,4659036,12150564,4688408,7467912,8216078,2678040,7327860,5672316,10113224,8303308,5394860,3626568,5912640,6305912,7134772,11086668,12513172,5281332,4764772,7714460,5392912,8872886,8325336,8093368,13534104,10123192,6983732,8160744,8178368,7836228,6690980,11747940,9685928,2687404,10470680,8415386,4677932,5726944,2398788,5050348
STAT,(NULL),BarrierTime,44,14315035,589893,653308,661376,575948,585528,588748,583608,512948,466728,511708,467016,513296,457248,518844,456772,416060,400340,366356,372480,420016,410168,372636,203055,203888,198313,174137,201580,198106,204018,200191,204296,158346,150591,151780,133141,118383,99436,104584,114549,133534,146050,152265,151570,12197
STAT,(NULL),ConflictTime,44,0,0,0,0,0,0,0,0,0,0,0,0,0,0,0,0,0,0,0,0,0,0,0,0,0,0,0,0,0,0,0,0,0,0,0,0,0,0,0,0,0,0,0,0,0
STAT,(NULL),Conflicts,44,0,0,0,0,0,0,0,0,0,0,0,0,0,0,0,0,0,0,0,0,0,0,0,0,0,0,0,0,0,0,0,0,0,0,0,0,0,0,0,0,0,0,0,0,0
STAT,(NULL),EmptyPopTime,44,180051730,2559236,2661744,6004838,4721220,2589840,3584728,4985844,2530812,1877468,7488100,2294452,2688744,5600332,3988424,2645148,6163668,8137994,3411160,7017052,7538608,5192760,4774940,2374464,4009424,2502776,3058048,3572200,5542100,3555504,2188900,5391380,3394368,2579296,4903008,2274820,3122548,6034104,3324800,3345464,1285984,4279796,4363738,6415748,4076148
STAT,(NULL),EmptyWork,44,3698826,1438,1452,29776,18436,1524,142856,259048,548,99172,106892,0,1200,58224,173116,1216,195364,101520,0,143264,101768,180892,118324,1836,214372,592,5944,119112,61996,21216,360,215816,1944,0,162892,300,1456,205640,132956,10688,1176,169748,186284,272920,175548
STAT,(NULL),GaloisTime,44,22862642,550907,302284,513504,527344,307544,587888,787768,356620,397784,512284,355352,382736,558316,625132,477944,742816,538956,345800,579952,637744,577468,633944,311666,640734,313120,517834,518262,512816,407618,438651,625902,363781,493001,671478,477472,495340,777442,547612,537322,311662,653609,686357,697140,563736
STAT,(NULL),InitPushTime,44,10508566,285450,163360,164976,173252,164436,163920,166524,164412,164920,162796,162144,161648,173736,166968,166396,176228,186580,174308,167444,165064,167120,170604,292204,327352,313999,320812,295262,308168,311857,292893,290503,288391,297528,291713,308257,285531,306064,293473,289212,310934,294404,295716,294697,387310
STAT,(NULL),Iterations,44,21749,67,109,223,184,108,779,1322,107,567,591,104,108,349,924,108,1021,564,103,761,574,949,656,110,1114,106,125,661,389,197,105,1114,109,104,868,106,108,1068,730,152,109,905,974,1382,935
STAT,(NULL),LoopTime,44,102730173,102730173,0,0,0,0,0,0,0,0,0,0,0,0,0,0,0,0,0,0,0,0,0,0,0,0,0,0,0,0,0,0,0,0,0,0,0,0,0,0,0,0,0,0,0
STAT,(NULL),MeminfoPost,44,352,8,8,8,8,8,8,8,8,8,8,8,8,8,8,8,8,8,8,8,8,8,8,8,8,8,8,8,8,8,8,8,8,8,8,8,8,8,8,8,8,8,8,8,8
STAT,(NULL),MeminfoPre,44,352,8,8,8,8,8,8,8,8,8,8,8,8,8,8,8,8,8,8,8,8,8,8,8,8,8,8,8,8,8,8,8,8,8,8,8,8,8,8,8,8,8,8,8,8
STAT,(NULL),NumaPost,44,11067,9828,747,236,256,0,0,0,0,0,0,0,0,0,0,0,0,0,0,0,0,0,0,0,0,0,0,0,0,0,0,0,0,0,0,0,0,0,0,0,0,0,0,0,0
STAT,(NULL),PopTime,44,133337139,879049,852944,1422980,1259088,842588,4536284,7372284,773232,3301120,3486480,786432,834868,2269820,5304372,790280,5849064,3442536,742440,4562044,3495936,5491952,3883616,961198,6393724,970315,912040,4103784,2585778,2687834,859290,6402128,923494,765096,5109504,851632,848088,6070736,4450370,1133296,969545,5227200,5698422,7933504,5300752
STAT,(NULL),PushTime,44,27960166,807290,589920,468240,681600,616420,547068,541436,691508,450668,448992,827812,584736,387392,444688,519436,410244,350228,598976,497824,419380,379660,403060,831592,413932,836828,722712,593660,687228,848248,889752,706544,875168,914632,557276,829252,788912,542832,560408,792740,929308,833996,624192,722876,791500
STAT,(NULL),RusageSys,44,4000,4000,0,0,0,0,0,0,0,0,0,0,0,0,0,0,0,0,0,0,0,0,0,0,0,0,0,0,0,0,0,0,0,0,0,0,0,0,0,0,0,0,0,0,0
STAT,(NULL),RusageUser,44,1996000,1996000,0,0,0,0,0,0,0,0,0,0,0,0,0,0,0,0,0,0,0,0,0,0,0,0,0,0,0,0,0,0,0,0,0,0,0,0,0,0,0,0,0,0,0
STAT,(NULL),Threads,44,44,44,0,0,0,0,0,0,0,0,0,0,0,0,0,0,0,0,0,0,0,0,0,0,0,0,0,0,0,0,0,0,0,0,0,0,0,0,0,0,0,0,0,0,0
STAT,(NULL),Time,44,123490538,123490538,0,0,0,0,0,0,0,0,0,0,0,0,0,0,0,0,0,0,0,0,0,0,0,0,0,0,0,0,0,0,0,0,0,0,0,0,0,0,0,0,0,0,0
STAT,(NULL),TotalTime,44,1845895430,1845895430,0,0,0,0,0,0,0,0,0,0,0,0,0,0,0,0,0,0,0,0,0,0,0,0,0,0,0,0,0,0,0,0,0,0,0,0,0,0,0,0,0,0,0
STAT,(NULL),UserTime,44,4085968423,96421495,96815170,92788108,94016990,96865760,91829006,87279340,96874480,95100926,89184264,96963192,96732668,92350956,90687994,96789830,87864620,88655544,96127044,88426932,89033250,89402330,91411342,96742262,89551398,96600370,96006966,92315774,91833668,93702470,96845714,87881426,95663538,96471882,89819250,96791870,95966710,87594630,92205472,95405918,97725602,90060190,89665180,85179418,90317474
STAT,(NULL),Work,44,4457794447,101308256,101316158,101306622,101312766,101311132,101307238,101311048,101312264,101307406,101314760,101307824,101311208,101302688,101299722,101314750,101305248,101310726,101308600,101306608,101312854,101321194,101302542,101315458,101312190,101321000,101320831,101319315,101322144,101312284,101320808,101315464,101311977,101315613,101320680,101321975,101319040,101311365,101320388,101316246,101317624,101323794,101311783,101310846,101322008
STAT,(NULL),nBad,44,1435203,39891,24000,48000,52000,20000,52477,20934,32748,36000,12000,32000,24000,44000,36650,24000,16000,25027,28000,31085,49114,55015,23361,16000,30116,24000,32000,37254,35023,60000,44000,31047,36000,36000,33640,28941,48000,43363,12000,46374,36000,20372,25610,10556,22605
STAT,(NULL),nEmpty,44,17373,3,5,122,83,4,679,1228,2,465,494,0,4,250,826,4,927,465,0,665,478,853,558,6,1017,2,22,560,289,95,1,1017,6,0,771,1,5,973,631,49,4,806,877,1288,838
STAT,(NULL),nEmptyPop,44,32122,573,520,873,865,503,674,923,491,363,1149,441,526,1001,739,511,1138,1219,660,1244,1330,969,888,461,762,485,591,644,801,662,428,775,658,499,930,444,608,878,619,650,254,820,818,948,787
STAT,(NULL),nOverall,44,17431203,255891,416000,404000,404000,416000,396477,372934,416748,408000,388000,416000,416000,396000,388650,416000,376000,385027,412000,379085,381114,383015,391361,416000,386116,416000,412000,397254,399023,408000,416000,383047,412000,416000,385640,416941,412000,379363,396000,410374,420000,388372,385610,370556,386605
STAT,(NULL),nPop,44,21749,67,109,223,184,108,779,1322,107,567,591,104,108,349,924,108,1021,564,103,761,574,949,656,110,1114,106,125,661,389,197,105,1114,109,104,868,106,108,1068,730,152,109,905,974,1382,935
STAT,(NULL),nPush,44,17750,269,400,312,439,411,362,361,403,298,285,547,403,249,286,348,269,222,411,322,266,245,252,533,262,533,454,390,427,534,573,448,571,590,350,534,504,361,371,492,611,542,421,443,446
STAT,(NULL),nPushInit,44,3999,90,91,91,91,91,91,91,91,91,91,91,91,91,91,91,91,91,91,91,91,91,91,91,91,91,91,91,91,91,91,91,91,91,91,91,91,91,91,91,91,91,91,91,87
==== BENCHMARK TOOK 1.569
==== BENCHMARK START ===
==== PARAMS kernel=4.9.5-64-net1 malloc=libc hostname=rack-mad-04 threads=44 delta=4 prog=sssp-klsm4096mq4  ===
ERROR: ld.so: object '/specific/disk1/home/adamx/malloc/lib64/libjemalloc.so' from LD_PRELOAD cannot be preloaded (cannot open shared object file): ignored.
Galois Benchmark Suite v2.2.1 (r0)
Copyright (C) 2014 The University of Texas at Austin
http://iss.ices.utexas.edu/galois/

application: Single Source Shortest Path
Computes the shortest path from a source node to all nodes in a directed graph using a modified chaotic iteration algorithm
http://iss.ices.utexas.edu/?p=projects/galois/benchmarks/single_source_shortest_path

INFO: CommandLine ./build/debug/apps/sssp/sssp -noverify -t 44 -delta 4 -wl klsm4096mq4 -startNode 0 /specific/disk1/home/mad/Galois-PQ/inputs/clique4000.gr
INFO: Hostname rack-mad-04
Read 4000 nodes
Running Asynchronous with CAS version
INFO: Using delta-step of 1
WARNING: Performance varies considerably due to delta parameter.
WARNING: Do not expect the default to be good for your graph.
Node 1 has distance 3
STATTYPE,LOOP,CATEGORY,n,sum,T0,T1,T2,T3,T4,T5,T6,T7,T8,T9,T10,T11,T12,T13,T14,T15,T16,T17,T18,T19,T20,T21,T22,T23,T24,T25,T26,T27,T28,T29,T30,T31,T32,T33,T34,T35,T36,T37,T38,T39,T40,T41,T42,T43
STAT,(NULL),BadWork,44,348862316,12736216,6411844,9255156,8214120,11845184,6400554,6573848,7341948,3693464,3256284,11985384,6359500,12247380,5370828,6302092,4504360,11847344,11827864,8164404,15361144,10320812,2381668,6002400,8574384,4242164,9950828,9526094,3765036,6444916,8179000,8854456,8968744,7304696,9978468,4621744,9538052,6012804,11394444,6864756,9305816,3998264,8278392,7736488,6918972
STAT,(NULL),BarrierTime,44,12528378,572140,571880,537616,488648,488720,446268,438396,403200,401384,415432,407596,341652,351520,355160,350888,310164,307116,302488,320072,319824,316840,305004,211280,206436,202912,205056,200816,207136,205488,200012,188600,169956,170016,163724,211668,154424,164468,160896,145336,162392,25850,165028,164028,90848
STAT,(NULL),ConflictTime,44,0,0,0,0,0,0,0,0,0,0,0,0,0,0,0,0,0,0,0,0,0,0,0,0,0,0,0,0,0,0,0,0,0,0,0,0,0,0,0,0,0,0,0,0,0
STAT,(NULL),Conflicts,44,0,0,0,0,0,0,0,0,0,0,0,0,0,0,0,0,0,0,0,0,0,0,0,0,0,0,0,0,0,0,0,0,0,0,0,0,0,0,0,0,0,0,0,0,0
STAT,(NULL),EmptyPopTime,44,155252022,2441072,2074340,4881388,1581224,1161168,4800348,3066880,2289332,4555988,5286260,2146664,2200328,5220560,3981800,3753388,5883232,6327824,2741292,4619952,4869484,3412624,3088880,1299080,5418228,3627512,2469408,3921932,2147940,2609564,1463760,7637824,3127372,2605736,3111844,1337056,1445260,4971508,1919456,1840552,2123712,7578116,5347070,3527340,5337724
STAT,(NULL),EmptyWork,44,3711576,268,2760,100524,1944,6660,191940,153080,936,156540,153364,0,876,147328,127072,33560,106108,286664,11096,116780,149920,227396,96252,1260,188616,10836,2412,166868,896,360,284,272788,576,796,31716,1736,1240,192052,144800,896,0,216020,157160,144060,105136
STAT,(NULL),GaloisTime,44,21364872,369612,399508,525624,340760,280892,630876,502340,422064,606712,581512,400404,316516,543232,575496,479580,524948,758812,394484,506092,564536,707984,502888,303844,665284,362896,376520,594040,336868,430532,301364,834164,417900,425916,350364,317408,298416,635508,534076,409520,401936,721428,582192,549108,580716
STAT,(NULL),InitPushTime,44,8439560,211300,168968,168060,167500,169536,168140,177032,170204,178240,167548,174624,177520,169644,166928,170032,167848,168124,171576,169524,168852,171548,175996,269176,224712,225958,227092,228016,224239,226101,230020,241844,173860,172632,178268,239262,186444,177256,177132,178816,175464,288024,176720,173776,246004
STAT,(NULL),Iterations,44,21855,90,114,566,113,133,1011,822,107,837,814,104,107,794,699,255,590,1461,156,648,807,1184,553,108,981,148,111,878,106,104,105,1392,104,106,246,111,108,999,775,107,103,1099,841,773,585
STAT,(NULL),LoopTime,44,102498704,102498704,0,0,0,0,0,0,0,0,0,0,0,0,0,0,0,0,0,0,0,0,0,0,0,0,0,0,0,0,0,0,0,0,0,0,0,0,0,0,0,0,0,0,0
STAT,(NULL),MeminfoPost,44,352,8,8,8,8,8,8,8,8,8,8,8,8,8,8,8,8,8,8,8,8,8,8,8,8,8,8,8,8,8,8,8,8,8,8,8,8,8,8,8,8,8,8,8,8
STAT,(NULL),MeminfoPre,44,352,8,8,8,8,8,8,8,8,8,8,8,8,8,8,8,8,8,8,8,8,8,8,8,8,8,8,8,8,8,8,8,8,8,8,8,8,8,8,8,8,8,8,8,8
STAT,(NULL),NumaPost,44,11068,9870,921,242,35,0,0,0,0,0,0,0,0,0,0,0,0,0,0,0,0,0,0,0,0,0,0,0,0,0,0,0,0,0,0,0,0,0,0,0,0,0,0,0,0
STAT,(NULL),PopTime,44,136022534,795044,883640,3418232,961624,1047568,5945628,5862836,825104,4785152,4737792,843912,845296,4509532,4141836,1655260,3588688,8364532,1168236,3879004,4853492,6707468,3310256,878056,5878796,1230816,829024,5246120,899860,830200,871824,8035980,830292,868956,1781060,867480,866844,5917280,5592658,785436,783748,6568448,5024928,4587408,3717188
STAT,(NULL),PushTime,44,27891972,936916,768476,671612,890284,699492,600924,709516,704884,773292,507864,949504,860060,712736,595688,705000,633748,549668,745152,480564,623540,604388,539660,532944,273876,731416,589496,480804,730076,612312,606196,519348,632780,605712,405268,862880,788812,428572,403144,724492,742824,485876,447272,377504,647400
STAT,(NULL),RusageSys,44,4000,4000,0,0,0,0,0,0,0,0,0,0,0,0,0,0,0,0,0,0,0,0,0,0,0,0,0,0,0,0,0,0,0,0,0,0,0,0,0,0,0,0,0,0,0
STAT,(NULL),RusageUser,44,2024000,2024000,0,0,0,0,0,0,0,0,0,0,0,0,0,0,0,0,0,0,0,0,0,0,0,0,0,0,0,0,0,0,0,0,0,0,0,0,0,0,0,0,0,0,0
STAT,(NULL),Threads,44,44,44,0,0,0,0,0,0,0,0,0,0,0,0,0,0,0,0,0,0,0,0,0,0,0,0,0,0,0,0,0,0,0,0,0,0,0,0,0,0,0,0,0,0,0
STAT,(NULL),Time,44,118954744,118954744,0,0,0,0,0,0,0,0,0,0,0,0,0,0,0,0,0,0,0,0,0,0,0,0,0,0,0,0,0,0,0,0,0,0,0,0,0,0,0,0,0,0,0
STAT,(NULL),TotalTime,44,1975411032,1975411032,0,0,0,0,0,0,0,0,0,0,0,0,0,0,0,0,0,0,0,0,0,0,0,0,0,0,0,0,0,0,0,0,0,0,0,0,0,0,0,0,0,0,0
STAT,(NULL),UserTime,44,4101362342,96486676,96908528,91439140,97261956,97841120,88867272,90742564,96794288,90158704,89771056,96696428,96814208,89902872,91614772,94410424,90300192,84748792,95976216,91434380,89975960,89377052,93498880,98020016,88612248,95072548,96769504,90626564,96920580,96553344,97793556,83737164,96027290,96529012,95356476,97649788,97636444,88891256,92442950,97276008,96983840,85465872,89477176,91850956,90648270
STAT,(NULL),Work,44,4450067291,101154684,101135316,101142248,101144820,101142304,101144792,101142440,101144396,101135872,101134556,101129988,101148140,101144252,101143252,101142268,101146260,101141892,101150456,101135952,101133800,101130060,101142844,101131980,101134412,101138256,101132364,101141040,101133532,101131172,101131364,101136344,101131706,101130876,101133848,101130992,101135960,101133408,101131416,101150160,101135884,101138673,101130726,101131944,101130642
STAT,(NULL),nBad,44,1502538,56000,28000,40000,36000,51838,27219,28000,32000,16000,14216,52000,28000,53478,22791,28000,20000,51071,52000,35744,67246,44873,9839,20000,32699,18229,36500,42042,16000,28000,36000,38992,40000,32000,42614,20000,40000,25826,50293,29985,40000,17945,36585,34134,30379
STAT,(NULL),nEmpty,44,17460,1,10,468,8,28,914,723,3,740,717,0,3,697,600,154,493,1370,53,549,709,1086,451,4,886,46,7,780,3,1,1,1301,2,3,144,6,4,904,675,3,0,1007,744,675,487
STAT,(NULL),nEmptyPop,44,28918,492,426,901,318,232,878,581,469,840,986,442,451,944,762,728,1075,1121,538,859,896,675,616,258,978,672,480,706,417,504,285,1381,606,510,578,265,284,900,372,358,413,1351,757,654,959
STAT,(NULL),nOverall,44,17498538,356000,416000,392000,420000,419838,383219,396000,416000,388000,386216,416000,416000,385478,394791,404000,388000,363071,412000,391744,387246,384873,401839,416000,376699,406229,412500,386042,412000,412000,416000,354992,408000,412000,406614,420000,416000,377826,398293,413985,412000,361945,384585,390134,386379
STAT,(NULL),nPop,44,21855,90,114,566,113,133,1011,822,107,837,814,104,107,794,699,255,590,1461,156,648,807,1184,553,108,981,148,111,878,106,104,105,1392,104,106,246,111,108,999,775,107,103,1099,841,773,585
STAT,(NULL),nPush,44,17856,431,489,429,584,449,410,447,453,509,335,631,560,446,408,443,425,363,475,322,432,396,359,348,184,450,382,307,456,409,392,343,422,399,255,547,502,260,243,456,463,307,277,233,425
STAT,(NULL),nPushInit,44,3999,90,91,91,91,91,91,91,91,91,91,91,91,91,91,91,91,91,91,91,91,91,91,91,91,91,91,91,91,91,91,91,91,91,91,91,91,91,91,91,91,91,91,91,87
==== BENCHMARK TOOK 1.816
==== BENCHMARK START ===
==== PARAMS kernel=4.9.5-64-net1 malloc=libc hostname=rack-mad-04 threads=44 delta=4 prog=sssp-klsm4096mq4  ===
ERROR: ld.so: object '/specific/disk1/home/adamx/malloc/lib64/libjemalloc.so' from LD_PRELOAD cannot be preloaded (cannot open shared object file): ignored.
Galois Benchmark Suite v2.2.1 (r0)
Copyright (C) 2014 The University of Texas at Austin
http://iss.ices.utexas.edu/galois/

application: Single Source Shortest Path
Computes the shortest path from a source node to all nodes in a directed graph using a modified chaotic iteration algorithm
http://iss.ices.utexas.edu/?p=projects/galois/benchmarks/single_source_shortest_path

INFO: CommandLine ./build/debug/apps/sssp/sssp -noverify -t 44 -delta 4 -wl klsm4096mq4 -startNode 0 /specific/disk1/home/mad/Galois-PQ/inputs/clique4000.gr
INFO: Hostname rack-mad-04
Read 4000 nodes
Running Asynchronous with CAS version
INFO: Using delta-step of 1
WARNING: Performance varies considerably due to delta parameter.
WARNING: Do not expect the default to be good for your graph.
Node 1 has distance 3
STATTYPE,LOOP,CATEGORY,n,sum,T0,T1,T2,T3,T4,T5,T6,T7,T8,T9,T10,T11,T12,T13,T14,T15,T16,T17,T18,T19,T20,T21,T22,T23,T24,T25,T26,T27,T28,T29,T30,T31,T32,T33,T34,T35,T36,T37,T38,T39,T40,T41,T42,T43
STAT,(NULL),BadWork,44,313531172,8114408,4680228,3972928,13241868,6872912,18633324,11145088,3614612,3580704,2128596,5465288,5392896,5452336,5601116,4475292,9526148,9069284,7252716,5088244,12192792,8275288,8750532,6018884,5223470,7745368,9876408,10247680,5444552,5526164,9513556,4529980,8218032,12067240,5320966,4637672,7067148,10825404,5462496,6351116,9155544,2661784,8509696,2829368,3772044
STAT,(NULL),BarrierTime,44,12080196,679072,624320,601504,557716,553080,509872,520540,465140,324144,476664,329519,434800,430048,428248,426976,360928,370356,364916,359752,362048,177736,357656,115965,120300,120499,115505,120050,117579,118570,118250,119644,113894,120004,112229,114600,115082,105225,112008,102078,114153,106307,91123,77144,14952
STAT,(NULL),ConflictTime,44,0,0,0,0,0,0,0,0,0,0,0,0,0,0,0,0,0,0,0,0,0,0,0,0,0,0,0,0,0,0,0,0,0,0,0,0,0,0,0,0,0,0,0,0,0
STAT,(NULL),Conflicts,44,0,0,0,0,0,0,0,0,0,0,0,0,0,0,0,0,0,0,0,0,0,0,0,0,0,0,0,0,0,0,0,0,0,0,0,0,0,0,0,0,0,0,0,0,0
STAT,(NULL),EmptyPopTime,44,174034732,4954406,4890940,5086052,3423520,3318152,3124088,6189732,3472512,6290880,3682860,1106832,3366092,4485080,3558000,3442544,2679292,5609696,3213820,5442644,4876652,6000320,7089436,3171300,5792206,3146700,3656840,5225956,1318472,1073372,401576,6017460,3400204,2980768,1888392,703604,3745984,5316400,5709136,2134580,3245876,4139376,7216384,4965988,3480608
STAT,(NULL),EmptyWork,44,3714712,23176,13740,111552,348,336,122316,69884,700,135912,65260,1168,600,103788,93944,916,164472,118376,25184,198384,170276,213788,140912,612,224244,292,2080,216520,936,280,1516,247504,680,600,61532,1536,3964,230796,150244,668,0,95232,234804,273580,192060
STAT,(NULL),GaloisTime,44,25859207,547676,429824,628444,489148,359064,620360,537372,380244,612976,562124,324628,401432,583992,560556,364168,610988,657072,450756,757612,692524,711812,594252,435656,697766,385327,389363,685954,335669,328058,413118,812253,429316,396328,490910,337619,444102,710526,635900,1702426,394550,534528,771206,750750,1900858
STAT,(NULL),InitPushTime,44,10912463,173316,169360,169276,167356,179828,175260,166708,176252,287269,166876,281483,163992,168552,165972,165356,167084,167204,169448,174756,167548,297029,178288,318927,320840,316587,318105,318325,327514,318934,322337,320466,295812,294456,293883,295702,295834,297924,296516,304114,299317,297938,287115,292212,381392
STAT,(NULL),Iterations,44,21735,206,160,617,103,104,680,413,104,731,391,107,104,588,528,105,876,646,216,1029,909,1113,756,104,1152,104,108,1130,106,104,109,1269,104,105,391,109,115,1189,800,104,102,542,1209,1392,901
STAT,(NULL),LoopTime,44,100649964,100649964,0,0,0,0,0,0,0,0,0,0,0,0,0,0,0,0,0,0,0,0,0,0,0,0,0,0,0,0,0,0,0,0,0,0,0,0,0,0,0,0,0,0,0
STAT,(NULL),MeminfoPost,44,352,8,8,8,8,8,8,8,8,8,8,8,8,8,8,8,8,8,8,8,8,8,8,8,8,8,8,8,8,8,8,8,8,8,8,8,8,8,8,8,8,8,8,8,8
STAT,(NULL),MeminfoPre,44,352,8,8,8,8,8,8,8,8,8,8,8,8,8,8,8,8,8,8,8,8,8,8,8,8,8,8,8,8,8,8,8,8,8,8,8,8,8,8,8,8,8,8,8,8
STAT,(NULL),NumaPost,44,11099,9897,721,228,253,0,0,0,0,0,0,0,0,0,0,0,0,0,0,0,0,0,0,0,0,0,0,0,0,0,0,0,0,0,0,0,0,0,0,0,0,0,0,0,0
STAT,(NULL),PopTime,44,131886744,1425392,1038004,3611156,805272,836212,4019824,2576516,847544,4286764,2382460,837116,800280,3479648,3193680,834452,5016928,3889900,1459852,5788464,5137092,6387368,4536220,837544,6874496,853072,931828,6568628,876452,931280,835580,7068936,853168,859364,2535144,875740,920612,6820792,4655120,869032,876408,3402720,7078400,7838124,5334160
STAT,(NULL),PushTime,44,27560972,799904,667748,392020,833280,818772,533688,488064,741576,483612,720748,812376,774876,500092,489932,871692,574908,436744,700932,512100,320980,631652,483608,725020,274068,831432,802204,647600,564452,816616,775864,584148,615416,596372,616464,618656,866864,442872,368464,866784,766000,544560,618964,534904,493944
STAT,(NULL),RusageSys,44,4000,4000,0,0,0,0,0,0,0,0,0,0,0,0,0,0,0,0,0,0,0,0,0,0,0,0,0,0,0,0,0,0,0,0,0,0,0,0,0,0,0,0,0,0,0
STAT,(NULL),RusageUser,44,1996000,1996000,0,0,0,0,0,0,0,0,0,0,0,0,0,0,0,0,0,0,0,0,0,0,0,0,0,0,0,0,0,0,0,0,0,0,0,0,0,0,0,0,0,0,0
STAT,(NULL),Threads,44,44,44,0,0,0,0,0,0,0,0,0,0,0,0,0,0,0,0,0,0,0,0,0,0,0,0,0,0,0,0,0,0,0,0,0,0,0,0,0,0,0,0,0,0,0
STAT,(NULL),Time,44,115348844,115348844,0,0,0,0,0,0,0,0,0,0,0,0,0,0,0,0,0,0,0,0,0,0,0,0,0,0,0,0,0,0,0,0,0,0,0,0,0,0,0,0,0,0,0
STAT,(NULL),TotalTime,44,2136873567,2136873567,0,0,0,0,0,0,0,0,0,0,0,0,0,0,0,0,0,0,0,0,0,0,0,0,0,0,0,0,0,0,0,0,0,0,0,0,0,0,0,0,0,0,0
STAT,(NULL),UserTime,44,4003132338,91474932,92191096,89401860,93679296,93899068,90811436,89369716,93789104,87421620,91818080,96147284,93887924,90078816,91335756,93715664,90184648,88519484,93380972,86531320,88032368,85286060,86387556,94064108,85367906,94015532,93452908,85886196,96138724,96083500,96804236,84502092,93934444,94398176,93639356,96693076,93251780,85712316,87714704,93657012,93948680,90514524,83310216,84867432,87831360
STAT,(NULL),Work,44,4370290023,99337708,99334680,99325456,99328556,99318464,99324284,99318152,99329072,99325936,99325880,99321548,99319444,99319360,99325740,99324720,99329672,99317700,99325852,99324252,99327076,99328584,99326744,99327723,99323218,99322412,99328761,99319166,99326788,99326060,99324718,99320992,99319713,99320571,99322951,99320296,99320066,99328308,99323458,99327226,99324680,99327059,99319122,99323971,99333884
STAT,(NULL),nBad,44,1343913,36000,20000,16000,56000,29390,79660,48308,16000,16000,9524,24000,24000,24000,24000,20000,42577,40392,32000,22483,53958,35904,38402,20000,18143,26182,44000,41971,24000,24000,40000,20000,36000,51598,22875,20000,30567,47139,24000,26983,40000,11875,37159,12174,16649
STAT,(NULL),nEmpty,44,17379,106,60,520,1,1,580,315,2,636,291,4,2,490,430,3,779,548,116,935,812,1019,662,2,1059,1,6,1036,3,1,5,1177,2,2,288,5,13,1095,705,2,0,443,1118,1299,805
STAT,(NULL),nEmptyPop,44,24533,632,642,683,403,378,344,881,407,907,657,202,390,566,652,402,486,780,562,962,639,823,995,345,1006,340,444,726,243,197,80,850,390,312,340,133,440,713,796,387,365,721,1036,659,617
STAT,(NULL),nOverall,44,17339913,400000,400000,388000,408000,409390,395660,388308,408000,380000,397524,412000,408000,392000,392000,408000,386577,384392,400000,370483,381958,371904,374402,408000,366143,410182,408000,373971,412000,412000,416000,368000,408000,411598,402875,416000,406567,371139,380000,406983,408000,387875,361159,368174,380649
STAT,(NULL),nPop,44,21735,206,160,617,103,104,680,413,104,731,391,107,104,588,528,105,876,646,216,1029,909,1113,756,104,1152,104,108,1130,106,104,109,1269,104,105,391,109,115,1189,800,104,102,542,1209,1392,901
STAT,(NULL),nPush,44,17736,450,422,246,538,537,360,320,481,319,461,517,500,331,322,569,385,288,445,340,197,431,314,442,186,537,508,430,371,525,494,383,407,383,410,415,561,273,220,529,480,349,408,342,310
STAT,(NULL),nPushInit,44,3999,90,91,91,91,91,91,91,91,91,91,91,91,91,91,91,91,91,91,91,91,91,91,91,91,91,91,91,91,91,91,91,91,91,91,91,91,91,91,91,91,91,91,91,87
==== BENCHMARK TOOK 1.811
==== BENCHMARK START ===
==== PARAMS kernel=4.9.5-64-net1 malloc=libc hostname=rack-mad-04 threads=44 delta=4 prog=sssp-klsm4096mq4  ===
ERROR: ld.so: object '/specific/disk1/home/adamx/malloc/lib64/libjemalloc.so' from LD_PRELOAD cannot be preloaded (cannot open shared object file): ignored.
Galois Benchmark Suite v2.2.1 (r0)
Copyright (C) 2014 The University of Texas at Austin
http://iss.ices.utexas.edu/galois/

application: Single Source Shortest Path
Computes the shortest path from a source node to all nodes in a directed graph using a modified chaotic iteration algorithm
http://iss.ices.utexas.edu/?p=projects/galois/benchmarks/single_source_shortest_path

INFO: CommandLine ./build/debug/apps/sssp/sssp -noverify -t 44 -delta 4 -wl klsm4096mq4 -startNode 0 /specific/disk1/home/mad/Galois-PQ/inputs/clique4000.gr
INFO: Hostname rack-mad-04
Read 4000 nodes
Running Asynchronous with CAS version
INFO: Using delta-step of 1
WARNING: Performance varies considerably due to delta parameter.
WARNING: Do not expect the default to be good for your graph.
Node 1 has distance 3
STATTYPE,LOOP,CATEGORY,n,sum,T0,T1,T2,T3,T4,T5,T6,T7,T8,T9,T10,T11,T12,T13,T14,T15,T16,T17,T18,T19,T20,T21,T22,T23,T24,T25,T26,T27,T28,T29,T30,T31,T32,T33,T34,T35,T36,T37,T38,T39,T40,T41,T42,T43
STAT,(NULL),BadWork,44,335658192,8164228,6504824,9818044,11210188,6785220,8208620,5671876,8241024,8177152,1811500,11144008,5384112,5773300,5459932,4515700,3658064,6109044,7239960,6935680,3786860,10020176,4561724,10410292,8709472,10773800,7256976,11070496,9271408,10857980,7535512,5762392,8481708,10114188,7071280,9243132,18520876,3649024,9778756,6469492,7435248,4558252,5398840,3216424,10891408
STAT,(NULL),BarrierTime,44,12160765,657782,628760,601632,544596,553596,516676,508940,456888,462004,453752,457920,422828,419060,422988,418304,350756,347544,350312,341132,355328,354064,344412,123921,124721,120480,124085,125109,124775,122379,124206,125175,124378,78916,62700,54695,116044,66349,107442,75657,111934,68864,115354,61196,33111
STAT,(NULL),ConflictTime,44,0,0,0,0,0,0,0,0,0,0,0,0,0,0,0,0,0,0,0,0,0,0,0,0,0,0,0,0,0,0,0,0,0,0,0,0,0,0,0,0,0,0,0,0,0
STAT,(NULL),Conflicts,44,0,0,0,0,0,0,0,0,0,0,0,0,0,0,0,0,0,0,0,0,0,0,0,0,0,0,0,0,0,0,0,0,0,0,0,0,0,0,0,0,0,0,0,0,0
STAT,(NULL),EmptyPopTime,44,144727093,1842981,1625912,3537472,1676404,3720752,2888280,6198748,2178828,2513664,7794056,1345064,2220700,2807160,5407744,1701116,2929992,5824100,1395420,5473840,5775092,5458192,6015080,2129776,3023236,2331816,1580476,3457668,1808524,1611196,1423688,9102576,1425636,2166956,3214044,1552088,1863308,5823576,3734412,2150972,1384816,3326252,5484884,3531936,2268660
STAT,(NULL),EmptyWork,44,3704010,2126,2252,135460,616,18524,178768,93500,5856,121840,176692,0,360,177440,200188,1124,121980,122864,592,180980,109028,209252,99476,8100,161596,7408,2012,170296,1332,284,0,303928,880,5928,158116,1216,1292,178796,84336,3460,292,144396,178192,211676,121556
STAT,(NULL),GaloisTime,44,22377315,408324,353740,521756,278144,508600,575140,587520,348680,601236,687508,291156,462800,629780,595900,407376,451376,615172,325724,697672,633172,770088,563072,307265,595906,459513,439670,536879,452201,397018,456519,840771,466834,473946,601035,424688,336139,770130,477125,317410,294947,507110,699728,636104,572441
STAT,(NULL),InitPushTime,44,10651925,170572,169924,169208,171344,169652,167284,166760,170760,166244,179116,167096,165396,168672,165876,167180,177008,178648,184880,188920,179604,178576,186284,325453,309019,337113,332772,320261,317160,316734,320482,327698,290070,289498,293142,304487,293619,292116,306379,290730,303409,292519,301678,300630,377952
STAT,(NULL),Iterations,44,21726,83,112,741,106,181,945,527,125,674,912,104,104,948,1019,108,677,674,106,947,608,1077,551,135,855,134,111,896,109,105,104,1523,107,127,852,108,108,930,491,115,105,776,930,1100,676
STAT,(NULL),LoopTime,44,101365452,101365452,0,0,0,0,0,0,0,0,0,0,0,0,0,0,0,0,0,0,0,0,0,0,0,0,0,0,0,0,0,0,0,0,0,0,0,0,0,0,0,0,0,0,0
STAT,(NULL),MeminfoPost,44,352,8,8,8,8,8,8,8,8,8,8,8,8,8,8,8,8,8,8,8,8,8,8,8,8,8,8,8,8,8,8,8,8,8,8,8,8,8,8,8,8,8,8,8,8
STAT,(NULL),MeminfoPre,44,352,8,8,8,8,8,8,8,8,8,8,8,8,8,8,8,8,8,8,8,8,8,8,8,8,8,8,8,8,8,8,8,8,8,8,8,8,8,8,8,8,8,8,8,8
STAT,(NULL),NumaPost,44,11109,9882,732,243,252,0,0,0,0,0,0,0,0,0,0,0,0,0,0,0,0,0,0,0,0,0,0,0,0,0,0,0,0,0,0,0,0,0,0,0,0,0,0,0,0
STAT,(NULL),PopTime,44,130817566,878339,879656,4303756,842840,1223384,5406856,3198044,889924,3921984,5197156,825312,773460,5360068,5790308,749712,3974668,4155508,806532,5321732,3634240,6152440,3405588,1065052,4970345,951416,741655,5191624,815858,811928,797769,8722603,803578,951530,5084754,839188,873445,5480482,3046746,995359,886375,4610192,5485754,6228236,3772170
STAT,(NULL),PushTime,44,27637556,916060,600844,560780,796328,639048,459216,437748,781676,519812,475972,917932,685908,401164,547744,574196,495204,469392,718508,342968,301372,456796,501888,771280,399172,768808,680452,706072,789924,830296,636120,716036,627144,734140,616720,864172,733928,412628,608332,871272,828616,590772,597544,566376,687196
STAT,(NULL),RusageSys,44,4000,4000,0,0,0,0,0,0,0,0,0,0,0,0,0,0,0,0,0,0,0,0,0,0,0,0,0,0,0,0,0,0,0,0,0,0,0,0,0,0,0,0,0,0,0
STAT,(NULL),RusageUser,44,2012000,2012000,0,0,0,0,0,0,0,0,0,0,0,0,0,0,0,0,0,0,0,0,0,0,0,0,0,0,0,0,0,0,0,0,0,0,0,0,0,0,0,0,0,0,0
STAT,(NULL),Threads,44,44,44,0,0,0,0,0,0,0,0,0,0,0,0,0,0,0,0,0,0,0,0,0,0,0,0,0,0,0,0,0,0,0,0,0,0,0,0,0,0,0,0,0,0,0
STAT,(NULL),Time,44,116514009,116514009,0,0,0,0,0,0,0,0,0,0,0,0,0,0,0,0,0,0,0,0,0,0,0,0,0,0,0,0,0,0,0,0,0,0,0,0,0,0,0,0,0,0,0
STAT,(NULL),TotalTime,44,1946013996,1946013996,0,0,0,0,0,0,0,0,0,0,0,0,0,0,0,0,0,0,0,0,0,0,0,0,0,0,0,0,0,0,0,0,0,0,0,0,0,0,0,0,0,0,0
STAT,(NULL),UserTime,44,4068881086,95908266,96495192,90900532,96365864,93848572,90452296,89443484,95754104,92279648,85629748,96579640,95816308,90584316,87414624,96526880,91986644,88771332,96710008,87940964,89503708,86910796,89371776,95673338,90806544,95436225,96510905,89896075,96088578,96306277,96641814,80273216,96632373,95624978,90280883,96277486,96150471,87292909,92007537,95619237,96562813,90779056,87509054,88782876,92533739
STAT,(NULL),Work,44,4402186329,100081598,100046624,100045116,100048252,100042728,100048024,100055908,100044344,100047400,100044168,100046788,100047428,100047432,100044836,100046328,100046088,100047524,100042792,100045548,100039800,100043020,100046040,100053556,100050148,100049954,100050119,100049696,100049762,100056765,100049750,100050469,100049975,100050295,100050292,100053508,100060906,100049678,100054982,100050360,100050500,100050670,100049846,100052010,100055302
STAT,(NULL),nBad,44,1443731,36000,28000,36000,48000,28000,35655,24617,36000,36351,8000,48000,24000,25707,23301,20000,16000,27001,32000,29703,16377,42793,20000,40000,34140,48000,32000,48958,40000,48000,32000,25630,36000,44000,30156,40000,80000,16132,42073,28000,32000,20000,24000,14113,47024
STAT,(NULL),nEmpty,44,17345,4,8,643,2,80,845,430,22,574,820,0,1,850,924,4,578,578,2,852,506,981,455,32,756,31,7,797,5,1,0,1435,3,24,754,4,4,835,391,12,1,678,836,1004,576
STAT,(NULL),nEmptyPop,44,26069,203,310,650,320,647,531,1039,390,423,1327,273,440,548,959,326,536,1000,284,930,1016,969,1020,387,561,443,309,636,368,328,294,1561,292,397,591,317,349,1040,672,397,287,612,968,680,439
STAT,(NULL),nOverall,44,17439731,316000,416000,392000,416000,404000,391655,384617,412000,396351,368000,416000,412000,389707,375301,416000,396000,383001,416000,377703,384377,374793,384000,412000,394140,412000,416000,388958,416000,416000,416000,345630,416000,412000,390156,416000,416000,376132,398073,412000,416000,392000,376000,382113,399024
STAT,(NULL),nPop,44,21726,83,112,741,106,181,945,527,125,674,912,104,104,948,1019,108,677,674,106,947,608,1077,551,135,855,134,111,896,109,105,104,1523,107,127,852,108,108,930,491,115,105,776,930,1100,676
STAT,(NULL),nPush,44,17727,516,406,370,511,426,292,281,499,342,314,601,432,258,350,389,307,312,450,216,182,292,332,498,244,488,426,435,506,527,424,441,424,454,400,563,463,263,408,554,534,389,402,375,431
STAT,(NULL),nPushInit,44,3999,90,91,91,91,91,91,91,91,91,91,91,91,91,91,91,91,91,91,91,91,91,91,91,91,91,91,91,91,91,91,91,91,91,91,91,91,91,91,91,91,91,91,91,87
==== BENCHMARK TOOK 1.702
==== BENCHMARK START ===
==== PARAMS kernel=4.9.5-64-net1 malloc=libc hostname=rack-mad-04 threads=44 delta=4 prog=sssp-klsm4096mq4  ===
ERROR: ld.so: object '/specific/disk1/home/adamx/malloc/lib64/libjemalloc.so' from LD_PRELOAD cannot be preloaded (cannot open shared object file): ignored.
Galois Benchmark Suite v2.2.1 (r0)
Copyright (C) 2014 The University of Texas at Austin
http://iss.ices.utexas.edu/galois/

application: Single Source Shortest Path
Computes the shortest path from a source node to all nodes in a directed graph using a modified chaotic iteration algorithm
http://iss.ices.utexas.edu/?p=projects/galois/benchmarks/single_source_shortest_path

INFO: CommandLine ./build/debug/apps/sssp/sssp -noverify -t 44 -delta 4 -wl klsm4096mq4 -startNode 0 /specific/disk1/home/mad/Galois-PQ/inputs/clique4000.gr
INFO: Hostname rack-mad-04
Read 4000 nodes
Running Asynchronous with CAS version
INFO: Using delta-step of 1
WARNING: Performance varies considerably due to delta parameter.
WARNING: Do not expect the default to be good for your graph.
Node 1 has distance 3
STATTYPE,LOOP,CATEGORY,n,sum,T0,T1,T2,T3,T4,T5,T6,T7,T8,T9,T10,T11,T12,T13,T14,T15,T16,T17,T18,T19,T20,T21,T22,T23,T24,T25,T26,T27,T28,T29,T30,T31,T32,T33,T34,T35,T36,T37,T38,T39,T40,T41,T42,T43
STAT,(NULL),BadWork,44,340752256,8965480,5436440,3930424,6789792,9939900,7717388,2923620,6302740,2718036,7187252,9974084,7202748,8070936,7278656,11366448,6449668,5058424,11508544,4833400,9698048,5447748,4900176,7671720,11429696,3991812,8957036,12020780,7911220,9882284,11865336,10728148,10822468,13123000,10001204,7304528,13219164,6344036,3601532,13193392,7444128,4031488,4488424,863976,8156932
STAT,(NULL),BarrierTime,44,14201485,756064,712156,668484,623900,622904,590968,584912,516440,434748,515084,488240,457552,473316,476248,460100,388036,382452,394588,383216,398160,393808,399112,163604,170110,170417,169722,174577,177800,171342,177822,173292,148191,113420,160894,106728,140294,104930,131486,108612,144015,109029,135626,111986,17100
STAT,(NULL),ConflictTime,44,0,0,0,0,0,0,0,0,0,0,0,0,0,0,0,0,0,0,0,0,0,0,0,0,0,0,0,0,0,0,0,0,0,0,0,0,0,0,0,0,0,0,0,0,0
STAT,(NULL),Conflicts,44,0,0,0,0,0,0,0,0,0,0,0,0,0,0,0,0,0,0,0,0,0,0,0,0,0,0,0,0,0,0,0,0,0,0,0,0,0,0,0,0,0,0,0,0,0
STAT,(NULL),EmptyPopTime,44,197273832,4043388,4071316,7230452,1456044,3286500,5878476,5106212,3202112,7734292,6627652,1358128,1808992,7814756,5505052,2191164,7736548,7798940,2957356,5678824,4472296,9705520,11004956,1484004,4657424,2896132,2246820,4865300,1975184,1193360,2731852,4093872,2578788,2690320,4512224,1972240,3407840,4577620,6426952,3648484,2090548,5826300,7225496,5317360,4186736
STAT,(NULL),EmptyWork,44,3688572,23408,5636,147516,400,2244,214068,170056,3044,163364,51152,0,628,166936,57836,1676,113260,196744,680,149144,247732,193920,134812,0,210556,5420,7048,114252,1496,296,0,182144,596,3996,85716,568,25196,119696,206136,2460,840,97724,299764,159452,120960
STAT,(NULL),GaloisTime,44,21597976,397424,367984,635308,353000,393224,675584,634000,366360,622704,424004,311408,314760,623812,471528,297232,624048,686088,413960,520612,664480,756652,643548,282028,635940,404704,336968,544384,386456,309900,364236,649400,350400,339248,494576,353420,434912,536648,623252,430136,346608,518876,884780,608904,564480
STAT,(NULL),InitPushTime,44,11694190,172748,169292,176336,166112,171492,166288,168968,191784,251636,192672,205112,200148,189936,181648,190808,196904,203628,194384,197752,193684,195600,195096,402644,346845,329545,333990,326532,337532,346756,334209,320966,328930,332186,321743,333469,338331,337942,346141,331906,338499,335654,346045,328790,423507
STAT,(NULL),Iterations,44,21636,210,124,787,106,110,1112,902,115,854,328,105,107,879,365,110,627,1020,106,750,1275,998,724,105,1098,129,133,627,110,106,104,957,106,120,500,107,215,661,1068,113,107,552,1499,840,665
STAT,(NULL),LoopTime,44,101452056,101452056,0,0,0,0,0,0,0,0,0,0,0,0,0,0,0,0,0,0,0,0,0,0,0,0,0,0,0,0,0,0,0,0,0,0,0,0,0,0,0,0,0,0,0
STAT,(NULL),MeminfoPost,44,352,8,8,8,8,8,8,8,8,8,8,8,8,8,8,8,8,8,8,8,8,8,8,8,8,8,8,8,8,8,8,8,8,8,8,8,8,8,8,8,8,8,8,8,8
STAT,(NULL),MeminfoPre,44,352,8,8,8,8,8,8,8,8,8,8,8,8,8,8,8,8,8,8,8,8,8,8,8,8,8,8,8,8,8,8,8,8,8,8,8,8,8,8,8,8,8,8,8,8
STAT,(NULL),NumaPost,44,11098,9872,738,232,256,0,0,0,0,0,0,0,0,0,0,0,0,0,0,0,0,0,0,0,0,0,0,0,0,0,0,0,0,0,0,0,0,0,0,0,0,0,0,0,0
STAT,(NULL),PopTime,44,133229016,1506360,986968,4554484,806912,845696,6405128,5218128,954628,4896968,2192112,828912,844868,5136852,2427896,945900,3709776,6031152,840868,4477156,7339356,5780316,4410524,929072,6401732,1036352,1080508,3680608,911044,880740,883136,5443392,838988,983432,3209928,899128,1556896,4037964,6270184,900180,925504,3453504,8680580,5031324,4053860
STAT,(NULL),PushTime,44,27626148,931576,683888,430164,617372,732136,418036,495024,604716,690384,700436,780552,755712,476164,521772,692692,422312,560560,719412,602064,588624,477300,475268,872300,454328,775980,806780,384976,820672,737180,876644,456728,625368,596692,625548,834776,550148,490248,778168,760356,840884,466456,509868,558508,427376
STAT,(NULL),RusageSys,44,24000,24000,0,0,0,0,0,0,0,0,0,0,0,0,0,0,0,0,0,0,0,0,0,0,0,0,0,0,0,0,0,0,0,0,0,0,0,0,0,0,0,0,0,0,0
STAT,(NULL),RusageUser,44,1956000,1956000,0,0,0,0,0,0,0,0,0,0,0,0,0,0,0,0,0,0,0,0,0,0,0,0,0,0,0,0,0,0,0,0,0,0,0,0,0,0,0,0,0,0,0
STAT,(NULL),Threads,44,44,44,0,0,0,0,0,0,0,0,0,0,0,0,0,0,0,0,0,0,0,0,0,0,0,0,0,0,0,0,0,0,0,0,0,0,0,0,0,0,0,0,0,0,0
STAT,(NULL),Time,44,116156144,116156144,0,0,0,0,0,0,0,0,0,0,0,0,0,0,0,0,0,0,0,0,0,0,0,0,0,0,0,0,0,0,0,0,0,0,0,0,0,0,0,0,0,0,0
STAT,(NULL),TotalTime,44,1824943274,1824943274,0,0,0,0,0,0,0,0,0,0,0,0,0,0,0,0,0,0,0,0,0,0,0,0,0,0,0,0,0,0,0,0,0,0,0,0,0,0,0,0,0,0,0
STAT,(NULL),UserTime,44,4015905288,93079060,93867660,86985148,96749548,94723040,86391404,88363224,94853868,85875476,89988496,96706660,96258456,85767924,90998476,95854396,87379980,84713296,95052984,88558096,86672360,83072328,83313940,96416408,87627144,94865040,95507264,90394348,95888848,96862412,95131068,89158776,95593800,95369916,91056004,95923672,94012832,90222108,85680788,94243808,95779092,89621228,82383676,88308212,90633024
STAT,(NULL),Work,44,4402855172,100075684,100059172,100065088,100064236,100059660,100058560,100065232,100057424,100057388,100058412,100072588,100068040,100057428,100067596,100071012,100066692,100064740,100063956,100071064,100059128,100060764,100056920,100073368,100065412,100069388,100069776,100066488,100064196,100064512,100060820,100067496,100073104,100060988,100065152,100069596,100069292,100061288,100064240,100066556,100062756,100060748,100064448,100065364,100069400
STAT,(NULL),nBad,44,1469185,40000,24000,16000,28000,44000,32958,13091,28000,12000,32000,44000,32000,36000,32494,48000,27963,20891,50639,21056,41243,24062,20507,28000,46085,17492,32000,52220,34291,44000,52000,47482,48000,55807,44000,32000,56000,28000,16000,57607,32000,17664,20000,3633,36000
STAT,(NULL),nEmpty,44,17249,108,22,693,1,7,1015,805,12,761,230,0,2,786,265,6,531,926,2,653,1178,906,633,0,1002,24,29,527,5,1,0,860,2,16,401,2,113,563,975,10,3,454,1410,743,567
STAT,(NULL),nEmptyPop,44,35229,674,708,1304,300,668,1064,879,512,1352,1102,280,367,1313,939,394,1359,1328,556,984,831,1684,1915,297,832,538,382,919,401,239,555,783,519,526,794,402,567,797,1130,643,429,1013,1257,916,777
STAT,(NULL),nOverall,44,17465185,408000,408000,376000,420000,412000,376958,385091,412000,372000,392000,420000,420000,372000,396494,416000,379963,368891,414639,385056,377243,360062,360507,420000,382085,413492,416000,392220,418291,420000,416000,387482,416000,415807,396000,420000,408000,392000,372000,409607,416000,389664,356000,383633,392000
STAT,(NULL),nPop,44,21636,210,124,787,106,110,1112,902,115,854,328,105,107,879,365,110,627,1020,106,750,1275,998,724,105,1098,129,133,627,110,106,104,957,106,120,500,107,215,661,1068,113,107,552,1499,840,665
STAT,(NULL),nPush,44,17637,527,430,283,412,464,269,323,404,443,439,511,493,303,343,435,260,375,455,411,390,313,298,514,292,490,510,235,521,449,560,297,419,398,418,530,360,318,493,473,532,297,327,359,264
STAT,(NULL),nPushInit,44,3999,90,91,91,91,91,91,91,91,91,91,91,91,91,91,91,91,91,91,91,91,91,91,91,91,91,91,91,91,91,91,91,91,91,91,91,91,91,91,91,91,91,91,91,87
==== BENCHMARK TOOK 1.721
==== BENCHMARK START ===
==== PARAMS kernel=4.9.5-64-net1 malloc=libc hostname=rack-mad-04 threads=44 delta=4 prog=sssp-klsm4096mq4  ===
ERROR: ld.so: object '/specific/disk1/home/adamx/malloc/lib64/libjemalloc.so' from LD_PRELOAD cannot be preloaded (cannot open shared object file): ignored.
Galois Benchmark Suite v2.2.1 (r0)
Copyright (C) 2014 The University of Texas at Austin
http://iss.ices.utexas.edu/galois/

application: Single Source Shortest Path
Computes the shortest path from a source node to all nodes in a directed graph using a modified chaotic iteration algorithm
http://iss.ices.utexas.edu/?p=projects/galois/benchmarks/single_source_shortest_path

INFO: CommandLine ./build/debug/apps/sssp/sssp -noverify -t 44 -delta 4 -wl klsm4096mq4 -startNode 0 /specific/disk1/home/mad/Galois-PQ/inputs/clique4000.gr
INFO: Hostname rack-mad-04
Read 4000 nodes
Running Asynchronous with CAS version
INFO: Using delta-step of 1
WARNING: Performance varies considerably due to delta parameter.
WARNING: Do not expect the default to be good for your graph.
Node 1 has distance 3
STATTYPE,LOOP,CATEGORY,n,sum,T0,T1,T2,T3,T4,T5,T6,T7,T8,T9,T10,T11,T12,T13,T14,T15,T16,T17,T18,T19,T20,T21,T22,T23,T24,T25,T26,T27,T28,T29,T30,T31,T32,T33,T34,T35,T36,T37,T38,T39,T40,T41,T42,T43
STAT,(NULL),BadWork,44,344099029,9161708,3596700,7191156,6229848,6291640,5277068,6527168,7179704,8300120,6222636,7639147,13694760,3152324,3522844,7429660,5035968,5035652,6880720,12093984,5876420,19588936,2132412,9762400,14656332,10335140,9866168,6561024,7877660,5357816,7263420,14893332,12946024,11302522,6555692,8940120,8940472,8379952,4750004,5385004,6513856,8070792,5533212,7104464,5043048
STAT,(NULL),BarrierTime,44,11989416,649126,622148,614780,565028,531580,540780,539780,341994,497640,442436,436860,439732,441192,445740,445788,370996,373052,378516,379580,340440,341136,332980,93716,99700,98652,98372,100320,94448,95884,99628,100276,97712,89632,86024,94284,96632,92996,92068,93716,67092,65024,70580,73716,17640
STAT,(NULL),ConflictTime,44,0,0,0,0,0,0,0,0,0,0,0,0,0,0,0,0,0,0,0,0,0,0,0,0,0,0,0,0,0,0,0,0,0,0,0,0,0,0,0,0,0,0,0,0,0
STAT,(NULL),Conflicts,44,0,0,0,0,0,0,0,0,0,0,0,0,0,0,0,0,0,0,0,0,0,0,0,0,0,0,0,0,0,0,0,0,0,0,0,0,0,0,0,0,0,0,0,0,0
STAT,(NULL),EmptyPopTime,44,214306164,4806604,4781060,5469312,3244356,3393660,9062584,6785136,3174236,3506800,3166408,3499408,3362352,5452644,5873192,4297488,5323800,7261924,3071052,4843928,7459404,6082504,6516704,3201264,7291704,3982972,4044500,8217812,3355036,3112316,3195344,4772612,4627872,5121336,5157440,5202052,3178988,6004396,8378492,3963172,459408,3902608,5400424,6011408,5290452
STAT,(NULL),EmptyWork,44,3682892,3972,11032,109512,564,880,149680,235780,336,77804,51032,272,288,113472,114368,284,86136,206320,0,71116,169460,150032,116340,1404,141788,896,980,235820,1224,976,0,164688,28400,32608,187468,13732,2788,325384,183568,284,276,79192,277752,232128,102856
STAT,(NULL),GaloisTime,44,23639543,518867,510924,583628,373816,437152,628716,751448,468792,547540,482176,480252,350680,528116,659064,444252,479428,788312,367404,572008,629484,575372,655144,353160,723704,459112,397356,825960,448036,429644,365028,584108,472968,451268,615076,471140,398636,884024,717344,493052,316368,432480,734524,707076,526904
STAT,(NULL),InitPushTime,44,10783556,256075,206076,213544,165604,172052,172944,165100,279628,164304,164260,163432,164868,165272,161448,163804,165432,167292,165732,165016,165496,164960,170316,310486,306599,309995,315524,317240,312319,310251,315370,313170,290415,341460,294360,293532,292006,292703,334876,293928,309436,317047,308531,306219,355434
STAT,(NULL),Iterations,44,21667,113,147,613,105,106,778,1213,104,469,340,104,104,629,636,103,499,1073,104,423,891,795,643,108,767,106,105,1203,107,106,103,877,230,252,985,161,116,1639,954,103,107,470,1408,1191,577
STAT,(NULL),LoopTime,44,101628642,101628642,0,0,0,0,0,0,0,0,0,0,0,0,0,0,0,0,0,0,0,0,0,0,0,0,0,0,0,0,0,0,0,0,0,0,0,0,0,0,0,0,0,0,0
STAT,(NULL),MeminfoPost,44,352,8,8,8,8,8,8,8,8,8,8,8,8,8,8,8,8,8,8,8,8,8,8,8,8,8,8,8,8,8,8,8,8,8,8,8,8,8,8,8,8,8,8,8,8
STAT,(NULL),MeminfoPre,44,352,8,8,8,8,8,8,8,8,8,8,8,8,8,8,8,8,8,8,8,8,8,8,8,8,8,8,8,8,8,8,8,8,8,8,8,8,8,8,8,8,8,8,8,8
STAT,(NULL),NumaPost,44,11073,9858,943,232,40,0,0,0,0,0,0,0,0,0,0,0,0,0,0,0,0,0,0,0,0,0,0,0,0,0,0,0,0,0,0,0,0,0,0,0,0,0,0,0,0
STAT,(NULL),PopTime,44,130065708,950352,1136700,3644764,755192,739252,5703536,6750320,728324,2720220,2103672,748952,820200,3575060,3678480,809348,3049752,5969388,812444,2570188,5137116,4647108,3780832,812404,4405580,795188,829364,7014496,810720,814984,812544,5080240,1516852,1667292,5518164,1140888,837092,9103964,5654600,755408,799888,2868344,7718348,6861096,3417052
STAT,(NULL),PushTime,44,27599741,1038257,528240,429128,794176,593120,455380,439684,507588,548628,588664,760336,777732,575464,442240,798264,439712,464560,617076,544000,341640,535816,516448,822892,495472,730552,772204,573716,744760,859868,615072,507760,734324,787132,734748,752464,588892,564644,612304,727204,911788,552640,708832,676068,390252
STAT,(NULL),RusageSys,44,0,0,0,0,0,0,0,0,0,0,0,0,0,0,0,0,0,0,0,0,0,0,0,0,0,0,0,0,0,0,0,0,0,0,0,0,0,0,0,0,0,0,0,0,0
STAT,(NULL),RusageUser,44,2020000,2020000,0,0,0,0,0,0,0,0,0,0,0,0,0,0,0,0,0,0,0,0,0,0,0,0,0,0,0,0,0,0,0,0,0,0,0,0,0,0,0,0,0,0,0
STAT,(NULL),Threads,44,44,44,0,0,0,0,0,0,0,0,0,0,0,0,0,0,0,0,0,0,0,0,0,0,0,0,0,0,0,0,0,0,0,0,0,0,0,0,0,0,0,0,0,0,0
STAT,(NULL),Time,44,113732355,113732355,0,0,0,0,0,0,0,0,0,0,0,0,0,0,0,0,0,0,0,0,0,0,0,0,0,0,0,0,0,0,0,0,0,0,0,0,0,0,0,0,0,0,0
STAT,(NULL),TotalTime,44,1645863696,1645863696,0,0,0,0,0,0,0,0,0,0,0,0,0,0,0,0,0,0,0,0,0,0,0,0,0,0,0,0,0,0,0,0,0,0,0,0,0,0,0,0,0,0,0
STAT,(NULL),UserTime,44,4010947244,92910404,93263260,89998484,95061972,95068052,84231504,85267664,95351272,92829000,93842232,94742252,94920840,89986876,89463676,93881236,90854240,85540520,95363492,91631308,86496600,88240192,88648424,95041568,87177016,94265464,94191520,83366656,94876424,95016568,95247364,89123836,92851988,92173536,88019812,92653444,95227696,83352540,84688048,94293656,97746816,92396832,85392632,85744964,90505364
STAT,(NULL),Work,44,4413556138,100324590,100309556,100300340,100308144,100306212,100301796,100307344,100308652,100300552,100306204,100310004,100304564,100301600,100302160,100298796,100305548,100302724,100300132,100300348,100300412,100299320,100306108,100316500,100311048,100312768,100312148,100307528,100316232,100314864,100308560,100308796,100307228,100307416,100318560,100311820,100307764,100312708,100307856,100308728,100315508,100307644,100312972,100307304,100317080
STAT,(NULL),nBad,44,1364835,36000,16000,32000,28000,28000,17885,24000,32000,26805,28000,34616,56000,14186,15615,32000,22492,22379,30206,53689,21127,66132,8000,32000,50121,40930,36000,28000,28000,24000,32000,61494,42497,35729,29047,29341,40140,27278,21389,24000,28000,36000,24323,26763,22651
STAT,(NULL),nEmpty,44,17305,16,46,516,2,3,684,1121,1,368,238,1,1,530,539,1,400,980,0,322,797,699,547,5,672,3,3,1113,4,3,0,779,129,151,889,60,12,1549,862,1,1,370,1314,1096,477
STAT,(NULL),nEmptyPop,44,41319,884,925,1027,660,687,1628,1274,634,705,635,703,677,1095,1136,870,1025,1326,618,945,1393,1149,1229,644,1391,804,812,1486,676,623,644,931,927,998,978,1008,639,1117,1550,803,87,788,1063,1131,994
STAT,(NULL),nOverall,44,17360835,388000,404000,388000,412000,412000,369885,368000,412000,402805,408000,410616,412000,390186,387615,408000,394492,370379,414206,397689,373127,382132,384000,412000,378121,408930,408000,360000,412000,412000,412000,385494,402497,399729,381047,401341,412140,359278,365389,408000,424000,400000,368323,370763,390651
STAT,(NULL),nPop,44,21667,113,147,613,105,106,778,1213,104,469,340,104,104,629,636,103,499,1073,104,423,891,795,643,108,767,106,105,1203,107,106,103,877,230,252,985,161,116,1639,954,103,107,470,1408,1191,577
STAT,(NULL),nPush,44,17668,681,348,275,513,403,303,284,335,363,398,488,502,313,293,518,282,302,421,301,210,360,344,495,314,465,499,377,474,504,410,320,462,510,467,478,386,368,400,458,585,362,437,423,237
STAT,(NULL),nPushInit,44,3999,90,91,91,91,91,91,91,91,91,91,91,91,91,91,91,91,91,91,91,91,91,91,91,91,91,91,91,91,91,91,91,91,91,91,91,91,91,91,91,91,91,91,91,87
==== BENCHMARK TOOK 1.743
==== BENCHMARK START ===
==== PARAMS kernel=4.9.5-64-net1 malloc=libc hostname=rack-mad-04 threads=44 delta=4 prog=sssp-klsm4096mq4  ===
ERROR: ld.so: object '/specific/disk1/home/adamx/malloc/lib64/libjemalloc.so' from LD_PRELOAD cannot be preloaded (cannot open shared object file): ignored.
Galois Benchmark Suite v2.2.1 (r0)
Copyright (C) 2014 The University of Texas at Austin
http://iss.ices.utexas.edu/galois/

application: Single Source Shortest Path
Computes the shortest path from a source node to all nodes in a directed graph using a modified chaotic iteration algorithm
http://iss.ices.utexas.edu/?p=projects/galois/benchmarks/single_source_shortest_path

INFO: CommandLine ./build/debug/apps/sssp/sssp -noverify -t 44 -delta 4 -wl klsm4096mq4 -startNode 0 /specific/disk1/home/mad/Galois-PQ/inputs/clique4000.gr
INFO: Hostname rack-mad-04
Read 4000 nodes
Running Asynchronous with CAS version
INFO: Using delta-step of 1
WARNING: Performance varies considerably due to delta parameter.
WARNING: Do not expect the default to be good for your graph.
Node 1 has distance 3
STATTYPE,LOOP,CATEGORY,n,sum,T0,T1,T2,T3,T4,T5,T6,T7,T8,T9,T10,T11,T12,T13,T14,T15,T16,T17,T18,T19,T20,T21,T22,T23,T24,T25,T26,T27,T28,T29,T30,T31,T32,T33,T34,T35,T36,T37,T38,T39,T40,T41,T42,T43
STAT,(NULL),BadWork,44,348229528,12122710,4571604,6727720,5427192,5674872,11925960,7198700,7426464,10398728,5437932,7294828,10703284,5998012,6865852,2673596,2678284,8933916,11832300,7304318,11167852,10606496,6296972,9004662,6933122,8619460,2694140,6614356,7806508,6337656,10387332,8805056,9193500,5623084,4649456,7288676,11605440,7345492,8581676,10479676,15814000,6509116,3114392,13287044,8268092
STAT,(NULL),BarrierTime,44,9236824,412352,488932,489192,421904,416604,420932,428564,340424,342036,329064,332580,334760,337680,331076,325108,214900,225248,206872,207768,222608,214428,222424,91920,101624,102324,101744,99032,94832,102504,92148,99032,101392,85972,89764,82672,101756,83316,93976,80200,88356,73680,101796,70332,32996
STAT,(NULL),ConflictTime,44,0,0,0,0,0,0,0,0,0,0,0,0,0,0,0,0,0,0,0,0,0,0,0,0,0,0,0,0,0,0,0,0,0,0,0,0,0,0,0,0,0,0,0,0,0
STAT,(NULL),Conflicts,44,0,0,0,0,0,0,0,0,0,0,0,0,0,0,0,0,0,0,0,0,0,0,0,0,0,0,0,0,0,0,0,0,0,0,0,0,0,0,0,0,0,0,0,0,0
STAT,(NULL),EmptyPopTime,44,147018944,3847532,3962572,3557448,1967892,1306300,4862752,5882468,3061204,5887912,5537908,1124032,2319944,4452932,3189092,2425904,6052984,3649168,2124164,4923376,5718556,5007848,5012264,1721492,3785040,1084184,1781128,3086888,1761580,1973944,1458720,4148916,1582640,1901000,3708988,2726876,1392808,5944180,3891692,1531384,2118312,4090152,3335964,2969244,5149560
STAT,(NULL),EmptyWork,44,3783224,56184,14792,100392,964,308,262056,52020,5336,192052,135916,0,868,70480,62828,908,132472,139452,0,122640,164052,183664,147876,296,167272,4604,1848,252844,1208,928,288,222456,912,6016,195256,13728,624,295736,170988,1792,300,36812,190520,160724,212812
STAT,(NULL),GaloisTime,44,29801849,735801,598044,659108,585120,521692,940228,685156,542048,863196,788480,559408,547836,614780,633780,561268,795636,771000,556060,724880,801500,856864,797072,525560,803248,564400,498808,901052,555900,526648,551876,824752,505876,492788,847120,533216,557728,1027900,754048,509360,596284,578440,845656,779552,882680
STAT,(NULL),InitPushTime,44,9163275,289102,174436,177088,167152,167244,168908,165748,168112,169728,169708,165944,166860,169748,178516,172512,195700,195712,209728,200556,198992,201980,205320,256338,254054,261155,257210,252974,253748,255538,251110,255165,223089,171116,242633,174312,227293,175308,224016,250735,235182,174728,222311,172984,293482
STAT,(NULL),Iterations,44,21526,330,159,539,106,105,1319,314,121,956,702,104,106,404,379,106,715,750,103,629,842,940,759,105,872,121,110,1256,107,106,105,1126,107,127,976,159,106,1463,865,110,104,257,960,838,1058
STAT,(NULL),LoopTime,44,104354628,104354628,0,0,0,0,0,0,0,0,0,0,0,0,0,0,0,0,0,0,0,0,0,0,0,0,0,0,0,0,0,0,0,0,0,0,0,0,0,0,0,0,0,0,0
STAT,(NULL),MeminfoPost,44,352,8,8,8,8,8,8,8,8,8,8,8,8,8,8,8,8,8,8,8,8,8,8,8,8,8,8,8,8,8,8,8,8,8,8,8,8,8,8,8,8,8,8,8,8
STAT,(NULL),MeminfoPre,44,352,8,8,8,8,8,8,8,8,8,8,8,8,8,8,8,8,8,8,8,8,8,8,8,8,8,8,8,8,8,8,8,8,8,8,8,8,8,8,8,8,8,8,8,8
STAT,(NULL),NumaPost,44,11080,9841,751,448,40,0,0,0,0,0,0,0,0,0,0,0,0,0,0,0,0,0,0,0,0,0,0,0,0,0,0,0,0,0,0,0,0,0,0,0,0,0,0,0,0
STAT,(NULL),PopTime,44,134323328,2248906,1146960,3350040,856336,824848,7519244,2177044,972896,5647432,4398848,850624,903020,2700932,2407684,871424,4263060,4396700,825276,3808136,5096024,5552528,4588024,895180,5255028,1016836,933440,7231020,837364,886288,853276,6435436,965004,1048012,5820768,1236888,921744,8527432,5387790,983896,876164,1804692,5659964,5058704,6282416
STAT,(NULL),PushTime,44,28640150,825668,809460,459980,726804,685388,382292,402976,568894,480012,513472,807764,617880,430686,401510,583468,388198,473620,524108,436720,258004,264194,375300,795404,468320,892540,1005612,594292,687712,885152,971164,813188,900064,838440,787680,918384,902392,572360,600236,831464,942888,793220,698032,583388,741820
STAT,(NULL),RusageSys,44,12000,12000,0,0,0,0,0,0,0,0,0,0,0,0,0,0,0,0,0,0,0,0,0,0,0,0,0,0,0,0,0,0,0,0,0,0,0,0,0,0,0,0,0,0,0
STAT,(NULL),RusageUser,44,2052000,2052000,0,0,0,0,0,0,0,0,0,0,0,0,0,0,0,0,0,0,0,0,0,0,0,0,0,0,0,0,0,0,0,0,0,0,0,0,0,0,0,0,0,0,0
STAT,(NULL),Threads,44,44,44,0,0,0,0,0,0,0,0,0,0,0,0,0,0,0,0,0,0,0,0,0,0,0,0,0,0,0,0,0,0,0,0,0,0,0,0,0,0,0,0,0,0,0
STAT,(NULL),Time,44,125586900,125586900,0,0,0,0,0,0,0,0,0,0,0,0,0,0,0,0,0,0,0,0,0,0,0,0,0,0,0,0,0,0,0,0,0,0,0,0,0,0,0,0,0,0,0
STAT,(NULL),TotalTime,44,1919219856,1919219856,0,0,0,0,0,0,0,0,0,0,0,0,0,0,0,0,0,0,0,0,0,0,0,0,0,0,0,0,0,0,0,0,0,0,0,0,0,0,0,0,0,0,0
STAT,(NULL),UserTime,44,4189034507,95287905,96481280,94884300,98875650,99674696,89046428,93813538,97860430,89942390,91638120,99669096,98623388,94743466,96318290,98569642,91378750,93582802,98982248,92997230,90974566,91148042,92091884,99077738,92534606,99452858,98795202,90947458,99171226,98741102,99181162,90570854,99059150,98730686,91658038,97584710,99238754,86645490,92211948,99157278,98482194,95712458,92286734,93465046,89745674
STAT,(NULL),Work,44,4537289154,103139040,103118856,103119492,103121626,103129992,103122932,103114162,103118896,103113982,103131644,103127384,103121584,103120456,103114308,103130906,103130104,103119510,103127208,103136258,103115870,103127092,103115880,103123658,103112538,103109938,103113174,103115626,103121430,103114078,103123078,103115490,103112882,103118070,103115818,103111190,103110790,103111086,103121502,103115394,103125254,103121146,103114094,103125118,103120618
STAT,(NULL),nBad,44,1464130,48000,20000,28000,24000,24000,51149,31402,32287,45676,24000,28000,44000,26538,30104,12000,12000,39382,52000,20376,43073,46720,27701,33660,21241,36000,12000,28845,34590,28000,44000,38550,40000,24000,20000,32000,47620,32766,29213,45727,68000,28541,13922,59047,36000
STAT,(NULL),nEmpty,44,17137,241,58,440,3,1,1221,216,18,862,606,0,3,305,278,3,620,649,0,531,747,845,663,1,773,17,6,1160,3,3,1,1030,3,24,880,57,2,1372,768,6,1,156,862,738,964
STAT,(NULL),nEmptyPop,44,26528,706,711,618,387,255,844,994,522,1022,959,224,450,807,564,472,1047,646,412,845,1008,852,913,335,689,208,347,563,344,385,284,762,309,368,664,504,269,1009,686,298,414,755,620,533,924
STAT,(NULL),nOverall,44,17460130,356000,404000,396000,412000,416000,371149,391402,408287,373676,384000,416000,412000,394538,402104,412000,380000,391382,412000,388376,379073,378720,383701,413660,389241,416000,416000,380845,414590,412000,416000,378550,416000,412000,384000,408000,415620,360766,385213,413727,412000,400541,385922,391047,376000
STAT,(NULL),nPop,44,21526,330,159,539,106,105,1319,314,121,956,702,104,106,404,379,106,715,750,103,629,842,940,759,105,872,121,110,1256,107,106,105,1126,107,127,976,159,106,1463,865,110,104,257,960,838,1058
STAT,(NULL),nPush,44,17527,267,444,241,456,387,225,253,346,233,337,526,419,248,224,393,210,235,346,285,175,144,227,500,296,578,664,374,434,563,628,447,584,535,441,595,593,378,394,530,605,497,428,370,472
STAT,(NULL),nPushInit,44,3999,90,91,91,91,91,91,91,91,91,91,91,91,91,91,91,91,91,91,91,91,91,91,91,91,91,91,91,91,91,91,91,91,91,91,91,91,91,91,91,91,91,91,91,87
==== BENCHMARK TOOK 1.667
