==== BENCHMARK START ===
==== PARAMS kernel=4.9.5-64-net1 malloc=libc hostname=rack-castor threads=22 delta=4 prog=sssp-klsm256mq  ===
ERROR: ld.so: object '/specific/disk1/home/adamx/malloc/lib64/libjemalloc.so' from LD_PRELOAD cannot be preloaded (cannot open shared object file): ignored.
Galois Benchmark Suite v2.2.1 (r0)
Copyright (C) 2014 The University of Texas at Austin
http://iss.ices.utexas.edu/galois/

application: Single Source Shortest Path
Computes the shortest path from a source node to all nodes in a directed graph using a modified chaotic iteration algorithm
http://iss.ices.utexas.edu/?p=projects/galois/benchmarks/single_source_shortest_path

INFO: CommandLine ./build/debug/apps/sssp/sssp -noverify -t 22 -delta 4 -wl klsm256mq -startNode 0 /specific/disk1/home/mad/Galois-PQ/inputs/road/USA-road-d.USA.gr
INFO: Hostname rack-castor
Read 23947347 nodes
Running Asynchronous with CAS version
INFO: Using delta-step of 1
WARNING: Performance varies considerably due to delta parameter.
WARNING: Do not expect the default to be good for your graph.
Node 1 has distance 2025
STATTYPE,LOOP,CATEGORY,n,sum,T0,T1,T2,T3,T4,T5,T6,T7,T8,T9,T10,T11,T12,T13,T14,T15,T16,T17,T18,T19,T20,T21
STAT,(NULL),BadWork,22,11916223774,506321204,574258805,567100219,491176066,515226130,545966829,524615340,548337686,557421541,576144079,521369415,515762565,508064868,537656732,584063556,526112161,559348754,560733246,529112313,575023278,521446150,570962837
STAT,(NULL),BarrierTime,22,3563787,436397,321910,266038,257476,239349,238295,229276,164530,153954,123793,136248,146684,109603,136687,125880,100460,92893,81786,82742,44460,40348,34978
STAT,(NULL),ConflictTime,22,0,0,0,0,0,0,0,0,0,0,0,0,0,0,0,0,0,0,0,0,0,0,0
STAT,(NULL),Conflicts,22,0,0,0,0,0,0,0,0,0,0,0,0,0,0,0,0,0,0,0,0,0,0,0
STAT,(NULL),EmptyPopTime,22,490884211,22029384,20762240,22874198,21063325,20595807,20432886,22976718,23949932,22037239,21590124,22759855,22250095,22887669,21724196,23969302,21907127,23057999,20961149,22611150,21707622,25490710,23245484
STAT,(NULL),EmptyWork,22,968633969,43860275,44981414,42799488,45398975,46902128,46045910,42816401,43454243,43480888,43605788,43805805,45417884,43032236,44472469,43542821,43671495,44341223,42799481,44148707,43919626,43946497,42190215
STAT,(NULL),GaloisTime,22,38070557459,1706893042,1689740650,1761840786,1689279086,1695989186,1695066130,1739894448,1741047133,1743281097,1748699777,1743000451,1732764480,1753331117,1733666611,1744639214,1713316444,1738402561,1739385511,1745206920,1733401798,1736120140,1745590877
STAT,(NULL),InitPushTime,22,877079,30996,11789,81276,36736,36322,35980,40592,45696,39284,39404,39320,38484,43652,37960,43032,36338,38824,42240,42196,38112,38036,40810
STAT,(NULL),Iterations,22,31433231,1420436,1609933,1333618,1609008,1612068,1612176,1306320,1337271,1397462,1413050,1414512,1422255,1319150,1425786,1362945,1431393,1407067,1414844,1388839,1463827,1367653,1363618
STAT,(NULL),LoopTime,22,11561357176,11561357176,0,0,0,0,0,0,0,0,0,0,0,0,0,0,0,0,0,0,0,0,0
STAT,(NULL),MeminfoPost,22,2222,101,101,101,101,101,101,101,101,101,101,101,101,101,101,101,101,101,101,101,101,101,101
STAT,(NULL),MeminfoPre,22,2222,101,101,101,101,101,101,101,101,101,101,101,101,101,101,101,101,101,101,101,101,101,101
STAT,(NULL),NumaPost,22,12930,11652,248,862,168,0,0,0,0,0,0,0,0,0,0,0,0,0,0,0,0,0,0
STAT,(NULL),PopTime,22,53025332598,2400871131,2403138641,2421692413,2388516059,2388984813,2390962351,2417201276,2420040302,2411265447,2408467009,2405438232,2400822751,2418688502,2409253454,2422048006,2422629358,2411958816,2411249518,2424177532,2406740817,2411870213,2429315957
STAT,(NULL),PushTime,22,72717694457,3366652949,3345064790,3254068182,3354217413,3351827133,3357612936,3298855969,3282285933,3296567696,3292089488,3297698583,3315361170,3277351430,3302724374,3281284313,3307360381,3291211997,3300987327,3273775883,3307441139,3298607724,3264647647
STAT,(NULL),RusageSys,22,4000,4000,0,0,0,0,0,0,0,0,0,0,0,0,0,0,0,0,0,0,0,0,0
STAT,(NULL),RusageUser,22,110376000,110376000,0,0,0,0,0,0,0,0,0,0,0,0,0,0,0,0,0,0,0,0,0
STAT,(NULL),Threads,22,22,22,0,0,0,0,0,0,0,0,0,0,0,0,0,0,0,0,0,0,0,0,0
STAT,(NULL),Time,22,11575798276,11575798276,0,0,0,0,0,0,0,0,0,0,0,0,0,0,0,0,0,0,0,0,0
STAT,(NULL),TotalTime,22,20949013836,20949013836,0,0,0,0,0,0,0,0,0,0,0,0,0,0,0,0,0,0,0,0,0
STAT,(NULL),UserTime,22,77285429041,3485080815,3521700514,3522112928,3526913424,3521089200,3515267350,3503642006,3514609945,3508755735,3510936961,3512684728,3508771406,3510096562,3513547173,3509903683,3516503241,3516414179,3510004952,3515467208,3512177075,3509352360,3520397596
STAT,(NULL),Work,22,242560453267,11025501752,11025467783,11025481972,11025467637,11025467567,11025467746,11025468858,11025471188,11025493452,11025482850,11025474910,11025469070,11025491378,11025478899,11025479740,11025470134,11025467086,11025471322,11025472838,11025467393,11025471272,11025468420
STAT,(NULL),nBad,22,12413662,532190,609970,583316,520459,542167,575923,542257,571489,578592,595910,545639,536265,525917,563464,598642,538763,584920,577468,553826,597007,553316,586162
STAT,(NULL),nEmpty,22,2672461,121558,138881,111368,140812,141094,138914,108488,111847,119152,119580,121563,121497,110622,119831,115212,116842,121973,118756,119964,126098,116549,111860
STAT,(NULL),nEmptyPop,22,368467,16567,17663,15967,17898,17542,17405,16561,16545,16327,16592,16556,16649,16200,16477,16929,17349,16655,16276,16212,16335,16907,16855
STAT,(NULL),nOverall,22,70747003,3197123,3627332,2997804,3621206,3625197,3629900,2941119,3011225,3144712,3181877,3186651,3202312,2967192,3205903,3064198,3222664,3165538,3186012,3129863,3295423,3078255,3065497
STAT,(NULL),nPop,22,31433231,1420436,1609933,1333618,1609008,1612068,1612176,1306320,1337271,1397462,1413050,1414512,1422255,1319150,1425786,1362945,1431393,1407067,1414844,1388839,1463827,1367653,1363618
STAT,(NULL),nPush,22,31433228,1420825,1611106,1333054,1613292,1613318,1615095,1306286,1334290,1396940,1411180,1415789,1422978,1317015,1424680,1360381,1432989,1406816,1416159,1387695,1465366,1365884,1362090
STAT,(NULL),nPushInit,22,3,1,1,1,0,0,0,0,0,0,0,0,0,0,0,0,0,0,0,0,0,0,0
==== BENCHMARK TOOK 10.313
==== BENCHMARK START ===
==== PARAMS kernel=4.9.5-64-net1 malloc=libc hostname=rack-castor threads=22 delta=4 prog=sssp-klsm256mq  ===
ERROR: ld.so: object '/specific/disk1/home/adamx/malloc/lib64/libjemalloc.so' from LD_PRELOAD cannot be preloaded (cannot open shared object file): ignored.
Galois Benchmark Suite v2.2.1 (r0)
Copyright (C) 2014 The University of Texas at Austin
http://iss.ices.utexas.edu/galois/

application: Single Source Shortest Path
Computes the shortest path from a source node to all nodes in a directed graph using a modified chaotic iteration algorithm
http://iss.ices.utexas.edu/?p=projects/galois/benchmarks/single_source_shortest_path

INFO: CommandLine ./build/debug/apps/sssp/sssp -noverify -t 22 -delta 4 -wl klsm256mq -startNode 0 /specific/disk1/home/mad/Galois-PQ/inputs/road/USA-road-d.USA.gr
INFO: Hostname rack-castor
Read 23947347 nodes
Running Asynchronous with CAS version
INFO: Using delta-step of 1
WARNING: Performance varies considerably due to delta parameter.
WARNING: Do not expect the default to be good for your graph.
Node 1 has distance 2025
STATTYPE,LOOP,CATEGORY,n,sum,T0,T1,T2,T3,T4,T5,T6,T7,T8,T9,T10,T11,T12,T13,T14,T15,T16,T17,T18,T19,T20,T21
STAT,(NULL),BadWork,22,12742517623,577522715,553466781,624649306,566122413,593180790,536969674,595992109,561433767,528484093,592329503,605626271,578871240,568612274,650291502,542303658,590230143,567501610,592074687,582619181,534410428,608901966,590923512
STAT,(NULL),BarrierTime,22,3036688,418776,289375,243291,221806,220319,204296,191616,108140,141272,140487,140602,107556,105604,109156,78814,46848,48918,50005,40784,49882,31780,47361
STAT,(NULL),ConflictTime,22,0,0,0,0,0,0,0,0,0,0,0,0,0,0,0,0,0,0,0,0,0,0,0
STAT,(NULL),Conflicts,22,0,0,0,0,0,0,0,0,0,0,0,0,0,0,0,0,0,0,0,0,0,0,0
STAT,(NULL),EmptyPopTime,22,485044433,21091276,21834837,21849654,19988755,20523493,19925435,22829615,22759776,22674377,23005458,22475250,21540985,21807394,21726855,23978923,21912382,24050917,21975822,22024018,22056248,22018917,22994046
STAT,(NULL),EmptyWork,22,975156624,44282392,45559536,44656810,45275435,45225202,45876920,43620111,43930098,44453737,43258328,43718240,43664286,43656373,43386085,44348141,44580702,44059299,44692123,43199907,45505794,43963925,44243180
STAT,(NULL),GaloisTime,22,38851696304,1733751936,1720613956,1767648729,1726999980,1731456108,1724396088,1786982412,1781157637,1775481770,1789576547,1790823273,1787003530,1780273408,1781389988,1762486756,1760370645,1767205976,1775612361,1779115337,1777549807,1768665457,1783134603
STAT,(NULL),InitPushTime,22,857705,31084,11085,80892,36933,36323,35992,40604,52504,39060,39180,39248,38880,39028,37804,39080,39124,38608,37108,36856,32812,37888,37612
STAT,(NULL),Iterations,22,31838663,1490919,1636603,1432964,1638670,1644774,1643855,1343470,1359522,1420844,1365859,1371275,1413869,1359434,1407651,1427347,1470712,1420580,1455649,1383446,1385828,1378597,1386795
STAT,(NULL),LoopTime,22,11734333284,11734333284,0,0,0,0,0,0,0,0,0,0,0,0,0,0,0,0,0,0,0,0,0
STAT,(NULL),MeminfoPost,22,2222,101,101,101,101,101,101,101,101,101,101,101,101,101,101,101,101,101,101,101,101,101,101
STAT,(NULL),MeminfoPre,22,2222,101,101,101,101,101,101,101,101,101,101,101,101,101,101,101,101,101,101,101,101,101,101
STAT,(NULL),NumaPost,22,12959,11662,240,889,168,0,0,0,0,0,0,0,0,0,0,0,0,0,0,0,0,0,0
STAT,(NULL),PopTime,22,53953267393,2434231712,2433039627,2451586337,2439171313,2436723689,2430195018,2462509623,2459364298,2447175774,2458194201,2461822419,2450248277,2458885669,2459396635,2460741163,2461565784,2456991395,2450003582,2450785122,2458531582,2461889101,2470215072
STAT,(NULL),PushTime,22,74017601391,3446542395,3417689335,3369171206,3421209537,3408907430,3413997437,3338325452,3347548744,3357959563,3333305927,3317736274,3345253566,3342288868,3340994533,3356084233,3351926184,3349575909,3368693449,3360072485,3348076278,3357350957,3324891629
STAT,(NULL),RusageSys,22,0,0,0,0,0,0,0,0,0,0,0,0,0,0,0,0,0,0,0,0,0,0,0
STAT,(NULL),RusageUser,22,112460000,112460000,0,0,0,0,0,0,0,0,0,0,0,0,0,0,0,0,0,0,0,0,0
STAT,(NULL),Threads,22,22,22,0,0,0,0,0,0,0,0,0,0,0,0,0,0,0,0,0,0,0,0,0
STAT,(NULL),Time,22,11748706804,11748706804,0,0,0,0,0,0,0,0,0,0,0,0,0,0,0,0,0,0,0,0,0
STAT,(NULL),TotalTime,22,20714015779,20714015779,0,0,0,0,0,0,0,0,0,0,0,0,0,0,0,0,0,0,0,0,0
STAT,(NULL),UserTime,22,78838293311,3552875277,3594038585,3577861197,3580131172,3589940570,3598383810,3578508863,3578012744,3585030731,3585435390,3596201400,3585065248,3585864902,3585881626,3585135289,3592418893,3590891274,3571798400,3577578303,3581055275,3578886751,3587297611
STAT,(NULL),Work,22,247122858116,11232874496,11232855429,11232853458,11232855917,11232855465,11232854254,11232857280,11232853196,11232856468,11232855198,11232855522,11232855932,11232856190,11232855994,11232880305,11232854057,11232854342,11232854391,11232854252,11232856036,11232854752,11232855182
STAT,(NULL),nBad,22,13329820,590051,590041,647823,599198,637670,558128,622922,582615,557243,615286,637459,607199,592596,669831,572950,620715,598660,619063,604773,558677,627473,619447
STAT,(NULL),nEmpty,22,2697656,126159,140518,122771,140442,140557,141767,111838,114179,121873,114198,115014,118418,113780,117853,121056,126117,119396,124605,115687,116670,116300,118458
STAT,(NULL),nEmptyPop,22,363244,16884,17483,16459,17157,17508,17239,16107,16524,16120,15936,15745,16143,15946,16186,16749,16841,16552,16434,16352,16368,16322,16189
STAT,(NULL),nOverall,22,71663161,3356661,3682150,3223035,3692645,3703005,3693180,3022301,3058883,3197311,3083574,3084007,3183634,3064482,3169988,3215018,3314089,3194363,3275531,3111669,3114601,3105317,3117717
STAT,(NULL),nPop,22,31838663,1490919,1636603,1432964,1638670,1644774,1643855,1343470,1359522,1420844,1365859,1371275,1413869,1359434,1407651,1427347,1470712,1420580,1455649,1383446,1385828,1378597,1386795
STAT,(NULL),nPush,22,31838660,1492794,1641014,1432847,1643001,1647415,1646145,1342687,1358525,1419894,1366065,1368280,1411887,1358691,1406583,1429019,1471043,1418918,1455433,1383233,1382954,1377103,1385129
STAT,(NULL),nPushInit,22,3,1,1,1,0,0,0,0,0,0,0,0,0,0,0,0,0,0,0,0,0,0,0
==== BENCHMARK TOOK 10.215
==== BENCHMARK START ===
==== PARAMS kernel=4.9.5-64-net1 malloc=libc hostname=rack-castor threads=22 delta=4 prog=sssp-klsm256mq  ===
ERROR: ld.so: object '/specific/disk1/home/adamx/malloc/lib64/libjemalloc.so' from LD_PRELOAD cannot be preloaded (cannot open shared object file): ignored.
Galois Benchmark Suite v2.2.1 (r0)
Copyright (C) 2014 The University of Texas at Austin
http://iss.ices.utexas.edu/galois/

application: Single Source Shortest Path
Computes the shortest path from a source node to all nodes in a directed graph using a modified chaotic iteration algorithm
http://iss.ices.utexas.edu/?p=projects/galois/benchmarks/single_source_shortest_path

INFO: CommandLine ./build/debug/apps/sssp/sssp -noverify -t 22 -delta 4 -wl klsm256mq -startNode 0 /specific/disk1/home/mad/Galois-PQ/inputs/road/USA-road-d.USA.gr
INFO: Hostname rack-castor
Read 23947347 nodes
Running Asynchronous with CAS version
INFO: Using delta-step of 1
WARNING: Performance varies considerably due to delta parameter.
WARNING: Do not expect the default to be good for your graph.
Node 1 has distance 2025
STATTYPE,LOOP,CATEGORY,n,sum,T0,T1,T2,T3,T4,T5,T6,T7,T8,T9,T10,T11,T12,T13,T14,T15,T16,T17,T18,T19,T20,T21
STAT,(NULL),BadWork,22,12384434631,591776624,546314249,588389501,520639056,584084749,586601102,526890604,613032289,534684388,605316248,600502303,563994579,560704173,533988459,523138196,553030091,533474744,539599665,633910041,580407140,526649930,537306500
STAT,(NULL),BarrierTime,22,4597120,463808,370896,300570,308807,289175,292236,279418,231100,243582,127143,194270,195644,196524,196872,195712,87760,142351,146868,147360,91912,89524,5588
STAT,(NULL),ConflictTime,22,0,0,0,0,0,0,0,0,0,0,0,0,0,0,0,0,0,0,0,0,0,0,0
STAT,(NULL),Conflicts,22,0,0,0,0,0,0,0,0,0,0,0,0,0,0,0,0,0,0,0,0,0,0,0
STAT,(NULL),EmptyPopTime,22,493534217,22489377,20963966,23033467,20701001,20524152,20613523,22566477,23191501,24177650,21859140,22285390,22540663,22065971,23762462,21996115,22884494,23270812,22347536,22434287,22729814,23119183,23977236
STAT,(NULL),EmptyWork,22,978910324,43846455,45393861,46597862,45109835,45101961,45513093,44830761,43230681,43585438,43929517,43629643,45842626,46049455,44331332,43749515,43763966,44072804,44715212,43770467,43509262,44465187,43871391
STAT,(NULL),GaloisTime,22,38521093039,1748696805,1710254786,1761601472,1709291273,1716669401,1714762703,1760313622,1775176636,1771665106,1749246523,1769911986,1759268298,1752777240,1762616581,1741945174,1751967560,1756238344,1753967054,1775771638,1766396871,1754450553,1758103413
STAT,(NULL),InitPushTime,22,983974,34564,47350,97057,37187,36460,36247,40684,40304,35479,66360,39148,39232,38368,39400,39240,65135,40104,37148,37296,36540,37920,62751
STAT,(NULL),Iterations,22,31586598,1389476,1623414,1376216,1628689,1630142,1628108,1419189,1350460,1345831,1437630,1403302,1437991,1408071,1371250,1429738,1388707,1417618,1423096,1366380,1370574,1373955,1366761
STAT,(NULL),LoopTime,22,11650484748,11650484748,0,0,0,0,0,0,0,0,0,0,0,0,0,0,0,0,0,0,0,0,0
STAT,(NULL),MeminfoPost,22,2222,101,101,101,101,101,101,101,101,101,101,101,101,101,101,101,101,101,101,101,101,101,101
STAT,(NULL),MeminfoPre,22,2222,101,101,101,101,101,101,101,101,101,101,101,101,101,101,101,101,101,101,101,101,101,101
STAT,(NULL),NumaPost,22,12952,11665,244,875,168,0,0,0,0,0,0,0,0,0,0,0,0,0,0,0,0,0,0
STAT,(NULL),PopTime,22,53630339456,2440925478,2423852173,2442359911,2426841566,2417333244,2426425720,2436285115,2446775992,2439708343,2442130891,2452348493,2434789707,2435842136,2438368010,2445579255,2444127495,2440304698,2428177784,2443218929,2436631222,2443483475,2444829819
STAT,(NULL),PushTime,22,73433568414,3366838725,3384828110,3323409458,3381741594,3387073134,3383615655,3325946228,3301446397,3310376080,3334506911,3310238238,3340541272,3337192418,3325602353,3337648827,3335506198,3325109769,3345773620,3303974332,3320623332,3320117655,3331458108
STAT,(NULL),RusageSys,22,0,0,0,0,0,0,0,0,0,0,0,0,0,0,0,0,0,0,0,0,0,0,0
STAT,(NULL),RusageUser,22,111612000,111612000,0,0,0,0,0,0,0,0,0,0,0,0,0,0,0,0,0,0,0,0,0
STAT,(NULL),Threads,22,22,22,0,0,0,0,0,0,0,0,0,0,0,0,0,0,0,0,0,0,0,0,0
STAT,(NULL),Time,22,11666060924,11666060924,0,0,0,0,0,0,0,0,0,0,0,0,0,0,0,0,0,0,0,0,0
STAT,(NULL),TotalTime,22,20702132754,20702132754,0,0,0,0,0,0,0,0,0,0,0,0,0,0,0,0,0,0,0,0,0
STAT,(NULL),UserTime,22,78207366542,3525603266,3563108717,3551395523,3564714766,3561698638,3557469563,3558457940,3558579939,3558888193,3556726302,3549987488,3545417980,3554473946,3553720340,3557481592,3550149184,3559404832,3553421146,3559231593,3558510947,3562765117,3546159530
STAT,(NULL),Work,22,245266560451,11148496478,11148477721,11148477867,11148476741,11148476999,11148476853,11148477069,11148479942,11148477298,11148477528,11148477009,11148479138,11148479282,11148476930,11148479362,11148475856,11148477465,11148480880,11148479414,11148480568,11148480454,11148499597
STAT,(NULL),nBad,22,12787621,611681,568857,595743,549421,615479,611438,549850,627563,549111,620216,621989,584455,579967,555818,539940,572219,555179,559755,634825,589424,540547,554144
STAT,(NULL),nEmpty,22,2673062,117613,140149,115763,139605,139769,140791,122693,112407,112360,120454,117536,121796,117647,116667,119103,115904,119944,122052,114893,114676,116719,114521
STAT,(NULL),nEmptyPop,22,373123,16687,17770,16893,17661,17462,17532,16822,16557,16145,17133,15928,17065,16871,16939,17236,17224,16954,16779,16241,16652,17128,17444
STAT,(NULL),nOverall,22,71120962,3125158,3657808,3101104,3663192,3675254,3664135,3194876,3040815,3025348,3235992,3158559,3237018,3173341,3089433,3223436,3126203,3189088,3209524,3075717,3087977,3090878,3076106
STAT,(NULL),nPop,22,31586598,1389476,1623414,1376216,1628689,1630142,1628108,1419189,1350460,1345831,1437630,1403302,1437991,1408071,1371250,1429738,1388707,1417618,1423096,1366380,1370574,1373955,1366761
STAT,(NULL),nPush,22,31586595,1385971,1628482,1374902,1631309,1634771,1629957,1418738,1349281,1342746,1436752,1403451,1438983,1408163,1370591,1432039,1388441,1416541,1424722,1364996,1369336,1372584,1363839
STAT,(NULL),nPushInit,22,3,1,1,1,0,0,0,0,0,0,0,0,0,0,0,0,0,0,0,0,0,0,0
==== BENCHMARK TOOK 10.287
==== BENCHMARK START ===
==== PARAMS kernel=4.9.5-64-net1 malloc=libc hostname=rack-castor threads=22 delta=4 prog=sssp-klsm256mq  ===
ERROR: ld.so: object '/specific/disk1/home/adamx/malloc/lib64/libjemalloc.so' from LD_PRELOAD cannot be preloaded (cannot open shared object file): ignored.
Galois Benchmark Suite v2.2.1 (r0)
Copyright (C) 2014 The University of Texas at Austin
http://iss.ices.utexas.edu/galois/

application: Single Source Shortest Path
Computes the shortest path from a source node to all nodes in a directed graph using a modified chaotic iteration algorithm
http://iss.ices.utexas.edu/?p=projects/galois/benchmarks/single_source_shortest_path

INFO: CommandLine ./build/debug/apps/sssp/sssp -noverify -t 22 -delta 4 -wl klsm256mq -startNode 0 /specific/disk1/home/mad/Galois-PQ/inputs/road/USA-road-d.USA.gr
INFO: Hostname rack-castor
Read 23947347 nodes
Running Asynchronous with CAS version
INFO: Using delta-step of 1
WARNING: Performance varies considerably due to delta parameter.
WARNING: Do not expect the default to be good for your graph.
Node 1 has distance 2025
STATTYPE,LOOP,CATEGORY,n,sum,T0,T1,T2,T3,T4,T5,T6,T7,T8,T9,T10,T11,T12,T13,T14,T15,T16,T17,T18,T19,T20,T21
STAT,(NULL),BadWork,22,12546827286,604467066,552429864,632097566,550356451,555758145,579241366,543605619,544280433,528153565,554345547,548348789,593030317,574437947,554228470,579259184,570236582,521536475,549339898,580378893,623011196,655588229,552695684
STAT,(NULL),BarrierTime,22,3719689,411600,348347,295745,276159,277115,276616,224566,115955,202130,127894,132261,201789,199320,93888,88991,89952,62471,35822,94056,36866,97763,30383
STAT,(NULL),ConflictTime,22,0,0,0,0,0,0,0,0,0,0,0,0,0,0,0,0,0,0,0,0,0,0,0
STAT,(NULL),Conflicts,22,0,0,0,0,0,0,0,0,0,0,0,0,0,0,0,0,0,0,0,0,0,0,0
STAT,(NULL),EmptyPopTime,22,493075676,20659297,21386878,22985125,20499977,20696703,20603239,23506781,24122159,22222905,22768449,22926657,22606385,22787198,23153257,22848980,22954548,25046479,22664461,22338203,21241840,23071716,21984439
STAT,(NULL),EmptyWork,22,982167933,46083586,46733870,44150049,45851851,45743697,45765448,47286135,44063701,44833502,43039207,43845706,44438802,44201830,44180172,43007792,45149116,44602121,44015625,44725498,43095541,43432407,43922277
STAT,(NULL),GaloisTime,22,38949072872,1736308876,1728710934,1784530970,1737693493,1731555673,1727206456,1789482887,1786505799,1767664480,1785313098,1786058224,1777531347,1784007742,1782655250,1789015811,1761425061,1774600439,1777858860,1795905444,1772497486,1795062260,1777482282
STAT,(NULL),InitPushTime,22,1054204,32524,11821,75024,38028,37619,38213,59338,67247,35309,65839,65135,38316,38248,63837,64643,39004,38452,62384,36752,50301,34020,62150
STAT,(NULL),Iterations,22,31493390,1534648,1639516,1373604,1646152,1642663,1648469,1333298,1312636,1419854,1326869,1376953,1407648,1379922,1397823,1333652,1436942,1367819,1408887,1372411,1432461,1324761,1376402
STAT,(NULL),LoopTime,22,11728969572,11728969572,0,0,0,0,0,0,0,0,0,0,0,0,0,0,0,0,0,0,0,0,0
STAT,(NULL),MeminfoPost,22,2222,101,101,101,101,101,101,101,101,101,101,101,101,101,101,101,101,101,101,101,101,101,101
STAT,(NULL),MeminfoPre,22,2222,101,101,101,101,101,101,101,101,101,101,101,101,101,101,101,101,101,101,101,101,101,101
STAT,(NULL),NumaPost,22,12947,11658,253,653,383,0,0,0,0,0,0,0,0,0,0,0,0,0,0,0,0,0,0
STAT,(NULL),PopTime,22,54257322812,2444612046,2452288768,2468643226,2445545137,2438502974,2452224707,2483465401,2480453503,2471082785,2477527223,2460927010,2456859548,2468104563,2465710718,2473190133,2465033748,2479825854,2473018348,2464120486,2478454094,2479955746,2477776794
STAT,(NULL),PushTime,22,73802716951,3431918079,3401047499,3336328657,3395241120,3413810781,3390938192,3320023593,3326706975,3361595952,3332368809,3352645164,3353348767,3341849183,3356973713,3321504983,3353145601,3327888094,3342352652,3335178437,3349023802,3317636174,3341190724
STAT,(NULL),RusageSys,22,0,0,0,0,0,0,0,0,0,0,0,0,0,0,0,0,0,0,0,0,0,0,0
STAT,(NULL),RusageUser,22,112560000,112560000,0,0,0,0,0,0,0,0,0,0,0,0,0,0,0,0,0,0,0,0,0
STAT,(NULL),Threads,22,22,22,0,0,0,0,0,0,0,0,0,0,0,0,0,0,0,0,0,0,0,0,0
STAT,(NULL),Time,22,11743380276,11743380276,0,0,0,0,0,0,0,0,0,0,0,0,0,0,0,0,0,0,0,0,0
STAT,(NULL),TotalTime,22,20903441744,20903441744,0,0,0,0,0,0,0,0,0,0,0,0,0,0,0,0,0,0,0,0,0
STAT,(NULL),UserTime,22,78861271469,3563401844,3592815934,3586346081,3598152626,3592674094,3606244884,3579217291,3581128652,3575583852,3581964541,3576579361,3588198609,3582033168,3570309705,3593414707,3595275570,3591022130,3583070338,3580716374,3578669929,3583826150,3580625629
STAT,(NULL),Work,22,247347747772,11243092760,11243073597,11243084418,11243073500,11243073148,11243072920,11243073306,11243082424,11243075550,11243072378,11243073828,11243072902,11243075740,11243087787,11243089938,11243074932,11243099394,11243071495,11243076250,11243096911,11243079286,11243075308
STAT,(NULL),nBad,22,12557890,613028,568167,622539,561192,554055,593165,548124,536517,529292,545903,546675,597651,577058,566539,573823,560302,520869,547822,586447,617711,645117,545894
STAT,(NULL),nEmpty,22,2659870,130503,143981,114874,142109,141454,142092,112652,110201,120297,108769,116195,119261,116237,117093,109531,122652,115409,117653,117045,117364,109057,115441
STAT,(NULL),nEmptyPop,22,368879,16945,18037,16376,17510,17563,17332,16771,16564,16840,16269,16231,16757,16410,16722,16376,17271,16900,16795,16070,16407,16146,16587
STAT,(NULL),nOverall,22,70891231,3460132,3687574,3092217,3704489,3696478,3707469,3001205,2954770,3194737,2984942,3100091,3168021,3104558,3148577,3002891,3235354,3075071,3168405,3088502,3228695,2984773,3102280
STAT,(NULL),nPop,22,31493390,1534648,1639516,1373604,1646152,1642663,1648469,1333298,1312636,1419854,1326869,1376953,1407648,1379922,1397823,1333652,1436942,1367819,1408887,1372411,1432461,1324761,1376402
STAT,(NULL),nPush,22,31493387,1537388,1641420,1372635,1649004,1648339,1651767,1329713,1311790,1419794,1325586,1378473,1406805,1378469,1396855,1332646,1436999,1365283,1407847,1370832,1432258,1323883,1375601
STAT,(NULL),nPushInit,22,3,1,1,1,0,0,0,0,0,0,0,0,0,0,0,0,0,0,0,0,0,0,0
==== BENCHMARK TOOK 10.274
==== BENCHMARK START ===
==== PARAMS kernel=4.9.5-64-net1 malloc=libc hostname=rack-castor threads=22 delta=4 prog=sssp-klsm256mq  ===
ERROR: ld.so: object '/specific/disk1/home/adamx/malloc/lib64/libjemalloc.so' from LD_PRELOAD cannot be preloaded (cannot open shared object file): ignored.
Galois Benchmark Suite v2.2.1 (r0)
Copyright (C) 2014 The University of Texas at Austin
http://iss.ices.utexas.edu/galois/

application: Single Source Shortest Path
Computes the shortest path from a source node to all nodes in a directed graph using a modified chaotic iteration algorithm
http://iss.ices.utexas.edu/?p=projects/galois/benchmarks/single_source_shortest_path

INFO: CommandLine ./build/debug/apps/sssp/sssp -noverify -t 22 -delta 4 -wl klsm256mq -startNode 0 /specific/disk1/home/mad/Galois-PQ/inputs/road/USA-road-d.USA.gr
INFO: Hostname rack-castor
Read 23947347 nodes
Running Asynchronous with CAS version
INFO: Using delta-step of 1
WARNING: Performance varies considerably due to delta parameter.
WARNING: Do not expect the default to be good for your graph.
Node 1 has distance 2025
STATTYPE,LOOP,CATEGORY,n,sum,T0,T1,T2,T3,T4,T5,T6,T7,T8,T9,T10,T11,T12,T13,T14,T15,T16,T17,T18,T19,T20,T21
STAT,(NULL),BadWork,22,12164000561,536100480,541045876,482870813,506457991,523972876,559854732,493351346,622294550,518094377,622974440,549201424,530720531,548139510,562858134,626426107,511670398,551078905,584401434,591244907,514073647,619051527,568116556
STAT,(NULL),BarrierTime,22,3616014,441544,352994,257820,242804,241295,225335,224952,168546,165928,160596,126479,114892,139732,131172,130235,47785,73551,87276,84323,85019,76280,37456
STAT,(NULL),ConflictTime,22,0,0,0,0,0,0,0,0,0,0,0,0,0,0,0,0,0,0,0,0,0,0,0
STAT,(NULL),Conflicts,22,0,0,0,0,0,0,0,0,0,0,0,0,0,0,0,0,0,0,0,0,0,0,0
STAT,(NULL),EmptyPopTime,22,482682039,21406821,20588178,22300599,20132167,20549389,20440108,22765184,23056508,21815263,22661828,22213113,21679320,21547340,21695311,22463050,22834182,22435715,21534917,22165588,23547926,22162325,22687207
STAT,(NULL),EmptyWork,22,963833382,43378122,46588468,45079942,45249985,45236972,45136125,43830808,43018120,44347858,42007535,45108778,43284766,41798543,43049597,42954663,43106074,44531183,43609432,43258060,43120115,42657295,43480941
STAT,(NULL),GaloisTime,22,38005835519,1705977049,1692739911,1730055650,1696310734,1693170876,1695377795,1727116125,1751564236,1735909001,1756573882,1736221398,1740394152,1742185516,1745569967,1729889044,1734671555,1720170069,1724653058,1741100125,1743101874,1738298335,1724785167
STAT,(NULL),InitPushTime,22,838945,34416,10972,80640,36854,36520,35974,36984,36805,39308,39352,38948,47857,34678,37944,38916,39004,38640,33377,33385,33079,37816,37476
STAT,(NULL),Iterations,22,31503035,1451539,1611041,1402889,1615278,1613003,1612905,1394595,1368607,1411088,1325021,1421412,1398139,1348721,1338332,1413039,1342792,1441339,1454672,1369231,1364182,1395828,1409382
STAT,(NULL),LoopTime,22,11484353908,11484353908,0,0,0,0,0,0,0,0,0,0,0,0,0,0,0,0,0,0,0,0,0
STAT,(NULL),MeminfoPost,22,2222,101,101,101,101,101,101,101,101,101,101,101,101,101,101,101,101,101,101,101,101,101,101
STAT,(NULL),MeminfoPre,22,2222,101,101,101,101,101,101,101,101,101,101,101,101,101,101,101,101,101,101,101,101,101,101
STAT,(NULL),NumaPost,22,12940,11666,246,644,384,0,0,0,0,0,0,0,0,0,0,0,0,0,0,0,0,0,0
STAT,(NULL),PopTime,22,52805755829,2389850979,2385102307,2404364927,2384361217,2387556227,2381782131,2396882723,2401133917,2397937121,2417570028,2395413923,2409283175,2401775969,2410206714,2398210373,2417385260,2401245215,2396192821,2406470592,2401222186,2415614543,2406193481
STAT,(NULL),PushTime,22,72498120243,3349082129,3330582384,3288966213,3328090083,3330130190,3339327242,3298996063,3274123031,3296234395,3250466341,3290006203,3273818039,3278730739,3273321946,3299351622,3268935266,3301007458,3304169562,3280227666,3286238864,3265699815,3290614992
STAT,(NULL),RusageSys,22,0,0,0,0,0,0,0,0,0,0,0,0,0,0,0,0,0,0,0,0,0,0,0
STAT,(NULL),RusageUser,22,110172000,110172000,0,0,0,0,0,0,0,0,0,0,0,0,0,0,0,0,0,0,0,0,0
STAT,(NULL),Threads,22,22,22,0,0,0,0,0,0,0,0,0,0,0,0,0,0,0,0,0,0,0,0,0
STAT,(NULL),Time,22,11498764116,11498764116,0,0,0,0,0,0,0,0,0,0,0,0,0,0,0,0,0,0,0,0,0
STAT,(NULL),TotalTime,22,20564242014,20564242014,0,0,0,0,0,0,0,0,0,0,0,0,0,0,0,0,0,0,0,0,0
STAT,(NULL),UserTime,22,77342774723,3494804756,3528898938,3513734148,3530356225,3527856408,3522436910,3514909980,3511605326,3508256546,3515220942,3515535955,3516041148,3518461876,3510655979,3511631582,3517569317,3515111509,3514335928,3511279819,3507269122,3520063201,3516739108
STAT,(NULL),Work,22,242100706911,11004579360,11004575138,11004586268,11004574889,11004574825,11004574340,11004577385,11004575626,11004575040,11004579104,11004574465,11004576485,11004574746,11004576942,11004575235,11004600955,11004575304,11004571050,11004577961,11004577587,11004573786,11004580420
STAT,(NULL),nBad,22,12597963,556837,574176,501269,535308,554789,590792,514524,639304,543198,632056,566664,556333,553153,579152,647118,519952,571396,605135,611132,528761,628442,588472
STAT,(NULL),nEmpty,22,2669018,122286,139669,118382,140455,140421,140327,118526,114823,121750,109305,121322,118482,109442,111777,119627,112745,125268,122542,114982,113744,114075,119068
STAT,(NULL),nEmptyPop,22,370468,17050,17672,16964,17335,17665,17396,17146,16643,16567,15671,16869,16239,16473,16226,16861,16812,17191,16741,16667,16640,16797,16843
STAT,(NULL),nOverall,22,70931304,3266142,3626323,3152882,3632112,3633106,3634181,3143917,3083007,3175685,2985774,3199325,3152713,3034810,3014374,3184868,3023764,3246577,3272289,3082750,3065517,3147298,3173890
STAT,(NULL),nPop,22,31503035,1451539,1611041,1402889,1615278,1613003,1612905,1394595,1368607,1411088,1325021,1421412,1398139,1348721,1338332,1413039,1342792,1441339,1454672,1369231,1364182,1395828,1409382
STAT,(NULL),nPush,22,31503032,1451406,1612728,1400950,1614340,1616539,1616366,1394415,1367719,1408925,1323816,1420487,1398414,1347729,1336501,1416009,1342537,1442284,1455184,1366821,1363035,1395647,1411180
STAT,(NULL),nPushInit,22,3,1,1,1,0,0,0,0,0,0,0,0,0,0,0,0,0,0,0,0,0,0,0
==== BENCHMARK TOOK 10.082
==== BENCHMARK START ===
==== PARAMS kernel=4.9.5-64-net1 malloc=libc hostname=rack-castor threads=22 delta=4 prog=sssp-klsm256mq  ===
ERROR: ld.so: object '/specific/disk1/home/adamx/malloc/lib64/libjemalloc.so' from LD_PRELOAD cannot be preloaded (cannot open shared object file): ignored.
Galois Benchmark Suite v2.2.1 (r0)
Copyright (C) 2014 The University of Texas at Austin
http://iss.ices.utexas.edu/galois/

application: Single Source Shortest Path
Computes the shortest path from a source node to all nodes in a directed graph using a modified chaotic iteration algorithm
http://iss.ices.utexas.edu/?p=projects/galois/benchmarks/single_source_shortest_path

INFO: CommandLine ./build/debug/apps/sssp/sssp -noverify -t 22 -delta 4 -wl klsm256mq -startNode 0 /specific/disk1/home/mad/Galois-PQ/inputs/road/USA-road-d.USA.gr
INFO: Hostname rack-castor
Read 23947347 nodes
Running Asynchronous with CAS version
INFO: Using delta-step of 1
WARNING: Performance varies considerably due to delta parameter.
WARNING: Do not expect the default to be good for your graph.
Node 1 has distance 2025
STATTYPE,LOOP,CATEGORY,n,sum,T0,T1,T2,T3,T4,T5,T6,T7,T8,T9,T10,T11,T12,T13,T14,T15,T16,T17,T18,T19,T20,T21
STAT,(NULL),BadWork,22,12322864661,576519372,594991547,499066452,589792815,551862422,561927760,574071429,581235768,592712946,558035814,538464248,490636967,519014523,522908276,554507768,603920843,564050903,565470119,534206012,620172288,515775741,613520648
STAT,(NULL),BarrierTime,22,3468151,405984,316503,278976,247080,230369,246548,218964,167472,151249,129808,133040,149918,116071,145580,116084,83616,83580,85256,66169,38063,33260,24561
STAT,(NULL),ConflictTime,22,0,0,0,0,0,0,0,0,0,0,0,0,0,0,0,0,0,0,0,0,0,0,0
STAT,(NULL),Conflicts,22,0,0,0,0,0,0,0,0,0,0,0,0,0,0,0,0,0,0,0,0,0,0,0
STAT,(NULL),EmptyPopTime,22,492137663,20976399,21259567,22446839,20697990,20781923,20434012,23495139,23512117,22693521,22904944,22193072,23236101,23020096,22916331,23310098,22876203,23586339,21839721,22878623,20770601,23348772,22959255
STAT,(NULL),EmptyWork,22,977060850,43872905,45938267,45162280,46808860,45585009,45882181,43630350,43393167,43213160,43343658,43680542,44018946,44053241,44366502,44039022,43726426,43635958,43027805,43780438,45224062,46416536,44261535
STAT,(NULL),GaloisTime,22,38444183303,1722009313,1713541144,1728617080,1714006023,1710913254,1713000529,1765299442,1780073449,1770026125,1778873866,1757729261,1760451414,1754890526,1765566316,1757686904,1745790081,1761729319,1759995631,1760171629,1741322424,1732342231,1750147342
STAT,(NULL),InitPushTime,22,944191,64491,11085,126321,39163,36511,39072,41492,40364,35467,39528,39012,38432,64364,34266,35264,38916,38420,37232,33231,36428,37564,37568
STAT,(NULL),Iterations,22,31456867,1490136,1620892,1458851,1629426,1627536,1630233,1299938,1308302,1364912,1307832,1366533,1348623,1398152,1364761,1391322,1422093,1355443,1379700,1382142,1507608,1407453,1394979
STAT,(NULL),LoopTime,22,11593035511,11593035511,0,0,0,0,0,0,0,0,0,0,0,0,0,0,0,0,0,0,0,0,0
STAT,(NULL),MeminfoPost,22,2222,101,101,101,101,101,101,101,101,101,101,101,101,101,101,101,101,101,101,101,101,101,101
STAT,(NULL),MeminfoPre,22,2222,101,101,101,101,101,101,101,101,101,101,101,101,101,101,101,101,101,101,101,101,101,101
STAT,(NULL),NumaPost,22,12929,11651,464,646,168,0,0,0,0,0,0,0,0,0,0,0,0,0,0,0,0,0,0
STAT,(NULL),PopTime,22,53638413736,2415991442,2428639204,2424303831,2422783758,2424595046,2418164908,2447430366,2460149062,2452113169,2452721855,2449143299,2432631284,2446078688,2449370315,2450012436,2442418307,2448517383,2430911968,2439197095,2423231758,2438437668,2441570894
STAT,(NULL),PushTime,22,72866275029,3379875547,3352116054,3344113645,3355457352,3354636538,3358951902,3287899801,3260105804,3276905756,3269428397,3299947038,3306745382,3294071989,3275790593,3281793869,3306566755,3289481044,3310607167,3300274177,3331028453,3329018953,3301458813
STAT,(NULL),RusageSys,22,4000,4000,0,0,0,0,0,0,0,0,0,0,0,0,0,0,0,0,0,0,0,0,0
STAT,(NULL),RusageUser,22,111252000,111252000,0,0,0,0,0,0,0,0,0,0,0,0,0,0,0,0,0,0,0,0,0
STAT,(NULL),Threads,22,22,22,0,0,0,0,0,0,0,0,0,0,0,0,0,0,0,0,0,0,0,0,0
STAT,(NULL),Time,22,11605288077,11605288077,0,0,0,0,0,0,0,0,0,0,0,0,0,0,0,0,0,0,0,0,0
STAT,(NULL),TotalTime,22,20700322985,20700322985,0,0,0,0,0,0,0,0,0,0,0,0,0,0,0,0,0,0,0,0,0
STAT,(NULL),UserTime,22,78058286303,3529835916,3551067514,3547917469,3552807676,3556050083,3556127681,3544805784,3545327955,3547610290,3545289044,3539868924,3545478635,3550444376,3554552947,3555721178,3551184160,3545612831,3546178486,3546260260,3550983890,3542997298,3552163906
STAT,(NULL),Work,22,244478384934,11112661554,11112647043,11112648559,11112646937,11112647007,11112646776,11112650126,11112648514,11112672588,11112648604,11112648888,11112672350,11112646668,11112649036,11112674757,11112649660,11112649738,11112646754,11112674921,11112646994,11112648666,11112658794
STAT,(NULL),nBad,22,12487086,592242,617116,508645,606163,563374,579330,572550,590606,596870,553902,539135,490255,529762,528247,569393,610614,578241,568708,534581,628564,513936,614852
STAT,(NULL),nEmpty,22,2670561,125501,141988,126042,141707,141195,143068,109107,108935,113475,108454,114738,114249,117610,115937,117641,118461,113997,114277,116723,127999,120746,118711
STAT,(NULL),nEmptyPop,22,369917,16724,17800,17481,17526,17583,17418,16458,16048,16301,15873,16559,16571,16851,16097,16718,17348,16727,16433,16418,16718,17573,16692
STAT,(NULL),nOverall,22,70820427,3357329,3654351,3286671,3668499,3662510,3673388,2929528,2941432,3069391,2943705,3076278,3035127,3142978,3065290,3133848,3199182,3057234,3110721,3108782,3394796,3165966,3143421
STAT,(NULL),nPop,22,31456867,1490136,1620892,1458851,1629426,1627536,1630233,1299938,1308302,1364912,1307832,1366533,1348623,1398152,1364761,1391322,1422093,1355443,1379700,1382142,1507608,1407453,1394979
STAT,(NULL),nPush,22,31456864,1490856,1624859,1461646,1632655,1629901,1634342,1298686,1305079,1361489,1305179,1367296,1348776,1397693,1363108,1389392,1420065,1356020,1379556,1379753,1508411,1407079,1395023
STAT,(NULL),nPushInit,22,3,1,1,1,0,0,0,0,0,0,0,0,0,0,0,0,0,0,0,0,0,0,0
==== BENCHMARK TOOK 10.215
==== BENCHMARK START ===
==== PARAMS kernel=4.9.5-64-net1 malloc=libc hostname=rack-castor threads=22 delta=4 prog=sssp-klsm256mq  ===
ERROR: ld.so: object '/specific/disk1/home/adamx/malloc/lib64/libjemalloc.so' from LD_PRELOAD cannot be preloaded (cannot open shared object file): ignored.
Galois Benchmark Suite v2.2.1 (r0)
Copyright (C) 2014 The University of Texas at Austin
http://iss.ices.utexas.edu/galois/

application: Single Source Shortest Path
Computes the shortest path from a source node to all nodes in a directed graph using a modified chaotic iteration algorithm
http://iss.ices.utexas.edu/?p=projects/galois/benchmarks/single_source_shortest_path

INFO: CommandLine ./build/debug/apps/sssp/sssp -noverify -t 22 -delta 4 -wl klsm256mq -startNode 0 /specific/disk1/home/mad/Galois-PQ/inputs/road/USA-road-d.USA.gr
INFO: Hostname rack-castor
Read 23947347 nodes
Running Asynchronous with CAS version
INFO: Using delta-step of 1
WARNING: Performance varies considerably due to delta parameter.
WARNING: Do not expect the default to be good for your graph.
Node 1 has distance 2025
STATTYPE,LOOP,CATEGORY,n,sum,T0,T1,T2,T3,T4,T5,T6,T7,T8,T9,T10,T11,T12,T13,T14,T15,T16,T17,T18,T19,T20,T21
STAT,(NULL),BadWork,22,12422627500,602358645,562011067,537902052,553677358,573657580,599177913,575417836,579568952,546164459,529620451,581415408,527124656,553296220,572078936,575204920,550442524,608121729,511768278,578132369,563855449,545634988,595995710
STAT,(NULL),BarrierTime,22,3952378,381479,344835,298660,276921,275977,276429,229036,181975,167948,167164,158180,142757,191476,162330,151315,89395,87216,69348,31798,92420,87728,87991
STAT,(NULL),ConflictTime,22,0,0,0,0,0,0,0,0,0,0,0,0,0,0,0,0,0,0,0,0,0,0,0
STAT,(NULL),Conflicts,22,0,0,0,0,0,0,0,0,0,0,0,0,0,0,0,0,0,0,0,0,0,0,0
STAT,(NULL),EmptyPopTime,22,497913417,22845601,20996612,23664728,20885832,20733106,20567359,23857370,23152357,21970118,22531392,23270875,23285706,22386904,22433765,23392452,22837596,23884171,23545004,22745576,23112964,23221407,22592522
STAT,(NULL),EmptyWork,22,993180938,44454299,46425605,45091010,46050709,46611292,47379486,44825929,44845955,43984255,45319915,43984009,45032813,43910757,43726058,45068061,45503245,43801337,44789488,44024161,44085024,45245626,49021904
STAT,(NULL),GaloisTime,22,38999589172,1758798962,1727545359,1806437580,1733709242,1735737037,1737137130,1792181022,1784983515,1778512620,1781169908,1793937280,1770714069,1785771523,1789655403,1772343909,1769798808,1788338652,1777057813,1786116044,1796042003,1781205824,1752395469
STAT,(NULL),InitPushTime,22,936665,65547,11233,92088,37287,36772,36839,41200,40792,35819,47040,39192,47965,38844,34575,39468,39544,39056,37580,62744,36788,38164,38128
STAT,(NULL),Iterations,22,31644907,1412944,1642620,1276118,1647009,1648346,1650448,1376934,1410487,1416167,1409685,1366636,1425785,1382717,1378696,1422881,1464874,1330447,1392287,1397615,1336642,1383542,1472027
STAT,(NULL),LoopTime,22,11765370006,11765370006,0,0,0,0,0,0,0,0,0,0,0,0,0,0,0,0,0,0,0,0,0
STAT,(NULL),MeminfoPost,22,2222,101,101,101,101,101,101,101,101,101,101,101,101,101,101,101,101,101,101,101,101,101,101
STAT,(NULL),MeminfoPre,22,2222,101,101,101,101,101,101,101,101,101,101,101,101,101,101,101,101,101,101,101,101,101,101
STAT,(NULL),NumaPost,22,12955,11662,249,661,383,0,0,0,0,0,0,0,0,0,0,0,0,0,0,0,0,0,0
STAT,(NULL),PopTime,22,54193993742,2444131509,2451413535,2479536837,2449255004,2448665595,2442991240,2462420025,2474825317,2465895495,2463290252,2470830825,2451505628,2473851414,2464143290,2466725413,2463988077,2483993869,2451782242,2460368335,2471944016,2484163107,2468272717
STAT,(NULL),PushTime,22,74260587543,3439411949,3420813496,3328224426,3416987002,3423247505,3417024892,3351936931,3348275505,3376384339,3377755646,3352497133,3387402675,3359405563,3351737130,3361491365,3371091474,3342313994,3385969075,3374180539,3350513457,3334398112,3389525335
STAT,(NULL),RusageSys,22,0,0,0,0,0,0,0,0,0,0,0,0,0,0,0,0,0,0,0,0,0,0,0
STAT,(NULL),RusageUser,22,112836000,112836000,0,0,0,0,0,0,0,0,0,0,0,0,0,0,0,0,0,0,0,0,0
STAT,(NULL),Threads,22,22,22,0,0,0,0,0,0,0,0,0,0,0,0,0,0,0,0,0,0,0,0,0
STAT,(NULL),Time,22,11777704196,11777704196,0,0,0,0,0,0,0,0,0,0,0,0,0,0,0,0,0,0,0,0,0
STAT,(NULL),TotalTime,22,20850160732,20850160732,0,0,0,0,0,0,0,0,0,0,0,0,0,0,0,0,0,0,0,0,0
STAT,(NULL),UserTime,22,79001514586,3560665886,3603113515,3587353385,3603420889,3595314482,3605207651,3595086155,3594226051,3583562402,3580240429,3585789262,3592365701,3584981295,3598613519,3601287843,3597088358,3587976843,3587165020,3582871655,3584610148,3602075047,3588499050
STAT,(NULL),Work,22,247948760096,11270418362,11270391431,11270393526,11270392623,11270392872,11270391452,11270393468,11270391821,11270416669,11270393718,11270418674,11270417688,11270393448,11270394211,11270392830,11270391451,11270394902,11270413692,11270389877,11270393608,11270392697,11270391076
STAT,(NULL),nBad,22,12926078,618965,600228,549065,585205,609848,631120,597125,611967,565380,550268,597746,552029,571955,582653,594232,572714,628662,535577,599596,580691,566701,624351
STAT,(NULL),nEmpty,22,2693971,118994,143378,105330,142399,144450,143122,117557,120385,118429,121906,114533,121893,114660,115433,121878,126467,110489,118718,117724,111647,119062,125517
STAT,(NULL),nEmptyPop,22,368677,16730,17586,15938,17590,17519,17466,16484,16490,16506,16728,16390,16798,16686,16172,16848,17329,16579,16848,16466,16089,16204,17231
STAT,(NULL),nOverall,22,71259419,3178935,3704420,2871701,3707428,3709221,3720751,3101226,3175872,3189345,3174172,3076891,3210819,3109741,3102672,3204105,3301098,2994690,3140060,3150708,3011783,3113234,3310547
STAT,(NULL),nPop,22,31644907,1412944,1642620,1276118,1647009,1648346,1650448,1376934,1410487,1416167,1409685,1366636,1425785,1382717,1378696,1422881,1464874,1330447,1392287,1397615,1336642,1383542,1472027
STAT,(NULL),nPush,22,31644904,1412897,1648402,1274542,1650097,1650770,1654688,1374771,1407955,1414377,1409398,1365705,1425897,1380384,1377977,1422743,1464858,1328910,1392986,1399634,1334839,1381797,1471277
STAT,(NULL),nPushInit,22,3,1,1,1,0,0,0,0,0,0,0,0,0,0,0,0,0,0,0,0,0,0,0
==== BENCHMARK TOOK 10.250
==== BENCHMARK START ===
==== PARAMS kernel=4.9.5-64-net1 malloc=libc hostname=rack-castor threads=22 delta=4 prog=sssp-klsm256mq  ===
ERROR: ld.so: object '/specific/disk1/home/adamx/malloc/lib64/libjemalloc.so' from LD_PRELOAD cannot be preloaded (cannot open shared object file): ignored.
Galois Benchmark Suite v2.2.1 (r0)
Copyright (C) 2014 The University of Texas at Austin
http://iss.ices.utexas.edu/galois/

application: Single Source Shortest Path
Computes the shortest path from a source node to all nodes in a directed graph using a modified chaotic iteration algorithm
http://iss.ices.utexas.edu/?p=projects/galois/benchmarks/single_source_shortest_path

INFO: CommandLine ./build/debug/apps/sssp/sssp -noverify -t 22 -delta 4 -wl klsm256mq -startNode 0 /specific/disk1/home/mad/Galois-PQ/inputs/road/USA-road-d.USA.gr
INFO: Hostname rack-castor
Read 23947347 nodes
Running Asynchronous with CAS version
INFO: Using delta-step of 1
WARNING: Performance varies considerably due to delta parameter.
WARNING: Do not expect the default to be good for your graph.
Node 1 has distance 2025
STATTYPE,LOOP,CATEGORY,n,sum,T0,T1,T2,T3,T4,T5,T6,T7,T8,T9,T10,T11,T12,T13,T14,T15,T16,T17,T18,T19,T20,T21
STAT,(NULL),BadWork,22,12711256563,603144079,567007910,552560819,538636082,554965510,578711489,572213372,588872413,630955503,621259768,533176981,585252004,610057986,543813319,622908369,586030945,617858064,537814459,583121776,551826593,577161886,553907236
STAT,(NULL),BarrierTime,22,3004071,398973,296445,224627,227908,229504,212368,175397,143868,121904,146588,148884,99014,76016,86702,114224,33741,5928,65858,59048,54004,53276,29794
STAT,(NULL),ConflictTime,22,0,0,0,0,0,0,0,0,0,0,0,0,0,0,0,0,0,0,0,0,0,0,0
STAT,(NULL),Conflicts,22,0,0,0,0,0,0,0,0,0,0,0,0,0,0,0,0,0,0,0,0,0,0,0
STAT,(NULL),EmptyPopTime,22,495103458,23138581,20825383,21717963,20444698,20836471,20459018,22813891,22982002,21479601,20922857,24444830,22686109,23064686,22459063,22990620,23700969,24652451,21725713,22259767,22831193,24476648,24190944
STAT,(NULL),EmptyWork,22,984795434,43784787,45838343,44929174,46208444,45839116,46011888,48687869,44409347,43167517,43946814,45173327,44573542,42914376,44712381,44074257,44866545,43599899,45063649,44561191,44211095,44297449,43924424
STAT,(NULL),GaloisTime,22,38870155324,1748461244,1727882367,1756988769,1725339905,1733818354,1732331195,1758610870,1797235929,1784691847,1769613960,1804203875,1761971826,1793416989,1760953173,1771487088,1769831354,1785164892,1749719038,1784982820,1791559271,1790933716,1770956842
STAT,(NULL),InitPushTime,22,895971,43120,11475,81060,36590,36751,36031,40740,40568,39296,39460,39028,34778,56604,39696,38976,48556,47520,33734,37156,39600,37772,37460
STAT,(NULL),Iterations,22,31675218,1419737,1637042,1457959,1639199,1644033,1645290,1456439,1301453,1414932,1423194,1311049,1477424,1333692,1444815,1414817,1409831,1335655,1510152,1364990,1332300,1296106,1405109
STAT,(NULL),LoopTime,22,11717114914,11717114914,0,0,0,0,0,0,0,0,0,0,0,0,0,0,0,0,0,0,0,0,0
STAT,(NULL),MeminfoPost,22,2222,101,101,101,101,101,101,101,101,101,101,101,101,101,101,101,101,101,101,101,101,101,101
STAT,(NULL),MeminfoPre,22,2222,101,101,101,101,101,101,101,101,101,101,101,101,101,101,101,101,101,101,101,101,101,101
STAT,(NULL),NumaPost,22,12949,11657,253,871,168,0,0,0,0,0,0,0,0,0,0,0,0,0,0,0,0,0,0
STAT,(NULL),PopTime,22,54017761920,2450936915,2435090869,2452756777,2434401826,2434238052,2432459813,2453929134,2466148341,2455082020,2459013053,2461578038,2440494945,2462752741,2457087951,2464193703,2470053064,2477426162,2449615184,2463123592,2463924387,2469849297,2463606056
STAT,(NULL),PushTime,22,73695073618,3404954617,3399411029,3368983104,3405303451,3395039804,3397285412,3358261287,3313664496,3329246227,3343492762,3301152531,3367915135,3324276708,3362119040,3332294969,3316301157,3307125884,3375811886,3322801923,3323886364,3308515812,3337230020
STAT,(NULL),RusageSys,22,0,0,0,0,0,0,0,0,0,0,0,0,0,0,0,0,0,0,0,0,0,0,0
STAT,(NULL),RusageUser,22,112336000,112336000,0,0,0,0,0,0,0,0,0,0,0,0,0,0,0,0,0,0,0,0,0
STAT,(NULL),Threads,22,22,22,0,0,0,0,0,0,0,0,0,0,0,0,0,0,0,0,0,0,0,0,0
STAT,(NULL),Time,22,11738195188,11738195188,0,0,0,0,0,0,0,0,0,0,0,0,0,0,0,0,0,0,0,0,0
STAT,(NULL),TotalTime,22,20854470014,20854470014,0,0,0,0,0,0,0,0,0,0,0,0,0,0,0,0,0,0,0,0,0
STAT,(NULL),UserTime,22,78784039817,3549035242,3591266700,3574939607,3588617308,3590542921,3591767523,3578012877,3575875251,3586648641,3583324750,3583763307,3582674649,3573887552,3572984696,3585273551,3595561369,3582346374,3578379804,3582586579,3573901794,3582242156,3580407166
STAT,(NULL),Work,22,246848884284,11220410322,11220395202,11220422142,11220394904,11220395071,11220395029,11220419680,11220396138,11220419390,11220395748,11220396712,11220419947,11220393040,11220420066,11220394628,11220393803,11220421157,11220396340,11220395444,11220393946,11220394630,11220420945
STAT,(NULL),nBad,22,12982115,616013,590329,566779,560339,579523,606180,569665,600201,630570,633851,543695,600828,609903,557465,647157,597767,627987,549700,593749,550833,580287,569294
STAT,(NULL),nEmpty,22,2680592,118685,141498,124942,143031,142351,142987,123831,107057,116626,120605,109343,125720,108817,121639,118143,119985,110516,129253,116762,112441,109536,116824
STAT,(NULL),nEmptyPop,22,367486,16521,17686,16675,17317,17614,17555,16843,16026,16129,16385,15739,17001,16287,16910,16802,17149,16144,17406,16077,16096,16199,16925
STAT,(NULL),nOverall,22,71315456,3196633,3687902,3283993,3693658,3701063,3705334,3274165,2931931,3188596,3209613,2951170,3322692,3000203,3247471,3184868,3175210,3008541,3401236,3072308,2999191,2918490,3161188
STAT,(NULL),nPop,22,31675218,1419737,1637042,1457959,1639199,1644033,1645290,1456439,1301453,1414932,1423194,1311049,1477424,1333692,1444815,1414817,1409831,1335655,1510152,1364990,1332300,1296106,1405109
STAT,(NULL),nPush,22,31675215,1417917,1642170,1459810,1645052,1647165,1648132,1455695,1299302,1414263,1422888,1309911,1477780,1331968,1442969,1413290,1408035,1333180,1512522,1362604,1331508,1294904,1404150
STAT,(NULL),nPushInit,22,3,1,1,1,0,0,0,0,0,0,0,0,0,0,0,0,0,0,0,0,0,0,0
==== BENCHMARK TOOK 10.247
==== BENCHMARK START ===
==== PARAMS kernel=4.9.5-64-net1 malloc=libc hostname=rack-castor threads=22 delta=4 prog=sssp-klsm256mq  ===
ERROR: ld.so: object '/specific/disk1/home/adamx/malloc/lib64/libjemalloc.so' from LD_PRELOAD cannot be preloaded (cannot open shared object file): ignored.
Galois Benchmark Suite v2.2.1 (r0)
Copyright (C) 2014 The University of Texas at Austin
http://iss.ices.utexas.edu/galois/

application: Single Source Shortest Path
Computes the shortest path from a source node to all nodes in a directed graph using a modified chaotic iteration algorithm
http://iss.ices.utexas.edu/?p=projects/galois/benchmarks/single_source_shortest_path

INFO: CommandLine ./build/debug/apps/sssp/sssp -noverify -t 22 -delta 4 -wl klsm256mq -startNode 0 /specific/disk1/home/mad/Galois-PQ/inputs/road/USA-road-d.USA.gr
INFO: Hostname rack-castor
Read 23947347 nodes
Running Asynchronous with CAS version
INFO: Using delta-step of 1
WARNING: Performance varies considerably due to delta parameter.
WARNING: Do not expect the default to be good for your graph.
Node 1 has distance 2025
STATTYPE,LOOP,CATEGORY,n,sum,T0,T1,T2,T3,T4,T5,T6,T7,T8,T9,T10,T11,T12,T13,T14,T15,T16,T17,T18,T19,T20,T21
STAT,(NULL),BadWork,22,12340557422,510883786,577154507,561381969,526310521,531709904,575445044,576542738,630289849,566754645,607455506,526781293,548822969,564280682,534411051,594234787,615429507,553847730,566855552,587142933,539637184,532286335,512898930
STAT,(NULL),BarrierTime,22,4017338,440501,346217,328284,276166,258696,261818,236224,197520,195316,154765,158463,139010,161192,171567,150211,92822,88978,90124,91274,94000,10940,73250
STAT,(NULL),ConflictTime,22,0,0,0,0,0,0,0,0,0,0,0,0,0,0,0,0,0,0,0,0,0,0,0
STAT,(NULL),Conflicts,22,0,0,0,0,0,0,0,0,0,0,0,0,0,0,0,0,0,0,0,0,0,0,0
STAT,(NULL),EmptyPopTime,22,474447726,21285111,20980238,21065437,20125559,20342552,19934113,21727642,21624635,21228059,20333482,22575128,21630547,22274953,21854377,22716632,21896431,21286994,22724269,21571979,20448868,24273963,22546757
STAT,(NULL),EmptyWork,22,961025639,43501963,44331867,43257097,44498690,45144903,44016400,43413201,41753371,43109282,46122802,44042302,43253166,43491418,44027017,43438492,43755190,41778109,44204323,42761770,44032028,44566884,42525364
STAT,(NULL),GaloisTime,22,37942709811,1695829023,1690265173,1715691171,1694926429,1692450992,1695421739,1741257898,1743012109,1732888744,1719941675,1743247561,1735900150,1734554994,1732585165,1747040987,1723282495,1721633484,1755966259,1745987505,1717498901,1739229685,1724097672
STAT,(NULL),InitPushTime,22,1020978,60551,48070,99428,42007,39223,38830,49508,43596,38129,42572,42100,41744,41604,37148,42160,52277,41576,40364,40200,35785,63590,40516
STAT,(NULL),Iterations,22,31547408,1450196,1604962,1447886,1610035,1607777,1613957,1341828,1349786,1392152,1480707,1369415,1388290,1372358,1426182,1343510,1431717,1389163,1336162,1378108,1504915,1356365,1351937
STAT,(NULL),LoopTime,22,11534131689,11534131689,0,0,0,0,0,0,0,0,0,0,0,0,0,0,0,0,0,0,0,0,0
STAT,(NULL),MeminfoPost,22,2222,101,101,101,101,101,101,101,101,101,101,101,101,101,101,101,101,101,101,101,101,101,101
STAT,(NULL),MeminfoPre,22,2222,101,101,101,101,101,101,101,101,101,101,101,101,101,101,101,101,101,101,101,101,101,101
STAT,(NULL),NumaPost,22,12942,11882,247,645,168,0,0,0,0,0,0,0,0,0,0,0,0,0,0,0,0,0,0
STAT,(NULL),PopTime,22,52786026015,2390798170,2391895196,2402662589,2386454500,2391270702,2392712153,2409267367,2419371642,2408473332,2396654346,2399273221,2396982691,2400567085,2398604824,2406709761,2406712753,2402566710,2404598584,2396530578,2382820475,2403582782,2397516554
STAT,(NULL),PushTime,22,72002679958,3332197484,3312467363,3280771985,3312350032,3308356027,3308980934,3251900303,3237654626,3260668564,3275572080,3251372032,3263483143,3269019525,3263554489,3235771745,3262212745,3273300637,3235041022,3253807213,3285597803,3254128399,3274471807
STAT,(NULL),RusageSys,22,0,0,0,0,0,0,0,0,0,0,0,0,0,0,0,0,0,0,0,0,0,0,0
STAT,(NULL),RusageUser,22,109828000,109828000,0,0,0,0,0,0,0,0,0,0,0,0,0,0,0,0,0,0,0,0,0
STAT,(NULL),Threads,22,22,22,0,0,0,0,0,0,0,0,0,0,0,0,0,0,0,0,0,0,0,0,0
STAT,(NULL),Time,22,11546272448,11546272448,0,0,0,0,0,0,0,0,0,0,0,0,0,0,0,0,0,0,0,0,0
STAT,(NULL),TotalTime,22,19836323800,19836323800,0,0,0,0,0,0,0,0,0,0,0,0,0,0,0,0,0,0,0,0,0
STAT,(NULL),UserTime,22,77192515508,3487270373,3510941664,3507432681,3512526970,3513316741,3509816377,3503314655,3507465303,3504513258,3512257212,3510372234,3509632125,3500975229,3510256353,3515204971,3513021006,3510318464,3508347812,3510224153,3520484182,3505099649,3509724096
STAT,(NULL),Work,22,241361174188,10970966266,10970954292,10970956144,10970955160,10970955336,10970955236,10970955474,10970954938,10970969032,10970955165,10970955035,10970979368,10970957864,10970958875,10970956010,10970954132,10970981275,10970981216,10970978582,10970955137,10970974666,10970964985
STAT,(NULL),nBad,22,12691986,521283,607619,570776,551840,559556,607446,592271,636684,588442,622997,546852,567003,577557,551299,606756,622720,554429,574135,604915,555304,549295,522807
STAT,(NULL),nEmpty,22,2664838,122197,137107,121429,138188,140248,137041,113807,109191,116110,124762,117519,116281,115708,121753,114126,122194,113845,112383,115859,128613,114493,111984
STAT,(NULL),nEmptyPop,22,369194,17085,17825,17003,17308,17481,17177,16304,16295,16358,16798,16218,16560,16763,16565,16478,16981,16888,16081,16144,16891,16787,17204
STAT,(NULL),nOverall,22,71025327,3262195,3612247,3261760,3623790,3618428,3629832,3025175,3035849,3134879,3341848,3084159,3123412,3090216,3210109,3024385,3222029,3127951,3006624,3107441,3386704,3051305,3044989
STAT,(NULL),nPop,22,31547408,1450196,1604962,1447886,1610035,1607777,1613957,1341828,1349786,1392152,1480707,1369415,1388290,1372358,1426182,1343510,1431717,1389163,1336162,1378108,1504915,1356365,1351937
STAT,(NULL),nPush,22,31547405,1450394,1608807,1446456,1614100,1610326,1615988,1340360,1347736,1391992,1482755,1368675,1387097,1370709,1425575,1341836,1431570,1388768,1333594,1378936,1506242,1353945,1351544
STAT,(NULL),nPushInit,22,3,1,1,1,0,0,0,0,0,0,0,0,0,0,0,0,0,0,0,0,0,0,0
==== BENCHMARK TOOK 9.804
==== BENCHMARK START ===
==== PARAMS kernel=4.9.5-64-net1 malloc=libc hostname=rack-castor threads=22 delta=4 prog=sssp-klsm256mq  ===
ERROR: ld.so: object '/specific/disk1/home/adamx/malloc/lib64/libjemalloc.so' from LD_PRELOAD cannot be preloaded (cannot open shared object file): ignored.
Galois Benchmark Suite v2.2.1 (r0)
Copyright (C) 2014 The University of Texas at Austin
http://iss.ices.utexas.edu/galois/

application: Single Source Shortest Path
Computes the shortest path from a source node to all nodes in a directed graph using a modified chaotic iteration algorithm
http://iss.ices.utexas.edu/?p=projects/galois/benchmarks/single_source_shortest_path

INFO: CommandLine ./build/debug/apps/sssp/sssp -noverify -t 22 -delta 4 -wl klsm256mq -startNode 0 /specific/disk1/home/mad/Galois-PQ/inputs/road/USA-road-d.USA.gr
INFO: Hostname rack-castor
Read 23947347 nodes
Running Asynchronous with CAS version
INFO: Using delta-step of 1
WARNING: Performance varies considerably due to delta parameter.
WARNING: Do not expect the default to be good for your graph.
Node 1 has distance 2025
STATTYPE,LOOP,CATEGORY,n,sum,T0,T1,T2,T3,T4,T5,T6,T7,T8,T9,T10,T11,T12,T13,T14,T15,T16,T17,T18,T19,T20,T21
STAT,(NULL),BadWork,22,12482004785,574360986,578500775,544269961,600987329,567695898,546284241,554119822,574347991,575689177,607603337,542441678,512382817,530279588,585153809,536544600,543673214,555029304,612796463,584668956,630320162,527189412,597665265
STAT,(NULL),BarrierTime,22,3890526,422618,345907,316504,274891,274403,259272,245582,175794,157236,193435,171579,121849,136322,153840,151600,85252,78904,87616,61326,33431,57756,85409
STAT,(NULL),ConflictTime,22,0,0,0,0,0,0,0,0,0,0,0,0,0,0,0,0,0,0,0,0,0,0,0
STAT,(NULL),Conflicts,22,0,0,0,0,0,0,0,0,0,0,0,0,0,0,0,0,0,0,0,0,0,0,0
STAT,(NULL),EmptyPopTime,22,493841191,22063365,21062173,22306545,20291779,20697166,20262015,24643754,22490740,22045305,22207635,22197696,22605380,23643333,21929798,24034020,23794698,23247907,22093953,22571275,22309320,23766170,23577164
STAT,(NULL),EmptyWork,22,995873021,45494517,46502069,45547863,46681748,47120614,46922437,45192967,45130349,43490737,43041430,46481551,45118299,45435471,45071618,45662669,45954722,44603693,45067269,43716216,43291550,45899657,44445575
STAT,(NULL),GaloisTime,22,39401646297,1752829944,1743453126,1777239695,1749909108,1742125648,1748607843,1798690714,1793815351,1812727682,1816693002,1807471202,1792325171,1808765350,1801319056,1797948639,1779235470,1794311674,1818142545,1811771663,1811618755,1787962224,1854682435
STAT,(NULL),InitPushTime,22,956779,64236,11886,108036,36733,36872,36210,40840,40456,38968,35419,45888,53034,38260,38132,39220,39168,41878,37344,36884,61695,38004,37616
STAT,(NULL),Iterations,22,31540916,1509577,1653341,1476615,1661295,1658770,1660091,1404209,1407484,1327268,1309077,1387438,1423053,1351380,1400462,1369936,1408472,1368588,1322432,1327846,1352098,1403334,1358150
STAT,(NULL),LoopTime,22,11846687283,11846687283,0,0,0,0,0,0,0,0,0,0,0,0,0,0,0,0,0,0,0,0,0
STAT,(NULL),MeminfoPost,22,2222,101,101,101,101,101,101,101,101,101,101,101,101,101,101,101,101,101,101,101,101,101,101
STAT,(NULL),MeminfoPre,22,2222,101,101,101,101,101,101,101,101,101,101,101,101,101,101,101,101,101,101,101,101,101,101
STAT,(NULL),NumaPost,22,12952,11671,251,646,384,0,0,0,0,0,0,0,0,0,0,0,0,0,0,0,0,0,0
STAT,(NULL),PopTime,22,54564947109,2462757671,2462150982,2474860708,2464534218,2453786162,2458074015,2480675432,2481864408,2494030646,2491249651,2480274956,2480474705,2480563100,2483602812,2490096164,2478950406,2494659497,2500929538,2500421157,2492876661,2487978511,2470135709
STAT,(NULL),PushTime,22,74863369228,3476652076,3452813286,3424199698,3447015530,3469686574,3444638045,3387729954,3391710246,3376025732,3366338456,3383986079,3406945313,3385446266,3392117963,3390114843,3416064085,3378048218,3357803564,3379396349,3375885938,3387440864,3373310149
STAT,(NULL),RusageSys,22,0,0,0,0,0,0,0,0,0,0,0,0,0,0,0,0,0,0,0,0,0,0,0
STAT,(NULL),RusageUser,22,113720000,113720000,0,0,0,0,0,0,0,0,0,0,0,0,0,0,0,0,0,0,0,0,0
STAT,(NULL),Threads,22,22,22,0,0,0,0,0,0,0,0,0,0,0,0,0,0,0,0,0,0,0,0,0
STAT,(NULL),Time,22,11859007172,11859007172,0,0,0,0,0,0,0,0,0,0,0,0,0,0,0,0,0,0,0,0,0
STAT,(NULL),TotalTime,22,20818807476,20818807476,0,0,0,0,0,0,0,0,0,0,0,0,0,0,0,0,0,0,0,0,0
STAT,(NULL),UserTime,22,79566807911,3598679163,3632495161,3614321995,3630044493,3625061100,3639972063,3621544177,3623464103,3610157458,3618946911,3618064837,3611005666,3614624334,3614435661,3610619955,3614478073,3623605581,3614439179,3600599782,3612492506,3625430634,3592325079
STAT,(NULL),Work,22,249888418970,11358578106,11358558419,11358559852,11358559945,11358559991,11358558248,11358558180,11358557093,11358586091,11358560114,11358557616,11358559653,11358575101,11358561816,11358559970,11358561202,11358560114,11358560504,11358584924,11358558086,11358586114,11358557831
STAT,(NULL),nBad,22,12691943,586840,598604,546990,620939,578943,560457,568676,591827,579535,598371,556942,520584,547859,588445,546432,552536,561981,611231,588877,634186,542608,609080
STAT,(NULL),nEmpty,22,2681829,129548,143268,126094,144678,145895,145563,118926,120089,108317,106352,118766,120387,115452,119590,117344,121415,114054,108563,109913,111490,121384,114741
STAT,(NULL),nEmptyPop,22,364873,16963,17795,17245,17231,17578,17395,16685,16552,15499,15840,15835,16661,16251,16268,16756,17389,16534,15625,15584,15820,16619,16748
STAT,(NULL),nOverall,22,71025284,3394643,3724945,3326865,3743017,3735718,3734685,3158648,3177695,2988892,2946084,3126099,3202671,3041919,3150132,3082161,3177445,3081647,2977616,2986189,3048372,3157945,3061896
STAT,(NULL),nPop,22,31540916,1509577,1653341,1476615,1661295,1658770,1660091,1404209,1407484,1327268,1309077,1387438,1423053,1351380,1400462,1369936,1408472,1368588,1322432,1327846,1352098,1403334,1358150
STAT,(NULL),nPush,22,31540913,1509945,1658391,1477286,1663704,1661149,1664619,1404358,1408038,1325119,1307156,1388017,1421950,1350414,1399259,1368068,1407194,1367553,1320697,1326106,1352551,1401573,1357766
STAT,(NULL),nPushInit,22,3,1,1,1,0,0,0,0,0,0,0,0,0,0,0,0,0,0,0,0,0,0,0
==== BENCHMARK TOOK 10.169
