==== BENCHMARK START ===
==== PARAMS kernel=4.9.5-64-net1 malloc=libc hostname=rack-mad-04 threads=176 delta=8 prog=sssp-klsm1  ===
ERROR: ld.so: object '/specific/disk1/home/adamx/malloc/lib64/libjemalloc.so' from LD_PRELOAD cannot be preloaded (cannot open shared object file): ignored.
Galois Benchmark Suite v2.2.1 (r0)
Copyright (C) 2014 The University of Texas at Austin
http://iss.ices.utexas.edu/galois/

application: Single Source Shortest Path
Computes the shortest path from a source node to all nodes in a directed graph using a modified chaotic iteration algorithm
http://iss.ices.utexas.edu/?p=projects/galois/benchmarks/single_source_shortest_path

INFO: CommandLine ./build/debug/apps/sssp/sssp -noverify -t 176 -delta 8 -wl klsm1 -startNode 12 /specific/disk1/home/mad/Galois-PQ/inputs/twitter40.gr
INFO: Hostname rack-mad-04
Read 61578415 nodes
Running Asynchronous with CAS version
INFO: Using delta-step of 1
WARNING: Performance varies considerably due to delta parameter.
WARNING: Do not expect the default to be good for your graph.
Node 1 has distance 4294967294
STATTYPE,LOOP,CATEGORY,n,sum,T0,T1,T2,T3,T4,T5,T6,T7,T8,T9,T10,T11,T12,T13,T14,T15,T16,T17,T18,T19,T20,T21,T22,T23,T24,T25,T26,T27,T28,T29,T30,T31,T32,T33,T34,T35,T36,T37,T38,T39,T40,T41,T42,T43,T44,T45,T46,T47,T48,T49,T50,T51,T52,T53,T54,T55,T56,T57,T58,T59,T60,T61,T62,T63,T64,T65,T66,T67,T68,T69,T70,T71,T72,T73,T74,T75,T76,T77,T78,T79,T80,T81,T82,T83,T84,T85,T86,T87,T88,T89,T90,T91,T92,T93,T94,T95,T96,T97,T98,T99,T100,T101,T102,T103,T104,T105,T106,T107,T108,T109,T110,T111,T112,T113,T114,T115,T116,T117,T118,T119,T120,T121,T122,T123,T124,T125,T126,T127,T128,T129,T130,T131,T132,T133,T134,T135,T136,T137,T138,T139,T140,T141,T142,T143,T144,T145,T146,T147,T148,T149,T150,T151,T152,T153,T154,T155,T156,T157,T158,T159,T160,T161,T162,T163,T164,T165,T166,T167,T168,T169,T170,T171,T172,T173,T174,T175
STAT,(NULL),BadWork,176,221319226,0,0,0,821479,0,0,0,1015551,0,0,0,0,0,1356317,0,0,0,0,0,0,4367556,3299159,0,0,0,0,0,0,0,4349900,0,1210716,0,0,1330066,0,9702421,0,0,2173477,0,0,0,0,476387,0,4550217,590535,2313574,0,0,0,0,2010486,0,0,40932122,0,0,0,618755,0,2810010,0,2193699,0,0,900455,0,0,5580011,0,434763,0,0,3439017,0,0,0,2620507,6997538,0,18512699,0,0,0,0,0,0,967935,15142225,0,425024,10419609,0,0,1339566,0,0,0,0,952828,3649486,0,0,0,0,7027497,0,0,0,0,0,0,0,0,0,0,1673215,0,6516963,0,0,0,0,0,0,0,0,0,0,1860620,0,0,0,0,1791361,0,0,11516663,2883523,0,0,0,0,0,0,0,0,0,3390308,1112141,0,0,6552869,793175,1207485,0,0,0,0,0,0,0,0,15335685,1676874,0,0,0,0,0,476757,0,0,0
STAT,(NULL),BarrierTime,176,157536040791,6398133453,21209283,1328248,71992266,29681013,59806172,40543162,1536465,49636,30915510,66677479,140536449,49706664,112535110,96179870,8959804,79934039,50596650,82464485,81329852,138054121,83915525,358941457,325758622,362900720,429018756,840510225,454022323,362810215,335724870,474977881,408744609,439904299,524647467,516247200,606752250,534794303,388035013,1066487804,581435539,1113605723,521803434,509665245,568145381,2001528020,1942112358,2009292183,2068946021,2118648921,2127088835,2117402092,1934104450,2154105094,2087421203,2219071323,2414989857,2139647660,2109318955,2384950686,2032685302,3394675060,2207890629,3229827168,2276310087,2321341276,2371737423,290277428,308449158,280073995,329921592,325948823,369044341,277954108,281963385,830252164,314992316,334988614,582793067,394450996,396110149,347764117,397433738,481517660,466101170,802967419,385394070,423798490,1062184564,6380639038,23131619,2432612,74848581,29040204,61373455,38235755,2452451,1093148,31124607,68012418,140547474,47493369,117167557,96526547,10108608,79506286,51816846,80883756,80480033,136738236,84580733,353792853,324801980,363926876,432254474,839903571,456850152,367245528,332620301,482825719,411830526,450560128,529672644,513619204,613667502,540410315,388166950,1062933180,579511801,1118967630,523007705,513432270,567903567,1996108767,1944443126,2017059941,2075110682,2117120289,2128655806,2120427803,1940663384,2164885849,2093201980,2223840565,2412400648,2148856117,2115137567,2383358766,2035884136,3390019636,2208813345,3225559663,2281450118,2317503526,2381008474,293453706,315969456,279957153,325715377,331189627,370897376,276011342,281645488,832054165,319340827,333397865,584795073,397511330,392872838,345806123,393029466,480667100,467341731,805663973,385781249,418724325,1058072245
STAT,(NULL),ConflictTime,176,0,0,0,0,0,0,0,0,0,0,0,0,0,0,0,0,0,0,0,0,0,0,0,0,0,0,0,0,0,0,0,0,0,0,0,0,0,0,0,0,0,0,0,0,0,0,0,0,0,0,0,0,0,0,0,0,0,0,0,0,0,0,0,0,0,0,0,0,0,0,0,0,0,0,0,0,0,0,0,0,0,0,0,0,0,0,0,0,0,0,0,0,0,0,0,0,0,0,0,0,0,0,0,0,0,0,0,0,0,0,0,0,0,0,0,0,0,0,0,0,0,0,0,0,0,0,0,0,0,0,0,0,0,0,0,0,0,0,0,0,0,0,0,0,0,0,0,0,0,0,0,0,0,0,0,0,0,0,0,0,0,0,0,0,0,0,0,0,0,0,0,0,0,0,0,0,0
STAT,(NULL),Conflicts,176,0,0,0,0,0,0,0,0,0,0,0,0,0,0,0,0,0,0,0,0,0,0,0,0,0,0,0,0,0,0,0,0,0,0,0,0,0,0,0,0,0,0,0,0,0,0,0,0,0,0,0,0,0,0,0,0,0,0,0,0,0,0,0,0,0,0,0,0,0,0,0,0,0,0,0,0,0,0,0,0,0,0,0,0,0,0,0,0,0,0,0,0,0,0,0,0,0,0,0,0,0,0,0,0,0,0,0,0,0,0,0,0,0,0,0,0,0,0,0,0,0,0,0,0,0,0,0,0,0,0,0,0,0,0,0,0,0,0,0,0,0,0,0,0,0,0,0,0,0,0,0,0,0,0,0,0,0,0,0,0,0,0,0,0,0,0,0,0,0,0,0,0,0,0,0,0,0
STAT,(NULL),EmptyPopTime,176,3987521948685,15465802194,26798229810,27379953654,14142589376,16222437739,13266278412,20850400158,16727078274,18007025462,19537824839,23910727948,28491948430,17099742247,15823569667,27440224163,17170723511,18580060532,20351118685,23476286546,14844439967,23141212422,15617687892,21710516493,17394500825,16943212627,25461306003,27132453352,18700967205,18095001748,21783908970,19696447110,24949252036,27523233414,28683768064,20438812209,28657889703,16434091089,22201215061,20179901681,17077337019,17772793421,19078968907,28675049943,16537701275,27282371889,22631908376,27548803562,21710839464,22409220501,24021166276,28577723359,20462855025,24281279135,26096711885,23213106681,27316066862,21391200311,20889547845,26568892241,27354396917,22531058311,22515772824,23499690595,24907281463,26796052976,28523051368,28463565817,24796664260,20633256922,28520108163,20894864272,27233919512,25589509558,28589685356,15725000525,17435812914,21162570888,28515503673,28569657643,19199088665,22472572107,18223999071,22734827223,25976507193,24750878832,28539114863,20679106380,22117623808,17992559414,22690905709,17911260889,14956473812,26854361123,13823078406,17055330466,16223470671,18946169937,21231660964,28080023173,27379311245,15000499465,15540397706,22181847845,18582989366,20154310690,23756897035,21946199433,14252545385,28430138071,28372608527,20580730029,18757017164,28610555160,28444513855,17379269075,21543891025,17617999518,27217703044,22440085783,17168797746,20184453629,27263692531,26278117289,26523431286,19441153702,24703673182,26492213859,400700,17660803807,20048849633,28666574839,24872794405,23922795577,19144870256,28567099793,21631727801,20882518217,25111916438,28556477388,20258797831,25029308074,25152481734,28525222435,26324754106,26412814381,20654431441,26570060928,28448021373,22163146327,22033537056,20177711516,21927179130,28536126351,21326326972,25886398198,25386338965,20382578922,28507621924,28541638725,25551973253,28283650144,28569557758,17021856408,17223690615,26063831605,21174267919,22699306073,21860726593,28559371666,28537317305,28546723765,25170016516,24347054766,28530072413,22666922596,28567421244
STAT,(NULL),EmptyWork,176,73702,0,0,0,0,1314,0,1708,0,1681,1068,0,0,0,1168,0,0,0,0,1593,0,1147,0,0,0,0,0,0,0,965,0,0,3292,0,0,0,0,0,0,0,0,0,0,0,0,1004,1339,1845,0,0,0,0,0,0,780,886,0,0,0,1326,1247,1189,1020,1393,1320,1268,0,0,0,950,0,0,5038,0,0,0,0,0,0,0,0,0,0,944,0,1280,0,0,1696,3323,0,0,0,1690,0,0,0,0,1117,0,2598,0,0,1390,0,1311,1220,0,0,0,0,0,844,0,0,0,0,971,0,1381,0,0,1314,1286,0,0,1077,0,0,0,0,0,1144,0,0,0,0,0,1466,0,0,895,0,0,0,1254,0,2524,0,0,0,0,0,0,0,1848,2437,0,0,0,0,0,0,0,0,0,0,0,2206,0,0,0,0,0,0,1945,0
STAT,(NULL),GaloisTime,176,520625303145,2170137676,3581603412,3704989634,1992255084,2260449412,1852577518,2874314155,2332682731,2512000829,2714088193,3205484679,3751562422,2386530103,2208408460,3662761023,2382069476,2561662051,2776460584,3179218886,2083379395,3102955947,2171503852,2722825052,2226436683,2179040700,3208803111,3389958284,2394780811,2320919857,2758542426,2516276104,3138934572,3424940067,3537121111,2604441233,3571088921,2103247021,2799295657,2562977299,2181611757,2269118987,2456644718,3568536875,2103966111,3493078614,2961751390,3528179555,2831261101,2928418031,3109417932,3665866796,2694903712,3168392363,3369898700,3019514763,3510997549,2795129867,2757778130,3439161810,3499553288,2930975192,2934495117,3069068401,3243738753,3440247700,3699564240,3610124081,3216251983,2731039948,3642688866,2735338487,3471570606,3286842690,3649380117,2113916450,2335485963,2762267786,3650887713,3658553600,2544327111,2918123363,2411573215,2941295180,3356364757,3213389824,3639098589,2704819376,2868651095,2541417094,3072522377,2506846052,2108077723,3635128614,1929480645,2368820956,2256875900,2639010015,2932554991,3746410462,3608555543,2093551962,2166272867,2999143810,2579044792,2766855843,3205854101,3005917406,1999038975,3784275702,3813389255,2610608259,2399772779,3590027507,3558673753,2216094756,2738362244,2243839576,3386060290,2841817147,2192700454,2569963659,3362759615,3284716602,3316706136,2499993741,3092336177,3300791398,671819,2258460342,2573181006,3567423882,3123357752,3101602657,2534175971,3675922253,2835862004,2746392268,3264524935,3677214651,2688407570,3284934368,3255184840,3710668275,3398149488,3459436360,2741788378,3449308830,3673926534,2899420438,2896329727,2675000905,2888803633,3686381771,2810484189,3336603965,3303684337,2719479015,3653981846,3683739589,3291912540,3634064493,3670729644,2300397346,2320346960,3374050608,2783074420,2958610235,2878834256,3679877956,3695086606,3674212048,3277804673,3185078239,3660130185,2966185812,3676147665
STAT,(NULL),InitPushTime,176,1604342570042,3613097239,9989995670,10009860596,9939090184,9981379666,9951224694,9970512343,10009461252,10010956036,9980048680,9944286636,9870428465,9961247621,9898424098,9914768148,10001940254,9930957944,9960304934,9928430808,9929506859,9872787770,9926888796,9651859629,9685043291,9647907443,9581783814,9170263494,9556781532,9647997404,9675076568,9535825891,9602028298,9570867072,9486123577,9494522020,9404020909,9475977749,9622736661,8944275503,9429287419,8897121109,9488926932,9501063855,9442577742,8009231489,8068587963,8001409105,7941753016,7892046314,7883613236,7893300261,8076597138,7856596153,7923281435,7791632085,7595684234,7871047361,7901381276,7625735600,7978018874,6615986197,7802810189,6780864014,7734291967,7689268145,7638874599,9720326233,9702142849,9730515072,9680665632,9684647771,9641558120,9732642168,9728624328,9180348344,9695607811,9675608208,9427809674,9616147731,9614458190,9662773326,9613077177,9529029601,9544457509,9207593555,9625166895,9586753160,8948347173,3630066118,9987589641,10008283633,9935784980,9981605273,9949276674,9972406479,10008180858,10009554497,9979512569,9942638600,9870065832,9963156390,9893438727,9914106200,10000520792,9931127496,9958832882,9929754343,9930164112,9873903131,9926074393,9656849920,9685848154,9646706358,9578381733,9170740076,9553795943,9643391695,9678023750,9527806044,9598821844,9560077919,9480961439,9497024961,9396921412,9470225386,9622474052,8947709904,9431031836,8891501343,9487557805,9497084328,9442610064,8014447900,8066126746,7993521418,7935423302,7893461224,7881913776,7890134202,8069918903,7845669204,7917374338,7786727827,7598198274,7861688108,7895432041,7627206597,7974649796,6620570352,7801719616,6784990171,7729137297,7693061549,7629534892,9717125030,9694617746,9730637914,9684865573,9679378511,9639651601,9734543150,9728889230,9178450849,9691184392,9677135332,9425700067,9613015910,9617670843,9664733510,9617507001,9529878666,9543197334,9204871300,9624753244,9591815655,8952472282
STAT,(NULL),Iterations,176,3599,55,9,4,33,12,24,12,32,5,13,33,1,16,8,4,20,43,48,10,36,62,56,10,41,51,16,6,32,4,31,15,4,2,2,43,1,71,39,13,43,27,22,1,22,5,4,9,31,52,34,1,13,53,5,45,17,45,26,5,10,23,22,7,14,23,2,3,24,4,2,48,6,24,2,40,66,54,2,2,41,41,27,23,12,5,8,31,13,34,47,33,25,6,21,20,15,21,13,6,5,29,65,9,14,3,7,23,48,2,2,15,6,2,4,32,5,15,4,4,64,53,8,9,14,20,5,2,31,15,36,2,9,17,32,2,37,90,7,8,24,7,30,2,40,5,13,5,2,53,34,30,64,2,54,16,9,50,3,2,18,4,2,35,20,6,20,36,10,2,2,2,18,19,3,4,1
STAT,(NULL),LoopTime,176,42570329687,42570329687,0,0,0,0,0,0,0,0,0,0,0,0,0,0,0,0,0,0,0,0,0,0,0,0,0,0,0,0,0,0,0,0,0,0,0,0,0,0,0,0,0,0,0,0,0,0,0,0,0,0,0,0,0,0,0,0,0,0,0,0,0,0,0,0,0,0,0,0,0,0,0,0,0,0,0,0,0,0,0,0,0,0,0,0,0,0,0,0,0,0,0,0,0,0,0,0,0,0,0,0,0,0,0,0,0,0,0,0,0,0,0,0,0,0,0,0,0,0,0,0,0,0,0,0,0,0,0,0,0,0,0,0,0,0,0,0,0,0,0,0,0,0,0,0,0,0,0,0,0,0,0,0,0,0,0,0,0,0,0,0,0,0,0,0,0,0,0,0,0,0,0,0,0,0,0
STAT,(NULL),MeminfoPost,176,5984,34,34,34,34,34,34,34,34,34,34,34,34,34,34,34,34,34,34,34,34,34,34,34,34,34,34,34,34,34,34,34,34,34,34,34,34,34,34,34,34,34,34,34,34,34,34,34,34,34,34,34,34,34,34,34,34,34,34,34,34,34,34,34,34,34,34,34,34,34,34,34,34,34,34,34,34,34,34,34,34,34,34,34,34,34,34,34,34,34,34,34,34,34,34,34,34,34,34,34,34,34,34,34,34,34,34,34,34,34,34,34,34,34,34,34,34,34,34,34,34,34,34,34,34,34,34,34,34,34,34,34,34,34,34,34,34,34,34,34,34,34,34,34,34,34,34,34,34,34,34,34,34,34,34,34,34,34,34,34,34,34,34,34,34,34,34,34,34,34,34,34,34,34,34,34,34
STAT,(NULL),MeminfoPre,176,5984,34,34,34,34,34,34,34,34,34,34,34,34,34,34,34,34,34,34,34,34,34,34,34,34,34,34,34,34,34,34,34,34,34,34,34,34,34,34,34,34,34,34,34,34,34,34,34,34,34,34,34,34,34,34,34,34,34,34,34,34,34,34,34,34,34,34,34,34,34,34,34,34,34,34,34,34,34,34,34,34,34,34,34,34,34,34,34,34,34,34,34,34,34,34,34,34,34,34,34,34,34,34,34,34,34,34,34,34,34,34,34,34,34,34,34,34,34,34,34,34,34,34,34,34,34,34,34,34,34,34,34,34,34,34,34,34,34,34,34,34,34,34,34,34,34,34,34,34,34,34,34,34,34,34,34,34,34,34,34,34,34,34,34,34,34,34,34,34,34,34,34,34,34,34,34,34
STAT,(NULL),NumaPost,176,1612399,503389,750157,346577,12276,0,0,0,0,0,0,0,0,0,0,0,0,0,0,0,0,0,0,0,0,0,0,0,0,0,0,0,0,0,0,0,0,0,0,0,0,0,0,0,0,0,0,0,0,0,0,0,0,0,0,0,0,0,0,0,0,0,0,0,0,0,0,0,0,0,0,0,0,0,0,0,0,0,0,0,0,0,0,0,0,0,0,0,0,0,0,0,0,0,0,0,0,0,0,0,0,0,0,0,0,0,0,0,0,0,0,0,0,0,0,0,0,0,0,0,0,0,0,0,0,0,0,0,0,0,0,0,0,0,0,0,0,0,0,0,0,0,0,0,0,0,0,0,0,0,0,0,0,0,0,0,0,0,0,0,0,0,0,0,0,0,0,0,0,0,0,0,0,0,0,0,0
STAT,(NULL),PopTime,176,32366988,348956,92111,48357,196861,123030,106092,147641,307242,62669,106221,417200,22692,161825,72258,24111,202903,461824,598143,89008,156946,637078,474427,71580,313276,328985,227516,63775,184484,32153,409169,135890,40182,21928,16778,394671,12326,398032,355688,145665,218841,212461,200825,7471,145242,91354,27649,82725,264364,516790,307100,7247,78594,551249,56595,472666,145109,445740,239115,106939,76296,204956,212666,70901,139923,207968,16034,23612,286450,31473,12481,445505,40066,256147,9473,168097,443033,536228,16159,22655,295669,563134,175561,284382,122021,40459,122952,221670,160026,379165,538590,347658,175390,46920,89266,163595,143199,296775,139039,89378,48480,213598,464557,93495,156606,26270,93430,290543,227870,10303,17272,192498,59421,15382,30228,237663,60801,130991,51383,45615,410342,448082,87605,88763,146832,150720,79244,28549,117879,155911,282935,14981,55216,171387,212587,34301,318259,832043,73860,71074,176069,79200,233538,12599,489813,45248,137874,39660,10281,625695,365496,297656,604930,16205,495038,158129,78697,446075,47010,13931,206399,26370,9178,196196,101334,83781,164882,356017,125144,10001,8276,16244,293435,266190,22782,36818,21080
STAT,(NULL),PushTime,176,1162299134620,14550678023,1863306569,1158371461,16072669538,13679709892,17004184564,8516029070,13178489202,11709367184,9972511817,5107810757,37221,12751080246,14199753768,1140498026,12677694370,11088273617,9089357626,5586981477,15285842282,5976433194,14366372884,7808447730,12599154309,13064297008,3566407701,1720870956,11127156734,11819394867,7688802853,10019434130,4154118622,1295223517,22669601,9182897885,14596290,13652858233,7237250530,9479746512,12967456138,12195410732,10692662599,0,13532774888,1467357623,6644875521,1161252829,7694436701,6897704164,5099934037,0,9073848172,4785080728,2774855096,5961126415,1415972073,8003778025,8584207497,2234193778,1383032188,6774151804,6785850943,5667891744,4089413511,1992209634,20936417,169838429,4226412850,8873041040,80762616,8568410198,1537531466,3358088748,4506401,14234490467,12430920534,8289094420,77157268,15327771,10440354618,6822222723,11542168623,6535979989,2909653146,4277814479,65187197,8835380373,7224403515,11701154419,6458190990,11783807958,15148818930,1753546840,16421277316,12785459307,13750071318,10651865016,8076460139,416966213,1251203584,15099215742,14518661524,7031869996,11078862195,9318728879,5279293827,7280076336,15934611300,29153860,57567995,9046853738,11082948883,42974743,240294846,12586489217,7959241811,12357838915,1639565282,6959835725,12832074729,9471050058,1613963973,2680129808,2398498572,10299250606,4446669284,2450071336,30794795313,12317435902,9618660470,9525884,4245356834,5183688009,10456621187,507423,7769344354,8582513075,3864194946,9717510,9271911348,3925682340,3827074244,7658558,2508496011,2369917989,8828265148,2223145313,121579432,7168735249,7299395081,9344460738,7387050913,21053916,8023251248,3012192933,3552324924,9132452267,81914739,18189973,3391651274,325779806,3288754,12867021678,12653718046,2804827807,8238280556,6558183504,7498446918,4321623,11169215,22632481,3791462651,4708160849,53345407,6607175176,0
STAT,(NULL),RusageSys,176,77488000,77488000,0,0,0,0,0,0,0,0,0,0,0,0,0,0,0,0,0,0,0,0,0,0,0,0,0,0,0,0,0,0,0,0,0,0,0,0,0,0,0,0,0,0,0,0,0,0,0,0,0,0,0,0,0,0,0,0,0,0,0,0,0,0,0,0,0,0,0,0,0,0,0,0,0,0,0,0,0,0,0,0,0,0,0,0,0,0,0,0,0,0,0,0,0,0,0,0,0,0,0,0,0,0,0,0,0,0,0,0,0,0,0,0,0,0,0,0,0,0,0,0,0,0,0,0,0,0,0,0,0,0,0,0,0,0,0,0,0,0,0,0,0,0,0,0,0,0,0,0,0,0,0,0,0,0,0,0,0,0,0,0,0,0,0,0,0,0,0,0,0,0,0,0,0,0,0
STAT,(NULL),RusageUser,176,3300952000,3300952000,0,0,0,0,0,0,0,0,0,0,0,0,0,0,0,0,0,0,0,0,0,0,0,0,0,0,0,0,0,0,0,0,0,0,0,0,0,0,0,0,0,0,0,0,0,0,0,0,0,0,0,0,0,0,0,0,0,0,0,0,0,0,0,0,0,0,0,0,0,0,0,0,0,0,0,0,0,0,0,0,0,0,0,0,0,0,0,0,0,0,0,0,0,0,0,0,0,0,0,0,0,0,0,0,0,0,0,0,0,0,0,0,0,0,0,0,0,0,0,0,0,0,0,0,0,0,0,0,0,0,0,0,0,0,0,0,0,0,0,0,0,0,0,0,0,0,0,0,0,0,0,0,0,0,0,0,0,0,0,0,0,0,0,0,0,0,0,0,0,0,0,0,0,0,0
STAT,(NULL),Threads,176,176,176,0,0,0,0,0,0,0,0,0,0,0,0,0,0,0,0,0,0,0,0,0,0,0,0,0,0,0,0,0,0,0,0,0,0,0,0,0,0,0,0,0,0,0,0,0,0,0,0,0,0,0,0,0,0,0,0,0,0,0,0,0,0,0,0,0,0,0,0,0,0,0,0,0,0,0,0,0,0,0,0,0,0,0,0,0,0,0,0,0,0,0,0,0,0,0,0,0,0,0,0,0,0,0,0,0,0,0,0,0,0,0,0,0,0,0,0,0,0,0,0,0,0,0,0,0,0,0,0,0,0,0,0,0,0,0,0,0,0,0,0,0,0,0,0,0,0,0,0,0,0,0,0,0,0,0,0,0,0,0,0,0,0,0,0,0,0,0,0,0,0,0,0,0,0,0
STAT,(NULL),Time,176,43891001967,43891001967,0,0,0,0,0,0,0,0,0,0,0,0,0,0,0,0,0,0,0,0,0,0,0,0,0,0,0,0,0,0,0,0,0,0,0,0,0,0,0,0,0,0,0,0,0,0,0,0,0,0,0,0,0,0,0,0,0,0,0,0,0,0,0,0,0,0,0,0,0,0,0,0,0,0,0,0,0,0,0,0,0,0,0,0,0,0,0,0,0,0,0,0,0,0,0,0,0,0,0,0,0,0,0,0,0,0,0,0,0,0,0,0,0,0,0,0,0,0,0,0,0,0,0,0,0,0,0,0,0,0,0,0,0,0,0,0,0,0,0,0,0,0,0,0,0,0,0,0,0,0,0,0,0,0,0,0,0,0,0,0,0,0,0,0,0,0,0,0,0,0,0,0,0,0,0
STAT,(NULL),TotalTime,176,136932681172,136932681172,0,0,0,0,0,0,0,0,0,0,0,0,0,0,0,0,0,0,0,0,0,0,0,0,0,0,0,0,0,0,0,0,0,0,0,0,0,0,0,0,0,0,0,0,0,0,0,0,0,0,0,0,0,0,0,0,0,0,0,0,0,0,0,0,0,0,0,0,0,0,0,0,0,0,0,0,0,0,0,0,0,0,0,0,0,0,0,0,0,0,0,0,0,0,0,0,0,0,0,0,0,0,0,0,0,0,0,0,0,0,0,0,0,0,0,0,0,0,0,0,0,0,0,0,0,0,0,0,0,0,0,0,0,0,0,0,0,0,0,0,0,0,0,0,0,0,0,0,0,0,0,0,0,0,0,0,0,0,0,0,0,0,0,0,0,0,0,0,0,0,0,0,0,0,0
STAT,(NULL),UserTime,176,4394487775,56622618,372076,239157,35891075,80880778,120455314,2706949,5046743,15146336,19069751,19158927,22865,6087407,11794055,94185,12913683,13142440,26063384,1022604,29783485,22356376,87561879,1736223,23192443,56718252,6853365,248551,20507590,8248095,11934170,11303060,1248511,178603,22470,17051403,9895,53002570,5479788,20822394,16973863,6059470,15120554,2883,69009971,698208,5036495,5279842,6797389,7740674,12775562,2834,11914797,8296536,2077071,49378591,418024,53045901,11827655,1240649,6536820,7203723,7267238,6872608,3022942,14879595,31510,44161,3981940,6227784,24916,44539609,531496,8899956,16677,170017889,40935420,29127414,32186,33734,59530418,30116807,65681651,31210367,949947,1468203,73958,24070119,32751964,8077263,21446346,41339712,30056076,516590,69676382,33825342,13043104,6262430,2785654,110288,4472277,50121252,17802722,30643497,2551134,3678612,1458776,11118058,57178164,18067,18462,5213006,3798442,24770,85026,61504610,2041522,23787687,217595,1811189,49613971,17682089,3092971,543632,4814306,3048364,838434,488379,1447611894,6739012,2623590,57816,2032045,35341572,107720766,36554,6347769,31344921,2889259,119634,24307476,3595620,8625792,38411,11710208,1384989,18977678,1040071,59157,11667648,13972637,46124830,39959297,20883,83042110,8241932,1168129,8641814,30946,15828,7854387,76286,12687,54121803,45740894,802947,47807753,27141173,5461294,16929,16804,13953,4019470,3033039,27428,3274848,2100
STAT,(NULL),Work,176,5674890422831,32243717456,32243719003,32243717200,32243715952,32243711173,32243706920,32243715980,32243725378,32243719129,32243716692,32243711602,32243705220,32243714965,32243711664,32243726441,32243721406,32243719261,32243713957,32243716919,32243720403,32243712488,32243761279,32243694900,32243695683,32243694132,32243694748,32243691084,32243696895,32243698114,32243696731,32243699812,32243694382,32243694140,32243694269,32243700728,32243694220,32243694309,32243700743,32243690476,32243694554,32243692651,32243697795,32243694102,32243694687,32243678951,32243679466,32243679112,32243679548,32243681087,32243680981,32243679178,32243678432,32243683436,32243678119,32243678432,32243679970,32243681090,32243678917,32243676830,32243676508,32243677124,32243681761,32243675246,32243678920,32243677088,32243677682,32243692284,32243695712,32243692699,32243687463,32243690092,32243689431,32243687347,32243688715,32243686132,32243695271,32243691701,32243690789,32243691857,32243688232,32243689554,32243727478,32243690827,32243690926,32243686785,32243692408,32243694891,32243681955,32243701792,32243719015,32243717212,32243717263,32243712544,32243708222,32243715974,32243725372,32243718358,32243716683,32243711617,32243705609,32243716765,32243711625,32243724836,32243722352,32243720535,32243713911,32243718673,32243720409,32243711872,32243713601,32243694928,32243695683,32243694120,32243694751,32243691624,32243696920,32243698111,32243696279,32243699439,32243694366,32243694143,32243694275,32243700716,32243694217,32243694309,32243699696,32243690476,32243694551,32243692414,32243697808,32243694102,32243694672,32243679767,32243679481,32243679124,32243679536,32243680893,32243680975,32243679175,32243678416,32243683803,32243678122,32243678413,32243679976,32243681090,32243678902,32243676923,32243676484,32243677136,32243681761,32243675218,32243678687,32243677103,32243677707,32243692284,32243695715,32243693510,32243687466,32243689743,32243688044,32243687712,32243688718,32243683835,32243695261,32243692013,32243689241,32243693590,32243688435,32243689980,32243688658,32243691137,32243690535,32243687107,32243692408,32243694967,32243681870
STAT,(NULL),nBad,176,234625,0,0,0,896,0,0,0,1076,0,0,0,0,0,1354,0,0,0,0,0,0,4358,3951,0,0,0,0,0,0,0,4968,0,1415,0,0,1929,0,12173,0,0,2574,0,0,0,0,550,0,4482,873,2801,0,0,0,0,2215,0,0,38352,0,0,0,727,0,3328,0,2660,0,0,994,0,0,5326,0,589,0,0,4719,0,0,0,2780,6581,0,19716,0,0,0,0,0,0,1214,14176,0,548,12461,0,0,1780,0,0,0,0,1336,3890,0,0,0,0,6635,0,0,0,0,0,0,0,0,0,0,1719,0,7473,0,0,0,0,0,0,0,0,0,0,2273,0,0,0,0,2197,0,0,13678,3766,0,0,0,0,0,0,0,0,0,3983,1420,0,0,6235,792,1363,0,0,0,0,0,0,0,0,13883,1998,0,0,0,0,0,418,0,0,0
STAT,(NULL),nEmpty,176,48,0,0,0,0,1,0,1,0,1,1,0,0,0,1,0,0,0,0,1,0,1,0,0,0,0,0,0,0,1,0,0,1,0,0,0,0,0,0,0,0,0,0,0,0,1,1,1,0,0,0,0,0,0,1,1,0,0,0,1,1,1,1,1,1,1,0,0,0,1,0,0,1,0,0,0,0,0,0,0,0,0,0,1,0,1,0,0,1,1,0,0,0,1,0,0,0,0,1,0,1,0,0,1,0,1,1,0,0,0,0,0,1,0,0,0,0,1,0,1,0,0,1,1,0,0,1,0,0,0,0,0,1,0,0,0,0,0,1,0,0,1,0,0,0,1,0,1,0,0,0,0,0,0,0,1,1,0,0,0,0,0,0,0,0,0,0,0,1,0,0,0,0,0,0,1,0
STAT,(NULL),nEmptyPop,176,1850522270,8382953,11030142,11269542,7742012,8506072,7314787,9916347,8646310,8958065,9478461,10442501,11554308,8803239,8349795,11178017,8753579,9198594,9644709,10378646,8008073,10275019,8241587,10375419,9102505,8958935,11010842,11553213,9573849,9285182,10320268,9829469,11109799,11482673,11832463,9997862,11822043,8740474,10361864,9890755,10593002,9134894,9599479,11742975,8716731,12443615,11472479,12401137,11191316,11357405,11698114,12833441,10829511,11734948,12136042,11505459,12362024,11091391,10991036,12215010,12337494,11320019,11333600,11665914,11920024,12261755,12968465,11705798,10693977,9797726,11653559,9889156,11201209,10878343,11666507,7987994,8847661,9966496,11849581,11829768,9430949,10258669,9057976,10294344,11017509,10744640,11706193,9849313,10188516,8976093,9977813,8780411,7936743,11029273,7481098,8563602,8327154,9188886,9758888,11306142,10861411,7899059,8095110,9843117,9107749,9448474,10279271,9844308,7610988,11399505,11577909,9899769,9491178,11928181,11674853,8955317,10234512,9006789,11223917,10366614,8890024,9823621,11159552,11132057,11056991,9764839,10774965,11172784,300,9056826,9842881,11699653,11010902,11686067,10413271,12884576,11199013,11019034,11969615,12895114,10835728,11977792,11982238,13048512,12276035,12403485,11005117,12348790,12979867,11386983,11378023,10888543,11373706,13052143,11227151,11088846,10955551,9876454,11820817,12013818,11053259,11834558,11833432,9050711,8920261,11253063,10138348,10449641,10366591,12038599,12160331,12013488,10983047,10839937,11892649,10516102,12038898
STAT,(NULL),nOverall,176,4606394,67954,271,189,37230,89318,145594,2801,4957,16792,21841,20649,1,6212,13822,65,14060,13465,28954,874,37309,21441,93324,1510,28317,64559,7060,206,22922,9577,12743,12484,1431,137,4,20127,2,57931,5239,23391,19622,6117,18101,0,74459,774,4562,5109,7400,8622,13228,0,11813,8037,2268,49502,338,50766,12591,1084,6216,8007,8031,7677,3192,16152,22,26,4212,5806,14,45936,441,8584,7,171928,49194,29975,18,21,80352,30018,57633,32386,752,1213,55,25403,32131,8410,23014,39346,37570,619,89279,40437,14396,7534,2842,85,4103,56248,21583,33416,1979,3769,1462,12429,70882,9,7,5909,3680,14,64,69853,1939,35946,171,1812,57029,19007,2971,525,4414,2687,669,380,1384197,6261,2393,45,2422,35840,117917,9,6324,34642,2920,94,28744,4385,7882,12,13060,1318,21961,936,49,12094,17981,44518,45690,9,82424,7785,1076,8991,16,7,6994,62,3,61555,50798,626,47404,29471,6255,4,4,5,3746,2940,12,3466,0
STAT,(NULL),nPop,176,3599,55,9,4,33,12,24,12,32,5,13,33,1,16,8,4,20,43,48,10,36,62,56,10,41,51,16,6,32,4,31,15,4,2,2,43,1,71,39,13,43,27,22,1,22,5,4,9,31,52,34,1,13,53,5,45,17,45,26,5,10,23,22,7,14,23,2,3,24,4,2,48,6,24,2,40,66,54,2,2,41,41,27,23,12,5,8,31,13,34,47,33,25,6,21,20,15,21,13,6,5,29,65,9,14,3,7,23,48,2,2,15,6,2,4,32,5,15,4,4,64,53,8,9,14,20,5,2,31,15,36,2,9,17,32,2,37,90,7,8,24,7,30,2,40,5,13,5,2,53,34,30,64,2,54,16,9,50,3,2,18,4,2,35,20,6,20,36,10,2,2,2,18,19,3,4,1
STAT,(NULL),nPush,176,2759738,21027,235,171,23393,36335,54058,1239,2613,4639,7891,9719,1,2772,4419,57,5910,7170,12387,681,11099,13885,48983,984,10188,32011,3954,194,10702,2975,6153,5284,404,129,3,6826,1,30684,3232,8904,7237,3731,5671,0,36718,295,3027,3629,3306,3514,7887,0,7044,5668,1022,33288,260,35995,6229,798,4394,3251,3376,3018,1718,8574,20,25,2067,3457,14,24383,321,5654,7,120117,17216,16800,18,21,24439,17034,51323,17512,688,1002,49,11716,20305,4110,9537,26253,9357,191,29849,14011,6021,1881,1205,75,3270,25146,7079,15193,1732,1645,706,4751,22086,9,7,2181,2022,14,62,26574,1131,6467,158,801,24694,9106,2007,283,3254,1855,575,324,1210187,4519,1553,44,654,20955,55679,9,3757,17620,1680,83,9651,1520,6217,12,6739,808,8941,673,47,5251,6240,33542,21398,9,51530,5394,543,4305,15,7,4161,53,3,25812,21300,573,24903,14586,2015,4,4,5,2539,1891,12,1523,0
STAT,(NULL),nPushInit,176,1001061,5688,5688,5688,5688,5688,5688,5688,5688,5688,5688,5688,5688,5688,5688,5688,5688,5688,5688,5688,5688,5688,5688,5688,5688,5688,5688,5688,5688,5688,5688,5688,5688,5688,5688,5688,5688,5688,5688,5688,5688,5688,5688,5688,5688,5688,5688,5688,5688,5688,5688,5688,5688,5688,5688,5688,5688,5688,5688,5688,5688,5688,5688,5688,5688,5688,5688,5688,5688,5688,5688,5688,5688,5688,5688,5688,5688,5688,5688,5688,5688,5688,5688,5688,5688,5688,5688,5688,5688,5688,5688,5688,5688,5688,5688,5688,5688,5688,5688,5688,5688,5688,5688,5688,5688,5688,5688,5688,5688,5688,5688,5688,5688,5688,5688,5688,5688,5688,5688,5688,5688,5688,5688,5688,5688,5688,5688,5688,5688,5688,5688,5688,5688,5688,5688,5688,5688,5688,5688,5688,5688,5688,5688,5688,5688,5688,5688,5688,5688,5688,5688,5688,5688,5688,5688,5688,5688,5688,5688,5688,5688,5688,5688,5688,5688,5688,5688,5688,5688,5688,5688,5688,5688,5688,5688,5688,5661
==== BENCHMARK TOOK 63.459
