==== BENCHMARK START ===
==== PARAMS kernel=4.9.5-64-net1 malloc=libc hostname=rack-mad-04 threads=176 delta=8 prog=sssp-klsm512  ===
ERROR: ld.so: object '/specific/disk1/home/adamx/malloc/lib64/libjemalloc.so' from LD_PRELOAD cannot be preloaded (cannot open shared object file): ignored.
Galois Benchmark Suite v2.2.1 (r0)
Copyright (C) 2014 The University of Texas at Austin
http://iss.ices.utexas.edu/galois/

application: Single Source Shortest Path
Computes the shortest path from a source node to all nodes in a directed graph using a modified chaotic iteration algorithm
http://iss.ices.utexas.edu/?p=projects/galois/benchmarks/single_source_shortest_path

INFO: CommandLine ./build/debug/apps/sssp/sssp -noverify -t 176 -delta 8 -wl klsm512 -startNode 0 /specific/disk1/home/mad/Galois-PQ/inputs/random/r4-2e26.gr
INFO: Hostname rack-mad-04
Read 67108864 nodes
Running Asynchronous with CAS version
INFO: Using delta-step of 1
WARNING: Performance varies considerably due to delta parameter.
WARNING: Do not expect the default to be good for your graph.
INVALID RUN?  Loop (null) 10.071% system time
Node 1 has distance 8445
STATTYPE,LOOP,CATEGORY,n,sum,T0,T1,T2,T3,T4,T5,T6,T7,T8,T9,T10,T11,T12,T13,T14,T15,T16,T17,T18,T19,T20,T21,T22,T23,T24,T25,T26,T27,T28,T29,T30,T31,T32,T33,T34,T35,T36,T37,T38,T39,T40,T41,T42,T43,T44,T45,T46,T47,T48,T49,T50,T51,T52,T53,T54,T55,T56,T57,T58,T59,T60,T61,T62,T63,T64,T65,T66,T67,T68,T69,T70,T71,T72,T73,T74,T75,T76,T77,T78,T79,T80,T81,T82,T83,T84,T85,T86,T87,T88,T89,T90,T91,T92,T93,T94,T95,T96,T97,T98,T99,T100,T101,T102,T103,T104,T105,T106,T107,T108,T109,T110,T111,T112,T113,T114,T115,T116,T117,T118,T119,T120,T121,T122,T123,T124,T125,T126,T127,T128,T129,T130,T131,T132,T133,T134,T135,T136,T137,T138,T139,T140,T141,T142,T143,T144,T145,T146,T147,T148,T149,T150,T151,T152,T153,T154,T155,T156,T157,T158,T159,T160,T161,T162,T163,T164,T165,T166,T167,T168,T169,T170,T171,T172,T173,T174,T175
STAT,(NULL),BadWork,176,97288870,420575,529410,405336,552905,610661,698613,522516,613829,509783,573915,631004,759063,505300,714222,345233,387204,385753,541131,694113,533039,483807,413217,578016,435106,562544,677824,589476,764690,378806,465310,841830,746971,741552,589423,648488,843789,463138,382155,435135,716596,725227,991293,479676,326801,493010,478674,498600,626583,498721,587436,476051,345564,751363,484445,554907,649472,655901,696268,337430,326009,522218,779039,625189,911197,506186,449250,555287,337789,404778,568662,505133,748343,364442,373036,604445,559825,732228,676399,565400,730119,279119,385427,326646,605730,725121,817276,329218,284757,546762,516657,388832,579126,482058,715052,400574,630157,541133,668543,611756,674204,567445,688459,354537,356226,377505,565474,588194,332562,334706,384951,431941,469628,737218,748176,711313,783540,485261,731594,757639,845250,617694,693553,657534,797920,410210,424646,452576,642819,698568,856514,597605,551844,428017,411332,428744,561974,410127,564803,286446,455042,583589,529604,710932,686398,607001,569960,390155,250392,424595,555445,637247,927369,334714,367926,452708,515194,417281,631481,515970,625923,390114,406106,665765,553337,611344,644746,492197,681950,387012,352599,406743,613930,665273,842069,547975,392217
STAT,(NULL),BarrierTime,176,3512755409,39426937,39299523,39301303,39243813,721879,39269553,30720118,39148050,1706472,695837,656505,39187683,39190342,39189149,567439,379671,454375,486979,39006355,610799,428269,414859,370957,38929012,317823,38928876,38929367,327569,38928790,38928369,275656,278850,276363,296229,38873918,305230,38870308,275112,38674243,319055,38929227,38886180,38891955,313156,369045,38897744,324134,38897362,38897616,38897896,38897076,273628,37742129,38897350,38895418,322966,38895394,38897394,38898004,329785,356443,38897561,38897193,38800755,212080,255294,38691211,97670,123283,38761904,38703440,110385,107168,96813,38523225,38762735,38713211,81209,165379,152532,113195,115727,38772524,38714112,38716059,152666,132940,38714424,38866432,338657,415691,38865385,38863843,38866975,38751148,320638,37795350,38876588,38878833,38867651,319795,38870893,266807,321040,395700,38871463,38877019,420277,395432,298748,38877304,38877174,266276,261699,38878023,290722,348164,38877729,224415,310619,282753,38873961,38873903,309585,373664,269841,329538,38816697,201917,283909,38775349,38778538,270041,38772550,191157,38772590,38764201,38772864,244752,205118,266218,38773784,38770960,38775239,38769290,38774640,38773076,207295,38579683,38777359,38773337,306698,243113,38778590,116091,135835,38759989,38743133,38731694,136614,214624,164161,38765701,38649866,38770364,90713,217705,129112,87819,95755,140605,38770899,38770788,133785,38746507,188715
STAT,(NULL),ConflictTime,176,0,0,0,0,0,0,0,0,0,0,0,0,0,0,0,0,0,0,0,0,0,0,0,0,0,0,0,0,0,0,0,0,0,0,0,0,0,0,0,0,0,0,0,0,0,0,0,0,0,0,0,0,0,0,0,0,0,0,0,0,0,0,0,0,0,0,0,0,0,0,0,0,0,0,0,0,0,0,0,0,0,0,0,0,0,0,0,0,0,0,0,0,0,0,0,0,0,0,0,0,0,0,0,0,0,0,0,0,0,0,0,0,0,0,0,0,0,0,0,0,0,0,0,0,0,0,0,0,0,0,0,0,0,0,0,0,0,0,0,0,0,0,0,0,0,0,0,0,0,0,0,0,0,0,0,0,0,0,0,0,0,0,0,0,0,0,0,0,0,0,0,0,0,0,0,0,0
STAT,(NULL),Conflicts,176,0,0,0,0,0,0,0,0,0,0,0,0,0,0,0,0,0,0,0,0,0,0,0,0,0,0,0,0,0,0,0,0,0,0,0,0,0,0,0,0,0,0,0,0,0,0,0,0,0,0,0,0,0,0,0,0,0,0,0,0,0,0,0,0,0,0,0,0,0,0,0,0,0,0,0,0,0,0,0,0,0,0,0,0,0,0,0,0,0,0,0,0,0,0,0,0,0,0,0,0,0,0,0,0,0,0,0,0,0,0,0,0,0,0,0,0,0,0,0,0,0,0,0,0,0,0,0,0,0,0,0,0,0,0,0,0,0,0,0,0,0,0,0,0,0,0,0,0,0,0,0,0,0,0,0,0,0,0,0,0,0,0,0,0,0,0,0,0,0,0,0,0,0,0,0,0,0
STAT,(NULL),EmptyPopTime,176,8596282382381,45431612398,42898274996,42531697986,50409609951,49880241975,29278140704,50848730084,42324109626,49734665418,42594711300,49449652423,42343757128,51220314340,59396143984,8332682458,83656640334,69888689460,55153590821,85365163983,42548241405,70590705166,37675936555,34924499471,43297241431,47080249317,42531529584,46230755413,47080241189,41407388294,43165047778,41888070090,48226676182,45792677308,46078962167,33382308603,46780734333,43000067784,51043853396,49440960673,46823649802,44590131080,48337191485,42967008079,45080227202,44083066700,49731259856,49634050837,43730599959,56000914378,93478459116,49799876113,43651540629,42001056820,93480032240,49926808757,43167435926,49648027336,49921516306,92999077802,43562105629,42647115831,42277574552,47775351421,46923381236,47504464629,56413510739,43416382866,34669695248,48938820033,55540187467,37633419786,42017892001,43544442996,50506627145,49619072592,49488179511,45829646735,47419426635,42391492298,49878294998,44664151643,45689153070,54624964343,45172220541,42835251828,49389578906,47895151002,44634314301,46311445980,41091573194,50000289495,57339071922,66771888043,67504716366,50112183521,42543148023,40903551142,41324870084,49649789940,21951157423,49093434306,54637047702,66108354273,36004412319,69457022180,38526536970,90111550730,49987959675,70913642626,41047554456,49990894024,43773640186,45527292025,42345596518,51424754676,49359049682,50089453906,42837650213,49867786811,43518796483,49527106561,46110656843,36685395752,43750033897,46139326990,41631512170,50419368616,46782321700,42741791675,33393397079,42643624520,43258014751,52870990094,49954507141,49468572491,44012841085,92329381380,92794716619,92829041034,42959668887,5157607448,93148388491,49781188611,92760109117,47776099041,1573268347,46308225173,39435987310,50288616753,92799932369,49953926454,49723189421,9583162396,1708986644,42736219795,50586879679,43802845881,55092892814,38826396542,54093123937,42775054407,49749080900,49431291641,49865893336,49573453218,50112960470,49574879644,43765321060,49620810098,49952397126,43319776845,49771744027,49208892657,43191358720,42566319280,43379342637
STAT,(NULL),EmptyWork,176,17583251580,46511163,93194765,98084097,109264660,85474881,71418903,88455843,96713606,92601707,97764099,93635638,82292713,90502564,95831148,33713665,33028740,56030299,99919229,49958744,97138929,52271243,65297722,114951036,139540394,141594323,112594369,116528769,156282949,89157224,118883076,131626335,115733448,127875319,137166124,109236253,140187797,117761926,78809495,106955404,161107396,131501428,124003818,111408344,130114910,105409463,87800749,102792095,112893190,91457300,45087815,96685980,95933256,128214288,37857857,117239203,139887308,97597953,104164561,27078052,111686243,95594291,111874596,109737274,137385741,90448534,69276709,136662525,105259404,92084045,118339883,112031650,120977324,122226069,110592782,108025645,129051317,144394705,132450645,118239144,116807709,98542253,110745071,67875902,144344325,139040703,146817200,84961394,100037955,49682024,87952687,87422498,92533435,63026218,67256750,75586327,64496555,95899848,94422439,100039743,80852911,97927682,104626074,55758328,33173825,56415556,99404384,47219493,85062630,56036716,73758750,112343057,140148710,135304746,136958065,90664261,131150905,83081169,126922811,142889201,147841461,105561552,139021871,117465108,162992968,104581714,86909652,99858231,111785133,142528508,99605215,116177968,108950037,82031010,93692631,99403451,125363626,38477848,45658631,29789788,88536187,49049576,41695182,117732963,48425374,104685185,44707675,92958499,84452923,98509597,42364841,108264542,129802507,25330279,27690659,110641056,101825715,151062514,115771712,125884246,119214144,117938635,82569269,111834822,122346782,133130577,123019286,99673434,135897998,81498819,100837166,95682920,132686830,128342640,150435509,91511904,103790809
STAT,(NULL),GaloisTime,176,766603395863,4715335089,4833174634,4806845295,4744604095,4446522631,3777298177,3915439812,4863963669,4644776334,4900292931,4415210770,4788126593,4414341141,2815249230,1008445287,1977255876,3851975467,3535998635,4638327948,4780434290,3141846275,4201675741,4203313115,4914582364,4896408773,5053433195,4930756744,5098976441,4828948351,4790769755,5145625155,5028364322,5021337049,5112025197,4143054698,5113576334,4848130787,4698272733,4797139941,4972722965,4984157993,5301655587,4785006858,4775078068,4905786852,4737546352,4861246423,4895084748,4041691051,822419685,4541672556,4880203012,4972352128,606677156,4810328290,4940999482,4708075114,4700243956,1122178554,4779597357,4741825464,4878551548,5060319752,5185147100,4764957639,4152596991,4921517617,4063176359,4722772052,4774893612,4530436641,5016012529,4852547454,4597477581,5074947210,4669734958,5059928929,5117726836,4844122319,4893109695,4697689932,4741370754,4394510906,4999139252,4984091561,5162640120,4668730223,4647897223,4502626231,4664537439,4582074127,4064501268,3603260385,4344192419,4689936879,4709584253,4609232725,4825951858,4905661464,2820605343,4985683545,4641481146,3546794229,2515340852,3724318816,4553171462,2030284624,4725740332,2888806920,4520657067,4642750477,4781086538,4901366630,5095895182,4318112296,5109855682,4573654463,4870941800,5199592646,4957522352,5091831349,5104684820,4373832267,5145183364,4797137025,4675233593,4541587890,4873259940,4947401419,4409782645,4827055744,4832201603,4190571303,4832743226,4841557574,4953786719,1269701218,1306316593,1158878728,4749754924,1031057431,693069373,5129246234,1417941618,5045402832,567779332,4618667629,4903179131,4901597076,1315388343,4957147803,4733617883,1111856373,331149243,4919517196,4800379389,4934681926,4670725661,4737884931,4712418712,4863975368,4682028006,5095007084,4687551265,5034834003,4971332212,4848657052,5096496635,4755808005,4652733974,4723917094,4914235227,4951268268,5213038050,4810071091,4737559701
STAT,(NULL),InitPushTime,176,6421646,61631,129216,121697,36526,36611,35977,36505,36511,35968,35879,35118,34945,34857,34611,35521,45414,43323,45484,45187,52997,45223,45256,84498,85457,84814,84699,84611,84616,84507,84656,84468,50178,49413,53449,47126,50573,50803,49659,45389,29370,29525,29213,32772,30090,29993,29908,29083,107078,31255,28357,28709,106865,27914,27990,26716,27031,26655,26069,27052,105892,26794,25335,25948,55916,40331,32093,79134,75541,71507,53878,72996,67760,68882,70246,67401,66733,67592,65626,66286,81752,81833,81613,81393,66080,64973,38712,65560,66096,35258,29623,28642,28767,28509,27429,27174,49814,47268,27022,26048,25790,24270,24233,25035,48491,45023,23159,23150,23818,22573,22637,22242,22503,21505,20868,20698,20783,20194,20231,19530,22598,21705,20610,18614,20470,19129,18504,17652,16283,15916,17421,16450,16705,15518,15109,16478,14083,15652,15254,15342,13221,12630,12587,12235,12077,11100,11142,11334,12453,10621,9923,9537,9884,10921,9968,18055,17270,16816,15100,15928,14681,14410,13897,12972,21112,11807,21010,10802,8756,7744,6813,6439,7458,6762,5427,4327,3726
STAT,(NULL),Iterations,176,89857472,341733,444557,464836,583192,472930,478528,442345,473297,463333,515659,496856,484874,471124,575177,237886,242417,324356,510076,380767,455713,311999,340431,498011,585990,621024,623762,598237,764640,451598,526536,709364,611273,667023,715101,580669,731333,518737,377964,467735,638885,655594,770850,503871,543242,452524,444550,474262,583535,497602,392502,486886,440934,710471,316708,598266,716065,525761,578483,211522,465908,422752,578091,585197,759387,412722,351836,559792,469350,449583,608717,559096,654682,517338,429269,631872,598291,689272,703102,581776,636018,431856,467472,341550,679964,657943,783460,391597,437558,366246,420752,437558,545202,403567,471937,404490,373857,472343,511325,529551,479669,496703,595838,314383,243760,326341,517202,374898,417276,324104,365939,496141,577789,599498,715289,532524,689362,434649,550038,754068,700210,595775,718804,591765,807943,468371,414744,445177,571180,691118,674776,516338,491435,384860,459982,464169,622637,320220,394033,248191,418095,441428,353161,610066,426809,555289,385269,415499,374150,450092,347177,577875,710141,204496,225162,474724,453694,502287,611664,605000,642674,505592,411812,646534,588933,652288,670295,527157,696126,381783,426027,422792,644484,626833,785500,411820,391670
STAT,(NULL),LoopTime,176,386882374023,386882374023,0,0,0,0,0,0,0,0,0,0,0,0,0,0,0,0,0,0,0,0,0,0,0,0,0,0,0,0,0,0,0,0,0,0,0,0,0,0,0,0,0,0,0,0,0,0,0,0,0,0,0,0,0,0,0,0,0,0,0,0,0,0,0,0,0,0,0,0,0,0,0,0,0,0,0,0,0,0,0,0,0,0,0,0,0,0,0,0,0,0,0,0,0,0,0,0,0,0,0,0,0,0,0,0,0,0,0,0,0,0,0,0,0,0,0,0,0,0,0,0,0,0,0,0,0,0,0,0,0,0,0,0,0,0,0,0,0,0,0,0,0,0,0,0,0,0,0,0,0,0,0,0,0,0,0,0,0,0,0,0,0,0,0,0,0,0,0,0,0,0,0,0,0,0,0
STAT,(NULL),MeminfoPost,176,6336,36,36,36,36,36,36,36,36,36,36,36,36,36,36,36,36,36,36,36,36,36,36,36,36,36,36,36,36,36,36,36,36,36,36,36,36,36,36,36,36,36,36,36,36,36,36,36,36,36,36,36,36,36,36,36,36,36,36,36,36,36,36,36,36,36,36,36,36,36,36,36,36,36,36,36,36,36,36,36,36,36,36,36,36,36,36,36,36,36,36,36,36,36,36,36,36,36,36,36,36,36,36,36,36,36,36,36,36,36,36,36,36,36,36,36,36,36,36,36,36,36,36,36,36,36,36,36,36,36,36,36,36,36,36,36,36,36,36,36,36,36,36,36,36,36,36,36,36,36,36,36,36,36,36,36,36,36,36,36,36,36,36,36,36,36,36,36,36,36,36,36,36,36,36,36,36
STAT,(NULL),MeminfoPre,176,6336,36,36,36,36,36,36,36,36,36,36,36,36,36,36,36,36,36,36,36,36,36,36,36,36,36,36,36,36,36,36,36,36,36,36,36,36,36,36,36,36,36,36,36,36,36,36,36,36,36,36,36,36,36,36,36,36,36,36,36,36,36,36,36,36,36,36,36,36,36,36,36,36,36,36,36,36,36,36,36,36,36,36,36,36,36,36,36,36,36,36,36,36,36,36,36,36,36,36,36,36,36,36,36,36,36,36,36,36,36,36,36,36,36,36,36,36,36,36,36,36,36,36,36,36,36,36,36,36,36,36,36,36,36,36,36,36,36,36,36,36,36,36,36,36,36,36,36,36,36,36,36,36,36,36,36,36,36,36,36,36,36,36,36,36,36,36,36,36,36,36,36,36,36,36,36,36
STAT,(NULL),NumaPost,176,421243,97337,116351,105040,102515,0,0,0,0,0,0,0,0,0,0,0,0,0,0,0,0,0,0,0,0,0,0,0,0,0,0,0,0,0,0,0,0,0,0,0,0,0,0,0,0,0,0,0,0,0,0,0,0,0,0,0,0,0,0,0,0,0,0,0,0,0,0,0,0,0,0,0,0,0,0,0,0,0,0,0,0,0,0,0,0,0,0,0,0,0,0,0,0,0,0,0,0,0,0,0,0,0,0,0,0,0,0,0,0,0,0,0,0,0,0,0,0,0,0,0,0,0,0,0,0,0,0,0,0,0,0,0,0,0,0,0,0,0,0,0,0,0,0,0,0,0,0,0,0,0,0,0,0,0,0,0,0,0,0,0,0,0,0,0,0,0,0,0,0,0,0,0,0,0,0,0,0
STAT,(NULL),PopTime,176,14066391743407,72342049117,70559842641,70997699211,84602118974,76009115379,110154175337,71096804188,71423103864,73329952915,80213941935,78222448900,95423786699,71776737527,84304825667,129326061649,50694854902,59030643374,75653085389,60096452880,70557304507,58275603300,90050558604,92337724120,73716151393,75607770686,92153577651,81029007974,90446423398,77795463784,69504904846,101325990223,80886216387,85934541791,89308513599,105283813499,92689881160,70215635341,67925360388,73139693594,81072766777,85809981551,100482525283,73907361689,73968072136,70418801400,68909960211,70364463120,81648404171,73602360690,62381308494,71864615390,66345835648,100338584452,52681618172,81130002960,94077258812,74839161077,82210933919,45573171566,71047327721,76565121337,86759525328,79526377999,96235764872,70450832270,63805787053,76931913094,87436411765,70144333916,83714783253,87139205765,100423992983,76943949793,67395895411,89160536121,79775358582,88069465441,92150772144,83111433912,86833876618,66119595020,72953453919,64367682950,87247107822,90314055106,99325147822,68096526586,68130371159,69983994166,78307952956,72184546826,81001720844,67217158878,71488206305,67863992563,84427743317,81337920498,85486260563,78083941807,120493358535,74752213419,86681302421,61213129081,99483364141,60141543083,92806624647,60234792884,70974845496,58839224035,74735875591,75349275884,73275235966,75619246757,87365797198,81451763716,90271821710,69908561526,69679314397,95419934667,81329147581,84616812450,90782014702,101742842135,93368971725,66911114187,76722943647,71145555483,77956302312,85847879795,124151823101,74556604823,70500918510,66149326661,68960548787,71753030176,81632581961,53863001502,61862422852,46762081865,66264630023,155484709410,53413701910,82213575402,65467874562,75763105494,152725270594,69119099875,77574131542,69417316244,55699138542,79703040235,96508204136,128899348597,138323611181,81095471314,67960016268,72813980549,83367465559,94274675398,88110519988,75869115527,67351453272,90643329289,80382141246,84264053555,91598515452,77108699286,95464792931,65572986983,70771501073,68588790530,84754166283,85973820317,103278258127,68823186618,69805827890
STAT,(NULL),PushTime,176,44219561627645,262299246869,266477410232,266331533132,244235101507,254174298680,241034434405,258830571251,266002302557,256900059997,256646933444,252235798844,241811976909,257138049617,237368173584,246781826197,249109760066,252317356961,250027777778,234605939591,266828248935,253151852398,253151297480,252925637685,262393087119,256528006845,244023636195,251769747709,240726440740,260643814096,267076093018,235090412089,249742280843,246934654065,242953480567,241181246967,238803023914,266515173853,261341450523,257267451891,250874048992,248373267874,228783127758,262932320642,260588713057,265320155278,261282669705,259831720032,253840565813,250800559354,227953377796,258138072328,269981394827,235789158079,238263131660,247933352967,241370541784,255072280915,247222500642,245886911825,265437165064,260977925059,250218574934,251607699396,234557687016,262291084175,260700300962,259063894126,258520261963,260914297582,239889734128,254959688302,236274243507,259242790625,262295320638,239894931587,250147533849,244742528605,238881887076,253788488539,242150062720,269439838633,261400021939,261773103658,246361525803,245722666117,229212822547,264364408568,267477677010,263925048752,260777794873,257966021131,241652101834,247096682924,240967576617,262088558732,253187370044,257723515695,252664415335,251572800332,239070002927,255640546287,237894206868,254329563150,247419652620,251753946603,248404099994,232303340165,259138578093,252396548979,264705180182,254460159837,262492901174,258107340112,248737145404,246922952855,238806222261,260141573300,267075538843,232617585920,253974135070,244669873639,241474742954,241156957978,240936675761,266888610798,261785365333,258702850604,254538117469,250184338672,221387798184,262425439583,266034704310,261689597224,260865072036,258639436780,253405970196,237562867462,228652966486,244626592471,270925200818,222672900126,237343592596,246733478364,224755523084,255505432743,229780732974,264926703611,263152700329,260055407884,235057991868,249400612356,232466431915,246019899793,245084097182,255850114734,261443395829,262982833901,240807228836,246203795964,236822155576,261114113915,262977969102,238310169120,249241935244,244985181147,236938503076,252757745110,239204648116,265075505631,259536467493,268293544309,244428712829,243790565429,231511105705,268745087942,267097434132
STAT,(NULL),RusageSys,176,2999264000,2999264000,0,0,0,0,0,0,0,0,0,0,0,0,0,0,0,0,0,0,0,0,0,0,0,0,0,0,0,0,0,0,0,0,0,0,0,0,0,0,0,0,0,0,0,0,0,0,0,0,0,0,0,0,0,0,0,0,0,0,0,0,0,0,0,0,0,0,0,0,0,0,0,0,0,0,0,0,0,0,0,0,0,0,0,0,0,0,0,0,0,0,0,0,0,0,0,0,0,0,0,0,0,0,0,0,0,0,0,0,0,0,0,0,0,0,0,0,0,0,0,0,0,0,0,0,0,0,0,0,0,0,0,0,0,0,0,0,0,0,0,0,0,0,0,0,0,0,0,0,0,0,0,0,0,0,0,0,0,0,0,0,0,0,0,0,0,0,0,0,0,0,0,0,0,0,0
STAT,(NULL),RusageUser,176,26783216000,26783216000,0,0,0,0,0,0,0,0,0,0,0,0,0,0,0,0,0,0,0,0,0,0,0,0,0,0,0,0,0,0,0,0,0,0,0,0,0,0,0,0,0,0,0,0,0,0,0,0,0,0,0,0,0,0,0,0,0,0,0,0,0,0,0,0,0,0,0,0,0,0,0,0,0,0,0,0,0,0,0,0,0,0,0,0,0,0,0,0,0,0,0,0,0,0,0,0,0,0,0,0,0,0,0,0,0,0,0,0,0,0,0,0,0,0,0,0,0,0,0,0,0,0,0,0,0,0,0,0,0,0,0,0,0,0,0,0,0,0,0,0,0,0,0,0,0,0,0,0,0,0,0,0,0,0,0,0,0,0,0,0,0,0,0,0,0,0,0,0,0,0,0,0,0,0,0
STAT,(NULL),Threads,176,176,176,0,0,0,0,0,0,0,0,0,0,0,0,0,0,0,0,0,0,0,0,0,0,0,0,0,0,0,0,0,0,0,0,0,0,0,0,0,0,0,0,0,0,0,0,0,0,0,0,0,0,0,0,0,0,0,0,0,0,0,0,0,0,0,0,0,0,0,0,0,0,0,0,0,0,0,0,0,0,0,0,0,0,0,0,0,0,0,0,0,0,0,0,0,0,0,0,0,0,0,0,0,0,0,0,0,0,0,0,0,0,0,0,0,0,0,0,0,0,0,0,0,0,0,0,0,0,0,0,0,0,0,0,0,0,0,0,0,0,0,0,0,0,0,0,0,0,0,0,0,0,0,0,0,0,0,0,0,0,0,0,0,0,0,0,0,0,0,0,0,0,0,0,0,0,0
STAT,(NULL),Time,176,425237639337,425237639337,0,0,0,0,0,0,0,0,0,0,0,0,0,0,0,0,0,0,0,0,0,0,0,0,0,0,0,0,0,0,0,0,0,0,0,0,0,0,0,0,0,0,0,0,0,0,0,0,0,0,0,0,0,0,0,0,0,0,0,0,0,0,0,0,0,0,0,0,0,0,0,0,0,0,0,0,0,0,0,0,0,0,0,0,0,0,0,0,0,0,0,0,0,0,0,0,0,0,0,0,0,0,0,0,0,0,0,0,0,0,0,0,0,0,0,0,0,0,0,0,0,0,0,0,0,0,0,0,0,0,0,0,0,0,0,0,0,0,0,0,0,0,0,0,0,0,0,0,0,0,0,0,0,0,0,0,0,0,0,0,0,0,0,0,0,0,0,0,0,0,0,0,0,0,0
STAT,(NULL),TotalTime,176,450626530990,450626530990,0,0,0,0,0,0,0,0,0,0,0,0,0,0,0,0,0,0,0,0,0,0,0,0,0,0,0,0,0,0,0,0,0,0,0,0,0,0,0,0,0,0,0,0,0,0,0,0,0,0,0,0,0,0,0,0,0,0,0,0,0,0,0,0,0,0,0,0,0,0,0,0,0,0,0,0,0,0,0,0,0,0,0,0,0,0,0,0,0,0,0,0,0,0,0,0,0,0,0,0,0,0,0,0,0,0,0,0,0,0,0,0,0,0,0,0,0,0,0,0,0,0,0,0,0,0,0,0,0,0,0,0,0,0,0,0,0,0,0,0,0,0,0,0,0,0,0,0,0,0,0,0,0,0,0,0,0,0,0,0,0,0,0,0,0,0,0,0,0,0,0,0,0,0,0
STAT,(NULL),UserTime,176,395296845640,1879553039,1852416357,1948452132,2613613996,2118659234,2398847969,1934311950,2004122106,2012256568,2260668124,2297569154,2264372702,2074368414,2734089805,1231584136,1242771952,1569617499,2243940544,1958468351,1902944972,1502034701,1569547472,2208190108,2253712327,2460286243,2839544995,2637518853,3205951048,1949544510,2058617104,3132592437,2715045980,2903230757,3124167898,2614655653,3186911940,2017544830,1626569037,1962114492,2810019657,2825276517,3685811854,2011210598,2172109713,1881097291,1965080431,1920044603,2486767745,2177334564,2033662724,2273394740,1759409238,3484951680,1644997921,2796584148,3018193819,2349173077,2554957436,1105898528,1776433056,1686735409,2468214241,2634829922,3674951802,1612528429,1572842742,2243940333,1919505273,1902003031,2676372181,2339528455,2861192633,2008353348,1808396889,2856797346,2504452168,2868345363,3012047445,2460533894,2842158573,1694492901,1819564750,1486172513,2789972555,2719204957,3477303848,1604532915,1724012429,1941514291,1784502489,1893957785,2564383886,1962296304,2342367007,1884055100,1781973232,2044193040,2318391542,2402082458,2298335605,2144508411,2755649204,1460714340,1258368125,1581066816,2324474924,1987123601,1802126781,1620053807,1631287555,2158891867,2251302445,2423765923,3032923613,2506067682,3036215556,1917991874,2123947240,3466527072,2786874227,2703130756,3103194390,2637822442,3350457751,1873543795,1812351162,1805095195,2452529035,2850376399,3271909561,2145413545,1979527210,1731801384,2007753926,1912316459,2583771423,1650887745,2052234430,1307932840,1726526437,2318993375,2073867451,2739095415,2264443395,2519590165,2022557895,1648661015,1563863835,1952869589,1799499066,2591324424,3153071933,1074717767,1238780306,2002346290,1821813153,2028906217,2660225917,2545673536,2856878528,1974112421,1871209895,3122678539,2414442196,2723657311,2969980258,2324655585,3047153572,1607700865,1700372673,1692599105,2712765069,2661421008,3370114337,1678133903,1590354870
STAT,(NULL),Work,176,68064952621564,386714462561,386714448794,386714454887,386714458884,386752982380,386714452723,386723000892,386714455217,386751898042,386714447413,386752947945,386714454709,386714448990,386714450595,386753075644,386753073315,386753001205,386752973421,386714449390,386752902694,386753031997,386753045830,386753003420,386714440786,386753057231,386714435296,386714441936,386753049948,386714435215,386714437472,386753099377,386753044191,386753040771,386753021633,386714437252,386753009200,386714433306,386753045438,386714647296,386753057971,386714435143,386714434646,386714435926,386753019580,386752957988,386714426260,386753002739,386714425588,386714422426,386714422937,386714427167,386753051693,386715586499,386714423937,386714427699,386751731059,386714428169,386714424315,386714423776,386752994882,386752971823,386714421384,386714423531,386714432974,386753001867,386752959535,386714436338,386753039302,386753020715,386714425109,386714428877,386753036301,386753040591,386753047860,386714625001,386714426479,386714425332,386753118098,386752984202,386753054856,386753094650,386753092216,386714428798,386714425891,386714431760,386753056742,386753019181,386714426964,386714449267,386752983474,386752901456,386714458856,386714457649,386714452751,386714567066,386753079361,386715601544,386714447413,386714456426,386714454706,386753002591,386714448673,386753052749,386753073318,386753001208,386714458589,386714448841,386752901799,386752920528,386753027620,386714435293,386714440798,386753057222,386753062456,386714441929,386753032801,386752977458,386714437023,386753099386,386753039221,386714434879,386714434829,386714436605,386753009197,386752943414,386753052818,386752993427,386714445680,386753061032,386752942494,386714435916,386714435109,386752958893,386714425814,386753002736,386714425573,386714423503,386714422740,386752947899,386753051699,386752992486,386714423701,386714428946,386714424093,386714428182,386714424626,386714423788,386752994882,386714619114,386714421573,386714424008,386752953172,386753001864,386714425661,386753049205,386753061687,386714434839,386714425088,386714428896,386753065818,386752986520,386753035239,386714425498,386714561315,386714425289,386753120051,386752990447,386753054837,386753098751,386753092212,386714429733,386714425702,386714431737,386753056763,386714432057,386752995982
STAT,(NULL),nBad,176,65630,280,390,284,366,405,442,357,444,324,370,407,545,363,476,211,257,264,361,488,367,311,287,379,322,397,448,393,521,258,328,569,484,491,414,414,581,341,232,274,501,491,682,325,221,338,333,314,409,338,405,328,235,510,337,373,430,446,478,233,211,371,541,397,624,368,306,377,230,275,379,343,516,242,251,392,398,491,459,375,486,175,255,204,412,503,544,226,202,360,346,254,401,339,484,271,441,348,455,420,447,386,461,239,244,241,393,398,222,198,263,284,318,473,489,483,503,315,546,530,564,415,456,435,529,285,291,306,456,470,576,423,398,292,281,277,389,277,373,195,304,394,352,449,477,416,396,254,175,280,377,394,625,231,232,310,319,279,419,352,415,259,284,448,389,415,424,330,439,257,235,257,413,450,575,381,259
STAT,(NULL),nEmpty,176,22732124,56414,123914,125997,138659,111524,83706,111952,129658,118394,124807,117928,97849,115823,114744,36688,38158,64269,125723,58525,128256,61291,77027,137241,192545,197090,145698,150944,216403,118109,162698,175462,151972,174065,188280,134699,185808,165013,99649,138600,168689,177462,155718,152961,177665,133515,114696,136735,150385,118457,52550,129079,130660,167312,43778,145985,194161,126663,139711,29749,155434,128463,150697,140847,175662,127341,85250,181244,137474,117945,147372,148852,156617,166436,116268,138006,168825,192544,177172,156284,152310,135436,152414,84956,194503,183803,195425,113113,139797,58856,113896,111347,112754,73168,79972,93187,75260,124697,120074,125926,93117,126948,129101,66292,38328,64291,124396,51169,110053,62901,92238,138571,192694,186592,188157,111255,172083,106997,175012,181646,208388,136228,187711,146224,229258,145796,112554,133097,147747,193808,120796,158217,149096,94338,122920,130349,171251,44440,52566,33828,115696,56888,45925,153770,55737,137741,51682,128764,110121,128965,47299,140480,169564,28805,30562,140130,134253,146855,149562,164567,153761,159445,106687,142850,166011,176321,159349,127441,180127,106712,132419,126122,172814,166270,199749,121417,115670
STAT,(NULL),nEmptyPop,176,2349768345,13170517,14998840,15396752,14524814,14774953,10811248,12458707,15250776,14436039,14599743,13993298,15913225,13773605,8315593,3103593,6551180,12172304,11317212,17005963,15114950,10244659,13757174,13297889,15208880,15251181,15293407,15529989,15254907,15146850,15336037,15135229,15265090,14934249,15158988,12881732,15302971,15236778,15180414,15278784,15016750,15174233,15660648,15238761,15047543,12890185,13688433,14447300,14648556,14755873,1028673,15631186,14447971,17309103,502417,13933136,16764010,14009696,17007911,3308983,14371466,14697371,17098591,13126519,14614125,16520973,15450192,14765155,12844429,14324239,13623921,13748800,14987032,14766300,14364781,14738514,14211896,14279228,14867312,14356308,14164877,14766278,14760787,13841586,14880223,14926780,14831379,13865742,14427145,12926335,15023381,14572478,12602641,11706872,13111962,15164078,15209148,14062739,14309095,15328097,8622745,14627516,14539289,13321409,8983618,11688455,14901508,6183208,14912594,9529241,14849763,14652877,15120058,15130956,15255477,13429823,15216417,14373492,15208017,15013595,15285112,14879406,15160222,13723906,15261463,15124339,14973099,14634510,15045571,15069288,13046271,15258570,15264464,12416374,14210249,14744665,14810731,3496563,4126800,3427340,14400443,1728371,659310,14956422,3450178,15082341,100373,16658344,13612752,14873039,3514706,14229348,13620033,3511844,1397,15000038,14982245,14621285,13665494,14344457,13812794,15036877,14484108,14611685,14208793,14249150,14511400,14327970,14911726,14949553,14600626,14888752,14471521,14659001,15042908,14486216,14855181
STAT,(NULL),nOverall,176,268501084,1141139,1283667,1354361,1778858,1443753,1581801,1322726,1375834,1379570,1563853,1516286,1547911,1421009,1841703,805910,816426,1039186,1538895,1289973,1309788,1003258,1053520,1443561,1572933,1696168,1911476,1788320,2191511,1335334,1455287,2136044,1838677,1970909,2107715,1785653,2181480,1414479,1113625,1316505,1880769,1912424,2462058,1401334,1462126,1274831,1318942,1349796,1732205,1516057,1359738,1432806,1241065,2172662,1091811,1809004,2087701,1596898,1757059,726387,1242293,1175573,1709303,1777762,2334812,1141502,1067127,1513965,1327693,1326169,1845593,1641193,1992273,1403514,1252266,1973390,1715172,1986334,2102903,1701665,1933693,1186754,1260598,1025381,1941326,1897936,2352333,1115075,1190162,1230127,1225958,1305208,1732232,1322195,1569256,1244978,1194190,1390350,1564492,1612840,1545452,1476289,1867804,991430,822471,1047251,1571448,1296234,1228341,1043912,1095307,1430550,1541870,1652908,2108378,1684242,2070553,1311653,1500316,2288206,1969243,1838244,2124151,1783185,2314302,1289267,1209823,1247316,1694066,1989713,2217299,1433451,1368599,1162285,1348981,1335500,1806329,1103673,1364839,858503,1209404,1537001,1228960,1827925,1484396,1670717,1333359,1147919,1058129,1284642,1197701,1750461,2162467,703383,776939,1337786,1276963,1421696,1844741,1762655,1955510,1382444,1220086,2015534,1690061,1902482,2045232,1599258,2064901,1098361,1173218,1188105,1888091,1840667,2342108,1161584,1102451
STAT,(NULL),nPop,176,89857472,341733,444557,464836,583192,472930,478528,442345,473297,463333,515659,496856,484874,471124,575177,237886,242417,324356,510076,380767,455713,311999,340431,498011,585990,621024,623762,598237,764640,451598,526536,709364,611273,667023,715101,580669,731333,518737,377964,467735,638885,655594,770850,503871,543242,452524,444550,474262,583535,497602,392502,486886,440934,710471,316708,598266,716065,525761,578483,211522,465908,422752,578091,585197,759387,412722,351836,559792,469350,449583,608717,559096,654682,517338,429269,631872,598291,689272,703102,581776,636018,431856,467472,341550,679964,657943,783460,391597,437558,366246,420752,437558,545202,403567,471937,404490,373857,472343,511325,529551,479669,496703,595838,314383,243760,326341,517202,374898,417276,324104,365939,496141,577789,599498,715289,532524,689362,434649,550038,754068,700210,595775,718804,591765,807943,468371,414744,445177,571180,691118,674776,516338,491435,384860,459982,464169,622637,320220,394033,248191,418095,441428,353161,610066,426809,555289,385269,415499,374150,450092,347177,577875,710141,204496,225162,474724,453694,502287,611664,605000,642674,505592,411812,646534,588933,652288,670295,527157,696126,381783,426027,422792,644484,626833,785500,411820,391670
STAT,(NULL),nPush,176,89857470,497262,404271,422711,620924,510598,643582,458254,437586,468428,525605,537095,561637,483255,689384,340614,344506,389899,515881,550614,396313,383593,367117,456588,418507,503310,678090,605976,710669,448740,413085,739768,604405,672779,706569,611148,718896,389791,364942,395026,594261,623365,911397,399822,407081,373007,429576,404489,563206,502713,579430,467461,364841,765184,457995,614473,668195,537012,593672,314788,324882,342684,551274,601097,829286,327097,355582,404445,396688,418726,609571,516413,664807,377330,393187,697611,515595,605808,695885,525102,655115,330366,337765,332153,580444,567684,780430,335281,326344,541989,399981,434598,639567,508122,642951,454795,440384,467326,549086,564164,576454,491018,679592,356624,350969,392701,532863,567054,408438,397152,366035,449481,414543,495115,688573,621486,718090,448271,415516,797367,583510,658364,715530,600585,726296,386565,394014,376584,542391,615459,867543,416040,401330,382984,434166,408068,570404,464280,582806,371577,368762,661119,532096,604805,634402,557066,570258,331278,313620,396548,513032,589641,753388,308333,338439,398902,384634,419005,606543,540968,657760,382438,391180,701447,518397,602887,704768,525833,666608,336136,334089,342398,585995,576008,772067,345979,323802
STAT,(NULL),nPushInit,176,2,1,1,0,0,0,0,0,0,0,0,0,0,0,0,0,0,0,0,0,0,0,0,0,0,0,0,0,0,0,0,0,0,0,0,0,0,0,0,0,0,0,0,0,0,0,0,0,0,0,0,0,0,0,0,0,0,0,0,0,0,0,0,0,0,0,0,0,0,0,0,0,0,0,0,0,0,0,0,0,0,0,0,0,0,0,0,0,0,0,0,0,0,0,0,0,0,0,0,0,0,0,0,0,0,0,0,0,0,0,0,0,0,0,0,0,0,0,0,0,0,0,0,0,0,0,0,0,0,0,0,0,0,0,0,0,0,0,0,0,0,0,0,0,0,0,0,0,0,0,0,0,0,0,0,0,0,0,0,0,0,0,0,0,0,0,0,0,0,0,0,0,0,0,0,0,0
==== BENCHMARK TOOK 206.324
