==== BENCHMARK START ===
==== PARAMS kernel=4.9.5-64-net1 malloc=libc hostname=rack-mad-04 threads=16 delta=8 prog=sssp-obim  ===
Galois Benchmark Suite v2.2.1 (r0)
Copyright (C) 2014 The University of Texas at Austin
http://iss.ices.utexas.edu/galois/

application: Single Source Shortest Path
Computes the shortest path from a source node to all nodes in a directed graph using a modified chaotic iteration algorithm
http://iss.ices.utexas.edu/?p=projects/galois/benchmarks/single_source_shortest_path

INFO: CommandLine ./build/debug/apps/sssp/sssp -noverify -t 16 -delta 8 -wl obim -startNode 0 /specific/disk1/home/mad/Galois-PQ/inputs/scalefree/rmat16p-2e27.gr
INFO: Hostname rack-mad-04
Read 134217728 nodes
Running Asynchronous with CAS version
INFO: Using delta-step of 256
WARNING: Performance varies considerably due to delta parameter.
WARNING: Do not expect the default to be good for your graph.
Node 1 has distance 0
STATTYPE,LOOP,CATEGORY,n,sum,T0,T1,T2,T3,T4,T5,T6,T7,T8,T9,T10,T11,T12,T13,T14,T15
STAT,(NULL),BadWork,16,362737482873,20204244705,23375770397,22782329285,22486849839,22877485453,22804955887,22774789860,22787543780,22690149361,22609829638,22954429859,22917993633,22894767467,23054999294,22776015941,22745328474
STAT,(NULL),BarrierTime,16,228973932,2800,14928120,15044298,14943447,15063688,15824576,16884894,15011941,15028009,15557559,16050745,14834530,15036933,14829372,14927130,15005890
STAT,(NULL),ConflictTime,16,0,0,0,0,0,0,0,0,0,0,0,0,0,0,0,0,0
STAT,(NULL),Conflicts,16,0,0,0,0,0,0,0,0,0,0,0,0,0,0,0,0,0
STAT,(NULL),EmptyPopTime,16,18409234,968306,65229,1543104,1168727,1077657,1161901,943757,1262798,1276326,1135365,1555054,1405658,1045663,1261747,1293388,1244554
STAT,(NULL),EmptyWork,16,38761383326,2462564906,2409503513,2373431631,2415966022,2398187785,2493878952,2432060242,2442487060,2482902851,2473058578,2403468093,2367323195,2392076831,2370552893,2427441754,2416479020
STAT,(NULL),GaloisTime,16,71065447573,5060980780,4350921292,4399312669,4386486934,4413340264,4442465743,4425906045,4409198776,4418813215,4441739377,4428726893,4397525067,4393297692,4345272793,4403834227,4347625806
STAT,(NULL),InitPushTime,16,1305787607,96158360,81145830,80975513,81015267,80875702,80117555,79027432,80877751,80866217,80301469,79806857,81023496,80822247,81028467,80930295,80815149
STAT,(NULL),Iterations,16,216581543,12050205,13513529,13639606,13594005,13658666,13750629,13708975,13680166,13680134,13719903,13724795,13653462,13613154,13481145,13673291,13439878
STAT,(NULL),LoopTime,16,156435653511,156435653511,0,0,0,0,0,0,0,0,0,0,0,0,0,0,0
STAT,(NULL),MeminfoPost,16,12304,769,769,769,769,769,769,769,769,769,769,769,769,769,769,769,769
STAT,(NULL),MeminfoPre,16,12304,769,769,769,769,769,769,769,769,769,769,769,769,769,769,769,769
STAT,(NULL),NumaPost,16,6836513,6434903,133566,134507,133537,0,0,0,0,0,0,0,0,0,0,0,0
STAT,(NULL),PopTime,16,286477392675,20248370844,17578427654,17758248934,17696943321,17771874144,17874962061,17835458507,17818307850,17807218434,17843392792,17848734288,17755291014,17707225380,17562509297,17811779018,17558649137
STAT,(NULL),PushTime,16,90878449945,6367979170,5686706418,5623542930,5694796232,5620944893,5599826559,5618179123,5618045253,5621376015,5615708315,5637642598,5638348674,5659307820,5675591218,5567156324,5633298403
STAT,(NULL),RusageSys,16,4000,4000,0,0,0,0,0,0,0,0,0,0,0,0,0,0,0
STAT,(NULL),RusageUser,16,1099988000,1099988000,0,0,0,0,0,0,0,0,0,0,0,0,0,0,0
STAT,(NULL),Threads,16,16,16,0,0,0,0,0,0,0,0,0,0,0,0,0,0,0
STAT,(NULL),Time,16,156449184251,156449184251,0,0,0,0,0,0,0,0,0,0,0,0,0,0,0
STAT,(NULL),TotalTime,16,346660163488,346660163488,0,0,0,0,0,0,0,0,0,0,0,0,0,0,0
STAT,(NULL),UserTime,16,1928318965510,116829138362,120944379114,120813923333,120774641025,120764578917,120557707941,120657456329,120680700294,120638415323,120594968854,120649875897,120810109885,120817049996,121014814978,120758497939,121012707323
STAT,(NULL),Work,16,2415521327760,150970089543,150970082818,150970082900,150970082348,150970082475,150970082259,150970083215,150970082092,150970082217,150970082162,150970082660,150970082281,150970082936,150970082682,150970082278,150970082894
STAT,(NULL),nBad,16,485024706,26925822,31242695,30464061,30019222,30617573,30539827,30448721,30459712,30338982,30225975,30682352,30673744,30592973,30916977,30446423,30429647
STAT,(NULL),nEmpty,16,102681120,5656460,6389667,6467848,6424248,6484622,6533968,6516053,6495686,6493649,6519999,6518221,6477959,6460296,6367622,6506882,6367940
STAT,(NULL),nEmptyPop,16,10966,356,32,951,709,640,702,541,780,784,683,969,879,617,775,793,755
STAT,(NULL),nOverall,16,2627274090,144076729,165772447,165596106,166190344,165812073,165700503,165284568,165386258,165614006,165828684,165576524,165509205,165425078,166372357,164295020,164834188
STAT,(NULL),nPop,16,216581543,12050205,13513529,13639606,13594005,13658666,13750629,13708975,13680166,13680134,13719903,13724795,13653462,13613154,13481145,13673291,13439878
STAT,(NULL),nPush,16,214255665,11455777,13650204,13500724,13637115,13520163,13459363,13512389,13506842,13497782,13477820,13495023,13557273,13588952,13610512,13343900,13441826
STAT,(NULL),nPushInit,16,2325878,144700,145565,145282,145370,145415,145538,145130,145356,145424,145379,145548,145661,145290,145641,145455,145124
STAT,(NULL),qPopEmpty,16,27986,1071,98,2354,1815,1676,1800,1476,1958,1963,1762,2399,2154,1629,1946,1981,1904
STAT,(NULL),qPopEmptyCyc,16,7210454,264922,29743,615781,464042,431850,463622,382958,497762,506834,451761,609844,556686,417317,500739,516160,500433
STAT,(NULL),qPopFast,16,213197427,11861917,13302378,13426485,13381598,13445248,13535774,13494771,13466411,13466380,13505526,13510344,13440125,13400447,13270501,13459644,13229878
STAT,(NULL),qPopFastCyc,16,128088305506,8993496196,7872974423,7953758075,7917144907,7950950714,7988548515,7976979724,7969618801,7972989759,7977995313,7979765492,7936903864,7907625604,7855660270,7972381007,7861512842
STAT,(NULL),qPopLocal,16,3384065,188283,211147,213118,212405,213415,214852,214201,213751,213751,214372,214449,213334,212704,210642,213644,209997
STAT,(NULL),qPopLocalCyc,16,9030979736,609306103,550314681,557408534,563091128,558758990,558597632,557738314,559673649,561102325,564166240,565582218,562176833,562450811,556692626,571309111,572610541
STAT,(NULL),qPopRemote,16,51,5,4,3,2,3,3,3,4,3,5,2,3,3,2,3,3
STAT,(NULL),qPopRemoteCyc,16,106727,9883,7849,8029,4058,6030,6504,6354,8518,5817,10317,4161,6557,5854,3972,6048,6776
==== BENCHMARK TOOK 159.606
