==== BENCHMARK START ===
==== PARAMS kernel=4.9.5-64-net1 malloc=libc hostname=rack-mad-04 threads=88 delta=8 prog=sssp-klsm256  ===
ERROR: ld.so: object '/specific/disk1/home/adamx/malloc/lib64/libjemalloc.so' from LD_PRELOAD cannot be preloaded (cannot open shared object file): ignored.
Galois Benchmark Suite v2.2.1 (r0)
Copyright (C) 2014 The University of Texas at Austin
http://iss.ices.utexas.edu/galois/

application: Single Source Shortest Path
Computes the shortest path from a source node to all nodes in a directed graph using a modified chaotic iteration algorithm
http://iss.ices.utexas.edu/?p=projects/galois/benchmarks/single_source_shortest_path

INFO: CommandLine ./build/debug/apps/sssp/sssp -noverify -t 88 -delta 8 -wl klsm256 -startNode 0 /specific/disk1/home/mad/Galois-PQ/inputs/ljournal-2008.gr
INFO: Hostname rack-mad-04
Read 5363260 nodes
Running Asynchronous with CAS version
INFO: Using delta-step of 1
WARNING: Performance varies considerably due to delta parameter.
WARNING: Do not expect the default to be good for your graph.
Node 1 has distance 126
STATTYPE,LOOP,CATEGORY,n,sum,T0,T1,T2,T3,T4,T5,T6,T7,T8,T9,T10,T11,T12,T13,T14,T15,T16,T17,T18,T19,T20,T21,T22,T23,T24,T25,T26,T27,T28,T29,T30,T31,T32,T33,T34,T35,T36,T37,T38,T39,T40,T41,T42,T43,T44,T45,T46,T47,T48,T49,T50,T51,T52,T53,T54,T55,T56,T57,T58,T59,T60,T61,T62,T63,T64,T65,T66,T67,T68,T69,T70,T71,T72,T73,T74,T75,T76,T77,T78,T79,T80,T81,T82,T83,T84,T85,T86,T87
STAT,(NULL),BadWork,88,41030571,320864,355603,221803,616925,82358,661577,328748,172685,604959,390711,775290,1001307,1062926,1098494,599070,365278,427386,1065857,369028,604191,193515,751546,15774,177651,26416,943570,383116,1257627,94760,235880,1092742,366248,389501,1694302,378958,797680,294147,16732,35236,833243,1008567,1988664,92276,21838,219752,73140,335565,823273,280875,440715,0,204957,643800,32111,655216,695418,465556,375215,264023,158691,267448,295736,63468,1845596,9595,112398,44669,54566,55548,822107,625944,1058963,79684,97630,347426,220361,522894,1209744,36132,310480,146341,68494,50145,961320,463305,1088267,268074,20880
STAT,(NULL),BarrierTime,88,50291810,809116,1103569,1166012,1122144,1121880,603398,1081735,1032513,1032216,1034385,1031704,992489,993650,510933,939202,889978,935462,937752,449305,937395,935336,880739,532147,246679,760651,281158,759526,760244,244358,702439,759910,759931,760589,760010,291983,759939,245835,249016,246459,760649,283496,284379,245498,245345,198126,197713,646754,727354,729434,732532,658015,198984,257429,731155,729134,252874,729234,731807,204675,731847,636434,728679,731038,163977,128868,695470,466186,533260,534800,63277,533710,55131,58329,24099,466336,534042,68427,534238,533430,23252,534482,533941,60138,65319,533900,532822,534069,45935
STAT,(NULL),ConflictTime,88,0,0,0,0,0,0,0,0,0,0,0,0,0,0,0,0,0,0,0,0,0,0,0,0,0,0,0,0,0,0,0,0,0,0,0,0,0,0,0,0,0,0,0,0,0,0,0,0,0,0,0,0,0,0,0,0,0,0,0,0,0,0,0,0,0,0,0,0,0,0,0,0,0,0,0,0,0,0,0,0,0,0,0,0,0,0,0,0,0
STAT,(NULL),Conflicts,88,0,0,0,0,0,0,0,0,0,0,0,0,0,0,0,0,0,0,0,0,0,0,0,0,0,0,0,0,0,0,0,0,0,0,0,0,0,0,0,0,0,0,0,0,0,0,0,0,0,0,0,0,0,0,0,0,0,0,0,0,0,0,0,0,0,0,0,0,0,0,0,0,0,0,0,0,0,0,0,0,0,0,0,0,0,0,0,0,0
STAT,(NULL),EmptyPopTime,88,489943381310,20676648059,13771621844,13017488815,587691658,3279370476,1112768298,13061347857,10209155587,4349356502,352109825,3266634229,1303613997,3229064471,701751523,17452167216,12567237589,26337541487,184422360,1156651973,4627937368,11082269617,25998004273,9271187412,1926094563,10791530924,1487363533,180162929,280205755,1769935416,6055881515,594926133,1119187562,652728604,867049416,422431297,1405958062,735699163,6220978813,8241692204,1144645674,157240177,215206694,7865108800,14291659898,8602089246,17913462157,2894421114,239738679,20397821516,319918029,9334405256,16358484466,1596932892,286801341,3795128110,362044747,5763926372,437200228,4541269120,26504315934,10678515001,148647010,2692399798,502175451,6614056512,14057911067,5860273716,280238637,8702525072,26464814,432809524,793502704,6539195668,763797018,772402802,728965211,819911655,828149329,27228211,839470798,2239262645,26094484267,3035306249,305753424,720831028,1714261343,4525445614,5829707967
STAT,(NULL),EmptyWork,88,1797850799,5046935,11490005,10930118,28344095,16966069,31679556,11038672,12724093,11804789,18389981,17266751,25523829,15354157,40597124,10342243,10076515,10463329,21620813,26768792,11710560,8505866,11533480,10594364,10123909,10522902,38556933,28106630,47619281,9882890,9088969,43949063,25053452,35370798,44560784,35809665,46117514,9266253,8797293,8344796,37069485,35345260,59573658,8689286,9130651,9758661,9050029,8511354,20944981,16236938,29825751,8761402,9867162,29526957,14059322,17754455,33912726,16545539,28784527,8548283,7837800,6850852,24066019,18903072,43541504,7873810,7448059,9635868,7793381,9285902,33452323,19017541,39897392,9075010,8896520,44741580,16430194,32432858,42685963,20398768,39304018,7511938,8431077,6505894,33005309,22672401,54280540,7102696,6932815
STAT,(NULL),GaloisTime,88,4942558921,14513775,23904563,24022805,73600345,33972029,93825406,21772068,23534175,25952570,39311987,40501318,62146201,32471021,127421499,21115363,19587774,21028645,46662827,67202622,23451591,18668969,21133181,20380034,18725904,21885031,117965823,71271641,157552144,18479370,19087194,137492519,66226259,112631139,148786859,104158324,152092037,17969537,17304777,16417414,127327370,107063581,201359516,17730996,16911745,18663078,18175000,16805986,53467931,34192457,80571530,17966509,19604621,82336619,30266318,45655108,96368613,35153206,76965257,16203051,16110341,14989445,54094921,45374213,135891996,15656054,15165411,18950168,16452313,19724047,107417569,53147304,139749173,17952840,17129654,147697915,35960998,98674818,151632874,52301265,137453548,15907219,16160739,14401080,104518994,62206677,181767177,14877793,14177143
STAT,(NULL),InitPushTime,88,6633752,5024,93316,45276,42592,42764,42268,42996,42744,42356,41476,41444,41776,41356,40504,42032,41684,41408,41156,40384,40468,40888,40200,138790,138609,112491,111676,111065,138582,112425,111087,112840,37224,36776,36604,36208,37692,37136,37800,37056,35388,35504,35276,36076,35812,148324,80198,80505,78570,79046,53270,54200,53005,51832,51971,51928,77741,77528,50519,51106,51032,50365,48767,48517,47770,48701,48986,126054,125692,126066,124763,125448,125165,125130,125444,125346,125892,124826,124920,125298,125048,124618,124694,124626,125302,124947,124823,124360,125180
STAT,(NULL),Iterations,88,9383775,23661,65482,64363,144800,89336,164622,60003,65731,69693,97742,95519,126168,81097,214258,58016,52743,58744,111734,135355,63707,52288,58134,54187,51032,58021,195405,137955,243756,50935,53264,218674,132527,187740,234095,178545,235487,50765,47296,44695,203407,180064,307193,50216,46714,51756,49258,46166,107564,84475,145955,47344,53954,148777,76027,95655,165056,84266,142042,43516,42821,40093,118049,97866,215239,41176,41964,52142,43713,53013,175955,104112,217889,48245,44937,229758,83014,165028,227792,103282,214375,44155,44224,39163,169426,119248,271760,40327,38029
STAT,(NULL),LoopTime,88,356544636484,356544636484,0,0,0,0,0,0,0,0,0,0,0,0,0,0,0,0,0,0,0,0,0,0,0,0,0,0,0,0,0,0,0,0,0,0,0,0,0,0,0,0,0,0,0,0,0,0,0,0,0,0,0,0,0,0,0,0,0,0,0,0,0,0,0,0,0,0,0,0,0,0,0,0,0,0,0,0,0,0,0,0,0,0,0,0,0,0,0
STAT,(NULL),MeminfoPost,88,704,8,8,8,8,8,8,8,8,8,8,8,8,8,8,8,8,8,8,8,8,8,8,8,8,8,8,8,8,8,8,8,8,8,8,8,8,8,8,8,8,8,8,8,8,8,8,8,8,8,8,8,8,8,8,8,8,8,8,8,8,8,8,8,8,8,8,8,8,8,8,8,8,8,8,8,8,8,8,8,8,8,8,8,8,8,8,8,8
STAT,(NULL),MeminfoPre,88,704,8,8,8,8,8,8,8,8,8,8,8,8,8,8,8,8,8,8,8,8,8,8,8,8,8,8,8,8,8,8,8,8,8,8,8,8,8,8,8,8,8,8,8,8,8,8,8,8,8,8,8,8,8,8,8,8,8,8,8,8,8,8,8,8,8,8,8,8,8,8,8,8,8,8,8,8,8,8,8,8,8,8,8,8,8,8,8,8
STAT,(NULL),NumaPost,88,70924,15618,22945,12541,19820,0,0,0,0,0,0,0,0,0,0,0,0,0,0,0,0,0,0,0,0,0,0,0,0,0,0,0,0,0,0,0,0,0,0,0,0,0,0,0,0,0,0,0,0,0,0,0,0,0,0,0,0,0,0,0,0,0,0,0,0,0,0,0,0,0,0,0,0,0,0,0,0,0,0,0,0,0,0,0,0,0,0,0,0
STAT,(NULL),PopTime,88,8973265338247,111365126122,100465788056,91610192116,77450437121,38448421551,112597020854,94873880426,86354947728,119236231163,31759984131,39075791554,61671947195,44649157451,151822574741,82174280513,121318653254,83039500795,35765157329,63928239346,91876406407,84574611523,77557451451,91272208826,87629843744,93523538972,144088590085,80212921425,172988285768,101550029711,100833575049,160460703177,74587165606,140869641415,169962559178,126992508675,172872095845,121837622253,107428184441,119714983670,158472184461,130248578492,187795841022,93422505916,99349954715,122312311078,100900418370,123932216698,62813874500,31484808348,110715315273,95069301975,81572202223,103423942704,68963283766,54048018501,131975714743,47581976896,96414511995,76460821139,71151553290,117900445728,61063497214,51748777156,168974880535,108096080833,107686036402,82165070897,86254870233,84194933705,142523172395,54435553606,163451013282,95300768905,114697562180,170054146376,31008454001,127859294414,170321660848,55852264620,167650974628,107185224436,87108900426,98578866867,138124000043,76973780372,182386309995,89726743922,115392459456
STAT,(NULL),PushTime,88,21854730296246,224328888637,242088621694,251687864821,277625531820,314501716668,241660246687,248409073413,259774162396,232728511636,324043689983,313789779227,292833675948,308357941642,202354216366,256727896557,222477545864,246978162771,320100586014,290664302017,259827532226,260717365914,252789242235,255828865285,266830509062,252043380236,209541721221,275352942383,181276822335,253055893720,249489499589,193748131087,280107696361,213632029959,183812335860,227867286578,180317069588,233816683190,242753072811,228445811244,195302706455,224815329290,165877207161,255107097705,242760367754,225469445631,237571494660,229563881125,292910241912,304334466547,244514092603,251985699507,258442388676,250523979623,287012081742,298185180853,222961477594,302849047220,258764770989,275399627140,258745773824,227829590746,294733162249,301608939140,185300649226,241706814608,234665392796,268356895471,269867347587,263477786405,212643070148,301082618223,190512759348,254552982400,240933751314,183840641958,324431197642,226660528021,183436737237,300063486063,186273515930,246977943741,243203731431,254802400943,216796870556,278128780711,170002336189,262160403450,235197299657
STAT,(NULL),RusageSys,88,205132000,205132000,0,0,0,0,0,0,0,0,0,0,0,0,0,0,0,0,0,0,0,0,0,0,0,0,0,0,0,0,0,0,0,0,0,0,0,0,0,0,0,0,0,0,0,0,0,0,0,0,0,0,0,0,0,0,0,0,0,0,0,0,0,0,0,0,0,0,0,0,0,0,0,0,0,0,0,0,0,0,0,0,0,0,0,0,0,0,0
STAT,(NULL),RusageUser,88,14063876000,14063876000,0,0,0,0,0,0,0,0,0,0,0,0,0,0,0,0,0,0,0,0,0,0,0,0,0,0,0,0,0,0,0,0,0,0,0,0,0,0,0,0,0,0,0,0,0,0,0,0,0,0,0,0,0,0,0,0,0,0,0,0,0,0,0,0,0,0,0,0,0,0,0,0,0,0,0,0,0,0,0,0,0,0,0,0,0,0,0
STAT,(NULL),Threads,88,88,88,0,0,0,0,0,0,0,0,0,0,0,0,0,0,0,0,0,0,0,0,0,0,0,0,0,0,0,0,0,0,0,0,0,0,0,0,0,0,0,0,0,0,0,0,0,0,0,0,0,0,0,0,0,0,0,0,0,0,0,0,0,0,0,0,0,0,0,0,0,0,0,0,0,0,0,0,0,0,0,0,0,0,0,0,0,0,0
STAT,(NULL),Time,88,360294871580,360294871580,0,0,0,0,0,0,0,0,0,0,0,0,0,0,0,0,0,0,0,0,0,0,0,0,0,0,0,0,0,0,0,0,0,0,0,0,0,0,0,0,0,0,0,0,0,0,0,0,0,0,0,0,0,0,0,0,0,0,0,0,0,0,0,0,0,0,0,0,0,0,0,0,0,0,0,0,0,0,0,0,0,0,0,0,0,0,0
STAT,(NULL),TotalTime,88,366717062072,366717062072,0,0,0,0,0,0,0,0,0,0,0,0,0,0,0,0,0,0,0,0,0,0,0,0,0,0,0,0,0,0,0,0,0,0,0,0,0,0,0,0,0,0,0,0,0,0,0,0,0,0,0,0,0,0,0,0,0,0,0,0,0,0,0,0,0,0,0,0,0,0,0,0,0,0,0,0,0,0,0,0,0,0,0,0,0,0,0
STAT,(NULL),UserTime,88,49148298443,130541044,159341124,170270472,755162036,240319209,1025224987,143653651,146243027,168912224,307281580,330792582,623861328,236776702,1474204503,134967293,127666464,134069787,402320848,677602535,153729628,119345698,143404250,117534135,105474753,129913773,1246574193,675366558,1770285917,116550513,113639436,1535569134,615442522,1218369297,1685477583,1098577894,1727439228,103531522,92433842,93521827,1436837130,1157215114,2371584152,99639205,92747362,108501141,108168557,104932819,482501468,253242990,861045289,104634336,118222360,864050204,214276816,429032534,1091250906,274119295,798536171,94300914,95178232,90376883,497302008,406376294,1563630944,80287474,88816123,109943610,94068405,116514970,1187193226,497624702,1583848950,100795659,99633548,1661139412,299762368,1049928188,1739904235,505091365,1580050761,94920613,89062354,83289147,1156622648,612498931,2181815458,86196850,80193223
STAT,(NULL),Work,88,31373853325219,356521363252,356520937652,356520885931,356520881837,356520881088,356521363793,356520880894,356520884278,356520885712,356520882528,356520880420,356520885545,356520881805,356521365193,356520940553,356520934428,356520882632,356520885027,356521375202,356520885053,356520882336,356520942901,356521110277,356521397401,356520877461,356521360030,356520876112,356520875819,356521398347,356520942118,356520875888,356520877377,356520875934,356520875557,356521352273,356520877613,356521398480,356521394369,356521395612,356520877578,356521357947,356521357750,356521398315,356521398644,356521393137,356521393086,356520944514,356520861343,356520858092,356520855107,356520932917,356521393051,356520858881,356520854328,356520859182,356521337065,356520857703,356520854033,356521385984,356520856708,356520954841,356520859113,356520852964,356521393327,356521391652,356520852399,356520948113,356520875088,356520876157,356521350554,356520876505,356521358512,356521356065,356521389919,356520948371,356520874951,356521346305,356520874984,356520875701,356521391231,356520874825,356520874188,356521352162,356521350157,356520877271,356520874860,356520873777,356521367134
STAT,(NULL),nBad,88,50708,270,398,344,706,120,791,426,285,741,458,804,1246,1248,1147,912,493,587,1044,441,704,253,1948,56,355,29,1157,579,1264,99,493,1672,384,405,1639,499,988,397,46,134,878,900,2132,294,49,229,96,446,946,241,578,0,280,887,39,616,783,502,374,432,163,260,306,58,2868,16,122,109,76,161,998,668,1204,77,138,370,267,649,1384,105,363,216,181,169,1192,550,1309,411,54
STAT,(NULL),nEmpty,88,4566649,12347,37702,36864,72254,51130,76540,35134,38507,41045,55340,51764,63742,45825,95810,34051,30308,34506,61594,68937,36715,30840,33599,30571,29107,32869,86318,66504,102226,28892,30387,93144,66547,83322,98767,81084,97991,29114,27199,25153,87268,80523,125366,28991,26903,29945,28173,26183,54808,46564,68435,27341,31207,70254,42629,49037,75317,46182,68215,24655,24560,22662,61776,51206,92265,23519,24228,30115,25235,30693,77152,52354,92294,27391,25645,97296,44489,73709,94888,51693,90326,25249,25719,22330,74340,59076,109558,23479,21657
STAT,(NULL),nEmptyPop,88,58747,311,1085,781,485,622,586,1407,643,463,485,491,846,485,584,403,594,694,483,404,596,883,545,574,505,864,556,536,442,620,744,507,493,593,738,510,909,943,878,935,577,565,628,844,550,429,1519,732,1210,401,550,1512,534,594,353,1267,659,611,413,387,554,1279,658,420,480,682,479,515,561,1810,382,464,392,1637,679,436,627,790,465,530,735,781,495,761,583,472,383,422,717
STAT,(NULL),nOverall,88,77930466,180006,175429,197835,1150299,294319,1608465,161096,159325,193766,402596,443398,934891,295525,2344962,143402,139225,139410,552715,1018596,168946,122588,154106,133226,116781,151638,2101793,1082930,3036716,132643,127671,2645067,975714,2057708,2894558,1841151,2967403,110184,97176,100123,2452653,1954284,4069282,104142,94307,115827,117578,117514,725919,335061,1375038,116198,129494,1376150,273234,641579,1752799,372488,1272448,102484,104046,96705,736113,606020,2552498,82704,94708,117040,104596,128042,2002340,776379,2681135,109430,112480,2816502,437079,1744658,2966349,801639,2683478,102161,92160,88062,1944306,981611,3736506,92607,87251
STAT,(NULL),nPop,88,9383775,23661,65482,64363,144800,89336,164622,60003,65731,69693,97742,95519,126168,81097,214258,58016,52743,58744,111734,135355,63707,52288,58134,54187,51032,58021,195405,137955,243756,50935,53264,218674,132527,187740,234095,178545,235487,50765,47296,44695,203407,180064,307193,50216,46714,51756,49258,46166,107564,84475,145955,47344,53954,148777,76027,95655,165056,84266,142042,43516,42821,40093,118049,97866,215239,41176,41964,52142,43713,53013,175955,104112,217889,48245,44937,229758,83014,165028,227792,103282,214375,44155,44224,39163,169426,119248,271760,40327,38029
STAT,(NULL),nPush,88,9383774,48970,27897,33333,148402,44577,202709,26172,23887,29071,62871,64247,126748,47241,282114,20902,21043,21926,81110,136646,26782,19651,25739,13389,11684,14825,243299,128130,353578,14330,13055,303115,113759,236341,336301,214183,345701,11504,9641,10577,286806,229917,471294,10076,9979,12059,12317,13015,94324,44938,166410,12678,13440,169557,35803,86092,218086,48078,155566,10913,10029,10270,95963,75544,300521,8767,10008,12935,11739,15059,232968,94018,313302,11982,12246,322972,53693,204139,343984,96021,313295,11721,10182,9846,228228,123601,434040,10137,9766
STAT,(NULL),nPushInit,88,1,0,1,0,0,0,0,0,0,0,0,0,0,0,0,0,0,0,0,0,0,0,0,0,0,0,0,0,0,0,0,0,0,0,0,0,0,0,0,0,0,0,0,0,0,0,0,0,0,0,0,0,0,0,0,0,0,0,0,0,0,0,0,0,0,0,0,0,0,0,0,0,0,0,0,0,0,0,0,0,0,0,0,0,0,0,0,0,0
==== BENCHMARK TOOK 167.768
