==== BENCHMARK START ===
==== PARAMS kernel=4.9.5-64-net1 malloc=libc hostname=rack-mad-04 threads=176 delta=8 prog=sssp-klsm128  ===
ERROR: ld.so: object '/specific/disk1/home/adamx/malloc/lib64/libjemalloc.so' from LD_PRELOAD cannot be preloaded (cannot open shared object file): ignored.
Galois Benchmark Suite v2.2.1 (r0)
Copyright (C) 2014 The University of Texas at Austin
http://iss.ices.utexas.edu/galois/

application: Single Source Shortest Path
Computes the shortest path from a source node to all nodes in a directed graph using a modified chaotic iteration algorithm
http://iss.ices.utexas.edu/?p=projects/galois/benchmarks/single_source_shortest_path

INFO: CommandLine ./build/debug/apps/sssp/sssp -noverify -t 176 -delta 8 -wl klsm128 -startNode 0 /specific/disk1/home/mad/Galois-PQ/inputs/random/r4-2e24.gr
INFO: Hostname rack-mad-04
Read 16777216 nodes
Running Asynchronous with CAS version
INFO: Using delta-step of 1
WARNING: Performance varies considerably due to delta parameter.
WARNING: Do not expect the default to be good for your graph.
INVALID RUN?  Loop (null) 12.747% system time
Node 1 has distance 8445
STATTYPE,LOOP,CATEGORY,n,sum,T0,T1,T2,T3,T4,T5,T6,T7,T8,T9,T10,T11,T12,T13,T14,T15,T16,T17,T18,T19,T20,T21,T22,T23,T24,T25,T26,T27,T28,T29,T30,T31,T32,T33,T34,T35,T36,T37,T38,T39,T40,T41,T42,T43,T44,T45,T46,T47,T48,T49,T50,T51,T52,T53,T54,T55,T56,T57,T58,T59,T60,T61,T62,T63,T64,T65,T66,T67,T68,T69,T70,T71,T72,T73,T74,T75,T76,T77,T78,T79,T80,T81,T82,T83,T84,T85,T86,T87,T88,T89,T90,T91,T92,T93,T94,T95,T96,T97,T98,T99,T100,T101,T102,T103,T104,T105,T106,T107,T108,T109,T110,T111,T112,T113,T114,T115,T116,T117,T118,T119,T120,T121,T122,T123,T124,T125,T126,T127,T128,T129,T130,T131,T132,T133,T134,T135,T136,T137,T138,T139,T140,T141,T142,T143,T144,T145,T146,T147,T148,T149,T150,T151,T152,T153,T154,T155,T156,T157,T158,T159,T160,T161,T162,T163,T164,T165,T166,T167,T168,T169,T170,T171,T172,T173,T174,T175
STAT,(NULL),BadWork,176,7507877,179257,61069,45205,47092,39205,32726,35539,44313,9179,43581,81970,12320,45915,32202,58481,22075,34882,46572,97203,17883,12845,66876,39404,27532,6606,128821,32354,39502,24916,26953,29288,63438,63200,40709,52024,45697,21872,17639,23542,46464,39512,75592,16292,15120,51029,2740,118058,53467,121771,36688,21316,9589,45050,34136,32343,55321,38951,39761,7091,9780,25982,49742,19065,15570,43547,4179,23140,19964,4746,4743,37748,55323,15327,27636,59479,37196,48963,35868,23355,74834,61741,27973,34558,30855,48874,36154,44143,21342,112364,51658,21830,33889,73464,59805,40598,16046,72069,32217,79156,39965,32075,73252,37134,28226,53851,65490,55559,24741,26977,14528,31260,56918,54382,33541,93534,46468,36243,43345,80299,51519,52994,112206,54517,62234,37339,82619,63661,30445,61421,54705,49793,15328,95084,6885,23238,25966,42671,72003,20805,57400,58880,63943,59515,29290,36250,40022,31355,36450,15555,51026,35605,17342,18517,17697,34873,18713,41830,56478,39399,18729,17260,9425,63621,18361,22625,76434,88248,58749,45035,8836,14371,32975,42831,54238,53666,34011
STAT,(NULL),BarrierTime,176,162939836,1820140,1793043,1712553,715717,1664580,1681965,1664177,1606917,514709,1569644,585680,1609705,1547850,595031,480316,1526123,558008,1452731,1451230,487090,486582,369648,1308256,1307645,1307485,337626,354480,352720,1306814,1306691,352990,333314,334803,335242,357760,254256,1199886,1217625,1219137,234717,243132,275455,1226046,1228140,1212944,1211113,1224149,1236084,313635,1232485,1227746,1209578,1212115,1210484,1228695,1241250,280286,1240689,1234263,1235224,1235069,323061,1240098,1216904,268993,1233318,1133330,167073,1133013,1131951,1132812,197011,1122841,1125516,150241,1124291,144345,1125730,1125690,146299,165167,1123474,1123879,1125141,1123930,1124847,174471,157754,943512,1286733,1289285,324696,1290120,1292189,1294038,1341520,289271,420106,1334602,1343633,1343335,369924,257613,1297484,1298568,1299184,1297472,1298974,1295666,217045,1203102,1224487,1221872,261806,249759,269038,1222945,1222496,249932,322072,251695,253267,332798,266667,1205269,1217717,1219091,205337,204439,257798,1200041,1213189,1226569,1227221,1224146,1240029,1237899,1232597,1227645,1235662,1238462,1220922,1228673,1094422,1094826,133426,1094796,1095591,1095242,1096653,1096264,1096671,1096695,1097464,1133127,1133082,167755,215015,1089079,204940,1133186,165419,217998,823300,1132943,1132957,1133213,158856,1132290,1133215,1132724,1133158,1131552,210890,1127295,1131532
STAT,(NULL),ConflictTime,176,0,0,0,0,0,0,0,0,0,0,0,0,0,0,0,0,0,0,0,0,0,0,0,0,0,0,0,0,0,0,0,0,0,0,0,0,0,0,0,0,0,0,0,0,0,0,0,0,0,0,0,0,0,0,0,0,0,0,0,0,0,0,0,0,0,0,0,0,0,0,0,0,0,0,0,0,0,0,0,0,0,0,0,0,0,0,0,0,0,0,0,0,0,0,0,0,0,0,0,0,0,0,0,0,0,0,0,0,0,0,0,0,0,0,0,0,0,0,0,0,0,0,0,0,0,0,0,0,0,0,0,0,0,0,0,0,0,0,0,0,0,0,0,0,0,0,0,0,0,0,0,0,0,0,0,0,0,0,0,0,0,0,0,0,0,0,0,0,0,0,0,0,0,0,0,0,0
STAT,(NULL),Conflicts,176,0,0,0,0,0,0,0,0,0,0,0,0,0,0,0,0,0,0,0,0,0,0,0,0,0,0,0,0,0,0,0,0,0,0,0,0,0,0,0,0,0,0,0,0,0,0,0,0,0,0,0,0,0,0,0,0,0,0,0,0,0,0,0,0,0,0,0,0,0,0,0,0,0,0,0,0,0,0,0,0,0,0,0,0,0,0,0,0,0,0,0,0,0,0,0,0,0,0,0,0,0,0,0,0,0,0,0,0,0,0,0,0,0,0,0,0,0,0,0,0,0,0,0,0,0,0,0,0,0,0,0,0,0,0,0,0,0,0,0,0,0,0,0,0,0,0,0,0,0,0,0,0,0,0,0,0,0,0,0,0,0,0,0,0,0,0,0,0,0,0,0,0,0,0,0,0,0
STAT,(NULL),EmptyPopTime,176,137358197058,559864858,731868685,672346287,626334755,707071029,1157548009,707841439,675914879,1247466511,670466603,685143403,699031041,1148834592,740442794,710108915,681329666,1253171507,743897973,681348477,696431773,1200812639,1218607829,800353227,768061980,809046148,864060005,666975754,807714218,717856328,806376003,685322120,724775441,779297006,761993510,857619914,755104650,776821105,839873166,777062719,696395285,802465598,733134387,828257000,789838000,842855012,684235212,845321639,717781633,702305924,729305057,850502236,721618397,729199247,935232972,708551919,771932108,693445240,740488403,882250454,840890290,753850068,783917717,666355752,875892619,1416450076,767885660,918126036,769554584,688050487,816099860,712773548,817078293,739042434,845068318,728309818,688663602,870562672,839887063,700250704,839900623,845379114,780427992,738202973,748909587,650473989,897222300,804409244,763119550,641860065,761445633,683345861,692306441,718394647,1183063407,622582111,690796235,1185611715,696500746,652601028,681620349,1174827848,649177468,506351049,665494060,610369501,751068296,682227650,744097056,768511254,1216429500,790449537,715268074,788142855,764091102,808257096,660140344,801913427,865368296,765960479,813830349,719787768,793319380,726112230,662411868,809394496,873483866,826756388,797964140,800122690,823191006,763238163,831019588,790566249,716497837,693552064,698568105,805587151,737515556,783228111,785271848,694659076,708043949,673422780,737377844,774418377,717698108,797701627,797287589,934308182,740982929,735712595,693241640,799763859,841950279,714168972,659437736,761718532,777354514,674611503,821615748,753234037,775888935,701809090,697915172,740033383,803073261,759625058,712064944,707469583,790752346,837277044,705905711,711876557,630173172,831055628,828807661
STAT,(NULL),EmptyWork,176,4207440176,26968633,23511931,18149466,25867292,25683044,23782820,23633409,20741495,19414079,25436381,24625701,26156634,22097798,27008992,19604862,22424027,20659797,25756288,25457590,22237353,19729261,19777702,24791766,22930287,23832873,28547401,21137847,30403430,22048836,23021697,29076601,26890842,27740704,29537014,27701065,29240979,22757030,22999283,16898678,21284522,27476093,30983970,22130951,22385234,22148631,20822439,21057302,26396719,23017036,26122233,20161755,21249752,26306022,22993904,25010897,25276096,23865658,25031126,20182146,20929598,19132731,23938474,24846375,23235132,18356574,20593724,23687028,22773198,22601101,26996426,26248903,27284784,22059793,21321956,27531627,23655661,26803445,25856744,24384043,26254150,19962087,21305741,21399013,24430629,24124420,29000508,20301594,20607230,28331763,22127869,22238747,26310769,24809311,24016263,17579635,22386846,20475954,24847075,24896253,25921175,22524843,26829820,14263334,15522418,22043436,24998346,25433171,22026500,21142150,20285388,25613618,23100097,23474242,27969049,28850090,29922731,22437455,24007875,30031922,26556504,27997169,30029756,27778148,29604429,23050787,22533274,23073384,28639810,27148814,30986591,23239627,22460949,22682510,20620542,22642818,25968366,23099648,25596378,20175368,20936632,26316816,22931333,25258266,25460686,25874584,25110177,20211241,20382353,19494478,24783709,24884134,23687451,19859925,21115764,23312868,21645254,22227159,26884242,25569483,27103436,21610183,21317185,27261291,24793795,27017807,26209226,24529131,27581025,20616888,20363550,20677106,25708184,25417589,29306781,21175707,20695657
STAT,(NULL),GaloisTime,176,35804041295,304865217,186561951,181351980,233598030,198655024,209162944,203692628,183269373,165153021,214295569,217076526,215746372,190292009,240040513,163560272,169946289,166714282,214560883,219881383,177090369,156928248,152827899,199489360,181083102,188538890,232594267,215596621,263677911,179713717,185824515,251587155,225281742,232954549,252057202,231513401,253333359,172307920,173480141,157396805,227019021,229709904,287750385,170892409,168707782,190691743,172684871,185323326,232090360,211688160,237185300,169165467,178135388,245727030,203296697,226220541,241572413,211060049,231787032,168485690,168435604,168572682,220954333,220382387,180279722,111186606,166596714,189680071,172327286,175530055,229849776,206779373,238662287,175336127,169054320,242005149,198422396,223054019,225693740,205084220,229374310,172013489,164981834,166378102,206718704,201904754,260481444,166562462,168487196,324231154,186670597,187986968,238043653,198567969,207162749,185128266,186200075,166940188,213109806,217927792,217400484,183765439,239775002,151927005,160085907,179764856,216031129,225801161,177064340,172237747,170229724,204542282,183970003,190050349,233420589,226118609,263911891,181479344,187310790,255553702,228742795,235158591,251581392,232381901,259183142,175771850,172861637,170205108,243983497,228471411,284849137,173382867,169778328,192365504,173549070,192004728,235754051,212865732,240986804,169697762,177139311,249719716,204997154,231209299,244626118,215676352,229432749,171083698,169333471,170683274,224381112,221215110,182991158,162828929,171550887,187529557,171018017,175942261,232646279,208985425,240387433,173318405,173914921,243219020,199534972,225698821,227955011,205451117,233522973,175596489,163544850,165806538,211242552,206435953,261746046,170508554,171498717
STAT,(NULL),InitPushTime,176,9548902,63000,11141,128794,36890,36444,36699,36623,36690,36171,35373,35240,35161,35130,34627,35813,35810,35242,44880,44261,44671,45162,44759,94460,118565,116482,94343,92818,92583,92693,92803,92363,61387,59297,59437,58799,100496,100738,140270,98788,83094,79596,80242,83541,82932,109333,109391,96104,130027,129829,130401,130372,104668,106392,94504,90787,65670,67349,64959,67086,66499,67877,65809,64174,46200,47931,46962,154253,175234,156532,175139,156090,54269,56681,53780,52035,53443,57858,57130,63545,57388,56763,51720,58232,58253,58417,57561,56979,58830,39870,50576,45966,49174,44562,49238,47232,53929,52145,54875,52084,53394,50014,52154,48889,42416,38829,42723,40726,42401,39087,41084,77445,85927,82545,85854,82757,47711,76816,48070,40158,44917,34936,44740,39842,46809,40311,44492,39314,58549,57402,58102,57948,58197,31489,30008,28938,29663,28300,26591,26298,29590,26561,25044,24435,22352,20746,20952,21326,20034,19096,18187,18480,17101,16874,16097,9504,8388,8584,15910,14781,8484,8800,6982,7058,6509,7456,8515,6493,4816,5389,8309,3860,4282,3790,3432,3772,4652
STAT,(NULL),Iterations,176,22449597,188441,115866,100950,147367,127241,137364,125490,107883,102073,136652,133765,137236,119352,152255,100256,106569,104639,136179,138134,109181,97354,97635,115404,116706,122486,154779,129097,173371,113525,116537,165626,147107,153671,166788,152672,167686,109089,109787,89440,135916,149856,189451,107035,107870,104946,104485,111423,147610,128447,148996,102194,106894,155775,123131,141327,152656,131186,144148,101081,102178,98694,135759,138343,113786,93362,99553,106903,107440,111196,148723,132333,155003,109122,105648,157652,125060,144848,144079,129228,147880,103224,102105,103104,130139,128828,170158,100616,102366,194101,112623,115035,150739,125433,139363,100360,113235,105426,134122,134268,138318,122496,150927,84226,85291,109154,133624,140627,108992,104015,102240,117670,117477,121712,153547,150512,173501,115454,120785,168478,147680,155067,167003,154303,170368,111423,108475,110756,159466,149561,188118,111048,109093,108366,104066,116481,148542,128826,149139,102419,105252,157392,124276,143949,153933,135784,144052,101264,99253,100403,139135,137516,116470,97828,103279,105438,106054,110199,148939,134040,154900,107309,106800,156319,128348,147070,145379,130483,149792,105993,98638,101102,134689,130397,169468,104432,102661
STAT,(NULL),LoopTime,176,78583110230,78583110230,0,0,0,0,0,0,0,0,0,0,0,0,0,0,0,0,0,0,0,0,0,0,0,0,0,0,0,0,0,0,0,0,0,0,0,0,0,0,0,0,0,0,0,0,0,0,0,0,0,0,0,0,0,0,0,0,0,0,0,0,0,0,0,0,0,0,0,0,0,0,0,0,0,0,0,0,0,0,0,0,0,0,0,0,0,0,0,0,0,0,0,0,0,0,0,0,0,0,0,0,0,0,0,0,0,0,0,0,0,0,0,0,0,0,0,0,0,0,0,0,0,0,0,0,0,0,0,0,0,0,0,0,0,0,0,0,0,0,0,0,0,0,0,0,0,0,0,0,0,0,0,0,0,0,0,0,0,0,0,0,0,0,0,0,0,0,0,0,0,0,0,0,0,0,0
STAT,(NULL),MeminfoPost,176,1760,10,10,10,10,10,10,10,10,10,10,10,10,10,10,10,10,10,10,10,10,10,10,10,10,10,10,10,10,10,10,10,10,10,10,10,10,10,10,10,10,10,10,10,10,10,10,10,10,10,10,10,10,10,10,10,10,10,10,10,10,10,10,10,10,10,10,10,10,10,10,10,10,10,10,10,10,10,10,10,10,10,10,10,10,10,10,10,10,10,10,10,10,10,10,10,10,10,10,10,10,10,10,10,10,10,10,10,10,10,10,10,10,10,10,10,10,10,10,10,10,10,10,10,10,10,10,10,10,10,10,10,10,10,10,10,10,10,10,10,10,10,10,10,10,10,10,10,10,10,10,10,10,10,10,10,10,10,10,10,10,10,10,10,10,10,10,10,10,10,10,10,10,10,10,10,10
STAT,(NULL),MeminfoPre,176,1760,10,10,10,10,10,10,10,10,10,10,10,10,10,10,10,10,10,10,10,10,10,10,10,10,10,10,10,10,10,10,10,10,10,10,10,10,10,10,10,10,10,10,10,10,10,10,10,10,10,10,10,10,10,10,10,10,10,10,10,10,10,10,10,10,10,10,10,10,10,10,10,10,10,10,10,10,10,10,10,10,10,10,10,10,10,10,10,10,10,10,10,10,10,10,10,10,10,10,10,10,10,10,10,10,10,10,10,10,10,10,10,10,10,10,10,10,10,10,10,10,10,10,10,10,10,10,10,10,10,10,10,10,10,10,10,10,10,10,10,10,10,10,10,10,10,10,10,10,10,10,10,10,10,10,10,10,10,10,10,10,10,10,10,10,10,10,10,10,10,10,10,10,10,10,10,10
STAT,(NULL),NumaPost,176,122681,32768,31887,30264,27762,0,0,0,0,0,0,0,0,0,0,0,0,0,0,0,0,0,0,0,0,0,0,0,0,0,0,0,0,0,0,0,0,0,0,0,0,0,0,0,0,0,0,0,0,0,0,0,0,0,0,0,0,0,0,0,0,0,0,0,0,0,0,0,0,0,0,0,0,0,0,0,0,0,0,0,0,0,0,0,0,0,0,0,0,0,0,0,0,0,0,0,0,0,0,0,0,0,0,0,0,0,0,0,0,0,0,0,0,0,0,0,0,0,0,0,0,0,0,0,0,0,0,0,0,0,0,0,0,0,0,0,0,0,0,0,0,0,0,0,0,0,0,0,0,0,0,0,0,0,0,0,0,0,0,0,0,0,0,0,0,0,0,0,0,0,0,0,0,0,0,0,0
STAT,(NULL),PopTime,176,2077589385974,14180977882,11100771223,9239197762,12379025283,11071373397,11667322225,11228931423,10857147986,10393928643,11670413434,11721221831,11947896437,11084483428,12199490014,10930336561,11070614986,10706584627,11804455495,11975916287,11067764816,10428019376,10540399499,11586557350,11640621959,11726246657,12889476438,10746469128,13408204060,11382699169,11485551062,13243041333,12562581319,12720647418,13199473737,12697357151,13413327629,11260095075,11213486146,9127623305,10988415094,12733293314,14066546460,11143409720,11273417884,11299696097,11312457681,11413812817,12671134436,11901853760,12713330653,11094014635,11296218172,12929525812,11567449924,12529563123,12500033200,12048828098,12542726727,11019241175,11137142405,11047436497,12281504214,12394105636,11213060610,10717104009,11108689711,11366821582,11422387854,11407976150,12875166524,12242094214,12898856646,11479627067,10906618159,12934512873,11789521306,12510844547,12387190820,12202444824,12744155552,10988239218,11084234826,11118148259,12104147849,11987635323,13366966583,11335199843,10994949912,14090773643,11115248540,11051849466,12361211133,11191788509,11842989403,9280768873,11084892333,10787829743,11544154540,11689342998,12036237723,11181669947,12466152902,9274230801,8982946159,11303415718,11863779667,11927278452,10937540335,10704266491,10616864293,11843561150,11711456063,11783412041,12921623894,12528825109,13495343320,11476202104,11570964331,13265514634,12545443806,12833723798,13324658014,12820699713,13557638181,11412281733,11047726082,11177734975,12863644434,12691454884,14114295948,11369330799,11180846413,11480289556,11348038833,11493713984,12819715259,11836784739,12842922370,11153582204,11275143055,12981415934,11876390829,12595539872,12766091313,12192635511,12466481466,11197231170,11181931328,11080764370,12459511967,12450340802,11417359378,10910450384,11111675678,11462807499,11201675056,11307231780,12791820187,12332666345,12796176577,11234942930,11137410275,13003471605,12057059048,12770592598,12655105967,12205738534,12907740401,11402961004,10873581313,10861934278,12286922053,11992303515,13504966212,11407942106,10923230248
STAT,(NULL),PushTime,176,11473919155064,62553765649,66026178536,67987452479,64644111809,66025888856,64877025548,65851098851,66353796683,66281473738,65394265432,65323509715,65081775287,65586232463,64686050838,66302468203,66171166552,65949833233,65180686893,65051485220,66133276124,66326889001,66199001254,65443862766,65458326681,65296583580,63883116169,66318681524,63288082117,65774265384,65558224897,63623517777,64382066472,64132154271,63588882386,64088915936,63377687195,65868474388,65849673732,68079215107,65995580462,64109219541,62597601610,65941969391,65856867968,65736122235,65927826735,65610712279,64265508993,65151891938,64189287860,65988908241,65886780231,63937622707,65292540445,64442778641,64342320583,65007644893,64385005900,66038564530,65957260384,66141524331,64644191595,64646100015,65789525954,65886932865,66072352655,65601042706,65726256452,65804022371,63971379548,64812640456,63903803269,65692880859,66182391779,63943404134,65325860423,64306097873,64460097893,64873043139,64076676607,66094759000,66081435066,66089345618,64917550815,65147081837,63264888099,65802079735,66182620160,62525217412,65979803607,66117719681,64576186116,65894750135,64666306699,67980825310,66086706958,65935988890,65496765989,65384729877,64999320954,65450383658,64503395084,68208249315,68343344915,65962777596,65116013140,65077929937,66218422875,66445711018,66087198932,65169454973,65423415014,65258498570,63944906139,64324079114,63344124008,65586064931,65398553285,63502555046,64300925394,64070246172,63426885263,64085785475,63306094824,65671257865,65987335782,65905994991,63928372230,64162066419,62466254232,65760491549,65897931948,65589591513,65852430434,65658401732,64121798725,65108988308,64045805258,65994350905,65847917408,63906418759,65198453914,64399595822,64100177140,64760756212,64484351581,65934917684,65959656275,65918400590,64494014684,64520673810,65759319666,66247566049,65968930193,65714895541,66068395427,65833214346,64083417571,64749748955,63996228581,65928150727,66007407712,63901724715,65037700658,64167269509,64218250378,64806317923,64030359669,65800466220,66293523581,66250340582,64752029779,65067822019,63393147678,65685491690,66180530252
STAT,(NULL),RusageSys,176,792900000,792900000,0,0,0,0,0,0,0,0,0,0,0,0,0,0,0,0,0,0,0,0,0,0,0,0,0,0,0,0,0,0,0,0,0,0,0,0,0,0,0,0,0,0,0,0,0,0,0,0,0,0,0,0,0,0,0,0,0,0,0,0,0,0,0,0,0,0,0,0,0,0,0,0,0,0,0,0,0,0,0,0,0,0,0,0,0,0,0,0,0,0,0,0,0,0,0,0,0,0,0,0,0,0,0,0,0,0,0,0,0,0,0,0,0,0,0,0,0,0,0,0,0,0,0,0,0,0,0,0,0,0,0,0,0,0,0,0,0,0,0,0,0,0,0,0,0,0,0,0,0,0,0,0,0,0,0,0,0,0,0,0,0,0,0,0,0,0,0,0,0,0,0,0,0,0,0
STAT,(NULL),RusageUser,176,5427384000,5427384000,0,0,0,0,0,0,0,0,0,0,0,0,0,0,0,0,0,0,0,0,0,0,0,0,0,0,0,0,0,0,0,0,0,0,0,0,0,0,0,0,0,0,0,0,0,0,0,0,0,0,0,0,0,0,0,0,0,0,0,0,0,0,0,0,0,0,0,0,0,0,0,0,0,0,0,0,0,0,0,0,0,0,0,0,0,0,0,0,0,0,0,0,0,0,0,0,0,0,0,0,0,0,0,0,0,0,0,0,0,0,0,0,0,0,0,0,0,0,0,0,0,0,0,0,0,0,0,0,0,0,0,0,0,0,0,0,0,0,0,0,0,0,0,0,0,0,0,0,0,0,0,0,0,0,0,0,0,0,0,0,0,0,0,0,0,0,0,0,0,0,0,0,0,0,0
STAT,(NULL),Threads,176,176,176,0,0,0,0,0,0,0,0,0,0,0,0,0,0,0,0,0,0,0,0,0,0,0,0,0,0,0,0,0,0,0,0,0,0,0,0,0,0,0,0,0,0,0,0,0,0,0,0,0,0,0,0,0,0,0,0,0,0,0,0,0,0,0,0,0,0,0,0,0,0,0,0,0,0,0,0,0,0,0,0,0,0,0,0,0,0,0,0,0,0,0,0,0,0,0,0,0,0,0,0,0,0,0,0,0,0,0,0,0,0,0,0,0,0,0,0,0,0,0,0,0,0,0,0,0,0,0,0,0,0,0,0,0,0,0,0,0,0,0,0,0,0,0,0,0,0,0,0,0,0,0,0,0,0,0,0,0,0,0,0,0,0,0,0,0,0,0,0,0,0,0,0,0,0,0
STAT,(NULL),Time,176,86890226278,86890226278,0,0,0,0,0,0,0,0,0,0,0,0,0,0,0,0,0,0,0,0,0,0,0,0,0,0,0,0,0,0,0,0,0,0,0,0,0,0,0,0,0,0,0,0,0,0,0,0,0,0,0,0,0,0,0,0,0,0,0,0,0,0,0,0,0,0,0,0,0,0,0,0,0,0,0,0,0,0,0,0,0,0,0,0,0,0,0,0,0,0,0,0,0,0,0,0,0,0,0,0,0,0,0,0,0,0,0,0,0,0,0,0,0,0,0,0,0,0,0,0,0,0,0,0,0,0,0,0,0,0,0,0,0,0,0,0,0,0,0,0,0,0,0,0,0,0,0,0,0,0,0,0,0,0,0,0,0,0,0,0,0,0,0,0,0,0,0,0,0,0,0,0,0,0,0
STAT,(NULL),TotalTime,176,94412081375,94412081375,0,0,0,0,0,0,0,0,0,0,0,0,0,0,0,0,0,0,0,0,0,0,0,0,0,0,0,0,0,0,0,0,0,0,0,0,0,0,0,0,0,0,0,0,0,0,0,0,0,0,0,0,0,0,0,0,0,0,0,0,0,0,0,0,0,0,0,0,0,0,0,0,0,0,0,0,0,0,0,0,0,0,0,0,0,0,0,0,0,0,0,0,0,0,0,0,0,0,0,0,0,0,0,0,0,0,0,0,0,0,0,0,0,0,0,0,0,0,0,0,0,0,0,0,0,0,0,0,0,0,0,0,0,0,0,0,0,0,0,0,0,0,0,0,0,0,0,0,0,0,0,0,0,0,0,0,0,0,0,0,0,0,0,0,0,0,0,0,0,0,0,0,0,0,0
STAT,(NULL),UserTime,176,95658443275,922269652,479560948,449978632,639520554,519868603,613662140,533476841,457746096,441022112,573595616,576946122,577847015,516539021,655431099,422619486,432992702,451626229,579153824,594608275,451763755,416075061,417916182,493657121,477461094,504461719,650649720,579620598,750432937,471923654,489450378,715899576,626912767,655916407,716496257,645331320,719810936,448254807,449197893,390269099,619777567,646289846,832422539,441821802,437276941,457198516,430565106,472209822,635506792,557667987,653199974,425673991,444457391,680115643,526965110,616305112,667311600,563644054,623406354,419781682,423775584,418032809,593928354,596782307,466428313,398537596,412327551,449354316,435135092,450237540,628936925,547884942,662732452,439526961,423973807,672653978,522426987,611097619,609701767,543215838,632094162,428069845,416046792,414946852,546667421,537240701,729859276,419902408,418730686,938272245,483372212,485378011,654614716,520173369,625136003,461742570,477665778,451648588,573155826,579198771,587975699,535285197,663133986,393676780,381128538,470220361,576618997,610026862,449541188,436600392,437523857,514879759,491275876,505131813,656458842,632351530,755134286,480410094,502276353,728833764,633009483,661796860,721966313,655711036,733566942,456747331,444769732,444739702,685952308,639200936,828872123,458762061,446423620,472932589,437444953,488121881,646631505,561099236,655714468,427392378,442136795,689933815,537636192,623404209,674696856,579163473,625403811,427409903,419842907,424795632,604809239,595760189,471822810,408001064,433223348,445734701,426289352,448102011,636319572,556885212,666906330,437279703,432493375,671007013,531498266,617874973,617826243,546757582,637186590,441312791,406734544,412385251,566617057,544562963,729078713,432311818,423728294
STAT,(NULL),Work,176,13824648128750,78548857422,78548827317,78548827732,78548821502,78548824733,78548825083,78548823375,78548824897,78549876593,78548824713,78549806692,78548820722,78548844178,78549797832,78549911834,78548821940,78549793636,78548824181,78548824794,78549790619,78549791711,78549907753,78548832803,78548832688,78548831161,78549814030,78549795400,78549795745,78548833710,78548832753,78549797134,78549818867,78549813675,78549813573,78549792794,78549807612,78548834187,78548834378,78548833820,78549835891,78549827693,78549796845,78548832590,78548833668,78548816957,78548819991,78548815512,78548815600,78549748506,78548815825,78548815412,78548827250,78548817151,78548816286,78548815985,78548816034,78549788052,78548815691,78548822695,78548816113,78548815600,78549744216,78548820173,78548820243,78549789888,78548815719,78548828521,78549801777,78548828755,78548834569,78548828603,78549762104,78548833079,78548828761,78549811029,78548828503,78548828345,78548833261,78548828449,78549813020,78549794193,78548831528,78548832329,78548833482,78548835322,78548832596,78549785985,78549801953,78549213199,78548827332,78548827750,78549305733,78548824733,78548825086,78548823366,78548824912,78549876574,78549747226,78548831674,78548820713,78548817532,78549797832,78549911822,78548821940,78548818135,78548822825,78548824803,78548816842,78548817618,78549906039,78548832806,78548832676,78548831161,78549802441,78549445727,78549795760,78548833446,78548832762,78549817456,78549747290,78549813047,78549813570,78548832665,78549793520,78548835048,78548834408,78548833832,78549835879,78549831859,78549795962,78548832587,78548833656,78548817051,78548819991,78548815509,78548815628,78548823611,78548816010,78548815400,78548826986,78548817148,78548816283,78548815588,78548815952,78548817054,78549788234,78548822686,78548816135,78548815600,78548817995,78548819597,78548820243,78548816028,78548815707,78548828521,78548831115,78549801668,78549754858,78548880854,78549762107,78548833028,78549804150,78549751474,78549146013,78548828330,78548833273,78548828436,78549808246,78548827762,78548831522,78548832342,78548833325,78548835309,78549758450,78548828703,78548828245
STAT,(NULL),nBad,176,4148,78,32,23,34,27,20,27,19,5,34,49,8,32,23,35,14,23,25,29,13,10,35,18,15,5,42,20,20,17,17,19,33,34,26,33,25,14,12,16,34,27,33,11,13,36,1,45,36,49,24,14,5,31,20,20,24,25,22,3,7,14,24,14,8,26,3,15,14,3,2,24,23,10,18,33,25,25,20,14,39,33,16,22,23,18,24,24,13,49,32,9,22,40,41,27,12,21,21,48,21,19,47,21,11,18,37,31,12,14,6,17,40,32,24,66,24,23,27,39,31,38,58,23,44,23,25,20,20,35,25,21,11,42,5,15,16,23,42,12,31,21,39,31,19,25,20,20,24,9,36,25,6,12,12,16,12,30,21,25,12,13,6,40,11,16,33,34,39,29,6,9,21,28,18,27,24
STAT,(NULL),nEmpty,176,5671341,35445,32907,24620,35588,36409,31498,33166,28481,25966,36207,33458,35099,29830,37107,26848,31332,27573,35235,34118,30434,26265,26166,30940,31944,32993,38662,27658,40463,30137,30819,39186,36570,37717,39291,37693,39504,30110,30460,22327,27730,36271,41761,29912,30640,27461,28839,28856,35561,30683,34206,27620,29184,35678,30910,33784,34481,32430,34231,27703,28288,26250,32180,33608,31273,24389,27645,29486,30020,30170,36537,34435,37142,30550,30012,37588,31775,35846,34986,33241,35117,27901,28409,29383,32678,32713,39013,27591,28104,37556,30006,30727,36242,34648,31618,22602,30816,27278,35222,33867,34887,30272,35630,18359,20627,29127,33629,34275,30945,28943,27464,31340,31102,32444,37154,37735,39806,30995,32706,40177,36117,38263,39346,37802,39977,30972,30005,31891,38295,36601,41345,31160,30876,28392,28227,30896,35157,30921,34310,27752,28124,36154,30749,34465,34814,34066,34101,27295,26894,26653,33262,33146,32047,26775,28367,28884,30024,29992,35706,34712,36740,29715,29993,36603,33763,36468,35138,33223,36036,28506,27011,28096,34191,33095,39089,28767,27676
STAT,(NULL),nEmptyPop,176,35396454,149761,211301,209566,211021,211641,147399,211138,211248,168962,209700,210151,211089,180477,211444,188715,209936,171445,211115,210734,210887,171021,152479,197666,199512,199560,199546,198856,199256,198610,197830,199495,198911,198672,198511,199051,198921,197110,197054,197390,197791,198409,197388,196978,196516,202419,204392,205623,205489,204008,205573,205857,205674,205523,206166,204582,205485,205574,205415,204869,204714,204468,205513,205447,202614,2218,204495,206140,208104,208312,208316,206956,208621,207901,207847,208100,208121,208636,208744,208773,208169,206902,206866,207878,208797,208823,209014,208483,208547,214291,208355,208548,209025,208825,118805,207631,207912,166060,207818,207827,208779,135447,208234,164953,205848,199070,208506,208550,208152,208155,201826,192000,197113,197144,197575,197112,196956,197098,196684,197370,197393,196812,195952,197587,197781,195780,196229,196143,196852,198009,198203,195600,196108,206194,205435,206857,206846,206078,206621,207049,206959,205844,207407,207234,207662,208021,207692,206923,205364,207376,208150,208280,205920,231067,207283,203738,210804,211158,211414,211533,211592,211364,209817,210915,211417,211589,211943,211594,211195,211479,209715,211524,210891,212036,212172,212124,211629
STAT,(NULL),nOverall,176,67113009,612710,332377,305558,447488,363031,423832,369625,317198,304570,401647,400929,408553,358335,460783,293388,300455,308034,403795,416097,315347,284019,285902,338846,338558,358299,464731,404840,531560,333246,342860,506878,442548,463053,510299,459646,512631,316614,317359,268350,432748,454268,590369,307514,308773,309997,302934,330256,447995,390156,459254,298682,310619,481225,368319,430021,472610,394329,439154,293567,296369,290256,414705,418464,329664,275162,287271,308555,309780,323284,447582,392094,471325,314471,303064,479844,372856,435722,435623,384842,451174,301324,295233,294261,389386,385152,524711,293007,296652,626108,330639,337113,456880,362898,430877,311133,329607,312096,395568,400843,413226,369884,462050,263527,258119,319493,400311,425151,312584,300332,299464,345612,345584,356953,466040,450857,534371,337956,352932,514222,446674,466934,512033,467501,521728,321164,314261,315504,484893,451581,586078,319201,313952,319306,303369,342271,453447,391405,459085,298644,308943,485184,374066,437648,476321,407567,438439,295612,289976,295182,423261,417444,337355,284413,300653,305590,303981,320678,453299,397786,471812,310398,307496,479123,378266,442580,439916,389638,455257,310790,287018,292028,401457,388484,521148,303324,300801
STAT,(NULL),nPop,176,22449597,188441,115866,100950,147367,127241,137364,125490,107883,102073,136652,133765,137236,119352,152255,100256,106569,104639,136179,138134,109181,97354,97635,115404,116706,122486,154779,129097,173371,113525,116537,165626,147107,153671,166788,152672,167686,109089,109787,89440,135916,149856,189451,107035,107870,104946,104485,111423,147610,128447,148996,102194,106894,155775,123131,141327,152656,131186,144148,101081,102178,98694,135759,138343,113786,93362,99553,106903,107440,111196,148723,132333,155003,109122,105648,157652,125060,144848,144079,129228,147880,103224,102105,103104,130139,128828,170158,100616,102366,194101,112623,115035,150739,125433,139363,100360,113235,105426,134122,134268,138318,122496,150927,84226,85291,109154,133624,140627,108992,104015,102240,117670,117477,121712,153547,150512,173501,115454,120785,168478,147680,155067,167003,154303,170368,111423,108475,110756,159466,149561,188118,111048,109093,108366,104066,116481,148542,128826,149139,102419,105252,157392,124276,143949,153933,135784,144052,101264,99253,100403,139135,137516,116470,97828,103279,105438,106054,110199,148939,134040,154900,107309,106800,156319,128348,147070,145379,130483,149792,105993,98638,101102,134689,130397,169468,104432,102661
STAT,(NULL),nPush,176,22449594,277364,112070,116125,157585,120403,157579,138762,109643,107849,137733,144027,132875,130888,159675,104261,94082,109642,140561,146971,101316,97028,96330,111046,110534,112588,151694,146248,181140,108748,113158,171723,148497,152265,169283,150977,169545,99338,98059,92873,157387,154629,202696,100103,94923,102595,98181,110595,154121,137990,161034,94728,101698,166277,130185,149703,162884,137678,152970,93892,93892,96581,145098,143554,97543,89292,90946,91646,89028,93520,143222,119929,153618,92089,87947,152458,119754,139718,137484,123021,146359,97150,85433,85066,122106,118608,167823,91588,92747,276288,115926,119003,160011,122630,161032,127763,112464,109767,138770,145943,136717,134347,162445,105166,94146,112016,142019,151519,102529,98883,100618,114635,114697,115273,154132,149453,181769,110662,114761,172999,152584,155014,169991,153224,173520,103177,98882,97477,161608,152974,201291,102922,96972,105795,98567,112707,158596,140419,161291,95047,101763,169285,133510,151621,165827,140995,153030,96515,94470,96132,144778,143620,98691,90630,95362,90746,87869,94595,144711,122559,155644,93120,90950,152895,119162,140926,138183,124227,147786,99211,84610,84615,124556,120453,166787,93906,93439
STAT,(NULL),nPushInit,176,3,1,1,1,0,0,0,0,0,0,0,0,0,0,0,0,0,0,0,0,0,0,0,0,0,0,0,0,0,0,0,0,0,0,0,0,0,0,0,0,0,0,0,0,0,0,0,0,0,0,0,0,0,0,0,0,0,0,0,0,0,0,0,0,0,0,0,0,0,0,0,0,0,0,0,0,0,0,0,0,0,0,0,0,0,0,0,0,0,0,0,0,0,0,0,0,0,0,0,0,0,0,0,0,0,0,0,0,0,0,0,0,0,0,0,0,0,0,0,0,0,0,0,0,0,0,0,0,0,0,0,0,0,0,0,0,0,0,0,0,0,0,0,0,0,0,0,0,0,0,0,0,0,0,0,0,0,0,0,0,0,0,0,0,0,0,0,0,0,0,0,0,0,0,0,0,0
==== BENCHMARK TOOK 44.046
