==== BENCHMARK START ===
==== PARAMS kernel=4.9.5-64-net1 malloc=libc hostname=rack-mad-04 threads=32 delta=8 prog=sssp-klsm1  ===
ERROR: ld.so: object '/specific/disk1/home/adamx/malloc/lib64/libjemalloc.so' from LD_PRELOAD cannot be preloaded (cannot open shared object file): ignored.
Galois Benchmark Suite v2.2.1 (r0)
Copyright (C) 2014 The University of Texas at Austin
http://iss.ices.utexas.edu/galois/

application: Single Source Shortest Path
Computes the shortest path from a source node to all nodes in a directed graph using a modified chaotic iteration algorithm
http://iss.ices.utexas.edu/?p=projects/galois/benchmarks/single_source_shortest_path

INFO: CommandLine ./build/debug/apps/sssp/sssp -noverify -t 32 -delta 8 -wl klsm1 -startNode 0 /specific/disk1/home/mad/Galois-PQ/inputs/road/USA-road-d.USA.gr
INFO: Hostname rack-mad-04
Read 23947347 nodes
Running Asynchronous with CAS version
INFO: Using delta-step of 1
WARNING: Performance varies considerably due to delta parameter.
WARNING: Do not expect the default to be good for your graph.
Node 1 has distance 2025
STATTYPE,LOOP,CATEGORY,n,sum,T0,T1,T2,T3,T4,T5,T6,T7,T8,T9,T10,T11,T12,T13,T14,T15,T16,T17,T18,T19,T20,T21,T22,T23,T24,T25,T26,T27,T28,T29,T30,T31
STAT,(NULL),BadWork,32,0,0,0,0,0,0,0,0,0,0,0,0,0,0,0,0,0,0,0,0,0,0,0,0,0,0,0,0,0,0,0,0,0
STAT,(NULL),BarrierTime,32,7694519,571875,500854,440230,423368,408220,413039,407877,343415,350416,317628,308558,309044,221253,305709,306577,250979,257428,263068,258592,216083,216472,214112,40063,38873,39696,38802,38911,40170,38277,37772,38440,38718
STAT,(NULL),ConflictTime,32,0,0,0,0,0,0,0,0,0,0,0,0,0,0,0,0,0,0,0,0,0,0,0,0,0,0,0,0,0,0,0,0,0
STAT,(NULL),Conflicts,32,0,0,0,0,0,0,0,0,0,0,0,0,0,0,0,0,0,0,0,0,0,0,0,0,0,0,0,0,0,0,0,0,0
STAT,(NULL),EmptyPopTime,32,4588107,91917,116444,73322,146603,142114,148217,143279,146679,162853,140992,167886,145208,151780,140108,138754,147806,144091,162220,142399,158863,158900,139856,133955,162842,143213,136558,136569,144564,139912,162298,163345,154560
STAT,(NULL),EmptyWork,32,0,0,0,0,0,0,0,0,0,0,0,0,0,0,0,0,0,0,0,0,0,0,0,0,0,0,0,0,0,0,0,0,0
STAT,(NULL),GaloisTime,32,12515234,398206,398665,396033,392555,397966,391721,396395,393598,377437,399218,372519,395078,386934,399435,401056,392465,396308,378376,397596,381402,381095,400176,402743,374106,393563,400585,400195,392402,397177,374442,373573,382214
STAT,(NULL),InitPushTime,32,1969840,60764,59857,106080,36972,36778,36323,37640,36735,36162,35461,35661,35310,65435,35661,35667,35725,35325,34211,33795,34575,34781,34627,104118,104119,103774,103605,103363,103980,103305,103297,103458,103276
STAT,(NULL),Iterations,32,5,1,1,3,0,0,0,0,0,0,0,0,0,0,0,0,0,0,0,0,0,0,0,0,0,0,0,0,0,0,0,0,0
STAT,(NULL),LoopTime,32,308984634,308984634,0,0,0,0,0,0,0,0,0,0,0,0,0,0,0,0,0,0,0,0,0,0,0,0,0,0,0,0,0,0,0
STAT,(NULL),MeminfoPost,32,2240,70,70,70,70,70,70,70,70,70,70,70,70,70,70,70,70,70,70,70,70,70,70,70,70,70,70,70,70,70,70,70,70
STAT,(NULL),MeminfoPre,32,2240,70,70,70,70,70,70,70,70,70,70,70,70,70,70,70,70,70,70,70,70,70,70,70,70,70,70,70,70,70,70,70,70
STAT,(NULL),NumaPost,32,8499,6134,1147,1017,201,0,0,0,0,0,0,0,0,0,0,0,0,0,0,0,0,0,0,0,0,0,0,0,0,0,0,0,0
STAT,(NULL),PopTime,32,21126,7092,5162,8872,0,0,0,0,0,0,0,0,0,0,0,0,0,0,0,0,0,0,0,0,0,0,0,0,0,0,0,0,0
STAT,(NULL),PushTime,32,79514,25424,9674,44416,0,0,0,0,0,0,0,0,0,0,0,0,0,0,0,0,0,0,0,0,0,0,0,0,0,0,0,0,0
STAT,(NULL),RusageSys,32,0,0,0,0,0,0,0,0,0,0,0,0,0,0,0,0,0,0,0,0,0,0,0,0,0,0,0,0,0,0,0,0,0
STAT,(NULL),RusageUser,32,12000,12000,0,0,0,0,0,0,0,0,0,0,0,0,0,0,0,0,0,0,0,0,0,0,0,0,0,0,0,0,0,0,0
STAT,(NULL),Threads,32,32,32,0,0,0,0,0,0,0,0,0,0,0,0,0,0,0,0,0,0,0,0,0,0,0,0,0,0,0,0,0,0,0
STAT,(NULL),Time,32,349486963,349486963,0,0,0,0,0,0,0,0,0,0,0,0,0,0,0,0,0,0,0,0,0,0,0,0,0,0,0,0,0,0,0
STAT,(NULL),TotalTime,32,9434863477,9434863477,0,0,0,0,0,0,0,0,0,0,0,0,0,0,0,0,0,0,0,0,0,0,0,0,0,0,0,0,0,0,0
STAT,(NULL),UserTime,32,40083,12489,10123,17471,0,0,0,0,0,0,0,0,0,0,0,0,0,0,0,0,0,0,0,0,0,0,0,0,0,0,0,0,0
STAT,(NULL),Work,32,19623512,637215,596943,598770,619897,613317,609503,614441,622436,613527,604827,616021,614641,634487,616898,612659,613852,612893,611299,615657,613363,614780,617681,608808,609939,608605,610175,610168,608646,610115,611587,610123,610239
STAT,(NULL),nBad,32,0,0,0,0,0,0,0,0,0,0,0,0,0,0,0,0,0,0,0,0,0,0,0,0,0,0,0,0,0,0,0,0,0
STAT,(NULL),nEmpty,32,0,0,0,0,0,0,0,0,0,0,0,0,0,0,0,0,0,0,0,0,0,0,0,0,0,0,0,0,0,0,0,0,0
STAT,(NULL),nEmptyPop,32,4312,46,117,86,142,136,143,138,141,160,135,162,138,65,130,132,145,135,158,138,159,160,130,130,146,144,134,133,145,139,146,148,151
STAT,(NULL),nOverall,32,13,2,2,9,0,0,0,0,0,0,0,0,0,0,0,0,0,0,0,0,0,0,0,0,0,0,0,0,0,0,0,0,0
STAT,(NULL),nPop,32,5,1,1,3,0,0,0,0,0,0,0,0,0,0,0,0,0,0,0,0,0,0,0,0,0,0,0,0,0,0,0,0,0
STAT,(NULL),nPush,32,7,1,1,5,0,0,0,0,0,0,0,0,0,0,0,0,0,0,0,0,0,0,0,0,0,0,0,0,0,0,0,0,0
STAT,(NULL),nPushInit,32,3,1,1,1,0,0,0,0,0,0,0,0,0,0,0,0,0,0,0,0,0,0,0,0,0,0,0,0,0,0,0,0,0
==== BENCHMARK TOOK 5.098
