==== BENCHMARK START ===
==== PARAMS kernel=4.9.5-64-net1 malloc=libc hostname=rack-mad-04 threads=176 delta=8 prog=sssp-obim  ===
Galois Benchmark Suite v2.2.1 (r0)
Copyright (C) 2014 The University of Texas at Austin
http://iss.ices.utexas.edu/galois/

application: Single Source Shortest Path
Computes the shortest path from a source node to all nodes in a directed graph using a modified chaotic iteration algorithm
http://iss.ices.utexas.edu/?p=projects/galois/benchmarks/single_source_shortest_path

INFO: CommandLine ./build/debug/apps/sssp/sssp -noverify -t 176 -delta 8 -wl obim -startNode 0 /specific/disk1/home/mad/Galois-PQ/inputs/clique4000.gr
INFO: Hostname rack-mad-04
Read 4000 nodes
Running Asynchronous with CAS version
INFO: Using delta-step of 256
WARNING: Performance varies considerably due to delta parameter.
WARNING: Do not expect the default to be good for your graph.
INVALID RUN?  Loop (null) possible co-runner, execution took 1.195 than expected (systime=0 usertime=20024000 measured=135916
Node 1 has distance 3
STATTYPE,LOOP,CATEGORY,n,sum,T0,T1,T2,T3,T4,T5,T6,T7,T8,T9,T10,T11,T12,T13,T14,T15,T16,T17,T18,T19,T20,T21,T22,T23,T24,T25,T26,T27,T28,T29,T30,T31,T32,T33,T34,T35,T36,T37,T38,T39,T40,T41,T42,T43,T44,T45,T46,T47,T48,T49,T50,T51,T52,T53,T54,T55,T56,T57,T58,T59,T60,T61,T62,T63,T64,T65,T66,T67,T68,T69,T70,T71,T72,T73,T74,T75,T76,T77,T78,T79,T80,T81,T82,T83,T84,T85,T86,T87,T88,T89,T90,T91,T92,T93,T94,T95,T96,T97,T98,T99,T100,T101,T102,T103,T104,T105,T106,T107,T108,T109,T110,T111,T112,T113,T114,T115,T116,T117,T118,T119,T120,T121,T122,T123,T124,T125,T126,T127,T128,T129,T130,T131,T132,T133,T134,T135,T136,T137,T138,T139,T140,T141,T142,T143,T144,T145,T146,T147,T148,T149,T150,T151,T152,T153,T154,T155,T156,T157,T158,T159,T160,T161,T162,T163,T164,T165,T166,T167,T168,T169,T170,T171,T172,T173,T174,T175
STAT,(NULL),BadWork,176,2345089979,0,8041927,31677281,11754485,34117408,6036340,22571821,4934042,3964194,5924946,12381589,8564851,2600200,1930960,171839,2313713,16414325,3732887,33852623,0,25875368,23160745,11220693,0,26750656,0,0,3057872,44096186,4104716,625152,25469244,1219166,1990263,0,3557035,19284846,9599672,3688991,30204058,5522036,57418134,7386063,21709350,44425807,21584152,0,0,11212233,2681971,25599802,5612431,2522474,4715323,8668872,6468252,1733995,43803249,17030111,5076509,13695573,0,19566296,3661373,3220569,5516308,4342603,30029043,2269471,47151245,15106691,2065887,0,27616903,3929658,4104014,0,47181091,31005925,47247271,41444776,4328219,6307303,28585858,1391723,4722399,3535967,6827932,4339582,11271303,7137620,2046297,26796586,28848497,3287109,36123854,2698956,4171441,2851328,82622023,16734230,40783762,3772142,0,0,0,19297116,1552044,23566025,48629923,30235172,4829782,8683515,16532753,16208715,18448379,3165446,1841280,72932104,0,2753341,34208534,3072573,7192862,4910688,6272482,23621725,3728042,0,16795313,0,6501119,5418625,2488239,29412692,67051211,5290272,5637495,972892,0,36082975,5280210,14956064,0,1524066,1271166,5221084,3230563,3835853,0,488103,38419893,44191087,2665001,1537409,3889727,43388482,9245902,63814634,0,6202591,1108506,4667678,26365092,31972071,6858577,6695013,10722717,16598202,4925390,3695706,7618351,18661535,7774340,1973922,2558024
STAT,(NULL),BarrierTime,176,1695152072,14361621,14304665,14285944,14322554,14315151,14339755,14317807,14265445,14264915,14235253,14247411,14297803,14335321,14288077,14286533,13470746,14199431,14215979,14216740,3185102,14132742,14157928,14148482,14199000,14179749,13404827,14171632,14180782,48746483,14181216,14184711,3212107,3167508,3091292,3095167,3061550,3077742,3096735,3103982,3128009,3123502,3162265,3162052,3113752,13980065,13989232,14001193,14095028,14095753,14068386,14074789,13345078,13339279,14073607,14080558,14093210,14095487,14063725,14065035,14064441,13304835,14080944,14091838,3158387,3088600,3116723,3145803,3044553,3068588,3088940,3067362,3084919,3050120,3069167,3063626,3073105,3083902,3074480,3094887,3144307,3077172,3128048,3110794,3126482,3113069,3137182,3123406,3089929,3124510,13988422,3178633,14015800,14002336,14020139,13985755,3087331,14077730,14075072,14087805,3214374,14085620,13454232,13318994,37774956,47891545,47845048,3296720,3200117,3225014,14109113,14092548,14095898,14073600,3234470,14068348,3172187,14081324,3074859,3118453,3129920,3108400,3096899,3144511,14109001,14120829,3203901,14062762,37595967,37639497,3044888,32872,3029285,3090432,3145665,3177856,3075103,3070821,3093780,37632329,37623765,3095506,3075214,3072417,3093282,3086958,3053900,3047795,3063095,32144600,37614731,3075518,37623842,3050617,3088597,3076262,3068350,3068621,3088894,3065887,3111520,3094964,3074362,3070107,3119108,3121670,3074453,3094881,3144486,3111365,3121751,3110636,3107829,3113097,3116957,3123394,3122468
STAT,(NULL),ConflictTime,176,0,0,0,0,0,0,0,0,0,0,0,0,0,0,0,0,0,0,0,0,0,0,0,0,0,0,0,0,0,0,0,0,0,0,0,0,0,0,0,0,0,0,0,0,0,0,0,0,0,0,0,0,0,0,0,0,0,0,0,0,0,0,0,0,0,0,0,0,0,0,0,0,0,0,0,0,0,0,0,0,0,0,0,0,0,0,0,0,0,0,0,0,0,0,0,0,0,0,0,0,0,0,0,0,0,0,0,0,0,0,0,0,0,0,0,0,0,0,0,0,0,0,0,0,0,0,0,0,0,0,0,0,0,0,0,0,0,0,0,0,0,0,0,0,0,0,0,0,0,0,0,0,0,0,0,0,0,0,0,0,0,0,0,0,0,0,0,0,0,0,0,0,0,0,0,0,0
STAT,(NULL),Conflicts,176,0,0,0,0,0,0,0,0,0,0,0,0,0,0,0,0,0,0,0,0,0,0,0,0,0,0,0,0,0,0,0,0,0,0,0,0,0,0,0,0,0,0,0,0,0,0,0,0,0,0,0,0,0,0,0,0,0,0,0,0,0,0,0,0,0,0,0,0,0,0,0,0,0,0,0,0,0,0,0,0,0,0,0,0,0,0,0,0,0,0,0,0,0,0,0,0,0,0,0,0,0,0,0,0,0,0,0,0,0,0,0,0,0,0,0,0,0,0,0,0,0,0,0,0,0,0,0,0,0,0,0,0,0,0,0,0,0,0,0,0,0,0,0,0,0,0,0,0,0,0,0,0,0,0,0,0,0,0,0,0,0,0,0,0,0,0,0,0,0,0,0,0,0,0,0,0,0
STAT,(NULL),EmptyPopTime,176,38503734223,247030582,234724622,181120984,243933964,241313695,234614533,181775946,216882960,244419296,226780797,214920835,208053251,231741432,244531695,254370218,250609545,211040869,247730216,240003404,241340111,196704824,200304856,232467134,240469159,184470449,240911460,239419800,248173722,152057146,239637694,253404036,185048337,238033470,228629073,241962019,235904085,210975382,218459356,228881135,156825182,239337126,127512587,239131119,225164397,178485189,199084817,239085090,240722650,215394397,230824333,179969224,238653076,228932381,225258476,240288989,238052726,256750331,152527465,220518330,252193771,218523927,234691937,214217355,252944102,235439270,257814174,267545709,159026549,251776121,184485339,201834017,256992446,240452366,170092757,241538978,254854465,241537700,177421913,194429375,169474853,187867289,256195434,241498661,197929804,246742684,247194458,229663909,236882851,236859372,182619688,126638150,241877996,181946746,193039570,244454850,184455359,247749447,235641203,227734712,98538071,225604450,109856804,243749625,242286871,238910185,241014022,209132069,242491085,202784122,176351996,175678224,250795213,227918330,183807156,205422706,156302096,246950601,241164018,154318845,241951836,252060882,241901913,240001912,232525495,240000449,239355624,199444874,231901758,222713244,148039568,239630064,237361506,250026035,233304924,187873414,145057039,234342069,215079528,238963638,238858855,159859855,212990684,217472442,230367052,250836816,244368335,250386995,246212826,236300706,237990558,245723202,145153460,147726763,223876558,208126012,245923574,142516105,197854564,125281445,240290229,253322366,245538147,229785765,218762634,165183605,208628280,230803783,200449624,202956533,235524997,251858212,238404605,203382404,232320486,244559826,239874375
STAT,(NULL),EmptyWork,176,10597009,8194,120322,36145,134664,17752,142220,66252,59928,65665,56074,82430,38038,32864,23056,45103,61669,86882,122040,12491,9816,75092,47696,182651,9379,77441,9285,7992,44655,8920,45247,139609,116130,1046281,54378,9171,86699,60682,127944,47711,47564,133869,9231,110765,156121,127897,38958,8938,8927,47786,107327,30853,45226,54995,55311,115669,41616,67339,67457,22448,245875,62822,35346,114014,122568,48268,82883,50433,23787,72145,123873,181438,40287,9446,25536,64595,145318,8748,50675,31710,49625,73957,45287,79965,77389,29472,104370,38099,79434,95254,39327,33393,82202,50408,71987,123657,67279,35823,40023,28795,8694,53065,85503,89671,9478,8741,9498,24223,62775,52234,14234,88212,36082,7908,22956,47097,18682,60564,24765,7596,8944,38857,17428,76050,25555,86546,27245,52969,8784,9437,40345,9315,25885,51984,8388,21638,103104,55290,132702,8727,9273,7846,104295,68236,31564,34510,61889,68510,38062,7588,8983,32107,8105,8856,147397,34471,28851,13886,59482,16205,9186,29434,54817,36575,31583,21666,22663,49296,37877,32407,47553,52329,35380,82255,80867,36654,102802
STAT,(NULL),GaloisTime,176,2780085783,36340128,13500189,10241408,13969169,7934360,13032840,7073171,12609054,13914239,11551576,12196587,7537934,13350188,13731308,14364080,13941572,10362748,14116747,9549144,42119996,11131554,11528217,3342588,42985253,9354834,42541123,8709848,14214214,8511000,13777234,10995479,10332917,8354380,31480132,41494514,7164242,11687522,12077107,6617534,4624621,14033210,35122617,10371170,11291093,3395557,11297659,44373355,42736645,13452006,13845799,11482730,12745182,13387616,13763804,14664366,14811796,15828270,9742558,13337768,15665939,13729833,12480564,12853451,15469567,13897531,15828689,4033409,29187953,15877570,18656223,11671489,14823195,43004841,10951534,14744363,16214147,41919950,22417004,11569777,9427943,11258615,15632453,15525344,11892246,14616275,14354090,14878772,14246235,12178549,7463100,39836950,13847869,10327790,10838444,13482198,9380081,13876982,12974575,13045572,39837170,13036021,3559724,13443460,6594385,9971248,7868536,11081112,12196775,10252680,10266455,9860156,14500797,42813459,33728055,11979007,5311718,11084279,12739974,7937875,41503875,13398425,7251655,13406379,13344109,14268596,13096518,12820232,11822578,26168315,4297248,43822982,10075827,14936952,45034558,11856832,9476764,14440152,12926484,8957125,10034763,42066080,13109370,13344802,14374481,15492168,14761483,14952394,15097294,7829709,10905271,15155982,4868216,39472905,8332078,11741866,13824164,38142185,12998025,3270366,41856668,15402430,14486483,13864996,7511605,9351910,31665020,13613446,11325379,13895149,14550614,16065681,14104958,12167301,13503950,15007558,14845477
STAT,(NULL),InitPushTime,176,18577691,262799,259318,274906,232590,97528,228411,228715,45180,45162,28479,27914,42601,36729,37142,65089,35631,29222,27957,35027,30697,29346,29993,32178,32102,33100,38432,33898,32584,31316,41460,55943,35904,35582,33018,29872,32684,33516,30554,34363,34002,34287,35913,40648,34614,55829,56664,53116,53482,54179,54399,55521,29783,29434,54406,54010,56459,53130,54039,54135,53753,31133,66799,54839,28470,30469,35707,47693,32230,33734,39278,36083,32320,30102,33261,32023,32630,30894,39594,40198,34089,31407,39627,33877,51477,39664,34302,49659,38123,33549,32287,34693,31546,32366,32730,30172,33003,31753,34071,31013,32897,30773,32499,33750,33428,32099,32369,33395,34429,10876845,34842,38953,38535,38902,34375,35185,34775,35804,38056,33965,29872,31928,37667,35713,38049,39421,36766,41724,30630,31055,31061,37488,33039,32305,31932,30497,30239,29990,29623,29492,30648,29765,30791,30278,30994,31765,30211,29759,30906,30436,31377,30509,30587,32111,32393,35130,37002,38884,39572,40310,36077,33088,38544,36414,30469,34815,40019,40101,54672,49702,33440,39797,30912,38450,31996,3572,2218
STAT,(NULL),Iterations,176,30994,22,346,174,379,52,354,234,204,206,194,271,155,114,79,134,182,259,277,35,23,268,181,504,23,262,23,23,146,65,139,400,379,380,165,23,246,202,385,146,168,346,89,328,452,387,154,23,23,166,337,152,141,177,186,351,130,198,273,101,667,198,118,311,242,136,229,125,130,186,351,547,117,23,147,205,416,23,208,152,211,226,131,242,265,96,282,133,226,270,158,136,251,200,263,360,252,109,141,111,95,182,340,263,23,23,23,105,189,197,115,318,97,31,106,174,105,169,90,64,23,126,51,204,93,247,102,192,26,23,164,23,97,154,26,118,350,185,345,23,23,58,325,229,115,106,186,194,123,30,23,104,65,66,390,139,90,87,221,115,23,91,166,127,125,144,90,159,150,135,160,161,120,284,253,112,294
STAT,(NULL),LoopTime,176,298889463,298889463,0,0,0,0,0,0,0,0,0,0,0,0,0,0,0,0,0,0,0,0,0,0,0,0,0,0,0,0,0,0,0,0,0,0,0,0,0,0,0,0,0,0,0,0,0,0,0,0,0,0,0,0,0,0,0,0,0,0,0,0,0,0,0,0,0,0,0,0,0,0,0,0,0,0,0,0,0,0,0,0,0,0,0,0,0,0,0,0,0,0,0,0,0,0,0,0,0,0,0,0,0,0,0,0,0,0,0,0,0,0,0,0,0,0,0,0,0,0,0,0,0,0,0,0,0,0,0,0,0,0,0,0,0,0,0,0,0,0,0,0,0,0,0,0,0,0,0,0,0,0,0,0,0,0,0,0,0,0,0,0,0,0,0,0,0,0,0,0,0,0,0,0,0,0,0
STAT,(NULL),MeminfoPost,176,1408,8,8,8,8,8,8,8,8,8,8,8,8,8,8,8,8,8,8,8,8,8,8,8,8,8,8,8,8,8,8,8,8,8,8,8,8,8,8,8,8,8,8,8,8,8,8,8,8,8,8,8,8,8,8,8,8,8,8,8,8,8,8,8,8,8,8,8,8,8,8,8,8,8,8,8,8,8,8,8,8,8,8,8,8,8,8,8,8,8,8,8,8,8,8,8,8,8,8,8,8,8,8,8,8,8,8,8,8,8,8,8,8,8,8,8,8,8,8,8,8,8,8,8,8,8,8,8,8,8,8,8,8,8,8,8,8,8,8,8,8,8,8,8,8,8,8,8,8,8,8,8,8,8,8,8,8,8,8,8,8,8,8,8,8,8,8,8,8,8,8,8,8,8,8,8,8
STAT,(NULL),MeminfoPre,176,1408,8,8,8,8,8,8,8,8,8,8,8,8,8,8,8,8,8,8,8,8,8,8,8,8,8,8,8,8,8,8,8,8,8,8,8,8,8,8,8,8,8,8,8,8,8,8,8,8,8,8,8,8,8,8,8,8,8,8,8,8,8,8,8,8,8,8,8,8,8,8,8,8,8,8,8,8,8,8,8,8,8,8,8,8,8,8,8,8,8,8,8,8,8,8,8,8,8,8,8,8,8,8,8,8,8,8,8,8,8,8,8,8,8,8,8,8,8,8,8,8,8,8,8,8,8,8,8,8,8,8,8,8,8,8,8,8,8,8,8,8,8,8,8,8,8,8,8,8,8,8,8,8,8,8,8,8,8,8,8,8,8,8,8,8,8,8,8,8,8,8,8,8,8,8,8,8
STAT,(NULL),NumaPost,176,4647,2042,566,1324,715,0,0,0,0,0,0,0,0,0,0,0,0,0,0,0,0,0,0,0,0,0,0,0,0,0,0,0,0,0,0,0,0,0,0,0,0,0,0,0,0,0,0,0,0,0,0,0,0,0,0,0,0,0,0,0,0,0,0,0,0,0,0,0,0,0,0,0,0,0,0,0,0,0,0,0,0,0,0,0,0,0,0,0,0,0,0,0,0,0,0,0,0,0,0,0,0,0,0,0,0,0,0,0,0,0,0,0,0,0,0,0,0,0,0,0,0,0,0,0,0,0,0,0,0,0,0,0,0,0,0,0,0,0,0,0,0,0,0,0,0,0,0,0,0,0,0,0,0,0,0,0,0,0,0,0,0,0,0,0,0,0,0,0,0,0,0,0,0,0,0,0,0
STAT,(NULL),PopTime,176,105387676,141160,1613384,382533,751362,114047,713783,477070,440283,410934,393154,562857,336808,238088,168717,267616,372119,580811,588275,90126,53770,548896,372503,1048819,55583,557233,58431,34100654,288505,147323,313951,1672559,1712914,760469,324505,55667,477989,432786,791616,306059,399772,698424,204303,1617792,904886,904479,339375,54935,54363,342019,666879,394841,328053,407884,385232,670269,269212,386092,547269,236612,1271661,431362,251048,647384,506608,309732,459427,450512,274482,392024,702591,1134308,257090,52989,301365,447338,812163,53821,422665,322875,433263,445064,264054,505633,548470,220679,584097,273291,454529,585960,350063,304793,502214,438439,542919,704204,1438308,225581,283462,230454,211450,373096,674916,527632,54662,55427,55360,248917,406778,404863,247988,634110,209173,74642,263556,384986,227472,367615,195113,145990,55973,260538,114196,423038,209703,467152,218687,413839,65657,54037,368625,57801,215316,315754,64230,284038,731494,368575,727155,54960,53782,133398,629999,474274,247641,218951,376872,1318396,252140,72672,55092,209240,144512,149401,782923,270863,193069,199521,463095,244717,52693,193194,1266871,267739,266297,318016,190886,339303,310840,283123,321395,335168,269379,574632,505155,231274,563667
STAT,(NULL),PushTime,176,18511092,0,42899,303084,27622,23856,136222,103330,157429,187236,94469,215776,123963,249610,156310,186481,222379,119607,45566,13234,0,76513,103990,24657,0,168796,0,0,121626,34548,83614,82168,71994,109078,135878,0,60641,232559,110346,307086,152908,93627,55601,168493,30162,74816,179970,0,0,141290,75552,137718,95243,25201,67199,11482,70375,28587,121284,175434,3820,132389,304754,20990,22947,81857,12144,25459,342416,23585,11204,111538,22021,0,124307,29623,13953,0,36491,166515,89877,11528,104150,50661,33734,50034,45393,66368,12001,50851,198898,157221,24562,128790,33141,15127,82627,88473,164179,136035,56517,61770,45402,298095,0,0,0,162973,457841,73232,149999,274624,51832,8636,374828,350964,179163,180792,51231,32984,0,26649,23987,124307,352690,201410,127037,259185,5690,0,349433,0,197495,4646,5586,157908,96022,61272,264574,0,0,29422,130109,54487,161453,53025,348696,481967,25101,8238,0,1047193,33518,34130,39160,273022,284139,0,104200,67865,0,87013,89472,136912,28441,164475,48939,9602,211876,73815,45799,114352,24402,7708,220219,108579,27817
STAT,(NULL),RusageSys,176,0,0,0,0,0,0,0,0,0,0,0,0,0,0,0,0,0,0,0,0,0,0,0,0,0,0,0,0,0,0,0,0,0,0,0,0,0,0,0,0,0,0,0,0,0,0,0,0,0,0,0,0,0,0,0,0,0,0,0,0,0,0,0,0,0,0,0,0,0,0,0,0,0,0,0,0,0,0,0,0,0,0,0,0,0,0,0,0,0,0,0,0,0,0,0,0,0,0,0,0,0,0,0,0,0,0,0,0,0,0,0,0,0,0,0,0,0,0,0,0,0,0,0,0,0,0,0,0,0,0,0,0,0,0,0,0,0,0,0,0,0,0,0,0,0,0,0,0,0,0,0,0,0,0,0,0,0,0,0,0,0,0,0,0,0,0,0,0,0,0,0,0,0,0,0,0,0
STAT,(NULL),RusageUser,176,20024000,20024000,0,0,0,0,0,0,0,0,0,0,0,0,0,0,0,0,0,0,0,0,0,0,0,0,0,0,0,0,0,0,0,0,0,0,0,0,0,0,0,0,0,0,0,0,0,0,0,0,0,0,0,0,0,0,0,0,0,0,0,0,0,0,0,0,0,0,0,0,0,0,0,0,0,0,0,0,0,0,0,0,0,0,0,0,0,0,0,0,0,0,0,0,0,0,0,0,0,0,0,0,0,0,0,0,0,0,0,0,0,0,0,0,0,0,0,0,0,0,0,0,0,0,0,0,0,0,0,0,0,0,0,0,0,0,0,0,0,0,0,0,0,0,0,0,0,0,0,0,0,0,0,0,0,0,0,0,0,0,0,0,0,0,0,0,0,0,0,0,0,0,0,0,0,0,0
STAT,(NULL),Threads,176,176,176,0,0,0,0,0,0,0,0,0,0,0,0,0,0,0,0,0,0,0,0,0,0,0,0,0,0,0,0,0,0,0,0,0,0,0,0,0,0,0,0,0,0,0,0,0,0,0,0,0,0,0,0,0,0,0,0,0,0,0,0,0,0,0,0,0,0,0,0,0,0,0,0,0,0,0,0,0,0,0,0,0,0,0,0,0,0,0,0,0,0,0,0,0,0,0,0,0,0,0,0,0,0,0,0,0,0,0,0,0,0,0,0,0,0,0,0,0,0,0,0,0,0,0,0,0,0,0,0,0,0,0,0,0,0,0,0,0,0,0,0,0,0,0,0,0,0,0,0,0,0,0,0,0,0,0,0,0,0,0,0,0,0,0,0,0,0,0,0,0,0,0,0,0,0,0
STAT,(NULL),Time,176,305868516,305868516,0,0,0,0,0,0,0,0,0,0,0,0,0,0,0,0,0,0,0,0,0,0,0,0,0,0,0,0,0,0,0,0,0,0,0,0,0,0,0,0,0,0,0,0,0,0,0,0,0,0,0,0,0,0,0,0,0,0,0,0,0,0,0,0,0,0,0,0,0,0,0,0,0,0,0,0,0,0,0,0,0,0,0,0,0,0,0,0,0,0,0,0,0,0,0,0,0,0,0,0,0,0,0,0,0,0,0,0,0,0,0,0,0,0,0,0,0,0,0,0,0,0,0,0,0,0,0,0,0,0,0,0,0,0,0,0,0,0,0,0,0,0,0,0,0,0,0,0,0,0,0,0,0,0,0,0,0,0,0,0,0,0,0,0,0,0,0,0,0,0,0,0,0,0,0
STAT,(NULL),TotalTime,176,4055544665,4055544665,0,0,0,0,0,0,0,0,0,0,0,0,0,0,0,0,0,0,0,0,0,0,0,0,0,0,0,0,0,0,0,0,0,0,0,0,0,0,0,0,0,0,0,0,0,0,0,0,0,0,0,0,0,0,0,0,0,0,0,0,0,0,0,0,0,0,0,0,0,0,0,0,0,0,0,0,0,0,0,0,0,0,0,0,0,0,0,0,0,0,0,0,0,0,0,0,0,0,0,0,0,0,0,0,0,0,0,0,0,0,0,0,0,0,0,0,0,0,0,0,0,0,0,0,0,0,0,0,0,0,0,0,0,0,0,0,0,0,0,0,0,0,0,0,0,0,0,0,0,0,0,0,0,0,0,0,0,0,0,0,0,0,0,0,0,0,0,0,0,0,0,0,0,0,0
STAT,(NULL),UserTime,176,8107075690,2390,33524455,91440588,24708707,34123111,34883900,94029273,53375379,24523206,44645538,55545484,67434781,37913877,24912111,14290206,18314211,61330390,20922763,33856947,2694,74987314,71166099,46467584,2795,88894708,2968,1285465,20680591,88188897,29665914,17229893,86240885,35220539,22900012,2616,39831489,60134961,51957110,47364167,121473594,29227409,120619259,32124878,45976861,100549986,72585723,2321,2472,54149050,38005038,91510936,31658445,40718373,43996419,27774447,30278935,10465471,120518472,49233907,14144071,50644187,35762741,55671900,14459969,33748725,9327012,11429583,94666475,15379898,79541494,68588453,11386028,2445,102026081,26697751,11481871,2405,83173078,77001586,104046019,83863734,11281422,25860855,73040484,21862102,21239892,38601845,31846115,33755035,92853645,116554229,27189741,90633088,78999576,24746135,88099895,21544373,34418375,42350545,144873119,44398765,169301049,25415895,2329,2302,2263,62875324,27910896,69956233,96493405,96988297,17929017,12700483,65326698,65338474,121484185,24879410,29348239,121080517,2530,17738220,34214798,29493020,37067518,28500152,30698365,70532948,5143737,2291,130428367,2598,35647503,18189198,5107975,83330794,128059399,34257997,54395300,975273,2410,81428354,56562015,52111745,38342484,16890802,23607488,16316877,21899659,10205694,2322,21358074,98749548,96132687,50346872,63075792,23267774,102649658,72042675,154641237,1312294,14486548,22085398,39430421,56921372,108481662,42966629,38705604,71185602,66279691,33032728,15095854,30682189,67306861,36890063,23577583,28107269
STAT,(NULL),Work,176,49553785682,283656348,283709078,283703618,283697447,283704572,283679337,283701349,283695562,283694391,283697811,283688340,283683282,283685394,283700554,283684077,283689866,283680760,283701428,283711781,283698563,283697586,283655122,283660802,283674676,283693384,283699941,283701892,283693799,249111757,283692419,283689514,283691068,283699841,283697607,283693650,283709081,283692931,283681446,283688340,283692880,283704775,283695258,283690139,283706911,283691915,283692331,283664720,283652748,283652627,283687964,283678690,283688328,283657707,283678891,283673678,283652946,283653316,283689084,283687564,283684933,283678281,283686768,283657094,283680565,283692859,283652594,283661115,283695016,283694151,283659106,283689997,283672643,283699179,283685576,283691760,283683849,283674973,283695611,283658939,283659179,283701704,283676888,283672791,283686449,283683643,283665357,283690327,283695535,283688641,283709093,283703683,283698138,283704584,283679674,283701361,283695568,283694925,283697795,283689833,283683439,283692825,283700836,283684080,249118144,249107890,249125396,283711845,283694582,283697577,283655932,283662213,283674688,283693444,283700293,283704071,283693839,283684131,283692719,283689505,283691411,283699832,283697607,283693653,283709072,283692934,283681686,283688085,249115720,249125068,283695271,283686572,283706911,283685931,283692337,283653310,283652776,283652630,283660046,249112051,249127026,283657707,283687767,283686914,283652943,283653316,283690015,283689518,283684923,254578690,249122957,283657485,249112112,283692846,283652582,283659409,283697043,283694148,283666838,283693629,283672655,283699173,283685551,283691769,283694885,283674976,283695347,283658942,283659191,283701707,283681358,283673896,283690067,283683652,283665606,283690151,283677473
STAT,(NULL),nBad,176,6201878,0,17776,101117,33150,383,17282,65668,16000,9574,14629,32406,20258,5119,5973,515,7806,41620,10397,321,0,74498,65984,24895,0,81021,0,0,5566,136000,9499,1396,74511,2466,5909,0,8064,61294,23236,8436,92661,16438,184000,22176,25949,121977,65886,0,0,24620,5525,78682,14759,6867,10757,22975,16544,4040,138496,47684,11373,33114,0,54765,9537,9140,13039,9683,96000,4771,140911,40505,4883,0,79144,7134,11243,0,133924,90282,137720,113546,6118,13783,73735,2554,13213,9546,17505,10093,29517,20686,4809,74509,81657,8346,110808,4504,8554,7221,232000,45994,123387,8981,0,0,0,57604,4806,67099,109655,84605,13216,28000,49926,48106,56871,5763,4169,124289,0,6691,147,9025,23185,12650,16379,72399,12000,0,52768,0,20178,11824,8000,92009,201795,15277,12291,3045,0,108000,13936,39517,0,4784,4000,12990,8969,12000,0,1588,116000,136000,7897,4621,9192,120000,26658,168000,0,15127,3582,12365,32841,91716,18169,15837,28118,49625,13635,8494,19242,45561,24867,6270,7466
STAT,(NULL),nEmpty,176,24976,22,312,100,343,49,309,183,164,186,156,227,101,85,60,124,168,199,252,34,23,206,123,458,23,188,23,22,129,22,117,384,308,360,146,23,221,151,343,120,98,321,21,300,423,296,95,23,23,122,300,77,114,143,151,315,106,186,173,61,634,157,90,254,228,107,220,114,56,173,281,493,107,23,64,185,404,23,140,90,127,157,124,221,205,79,261,102,194,239,111,91,227,127,198,336,179,92,112,78,22,146,235,240,23,23,23,55,167,142,38,245,82,21,53,122,50,150,68,21,23,111,50,172,65,224,75,136,22,23,97,23,68,138,22,49,240,158,302,22,23,21,279,187,86,94,169,179,102,22,23,86,20,23,359,93,73,33,164,47,22,78,147,95,88,54,55,128,93,83,132,149,96,227,224,95,266
STAT,(NULL),nEmptyPop,176,9647317,9031,65787,51600,66956,39165,64612,32929,60636,61979,57479,59314,35034,63872,68801,69731,71263,49307,69282,43027,39636,55035,55115,14083,43238,43794,61316,40543,73272,45358,69872,56212,49058,40153,66780,35728,34152,55346,57516,29916,21094,70435,13376,51513,56429,10815,49772,42010,42125,64189,68697,54406,61042,61491,67130,71305,70608,75932,45386,65716,74604,66768,60123,63816,76970,71455,78217,16302,49073,80098,56481,57485,74352,44095,53156,74896,81208,38096,54670,54320,46333,52075,78443,74056,55408,70302,70277,71517,70558,64577,32952,21556,66119,51058,52992,68691,45501,68462,65322,62575,27616,61942,12780,66610,33549,51889,40286,54322,62618,50338,48377,55908,72953,47323,37944,60046,23098,52860,63407,40158,35419,67909,35246,66853,69852,69611,63192,59940,62514,35517,18800,48678,44860,79360,54490,57315,43638,69112,63678,41530,51678,38388,63044,64364,68038,73721,71901,73636,72373,40113,51814,72254,24200,24807,37163,64901,69207,18187,61187,13050,37281,74756,70847,64814,32840,45294,64073,65019,55818,63321,72240,76911,66996,56780,65375,71237,73793
STAT,(NULL),nOverall,176,22197878,0,105776,289117,73150,383,105282,193668,160000,69574,134629,168406,212258,113119,69973,36515,51806,193620,62397,321,0,230498,217984,140895,0,285021,0,4000,57566,172000,81499,49396,274511,70466,65909,0,84064,185294,159236,100436,272661,88438,272000,102176,105949,321977,229886,0,0,164620,113525,294682,98759,126867,130757,82975,88544,28040,382496,151684,39373,157114,112000,174765,41537,105140,25039,29683,296000,44771,248911,212505,28883,0,323144,75134,31243,0,261924,238282,325720,261546,26118,73783,229735,62554,61213,117546,93505,106093,185517,176686,80809,286509,249657,72346,278808,60504,100554,127221,292000,133994,391387,76981,0,0,0,197604,84806,215099,301655,284605,53216,40000,205926,204106,216871,73763,84169,168289,0,50691,147,89025,111185,84650,92379,220399,16000,0,264768,0,112178,51824,16000,268009,413795,103277,164291,3045,0,148000,173936,159517,116000,44784,68000,48990,64969,32000,0,65588,180000,172000,95897,180621,65192,216000,222658,272000,4000,39127,67582,120365,132841,351716,130169,115837,220118,201625,101635,40494,91242,213561,108867,66270,83466
STAT,(NULL),nPop,176,30994,22,346,174,379,52,354,234,204,206,194,271,155,114,79,134,182,259,277,35,23,268,181,504,23,262,23,23,146,65,139,400,379,380,165,23,246,202,385,146,168,346,89,328,452,387,154,23,23,166,337,152,141,177,186,351,130,198,273,101,667,198,118,311,242,136,229,125,130,186,351,547,117,23,147,205,416,23,208,152,211,226,131,242,265,96,282,133,226,270,158,136,251,200,263,360,252,109,141,111,95,182,340,263,23,23,23,105,189,197,115,318,97,31,106,174,105,169,90,64,23,126,51,204,93,247,102,192,26,23,164,23,97,154,26,118,350,185,345,23,23,58,325,229,115,106,186,194,123,30,23,104,65,66,390,139,90,87,221,115,23,91,166,127,125,144,90,159,150,135,160,161,120,284,253,112,294
STAT,(NULL),nPush,176,26995,0,67,471,36,29,203,147,245,311,171,376,196,411,248,303,351,172,62,12,0,117,158,33,0,239,0,0,187,42,116,121,100,165,206,0,95,371,170,507,209,131,66,241,45,108,259,0,0,207,122,193,118,26,99,8,107,47,186,270,4,175,479,32,27,113,14,38,555,35,8,140,30,0,188,54,9,0,57,257,124,11,172,91,50,73,67,110,11,55,327,241,36,177,48,17,101,150,246,216,72,95,61,496,0,0,0,210,678,110,220,423,74,8,531,535,274,274,67,41,0,39,28,181,582,352,207,425,3,0,525,0,330,3,3,223,135,98,450,0,0,35,238,78,284,83,611,811,36,7,0,209,42,43,47,436,451,0,134,92,0,132,143,232,38,249,67,8,319,112,73,202,33,5,360,176,38
STAT,(NULL),nPushInit,176,3999,22,23,23,23,23,23,23,23,23,23,23,23,23,23,23,23,23,23,23,23,23,23,23,23,23,23,23,23,23,23,23,23,23,23,23,23,23,23,23,23,23,23,23,23,23,23,23,23,23,23,23,23,23,23,23,23,23,23,23,23,23,23,23,23,23,23,23,23,23,23,23,23,23,23,23,23,23,23,23,23,23,23,23,23,23,23,23,23,23,23,23,23,23,23,23,23,23,23,23,23,23,23,23,23,23,23,23,23,23,23,23,23,23,23,23,23,23,23,23,23,23,23,23,23,23,23,23,23,23,23,23,23,23,23,23,23,23,23,23,23,23,23,23,23,23,23,23,23,23,23,23,23,23,23,23,23,23,23,23,23,23,23,23,23,23,23,23,23,23,23,23,23,23,21,0,0
STAT,(NULL),qPopEmpty,176,19294545,18062,131574,103200,133912,78330,129225,65858,121272,123958,114959,118628,70069,127744,137602,139462,142526,98615,138564,86054,79272,110071,110231,28166,86476,87588,122632,81086,146544,90716,139744,112424,98116,80306,133560,71456,68304,110693,115032,59832,42188,140870,26752,103026,112858,21630,99544,84020,84250,128378,137394,108812,122084,122982,134260,142611,141216,151864,90772,131432,149208,133536,120246,127632,153940,142910,156434,32604,98146,160196,112962,114971,148704,88190,106312,149792,162417,76192,109341,108640,92666,104151,156886,148112,110816,140604,140555,143034,141116,129154,65904,43112,132238,102116,105985,137382,91003,136924,130644,125150,55232,123884,25560,133220,67098,103778,80572,108644,125236,100676,96754,111816,145906,94646,75888,120092,46196,105720,126814,80316,70838,135818,70492,133706,139704,139222,126384,119880,125028,71034,37600,97356,89720,158720,108980,114630,87276,138224,127356,83060,103356,76776,126089,128729,136076,147442,143802,147272,144746,80226,103628,144508,48400,49614,74326,129802,138414,36374,122374,26100,74562,149512,141694,129628,65680,90588,128146,130038,111636,126642,144480,153822,133992,113561,130750,142458,147495
STAT,(NULL),qPopEmptyCyc,176,21608823316,54795115,141927744,109452705,147359279,184166982,140576927,99433570,130571134,135759825,143899161,128532687,94088536,139693776,147751548,153803341,151654649,106007289,150003759,143997997,155771327,117726778,120866127,27773235,177958065,87196141,155950168,110514993,144670840,88867233,139290506,111102506,96803104,151444901,133994823,170855039,141882485,130992801,135378523,121348117,42281886,139106246,55084585,166137606,145707537,20394951,93197654,164399414,179037953,122617505,131476969,101808293,116489412,115097766,128194842,137125595,135957515,146921883,86855410,124624498,144305492,123735439,114052178,121863766,144189585,133833087,147716859,29139432,87859196,140336154,102710215,119784024,132358099,141954936,93164128,133541938,141406017,150404883,98105821,115717299,83635524,111479844,140935950,132580129,117599899,144833601,144458447,126135270,127564209,150339844,105467246,95329041,145817751,108758794,115224049,147653019,117500659,149479808,141940738,136833802,58754231,135621895,62762289,147045120,102450915,164190066,131288539,115384931,152959844,129566437,106075190,99824492,146431295,96867860,97621245,119256630,104142294,136130749,148157492,78158081,190525196,135826754,136031992,132804883,136048079,140392593,146860757,116383042,124360590,101646306,120011421,147304712,108364676,139978147,121840843,107320657,83000925,133034023,121650329,109514205,163179364,73183217,120506616,123064367,130569445,143661874,138913035,142535600,140182424,116123393,99179709,140696290,76140424,47377322,100825597,102533690,144228744,115181145,108458829,42706865,121454273,132666769,128856262,116162862,115805491,81248228,115256090,135984840,119036463,112223756,129502187,139860722,140777596,119811651,137040838,139134680,133035505
STAT,(NULL),qPopFast,176,30288,21,340,170,371,50,346,229,199,201,190,266,151,110,77,131,177,254,272,33,22,262,177,495,22,257,22,22,143,62,135,393,372,372,161,22,241,198,378,143,163,339,86,321,444,380,150,22,22,162,331,149,137,173,182,343,126,194,268,98,656,193,115,305,238,133,224,122,127,182,343,537,114,22,144,201,408,22,204,148,207,221,128,237,260,93,276,130,221,265,154,132,246,196,257,353,246,106,137,108,92,178,333,257,22,22,22,102,185,192,112,312,93,29,103,170,102,165,87,61,22,123,49,199,90,242,98,188,24,22,160,22,94,150,24,115,344,180,338,22,22,55,318,224,112,103,182,190,120,28,22,101,62,63,383,136,87,85,216,112,22,88,162,124,122,141,87,155,146,132,156,157,117,278,249,110,288
STAT,(NULL),qPopFastCyc,176,31383642,19109,308030,170573,320450,45297,307702,211881,180441,177822,167938,241679,140248,100394,71359,116556,158186,250527,256722,30383,20765,236640,160869,418713,20761,245578,20511,21222,123655,60277,130907,1251376,349585,326656,139258,20801,207202,181459,342513,133194,173536,308017,83455,1241360,399356,327614,148881,20275,20595,145955,285148,202097,138129,170015,166347,291881,112850,166231,242784,114420,559386,183945,104372,276143,216709,148301,198008,108599,117679,157476,302465,483495,105978,20092,128076,180773,352010,20142,186654,135967,186521,189478,113682,221465,235473,83880,245899,116539,196522,274448,148729,128228,221117,197790,232977,308206,216278,94547,119700,98679,88659,159400,294736,231016,20749,20770,20658,109196,171428,175009,106754,277155,84703,26309,113914,166844,100780,155604,80170,60497,20288,109652,45570,179463,87628,198456,90344,189350,23338,20703,154073,20472,92974,135569,22157,126412,326177,157226,308344,20106,20598,52384,275104,199965,105691,91714,165157,1088310,106924,26541,20430,87551,58828,60255,354027,114745,78867,85859,203070,103638,20304,79674,1067193,109746,113886,138289,78325,141819,134605,122878,136206,143903,122968,238230,227065,103031,250596
STAT,(NULL),qPopLocal,176,249,0,4,1,3,0,3,2,1,1,2,1,1,1,1,1,2,2,2,0,0,2,2,5,0,3,0,0,1,0,1,5,5,5,2,0,3,2,5,1,0,4,0,4,6,3,1,0,0,2,3,0,0,1,1,3,1,2,2,1,10,1,1,2,1,1,3,1,0,2,5,7,1,0,1,1,5,0,1,0,2,2,1,1,3,0,2,1,3,3,0,0,2,2,2,5,3,1,1,1,0,1,2,3,0,0,0,1,2,1,1,4,1,0,1,1,1,2,1,0,0,1,0,2,1,3,1,2,0,0,1,0,1,1,0,0,1,1,3,0,0,0,3,3,0,1,0,1,1,0,0,1,0,0,4,1,0,0,0,0,0,0,0,1,0,1,1,1,0,0,2,0,0,3,1,0,2
STAT,(NULL),qPopLocalCyc,176,1021992,0,17203,3823,10627,0,10950,7240,3529,3650,10296,3945,4376,3129,5134,3687,7978,8943,7329,0,0,7437,6943,19861,0,12099,0,0,4266,0,4716,18403,24791,17160,8266,0,9671,25423,21885,4357,0,15452,0,13993,26989,11364,4639,0,0,6889,10053,0,0,5046,4133,11302,4388,10208,6655,3781,34916,5147,4230,7337,5635,4045,10384,6206,0,7825,18987,27877,4904,0,3881,3905,19676,0,3086,0,17057,7007,4003,3878,20322,0,6555,3729,9902,12323,0,0,6664,8001,6570,16515,21627,3283,3501,3678,0,4066,6810,10172,0,0,0,5905,8581,3653,4133,13951,4327,0,5556,5626,3860,10257,3648,0,0,3699,0,10724,3313,9768,3684,7801,0,0,5232,0,3721,3502,0,0,4270,3611,11022,0,0,0,9346,19654,0,3499,0,5131,3869,0,0,3417,0,0,13916,3908,0,0,0,0,0,0,0,3726,0,4873,4009,2388,0,0,7122,0,0,11522,3532,0,6523
STAT,(NULL),qPopRemote,176,457,1,2,3,5,2,5,3,4,4,2,4,3,3,1,2,3,3,3,2,1,4,2,4,1,2,1,1,2,3,3,2,2,3,2,1,2,2,2,2,5,3,3,3,2,4,3,1,1,2,3,3,4,3,3,5,3,2,3,2,1,4,2,4,3,2,2,2,3,2,3,3,2,1,2,3,3,1,3,4,2,3,2,4,2,3,4,2,2,2,4,4,3,2,4,2,3,2,3,2,3,3,5,3,1,1,1,2,2,4,2,2,3,2,2,3,2,2,2,3,1,2,2,3,2,2,3,2,2,1,3,1,2,3,2,3,5,4,4,1,1,3,4,2,3,2,4,3,2,2,1,2,3,3,3,2,3,2,5,3,1,3,4,2,3,2,2,3,4,3,2,4,3,3,3,2,4
STAT,(NULL),qPopRemoteCyc,176,36486241,6011,10405,14223,21608,9917,21651,14617,17991,17269,9401,27656,16678,12408,4937,7795,15741,27428,22723,19127,4500,16593,10936,19500,4889,10326,6597,34047680,8554,11280,18331,10005,9819,12599,9835,4624,8591,12600,11925,12551,38834,18659,14426,15536,10169,17688,12860,5411,4840,9385,26446,18778,30424,16144,15149,21903,12353,8590,14620,6672,3423,22427,10599,32523,20734,9583,9865,8548,14817,21092,12245,25095,11416,3954,8278,43735,12168,4318,13713,19846,7865,20210,8572,24216,9137,22133,15954,9082,8506,10839,31327,26000,12756,7662,23848,13014,19117,8491,13133,10101,15146,17440,29237,13173,4503,5465,5180,7984,15800,19860,11091,8342,15758,9225,15487,18285,8294,14417,11514,12151,5131,8467,8248,19253,13298,13716,14183,11533,8697,4309,16171,5823,9119,12866,9110,17015,26458,19759,30992,5049,4158,11707,16435,7200,15406,7850,17827,13328,9890,8818,5583,7401,11104,11367,22929,8206,15330,13680,23017,14615,4006,15151,19159,15076,14072,8141,7805,25038,16056,12799,8056,17728,14232,24234,11954,10526,20258
==== BENCHMARK TOOK 2.560
