==== BENCHMARK START ===
==== PARAMS kernel=4.9.5-64-net1 malloc=libc hostname=rack-mad-04 threads=176 delta=8 prog=sssp-klsm1024  ===
ERROR: ld.so: object '/specific/disk1/home/adamx/malloc/lib64/libjemalloc.so' from LD_PRELOAD cannot be preloaded (cannot open shared object file): ignored.
Galois Benchmark Suite v2.2.1 (r0)
Copyright (C) 2014 The University of Texas at Austin
http://iss.ices.utexas.edu/galois/

application: Single Source Shortest Path
Computes the shortest path from a source node to all nodes in a directed graph using a modified chaotic iteration algorithm
http://iss.ices.utexas.edu/?p=projects/galois/benchmarks/single_source_shortest_path

INFO: CommandLine ./build/debug/apps/sssp/sssp -noverify -t 176 -delta 8 -wl klsm1024 -startNode 0 /specific/disk1/home/mad/Galois-PQ/inputs/random/r4-2e24.gr
INFO: Hostname rack-mad-04
Read 16777216 nodes
Running Asynchronous with CAS version
INFO: Using delta-step of 1
WARNING: Performance varies considerably due to delta parameter.
WARNING: Do not expect the default to be good for your graph.
INVALID RUN?  Loop (null) 16.749% system time
Node 1 has distance 8445
STATTYPE,LOOP,CATEGORY,n,sum,T0,T1,T2,T3,T4,T5,T6,T7,T8,T9,T10,T11,T12,T13,T14,T15,T16,T17,T18,T19,T20,T21,T22,T23,T24,T25,T26,T27,T28,T29,T30,T31,T32,T33,T34,T35,T36,T37,T38,T39,T40,T41,T42,T43,T44,T45,T46,T47,T48,T49,T50,T51,T52,T53,T54,T55,T56,T57,T58,T59,T60,T61,T62,T63,T64,T65,T66,T67,T68,T69,T70,T71,T72,T73,T74,T75,T76,T77,T78,T79,T80,T81,T82,T83,T84,T85,T86,T87,T88,T89,T90,T91,T92,T93,T94,T95,T96,T97,T98,T99,T100,T101,T102,T103,T104,T105,T106,T107,T108,T109,T110,T111,T112,T113,T114,T115,T116,T117,T118,T119,T120,T121,T122,T123,T124,T125,T126,T127,T128,T129,T130,T131,T132,T133,T134,T135,T136,T137,T138,T139,T140,T141,T142,T143,T144,T145,T146,T147,T148,T149,T150,T151,T152,T153,T154,T155,T156,T157,T158,T159,T160,T161,T162,T163,T164,T165,T166,T167,T168,T169,T170,T171,T172,T173,T174,T175
STAT,(NULL),BadWork,176,280923266,2395471,1638422,1958023,1820069,2036173,2070951,1781102,1490844,1684790,2120716,1966949,1978981,1950485,1766387,1665684,1757328,1506239,1958583,1741985,1508214,1564189,1585172,1067317,1127854,1190025,1218466,1474066,1383239,1208896,1220607,1564885,1520977,1351113,1299521,1261310,1287188,1246328,1177568,1109377,1226495,1306486,1498803,1506804,1052752,1742419,1361299,1388258,1417490,1517983,1759625,1438280,1690100,1590970,1671903,1591282,1524287,1510292,1418688,1571613,1565855,1401507,1659677,1347051,1742543,1346466,1388838,1557757,1666997,2006631,1980853,1500252,2128583,2146057,2069661,1878312,1906554,1966763,1647656,1507424,1700057,1236815,1644004,1398119,1769644,1667875,2792069,1333078,1395395,2350670,1940463,1833725,1859639,2100417,1854342,1683028,1908978,1707769,2279085,1939216,1721120,1704194,2121931,1498411,1623337,1309052,1650086,1484592,1632570,1509969,1899009,1135394,1353739,1178960,1340689,1331516,1608294,1530494,1068860,1262073,1416800,1382656,1355879,1328920,1384422,1356991,1199585,943106,1363360,1341771,1550409,1176428,1333387,1369266,1519544,1781919,1655908,1607586,1476887,1603228,1500056,1749261,1276595,1605992,1614603,1612704,1725019,1401492,1469286,1439197,1816147,1592306,1464692,1578527,1292513,1293654,1693853,1791439,1946115,1781986,2050507,1677549,1671378,1783556,1872412,2007024,1771850,1810686,1793554,1387231,1457897,1648601,1763639,1619791,1533185,1491903,1573576
STAT,(NULL),BarrierTime,176,139680083,2396386,2376769,2272258,827964,838858,940180,927095,790340,2171564,599608,777699,740938,743497,828059,2146550,2068359,2072704,2083151,2074060,648505,638734,678338,383931,328964,1800620,333285,275308,417588,315309,315455,566911,1835437,312886,463827,170445,1836860,297631,323783,407277,273883,245396,308494,326385,435703,371220,1830960,1831263,279245,343733,1798361,450321,261509,391872,350967,407920,283474,417917,479137,1806462,427041,448585,229791,302889,391774,1774633,267363,271936,208110,320817,218137,123688,1695142,310764,214536,1703847,115897,1698770,130307,331264,1705902,353938,347790,307141,384898,346480,1707391,412938,1694865,530070,547035,491316,565103,1846207,1858241,541895,1853571,1842565,268285,503400,1849521,1832069,1850030,526177,451088,486406,530889,1847751,1854609,414711,554360,234619,1787216,359548,307241,219132,440448,1763043,352512,328171,285341,279143,294709,139734,282679,242775,363756,277474,187211,155415,297212,259145,349092,1791914,429322,403619,272676,1778340,343316,1749466,261596,1800207,295681,174490,278095,1810587,428624,423254,1801042,462943,415578,229757,422474,1808955,217842,1753928,371553,1761198,180421,428885,1751368,363201,1758316,1760707,172517,1753886,1760646,1755445,174686,402988,344391,453482,407894,171445,165380,411680,357384
STAT,(NULL),ConflictTime,176,0,0,0,0,0,0,0,0,0,0,0,0,0,0,0,0,0,0,0,0,0,0,0,0,0,0,0,0,0,0,0,0,0,0,0,0,0,0,0,0,0,0,0,0,0,0,0,0,0,0,0,0,0,0,0,0,0,0,0,0,0,0,0,0,0,0,0,0,0,0,0,0,0,0,0,0,0,0,0,0,0,0,0,0,0,0,0,0,0,0,0,0,0,0,0,0,0,0,0,0,0,0,0,0,0,0,0,0,0,0,0,0,0,0,0,0,0,0,0,0,0,0,0,0,0,0,0,0,0,0,0,0,0,0,0,0,0,0,0,0,0,0,0,0,0,0,0,0,0,0,0,0,0,0,0,0,0,0,0,0,0,0,0,0,0,0,0,0,0,0,0,0,0,0,0,0,0
STAT,(NULL),Conflicts,176,0,0,0,0,0,0,0,0,0,0,0,0,0,0,0,0,0,0,0,0,0,0,0,0,0,0,0,0,0,0,0,0,0,0,0,0,0,0,0,0,0,0,0,0,0,0,0,0,0,0,0,0,0,0,0,0,0,0,0,0,0,0,0,0,0,0,0,0,0,0,0,0,0,0,0,0,0,0,0,0,0,0,0,0,0,0,0,0,0,0,0,0,0,0,0,0,0,0,0,0,0,0,0,0,0,0,0,0,0,0,0,0,0,0,0,0,0,0,0,0,0,0,0,0,0,0,0,0,0,0,0,0,0,0,0,0,0,0,0,0,0,0,0,0,0,0,0,0,0,0,0,0,0,0,0,0,0,0,0,0,0,0,0,0,0,0,0,0,0,0,0,0,0,0,0,0,0
STAT,(NULL),EmptyPopTime,176,1757745719751,9792683016,12503323711,10081446879,10287528950,10134271518,10002188593,10036782481,9689716958,9909890063,9818576338,9944697410,9874809262,9841904956,9991018552,10031035590,9599517616,10023789027,10000385819,9586073323,10364260432,8684198891,12872384014,9497642726,9535441793,9830288741,9638558464,9619309618,9694525855,9972329562,2625777070,9651445712,9864916339,9948641868,9796431970,9874434735,9865243619,10021064410,10289160834,10387084208,9781834986,9784442124,9657983986,10005770822,10234043666,9821163876,10207994381,2560186259,10147229946,10160309343,9915315265,10288611694,9563826013,10163103525,10153209798,9779011127,9907919049,9793740033,9668352847,9814348280,10016392398,9829815625,9978235847,9788631202,9946896023,10144384472,2958214282,9843825198,10148550771,9920167723,9765623077,9851133149,9977304107,9289953990,9766242827,9876819963,9751483417,9910883310,9806977092,9667160183,9666563982,5113920307,9880219874,10330281195,9775690823,9715811230,9696835568,9847236250,9884404931,10196281758,10418979100,10288285238,9946268904,9600031077,9780912443,10115273188,10055304168,13331036275,10063726975,9869262277,10197010059,9809294597,9827209645,10195445883,9745832327,10628278088,10239808010,10043544249,10120897649,10047258468,8517354036,9990554963,9834352164,10027308046,9989829003,9965234318,9459570119,10224612974,12419023112,9688738906,9893088061,10222429220,9944133485,10004429391,9883494481,9912657688,10082308174,10064678845,9953042283,9758865242,9600868948,9934651393,9745093466,9952892171,10117741674,9785481336,9881532924,9818353984,9900877997,9964479408,10182724445,10324870667,9976634908,9850104632,9988511381,10214030399,10129421605,12272786181,9655676101,10119318148,9752058353,9697510142,9920601481,9950844203,12751458963,13495860534,9887609108,9976884859,12749007106,9763116075,9729169539,10072993225,12428932050,9475660042,13307790266,13425444574,9864944698,9669567895,13307347961,8439727916,9739465241,10240960882,9814891904,12945301301,13239361385,9736648146,9850028486
STAT,(NULL),EmptyWork,176,4471768420,25067947,16681988,25137855,27494371,23855936,29285111,24797331,19438681,24900506,24993045,25084529,29528082,25596217,25801134,25492904,16900666,27421356,27232764,23535237,17865142,14511361,17196466,20082605,25725393,26871195,27249821,24504248,25997063,26001300,16494174,26325017,24737500,26403711,27735134,23590480,27016412,24296796,19056523,23505627,27188307,27986445,26174855,24082023,24351142,27404202,27246635,19132909,26514112,26893570,26600874,24935408,26581585,26798441,26078627,26920266,25795720,25526102,26550730,21117194,26184691,25525095,26834545,27789649,26828886,26212632,18365682,26285269,25567327,31235622,26540679,28148470,30400596,25300767,24888140,29149068,30248130,30407360,30893906,25379763,30871551,21524466,26428277,24326921,28066460,25578611,28642522,27862047,34932074,24086897,23605482,24294712,24979776,30647279,23743050,24338247,24464556,16149817,25738785,24747342,25590783,25172083,30507258,22282592,18477647,23763757,29922499,25048493,22551561,22518459,18964840,26149341,25317824,26170502,29101657,25459916,25716054,23098627,17538004,26905322,25601620,28013666,26996924,25028298,26953022,24433026,24309583,24457782,29371840,27268814,25769969,24033516,24215073,28531126,25985085,23327351,27181280,26315138,27917380,25309008,27736121,26219455,27256843,26562089,26570017,28042711,26821093,18434187,21154706,25682757,26648221,27563070,26923573,26405469,17719761,22169037,29108020,29671614,21112206,30740986,29181318,26640266,22618610,29396712,20394304,22846719,31517502,25438019,25392532,21397871,31692037,30021270,24716976,24875475,19587309,27924229,29802691
STAT,(NULL),GaloisTime,176,178137226159,1099191171,701421469,1065188689,1075536521,1075128700,1080857548,1072491379,1055369002,1017061023,1087615928,1083353922,1083789912,1073537631,1074742903,1054894348,1048600688,1051342955,1076978395,1069403625,1043208439,975375988,609958869,1041186349,1054077811,1053887741,1069942183,1053486856,1064429625,1050123863,311424017,1059364186,1054450950,1063063049,1059322491,1049193484,1064277646,1046125366,1037158882,1042813544,1054997739,1056316545,1060245974,1040857441,1038727697,1066397810,1051049875,358306475,1065842882,1065087165,1061776765,1056044168,1067030853,1063045587,1061996157,1071641002,1062016757,1064792275,1063385909,1043021687,1055159753,1045758237,1066366557,1060502222,1067472965,1053819115,361849888,1057819028,1075962211,1088321010,1093139197,1095875831,1109747369,1074597755,1070004020,1104639881,1070600152,1034710116,1101483997,1076138939,1070281443,590845663,1082264687,1067075395,1078837408,1076120889,1059922987,1081923603,1097184652,1083258580,1041630083,1056874709,1067493569,1081402391,1067365220,1064115958,1051376683,265814595,1079003236,1075030739,1062702677,1063399788,1067033883,1041043077,1041591508,1046752180,1071286417,1061637888,1043947114,1043206807,913926179,1053259728,1043879226,1050087136,1057646323,1051061594,1063623683,1042670004,907675629,1061166672,1050826832,1055558774,1058062179,1053287773,1063986128,1047918989,1036556052,1043243507,1060574151,1052115174,1053586489,1042258460,1039370007,1062960320,1058433965,1017660978,1069469205,1080233840,1072864287,1061359820,1069310216,1070200310,1066819280,1077753939,1078859713,1068737192,1077919880,849310690,1061604828,1064538582,1073277650,1079893586,1076692777,1062114958,348718059,537295999,1101023952,1108016169,786552817,1106418991,1108138091,1084493890,776986276,1128098033,512849941,167329832,1108379225,1096860894,510605357,936896879,1095288152,1083483513,1103961402,974369491,503381777,1091696758,1097673973
STAT,(NULL),InitPushTime,176,8519723,26706,10906,130949,37521,36671,36614,36544,36575,36041,35607,35233,35030,35136,34481,35643,35995,35388,34338,33914,35030,35336,34320,112442,111840,111606,111621,111232,111144,110711,111349,110029,69623,69850,70840,71082,69740,69190,68757,70107,68948,70238,69674,69593,55521,120509,32339,31146,32702,29990,29009,30827,33134,30697,31589,31237,29334,29307,27571,28105,32436,28251,27865,25957,66801,67256,27031,91389,148353,91784,146901,90230,147603,92816,147738,92537,147334,92786,147226,97370,146880,95619,146830,93077,146008,93617,146051,92096,94220,31692,58957,58584,27911,27648,29116,27744,27993,27389,26664,25590,26442,25277,24665,24734,24834,25038,24810,23562,25271,23108,22616,67159,41675,65164,40231,63330,38735,64445,61805,61805,62172,61263,35801,34533,34342,59679,33653,32744,31152,31034,59701,29466,60053,15673,15852,15088,14432,14462,14584,13570,13461,12848,12666,12004,12554,11841,11297,11091,11039,10602,9899,9601,10703,10681,9095,12023,56683,9516,9883,9756,53853,9570,7681,7841,52943,9198,6955,6700,51665,5920,4439,4209,51254,6542,3872,3666,2251
STAT,(NULL),Iterations,176,22633678,138347,104790,128458,139577,131898,148258,128447,108428,131124,136919,132589,147791,132304,132668,123837,99277,129414,134502,126636,102076,95493,104959,98562,121391,125404,129842,119899,129377,119388,92060,127978,122479,124639,131324,117870,127446,114436,97378,110931,129260,129201,129813,112949,113395,128335,130961,110203,134946,136778,134779,125779,131927,134596,132767,137526,132160,133599,136003,114753,126260,123669,135327,134493,136594,127737,103191,126761,133226,148784,144422,145161,156838,132943,133702,151849,152641,154868,151078,135676,151977,116411,134047,120477,140734,136873,147662,135977,159639,134413,126417,128144,132284,153662,131011,126325,126389,104992,141765,132132,131317,129219,147227,116361,106546,119286,147198,133278,117345,117916,110895,115390,119033,121019,132511,123853,127162,114803,96595,125211,123792,130251,128568,122970,128275,114152,112406,113030,131528,127740,126402,112457,112339,129521,129221,125727,137898,134578,135507,129116,130506,134119,133499,135478,134074,133101,136706,104813,111744,123589,135251,136887,136362,127343,102145,115256,142489,147229,124547,151211,151549,131917,126308,153888,123380,131756,150533,136388,137990,115370,147736,136121,132849,135340,118621,136051,139412
STAT,(NULL),LoopTime,176,59476483931,59476483931,0,0,0,0,0,0,0,0,0,0,0,0,0,0,0,0,0,0,0,0,0,0,0,0,0,0,0,0,0,0,0,0,0,0,0,0,0,0,0,0,0,0,0,0,0,0,0,0,0,0,0,0,0,0,0,0,0,0,0,0,0,0,0,0,0,0,0,0,0,0,0,0,0,0,0,0,0,0,0,0,0,0,0,0,0,0,0,0,0,0,0,0,0,0,0,0,0,0,0,0,0,0,0,0,0,0,0,0,0,0,0,0,0,0,0,0,0,0,0,0,0,0,0,0,0,0,0,0,0,0,0,0,0,0,0,0,0,0,0,0,0,0,0,0,0,0,0,0,0,0,0,0,0,0,0,0,0,0,0,0,0,0,0,0,0,0,0,0,0,0,0,0,0,0,0
STAT,(NULL),MeminfoPost,176,1760,10,10,10,10,10,10,10,10,10,10,10,10,10,10,10,10,10,10,10,10,10,10,10,10,10,10,10,10,10,10,10,10,10,10,10,10,10,10,10,10,10,10,10,10,10,10,10,10,10,10,10,10,10,10,10,10,10,10,10,10,10,10,10,10,10,10,10,10,10,10,10,10,10,10,10,10,10,10,10,10,10,10,10,10,10,10,10,10,10,10,10,10,10,10,10,10,10,10,10,10,10,10,10,10,10,10,10,10,10,10,10,10,10,10,10,10,10,10,10,10,10,10,10,10,10,10,10,10,10,10,10,10,10,10,10,10,10,10,10,10,10,10,10,10,10,10,10,10,10,10,10,10,10,10,10,10,10,10,10,10,10,10,10,10,10,10,10,10,10,10,10,10,10,10,10,10
STAT,(NULL),MeminfoPre,176,1760,10,10,10,10,10,10,10,10,10,10,10,10,10,10,10,10,10,10,10,10,10,10,10,10,10,10,10,10,10,10,10,10,10,10,10,10,10,10,10,10,10,10,10,10,10,10,10,10,10,10,10,10,10,10,10,10,10,10,10,10,10,10,10,10,10,10,10,10,10,10,10,10,10,10,10,10,10,10,10,10,10,10,10,10,10,10,10,10,10,10,10,10,10,10,10,10,10,10,10,10,10,10,10,10,10,10,10,10,10,10,10,10,10,10,10,10,10,10,10,10,10,10,10,10,10,10,10,10,10,10,10,10,10,10,10,10,10,10,10,10,10,10,10,10,10,10,10,10,10,10,10,10,10,10,10,10,10,10,10,10,10,10,10,10,10,10,10,10,10,10,10,10,10,10,10,10
STAT,(NULL),NumaPost,176,126850,34766,27652,31035,33397,0,0,0,0,0,0,0,0,0,0,0,0,0,0,0,0,0,0,0,0,0,0,0,0,0,0,0,0,0,0,0,0,0,0,0,0,0,0,0,0,0,0,0,0,0,0,0,0,0,0,0,0,0,0,0,0,0,0,0,0,0,0,0,0,0,0,0,0,0,0,0,0,0,0,0,0,0,0,0,0,0,0,0,0,0,0,0,0,0,0,0,0,0,0,0,0,0,0,0,0,0,0,0,0,0,0,0,0,0,0,0,0,0,0,0,0,0,0,0,0,0,0,0,0,0,0,0,0,0,0,0,0,0,0,0,0,0,0,0,0,0,0,0,0,0,0,0,0,0,0,0,0,0,0,0,0,0,0,0,0,0,0,0,0,0,0,0,0,0,0,0,0
STAT,(NULL),PopTime,176,2750046943904,15163172932,14850494583,15749032472,15236452365,16210705612,15660121859,16193330960,15067233546,15828147179,16493480488,15960467633,15377305718,16176700472,16039831914,16067516116,15261691904,15751992387,15355456511,16123107110,14859383923,18218687010,14068964479,13535871129,14094873004,13927407592,14243773071,14668626795,13939074016,14734362366,23379621103,14204034228,14660737892,13636374845,14475958311,14132535270,13975657353,14862082993,13412555327,14500653362,14482307867,14651661329,13988908660,14700679772,14490362930,15756277111,15583587104,24605882913,15319223701,15649416025,15579223320,15215531482,16330741217,15571505749,15541373485,15956661663,15203477343,15724626090,15714289655,15207627386,15694519203,15584542121,15685957569,15831475091,15460666774,15439031060,24099272457,15788968166,15544347285,16685182843,15951931278,15964501929,16719195670,16432217975,15716272248,16728714846,16828637154,15839298587,16255066899,15750379808,16856915217,22576940241,16249038872,14802089221,15284641735,17145089832,16429378886,16721286337,16099109413,15927236794,16672824401,15496106765,15925462067,16340559985,16161438020,15119095918,15157585341,14711553170,15507586575,15819196877,16185237532,15759715340,15619634127,15762680882,15969053614,15091022224,15679357798,15675749812,15673714190,15876201768,18582951925,14687232712,14854489151,15320155881,14593211001,14969810314,15105564738,14411613829,13444581195,14745493196,15033803181,14364929341,13796301058,14484437330,14036324504,14819210630,14525191665,14461507668,14477846010,14665808231,14940869549,14645956294,15021708758,15690994959,15452631899,16543678695,15626169449,15589821780,15687082802,15315804625,15337312550,15166427261,15529932935,15903068922,15665588679,15440885840,15547107495,14335905748,14953833889,15266615121,15682470006,15893754114,15602348446,15559173683,14397431682,13968365092,16595977982,16611951243,14710273091,16636982094,16584438007,16727707632,15381729789,17846365167,14286912031,14952769479,16635334400,15392584902,14110511801,18313234019,15882548310,16185238959,15364266861,14732237614,14145353160,16479028691,16659572290
STAT,(NULL),PushTime,176,5671479345936,32724532910,30846203301,31924702227,32188778578,31383043295,32018874580,31527124943,33092334799,32073704669,31368856238,31822704928,32433991315,31722315680,31715154864,31711625669,33037226005,32034505662,32388049830,32061280112,32666852943,31060926632,31357748380,34904479055,34237153921,34092982247,33921798033,33571576529,34183720415,33158898582,32686898638,33969019229,33318142779,34252198897,33550738400,33869473094,33984180939,33014213119,34258599445,33015811721,33571776278,33388209615,34170670425,33201200441,33187547912,32203142606,32015221992,31370093813,32306900831,31952883215,32283346280,32321069603,31875723509,32036854100,32088958409,32005051157,32674641022,32247423723,32376671023,32825406808,32085639119,32427975125,32099111602,32160348208,32349475788,32226048579,31512765736,32130712641,32049813260,31064110979,31941343728,31871796494,30888157109,32018173889,32254982359,31025654987,31082462849,31956720255,31590837118,32314153592,31153424794,30590604557,31599205180,32684605547,32655835559,30853669330,31577956852,31172296676,31646697882,31587714816,30684445755,31999371997,31884828640,31697647572,31802616094,32556361470,32593654996,30573152446,32122145698,32040656146,31379703873,32210314874,32274413142,31878634998,32158690052,32122261179,31786100961,32031247629,32056241661,31923831315,30849985978,33185281861,33195517983,32523556067,33224472584,32902784366,33249841611,33256138259,32199798631,33399351151,32914942789,33240298994,34089390268,33366418645,33892882154,33169271065,33311440994,33384532003,33372288961,33411922491,33294757018,33329852345,33151491671,32132902808,32233956593,31510509284,32232249785,32340857949,32169055936,32516220147,32273159944,32277611891,32260308917,31994619844,32093514351,32113696567,32064793264,31475061962,33240972713,32442723833,32318318445,32147689066,32223067452,32303225991,31442846108,30863216626,31207773179,31065114843,30553552815,31241019435,31322949406,30955661966,30232437573,30270083766,30694431486,30216461963,31140536135,32647626659,30859083517,31200491786,32060984632,31310363382,32526081097,30124138950,30965027601,31502462677,31194435230
STAT,(NULL),RusageSys,176,782356000,782356000,0,0,0,0,0,0,0,0,0,0,0,0,0,0,0,0,0,0,0,0,0,0,0,0,0,0,0,0,0,0,0,0,0,0,0,0,0,0,0,0,0,0,0,0,0,0,0,0,0,0,0,0,0,0,0,0,0,0,0,0,0,0,0,0,0,0,0,0,0,0,0,0,0,0,0,0,0,0,0,0,0,0,0,0,0,0,0,0,0,0,0,0,0,0,0,0,0,0,0,0,0,0,0,0,0,0,0,0,0,0,0,0,0,0,0,0,0,0,0,0,0,0,0,0,0,0,0,0,0,0,0,0,0,0,0,0,0,0,0,0,0,0,0,0,0,0,0,0,0,0,0,0,0,0,0,0,0,0,0,0,0,0,0,0,0,0,0,0,0,0,0,0,0,0,0
STAT,(NULL),RusageUser,176,3888640000,3888640000,0,0,0,0,0,0,0,0,0,0,0,0,0,0,0,0,0,0,0,0,0,0,0,0,0,0,0,0,0,0,0,0,0,0,0,0,0,0,0,0,0,0,0,0,0,0,0,0,0,0,0,0,0,0,0,0,0,0,0,0,0,0,0,0,0,0,0,0,0,0,0,0,0,0,0,0,0,0,0,0,0,0,0,0,0,0,0,0,0,0,0,0,0,0,0,0,0,0,0,0,0,0,0,0,0,0,0,0,0,0,0,0,0,0,0,0,0,0,0,0,0,0,0,0,0,0,0,0,0,0,0,0,0,0,0,0,0,0,0,0,0,0,0,0,0,0,0,0,0,0,0,0,0,0,0,0,0,0,0,0,0,0,0,0,0,0,0,0,0,0,0,0,0,0,0
STAT,(NULL),Threads,176,176,176,0,0,0,0,0,0,0,0,0,0,0,0,0,0,0,0,0,0,0,0,0,0,0,0,0,0,0,0,0,0,0,0,0,0,0,0,0,0,0,0,0,0,0,0,0,0,0,0,0,0,0,0,0,0,0,0,0,0,0,0,0,0,0,0,0,0,0,0,0,0,0,0,0,0,0,0,0,0,0,0,0,0,0,0,0,0,0,0,0,0,0,0,0,0,0,0,0,0,0,0,0,0,0,0,0,0,0,0,0,0,0,0,0,0,0,0,0,0,0,0,0,0,0,0,0,0,0,0,0,0,0,0,0,0,0,0,0,0,0,0,0,0,0,0,0,0,0,0,0,0,0,0,0,0,0,0,0,0,0,0,0,0,0,0,0,0,0,0,0,0,0,0,0,0,0
STAT,(NULL),Time,176,67320525782,67320525782,0,0,0,0,0,0,0,0,0,0,0,0,0,0,0,0,0,0,0,0,0,0,0,0,0,0,0,0,0,0,0,0,0,0,0,0,0,0,0,0,0,0,0,0,0,0,0,0,0,0,0,0,0,0,0,0,0,0,0,0,0,0,0,0,0,0,0,0,0,0,0,0,0,0,0,0,0,0,0,0,0,0,0,0,0,0,0,0,0,0,0,0,0,0,0,0,0,0,0,0,0,0,0,0,0,0,0,0,0,0,0,0,0,0,0,0,0,0,0,0,0,0,0,0,0,0,0,0,0,0,0,0,0,0,0,0,0,0,0,0,0,0,0,0,0,0,0,0,0,0,0,0,0,0,0,0,0,0,0,0,0,0,0,0,0,0,0,0,0,0,0,0,0,0,0
STAT,(NULL),TotalTime,176,74910680544,74910680544,0,0,0,0,0,0,0,0,0,0,0,0,0,0,0,0,0,0,0,0,0,0,0,0,0,0,0,0,0,0,0,0,0,0,0,0,0,0,0,0,0,0,0,0,0,0,0,0,0,0,0,0,0,0,0,0,0,0,0,0,0,0,0,0,0,0,0,0,0,0,0,0,0,0,0,0,0,0,0,0,0,0,0,0,0,0,0,0,0,0,0,0,0,0,0,0,0,0,0,0,0,0,0,0,0,0,0,0,0,0,0,0,0,0,0,0,0,0,0,0,0,0,0,0,0,0,0,0,0,0,0,0,0,0,0,0,0,0,0,0,0,0,0,0,0,0,0,0,0,0,0,0,0,0,0,0,0,0,0,0,0,0,0,0,0,0,0,0,0,0,0,0,0,0,0
STAT,(NULL),UserTime,176,99955333686,637601018,524122631,596745813,626456898,615248734,650921837,587725055,518156623,588548055,648731948,605940607,642825209,602193849,595699967,551686926,478316986,553202712,594144932,578854385,490680396,488551293,515996695,442988073,494977847,510812364,540928992,504747731,534504658,500535680,422035984,532062216,519264194,515567313,532064319,493023347,525874472,474467315,425720716,472382560,524146654,533634581,538266682,469659303,467217470,567867714,557152979,528651031,576541480,587663490,575990753,536061028,578349321,580945212,570635777,602967300,568403568,586145084,593003712,530731540,564357992,528636871,585746726,573506001,590912763,552756848,491784612,594642841,598013053,653234971,663674907,630798371,717447778,602009009,609863451,677275232,678820861,670232898,656993988,609041055,664196152,548417899,605096213,533875779,619180827,625983478,649516637,591648633,679925110,623674040,600762862,577320514,593214730,691965460,606174683,563067620,559863880,544545235,644049230,613355632,592005412,574351780,623451826,542162998,508608498,530176748,635772363,605025690,524899082,529234349,559065933,499771263,488693701,494971982,547990275,527901246,537935169,484117659,453634417,520595332,523987205,531019945,527366709,508648985,538610381,468758601,462445121,463831197,549128426,526270700,526398616,465497471,460371831,573971901,553503759,561595756,605650334,586670117,584454848,559080387,552009216,576923043,581300374,590143124,589209300,576860595,596190558,490754115,509010916,523374652,589480162,595842410,592619473,540488251,484078099,555345515,620761341,650614211,621754691,663976684,668376247,574756260,599548774,692650056,619874550,657399735,661541040,610174968,629311892,530504695,632274591,592185659,608334584,641330460,569542044,604492565,610740952
STAT,(NULL),Work,176,10462047316635,59442437353,59442388562,59442404074,59443828518,59443821672,59443700424,59443713583,59443791366,59442410739,59443987196,59443765817,59443802534,59443799292,59443716813,59442388532,59442410766,59442407539,59442391643,59442408256,59443835168,59443840860,59443765826,59443859290,59443924390,59442418700,59443920147,59443977598,59443836683,59443939836,59443937705,59443687083,59442415776,59443939306,59443788230,59444081977,59442403518,59443952364,59443930048,59443847145,59443979013,59444007801,59443943853,59443927076,59443814558,59443872734,59442401723,59442402106,59443939623,59443859512,59442419423,59443792738,59443952350,59443852010,59443853336,59443835915,59443933649,59443825896,59443739187,59442401942,59443797699,59443794369,59443990970,59443939594,59443795663,59442412151,59443950529,59443826235,59443893605,59443780377,59443885351,59443978634,59442404356,59443789506,59443889357,59442396515,59443985025,59442401298,59443973676,59443773155,59442390140,59443745417,59443756702,59443794191,59443717792,59443756998,59442390240,59443691820,59442407310,59443784048,59443780686,59443841879,59443684368,59442404123,59442386556,59443711872,59442386431,59442410745,59443983473,59443748606,59442398154,59442416800,59442401614,59443731713,59443805845,59443772267,59443724021,59442408283,59442401767,59443840869,59443702305,59443953368,59442404898,59443833776,59443900210,59443977614,59443780867,59442430117,59443842496,59443867220,59443910156,59443916576,59443913994,59444081995,59443928453,59443953330,59443842820,59443924989,59443979004,59444006609,59443870048,59443902764,59443815187,59442437561,59443733770,59443759066,59443939651,59442433762,59443824362,59442411550,59443952149,59442401990,59443871546,59443991401,59443933394,59442417544,59443739172,59443743524,59442404659,59443771467,59443755981,59443939607,59443795386,59442411427,59443950500,59442399062,59443788046,59442392465,59443979335,59443731523,59442404205,59443794525,59442396540,59442395372,59443984560,59442400988,59442389839,59442399495,59443984931,59443755172,59443814093,59443706283,59443750971,59443986596,59443993270,59443746140,59443801390
STAT,(NULL),nBad,176,174601,1395,974,1129,1118,1252,1254,1088,933,1063,1286,1185,1170,1180,1082,985,1029,883,1224,1035,906,947,988,742,704,794,784,1008,846,770,780,1042,979,907,879,807,813,820,763,749,754,887,948,917,688,1105,889,909,879,937,1153,837,1032,951,1017,1035,981,958,892,1014,990,804,968,876,1030,835,848,971,1086,1293,1225,918,1339,1415,1231,1229,1168,1147,1051,962,1108,773,1056,897,1095,1035,1181,862,922,1421,1172,1125,1198,1224,1055,1034,1152,1067,1379,1214,1103,1060,1221,920,1039,761,1018,926,981,884,1007,738,846,786,849,831,970,844,657,836,940,906,891,818,753,756,808,629,926,901,1066,688,752,863,971,1107,1059,972,925,994,929,1120,803,1004,1034,1010,1091,894,941,938,1142,1022,979,983,815,850,1066,1069,1170,1176,1340,1048,1023,1172,1177,1252,1102,1083,1121,894,904,1049,1047,1028,1012,929,950
STAT,(NULL),nEmpty,176,5812702,33305,20011,32054,35160,31720,39440,32230,23700,33695,32613,33530,39995,33953,34316,32885,21198,36459,35466,30923,22514,16732,20703,25324,34371,35818,35821,32901,35492,33941,20042,35224,33407,34249,37939,32223,36107,33091,24327,31005,36967,37252,35784,32598,33119,34251,35273,22660,35939,36320,35707,33471,34685,35753,35937,35834,34803,34584,35550,26915,33046,34164,36020,35938,35724,34932,21802,29833,32766,38605,33596,37132,38557,31565,31653,38717,38474,39454,39852,33163,38827,25390,33904,30205,34865,32083,36975,35799,45018,32699,30349,32693,33526,39043,31504,32433,33091,18418,34313,32495,33981,33612,40074,28819,23950,31397,39756,33201,30813,30202,22567,32681,34607,35507,37868,34315,34823,31520,20867,35350,34401,37780,36523,34985,35311,33280,33013,33152,37658,36564,35255,32902,33034,35178,35077,30391,35357,35885,35901,33644,35705,35419,35790,35545,34759,35490,35879,22722,26324,34582,35343,36299,35724,35292,21324,25370,37730,38258,23743,38899,38241,32677,26596,37839,23010,25563,39486,33333,30981,25478,40998,36676,31081,29009,23040,34554,36833
STAT,(NULL),nEmptyPop,176,619328684,3796475,2466636,3754447,3757200,3764548,3770724,3767588,3763467,4431975,3749291,3769353,3768837,3766039,3763660,3741025,3757094,3758066,3758458,3759814,3757334,3496346,2125114,3761726,3767572,3769330,3760377,3768874,3771021,3763196,976733,3759983,3761965,3760803,3761015,3757468,3755267,3754017,3749247,3728466,3752864,3753056,3747723,3739027,3738776,3602451,3610639,1032344,3600641,3608958,3607968,3594384,3596199,3602804,3599847,3598261,3597691,3597569,3599165,3711119,3590329,3590442,3593445,3602452,3597248,3590415,1100814,3980311,3632819,3635640,3805029,3629083,3628718,3562075,3792982,3640957,4001140,4459278,3630492,3612865,4004201,1975052,3623837,3622878,3643616,3582860,4017656,3622439,3627338,3764836,3941453,3717460,3735638,3731063,3729744,3728417,3733314,597164,3713531,3728196,3735913,3727420,3736325,3707241,3722752,3721169,3723335,3725891,3726541,3744080,3528391,3730984,3734463,3725777,3735427,3735894,3734050,3726413,3914904,3732616,3739716,3736918,3737453,3738877,3733276,3730276,3732596,3738795,3740088,3745552,3748347,3743641,3737092,3608524,3605493,4139696,3617069,3605007,3612533,3618310,3609679,3614272,3625935,3617272,3621492,3624424,3627140,2945988,3617787,3621060,3634899,3629533,3633251,3621792,1036403,1745528,3663009,3668489,2606770,3671847,3674386,3681527,2602318,3673209,1582034,1840,3674428,3671363,1584708,3503402,3666511,3674290,3676339,3138395,1585956,3673688,3669611
STAT,(NULL),nOverall,176,67283462,420516,338814,385205,417256,402037,435968,385030,339293,389539,416779,396514,430188,393668,393086,364036,312601,371578,394791,382852,318855,315338,336459,292374,347582,358031,376291,349105,375994,342208,288440,371243,355886,361485,372992,342142,365812,326076,292333,320269,369653,368274,375997,321731,320729,375757,382302,351391,396185,401266,396179,370172,388152,395413,386293,406712,389430,395538,401705,351099,373179,357864,397062,394624,403703,370711,326172,388306,402778,440927,443143,432287,473376,405498,407027,452991,456242,461427,444792,409516,452071,364159,399999,361001,423504,418593,442762,401099,457915,406311,385083,381698,394355,458094,397902,376333,373175,345550,429614,398152,388787,381795,428680,350274,329986,351072,429549,401467,345354,350666,352670,330729,337649,342353,377808,358263,370882,333359,302619,359598,357981,369732,368119,352147,372361,323361,316637,319872,375956,364580,364927,316998,318238,377699,376105,381064,409524,394689,399026,381572,379451,394905,391472,401042,398944,390510,404299,327443,341762,356123,400016,401426,402573,367667,322750,359795,418255,437080,402708,449517,452282,396412,398633,464763,401646,425326,444464,413081,427939,359763,426062,398174,407111,426055,383049,405648,409529
STAT,(NULL),nPop,176,22633678,138347,104790,128458,139577,131898,148258,128447,108428,131124,136919,132589,147791,132304,132668,123837,99277,129414,134502,126636,102076,95493,104959,98562,121391,125404,129842,119899,129377,119388,92060,127978,122479,124639,131324,117870,127446,114436,97378,110931,129260,129201,129813,112949,113395,128335,130961,110203,134946,136778,134779,125779,131927,134596,132767,137526,132160,133599,136003,114753,126260,123669,135327,134493,136594,127737,103191,126761,133226,148784,144422,145161,156838,132943,133702,151849,152641,154868,151078,135676,151977,116411,134047,120477,140734,136873,147662,135977,159639,134413,126417,128144,132284,153662,131011,126325,126389,104992,141765,132132,131317,129219,147227,116361,106546,119286,147198,133278,117345,117916,110895,115390,119033,121019,132511,123853,127162,114803,96595,125211,123792,130251,128568,122970,128275,114152,112406,113030,131528,127740,126402,112457,112339,129521,129221,125727,137898,134578,135507,129116,130506,134119,133499,135478,134074,133101,136706,104813,111744,123589,135251,136887,136362,127343,102145,115256,142489,147229,124547,151211,151549,131917,126308,153888,123380,131756,150533,136388,137990,115370,147736,136121,132849,135340,118621,136051,139412
STAT,(NULL),nPush,176,22633675,171083,140835,142421,152219,161452,154218,140380,124980,142497,165495,149132,149050,143550,144058,127050,122936,117826,136848,142932,121904,131653,139525,96907,101428,103986,114218,106160,115242,102532,97949,113206,113834,110650,108285,106198,108081,97902,93734,95769,109290,110283,113193,97938,93888,121483,121535,125045,128239,130730,127145,116874,126054,128221,127124,136386,129726,134328,134324,122408,122900,112754,130201,127146,130733,118898,116229,130588,132133,142292,157754,145375,162303,137227,144397,152953,153040,153204,145945,139284,143788,124395,134532,114721,136254,142620,144806,127946,139310,170170,149579,138377,146103,170133,155711,131801,138315,143422,167528,152217,141427,135896,142548,128097,126997,119835,143588,144535,126605,129379,145885,99507,99089,104631,113410,110856,116974,102982,102559,110905,114408,109781,109604,108153,112693,95907,93822,93355,110322,107260,111838,94376,93355,121986,124045,130270,137388,134319,128738,124011,117898,127700,130208,131799,129703,129203,135332,113974,115743,112755,134292,130763,133300,117869,115214,125090,130529,144381,152144,145404,155096,129601,142349,155952,156767,160382,140251,141332,146263,122345,129564,120222,139805,147361,140919,130440,130966
STAT,(NULL),nPushInit,176,3,1,1,1,0,0,0,0,0,0,0,0,0,0,0,0,0,0,0,0,0,0,0,0,0,0,0,0,0,0,0,0,0,0,0,0,0,0,0,0,0,0,0,0,0,0,0,0,0,0,0,0,0,0,0,0,0,0,0,0,0,0,0,0,0,0,0,0,0,0,0,0,0,0,0,0,0,0,0,0,0,0,0,0,0,0,0,0,0,0,0,0,0,0,0,0,0,0,0,0,0,0,0,0,0,0,0,0,0,0,0,0,0,0,0,0,0,0,0,0,0,0,0,0,0,0,0,0,0,0,0,0,0,0,0,0,0,0,0,0,0,0,0,0,0,0,0,0,0,0,0,0,0,0,0,0,0,0,0,0,0,0,0,0,0,0,0,0,0,0,0,0,0,0,0,0,0
==== BENCHMARK TOOK 34.970
