==== BENCHMARK START ===
==== PARAMS kernel=4.9.5-64-net1 malloc=libc hostname=rack-mad-04 threads=176 delta=8 prog=sssp-obim  ===
Galois Benchmark Suite v2.2.1 (r0)
Copyright (C) 2014 The University of Texas at Austin
http://iss.ices.utexas.edu/galois/

application: Single Source Shortest Path
Computes the shortest path from a source node to all nodes in a directed graph using a modified chaotic iteration algorithm
http://iss.ices.utexas.edu/?p=projects/galois/benchmarks/single_source_shortest_path

INFO: CommandLine ./build/debug/apps/sssp/sssp -noverify -t 176 -delta 8 -wl obim -startNode 0 /specific/disk1/home/mad/Galois-PQ/inputs/random/r4-2e26.gr
INFO: Hostname rack-mad-04
Read 67108864 nodes
Running Asynchronous with CAS version
INFO: Using delta-step of 256
WARNING: Performance varies considerably due to delta parameter.
WARNING: Do not expect the default to be good for your graph.
Node 1 has distance 8445
STATTYPE,LOOP,CATEGORY,n,sum,T0,T1,T2,T3,T4,T5,T6,T7,T8,T9,T10,T11,T12,T13,T14,T15,T16,T17,T18,T19,T20,T21,T22,T23,T24,T25,T26,T27,T28,T29,T30,T31,T32,T33,T34,T35,T36,T37,T38,T39,T40,T41,T42,T43,T44,T45,T46,T47,T48,T49,T50,T51,T52,T53,T54,T55,T56,T57,T58,T59,T60,T61,T62,T63,T64,T65,T66,T67,T68,T69,T70,T71,T72,T73,T74,T75,T76,T77,T78,T79,T80,T81,T82,T83,T84,T85,T86,T87,T88,T89,T90,T91,T92,T93,T94,T95,T96,T97,T98,T99,T100,T101,T102,T103,T104,T105,T106,T107,T108,T109,T110,T111,T112,T113,T114,T115,T116,T117,T118,T119,T120,T121,T122,T123,T124,T125,T126,T127,T128,T129,T130,T131,T132,T133,T134,T135,T136,T137,T138,T139,T140,T141,T142,T143,T144,T145,T146,T147,T148,T149,T150,T151,T152,T153,T154,T155,T156,T157,T158,T159,T160,T161,T162,T163,T164,T165,T166,T167,T168,T169,T170,T171,T172,T173,T174,T175
STAT,(NULL),BadWork,176,50108675,198254,363832,270064,242762,240313,294796,390007,268802,263053,271618,272520,290948,210049,270694,273132,301311,336853,350925,335423,346606,215854,299334,302388,315296,300077,295053,278273,354429,305545,301547,325350,301828,309980,319518,298103,318054,346429,304486,322835,254751,312900,281078,222750,356671,260345,277021,311944,300329,303692,311506,302655,229273,262585,333951,300095,152480,275072,233830,280479,211643,269202,252427,223818,246367,244464,206803,365992,371928,259466,312102,225979,266541,320051,266198,254571,247015,272366,354008,321930,260515,253410,234252,272204,283530,261252,205457,286350,304629,338828,313347,283797,269887,260964,328326,411392,240384,312269,363395,311977,289268,403284,288944,291314,254596,264795,332448,271874,210125,251653,232334,350372,266675,231645,348377,370744,405791,263928,310086,360574,371816,333422,234807,269565,298356,322526,256836,265837,299749,219730,303664,291302,313539,217275,217593,238676,270663,353774,263849,311936,294352,254598,209606,252998,286723,382179,207425,290537,169727,231495,233586,271765,372126,291469,188627,285609,344338,234454,266863,307826,299997,277763,232888,287431,262698,243312,184837,268745,198783,321933,263178,245087,329950,269015,292758,360052,281419
STAT,(NULL),BarrierTime,176,43025574,54591,17108,262118,258164,268357,272415,265381,267444,263014,273898,260762,267826,271808,258398,273461,275203,266336,260401,256727,265684,270658,267372,180652,209355,210514,210387,208517,209901,210450,208186,208596,209680,210201,205501,211000,210763,200415,210138,209377,200430,209565,201304,210487,209534,290239,280217,289595,276137,290464,291092,290300,268030,287569,290800,290776,290051,276590,290281,268995,290358,285815,288989,289981,290072,279698,290011,185896,186169,186480,186991,179572,186063,186784,186300,177020,179071,181195,162090,179007,185752,171451,186991,178352,186230,187522,180009,185871,178816,261857,259827,262100,263591,266515,273092,266188,284795,262959,266467,273071,276617,274051,258395,273449,271031,260525,260400,272029,274254,277243,268100,241900,241096,241848,233273,213782,241791,241025,241405,241105,238392,241127,236780,241963,242416,231789,241751,215348,232350,237033,232794,241581,223095,290196,264853,269359,286439,290454,272988,269350,253792,267975,290797,280499,290014,290585,279598,255623,279428,269596,273471,273610,289125,273629,290014,254681,258718,258310,257709,259111,258602,257794,253046,249131,249726,253592,233701,250354,258483,242577,258386,250530,257861,257934,254156,257470,250336
STAT,(NULL),ConflictTime,176,0,0,0,0,0,0,0,0,0,0,0,0,0,0,0,0,0,0,0,0,0,0,0,0,0,0,0,0,0,0,0,0,0,0,0,0,0,0,0,0,0,0,0,0,0,0,0,0,0,0,0,0,0,0,0,0,0,0,0,0,0,0,0,0,0,0,0,0,0,0,0,0,0,0,0,0,0,0,0,0,0,0,0,0,0,0,0,0,0,0,0,0,0,0,0,0,0,0,0,0,0,0,0,0,0,0,0,0,0,0,0,0,0,0,0,0,0,0,0,0,0,0,0,0,0,0,0,0,0,0,0,0,0,0,0,0,0,0,0,0,0,0,0,0,0,0,0,0,0,0,0,0,0,0,0,0,0,0,0,0,0,0,0,0,0,0,0,0,0,0,0,0,0,0,0,0,0
STAT,(NULL),Conflicts,176,0,0,0,0,0,0,0,0,0,0,0,0,0,0,0,0,0,0,0,0,0,0,0,0,0,0,0,0,0,0,0,0,0,0,0,0,0,0,0,0,0,0,0,0,0,0,0,0,0,0,0,0,0,0,0,0,0,0,0,0,0,0,0,0,0,0,0,0,0,0,0,0,0,0,0,0,0,0,0,0,0,0,0,0,0,0,0,0,0,0,0,0,0,0,0,0,0,0,0,0,0,0,0,0,0,0,0,0,0,0,0,0,0,0,0,0,0,0,0,0,0,0,0,0,0,0,0,0,0,0,0,0,0,0,0,0,0,0,0,0,0,0,0,0,0,0,0,0,0,0,0,0,0,0,0,0,0,0,0,0,0,0,0,0,0,0,0,0,0,0,0,0,0,0,0,0,0
STAT,(NULL),EmptyPopTime,176,6414325199,11016066,12856241,37174346,38026624,39347651,38968731,38011806,39801553,39193921,39739030,39715642,37441368,38133896,39059206,39084909,29782659,40231926,38648547,38002411,40111584,39628210,35236844,36736494,35415094,27079402,33179384,39537824,36990356,40170005,35370020,39740726,39304577,40933919,39193429,39221128,39995062,39641750,29977021,39456377,27674974,41085325,39589297,41385696,40358887,37119438,36439477,40647102,38139519,40897850,37924792,37727431,41033627,27638666,35910381,38651492,37608001,35389252,38856523,31850800,34771316,35130824,26973483,39498732,40605500,37797859,38967331,38229534,28556364,40106006,37119657,39109501,38848542,38456704,37995231,36820460,27185381,29925095,33852356,40082045,27905348,28502329,39534684,38702842,32082809,37985404,38181117,39546461,39358320,38910730,32923495,38494447,37054841,35455202,37923858,37047490,37014747,40545648,39074460,36743813,33780461,38957951,37925456,40736246,27088283,38475257,25978218,37666412,38856612,39947935,37570980,38730003,38105183,38303235,35377108,37010546,35235213,38834118,38679604,29038584,39834000,30377472,30075877,35905674,40312458,38523640,28506054,29906621,40754464,33903397,33411336,38567239,38942128,28540997,37391137,38536857,39443133,30011222,38338502,36625210,39511138,36476868,39826094,37900006,39119991,39857306,27656901,40161497,38627012,36325130,34099911,33797517,39501951,37396473,33844215,40119847,40206506,40251043,39177603,27608669,39033187,37663800,40022455,37828684,28809630,39187075,39021425,39059835,31969364,36830246,27232294,35414310,39499684,38866239,38237919,29834144,40040172
STAT,(NULL),EmptyWork,176,14164139694,79107569,81292687,81487805,82189194,81854918,80143384,81531952,80814197,80383308,80912942,80969078,81333792,80071523,80152589,78972561,81073834,79380436,82208504,79754173,81007659,81693988,80112665,77810217,80731018,80267845,80180234,81070137,79916380,79616117,80221059,80335295,80408740,80036097,80843295,81087369,81177327,81168696,80939616,79869213,80526950,81289218,81377012,80492048,80419735,76578859,80203331,80102873,80176607,80342094,80930099,80150153,80151634,80108502,79988529,80211292,80443044,82262614,80388512,80279910,80154731,81190578,80291436,80109766,79759407,79848670,80665943,78007132,80316304,80291758,80142859,81696321,81324320,79843805,80359601,81153550,80112124,80394261,80528140,80495744,81168640,80251809,80700467,80048596,80287964,80012056,79999086,80142301,80813635,79746585,80815684,81049594,80056753,80416192,80611386,81527171,82337598,81645295,81272002,79430487,80223124,80631940,80057841,79376168,81460171,79810487,81048862,80464598,81004433,80421974,80338916,80028892,80188710,80892100,79735548,82591720,80657721,79371117,79717222,80220414,80161104,80145949,81442525,82647449,81588796,80473944,81764266,82511003,80254620,80652220,80205965,81174047,82221363,78071518,80108845,79037390,79662114,79555120,80214428,80421112,80508531,79699132,80194541,79732006,79750993,81588144,79457469,80602064,80563884,81091542,80910383,81101965,79671673,80199708,80096827,77863941,79700328,79828557,80368686,81272449,80570775,80837796,79563611,80470295,79812464,81277027,81791109,80843541,80587158,81168471,81836907,80568484,80403942,80004521,79622202,81036290,81416362
STAT,(NULL),GaloisTime,176,101394099554,571284242,576744559,575223005,576694537,574757404,574535421,576022339,575605389,575353541,574860087,574513134,577837534,573731370,579564306,573780938,577567943,575481238,576228474,576099569,574800909,571905943,575526156,592794007,576359482,576227429,577785159,576956099,576790207,575147153,577384348,576731683,577347778,575828204,579719124,574694811,578852734,572834421,573910003,572878595,576382172,574827250,576762136,572416562,571505626,592184061,574302963,575244988,574586667,577382769,578231124,575284135,577286222,579564513,578493991,576923240,575012373,574387042,575276984,575304867,572938734,573735982,576390341,575963936,573860203,575114230,575159690,592861937,576651676,576126973,577424735,576580244,576179608,574915937,576191554,576771038,575988510,577198011,578310933,575505155,577736656,574257149,576032866,574604482,577025117,576158196,574618453,573396827,574245602,570790550,574283611,573175383,577368790,576526246,575302992,576668593,576597703,575743201,577277284,575057421,575755380,574131559,576068697,572927785,574251448,572734239,576284953,574504515,575730074,573228837,573623354,591835403,574504325,575374293,576023398,574683009,575891591,575300527,577415416,577790237,574838799,576537875,575134584,575959436,574573073,576649794,576614921,575214131,574481676,575422063,575507365,572372595,571853113,594458391,575724771,575324983,575344576,578637602,577334269,574838008,576759090,576379157,575366522,577738800,574417310,574921967,575271999,571617829,574009260,574392111,575603315,574864110,577819061,575368650,573271436,593661170,573020229,576900578,574875990,577863718,574888960,578043539,574603489,575584774,576498421,575311922,574483268,575484503,578096291,574411435,575659093,572430527,575614259,575693282,578924962,574221950,572690003
STAT,(NULL),InitPushTime,176,14399318,343427,391209,140955,147379,145346,146760,144587,142967,141786,141243,138078,140861,138385,138940,136706,137423,133305,133902,131751,134215,132686,130774,159774,160145,159425,160879,160020,159550,160560,159811,160479,160133,162518,159601,156864,160385,160864,157702,155471,159314,155302,157781,154501,160934,87733,79224,67150,88822,76524,78493,73553,81309,70600,84850,77552,87800,69842,76757,73207,76172,68834,66816,69517,81409,69262,78854,103373,166215,99055,99179,111642,166445,103979,101194,99012,108152,110136,103673,100657,166727,108786,108483,107484,103091,102893,97647,110058,109657,76478,75504,69699,75095,67247,62313,59716,43809,54099,42802,39263,42485,50455,42525,43796,44024,39831,41293,39454,37730,47198,48803,64522,79852,72033,62383,56760,74427,69963,70537,68943,72570,72041,65888,64752,64674,59446,61940,61627,74491,71125,67341,63548,64768,42049,16596,17118,30366,23296,14250,15391,13689,13500,12975,14071,28989,21864,12205,12195,11398,10885,10287,10223,9941,10299,9887,13434,14414,11324,10496,8139,66814,13121,8235,9164,8284,7171,8672,7662,5326,5683,5693,3908,3529,3068,3405,3435,3101
STAT,(NULL),Iterations,176,89820604,513063,512852,512153,512275,511855,511637,511781,510923,511324,511373,511705,510975,511171,511456,509671,510615,509503,511382,511023,509876,510427,510556,501476,510972,511769,512246,511582,511760,511769,511461,511880,511800,511795,511892,511641,512025,510091,509666,509103,512381,511586,512746,510042,510088,499744,510057,510311,510298,510366,510597,510373,510036,511727,510697,510009,510443,510686,510897,508601,508004,508902,510801,510277,510447,507924,508257,501127,510792,511162,511762,511817,512056,510388,511576,512255,511299,511400,510693,510845,512792,510122,509579,509731,511257,511587,510643,509231,509641,514231,510703,510945,511649,510791,511329,510943,510325,510547,511596,511070,511260,511210,510305,509591,510109,509449,511246,510824,509811,509135,509707,502287,510914,511198,511557,511689,511610,510474,510438,511927,511413,512124,511652,511852,511452,510193,510366,510177,510886,511179,511656,509349,509921,501389,509739,509365,510122,510152,510060,509272,510062,510394,510490,509573,509443,509462,509691,507952,508308,508882,509269,509860,509474,507944,507991,501578,511051,510771,511105,511528,510724,509888,510328,511690,511940,511290,510753,510210,511525,509193,510064,509456,509643,510327,510647,509192,509141
STAT,(NULL),LoopTime,176,4751514701,4751514701,0,0,0,0,0,0,0,0,0,0,0,0,0,0,0,0,0,0,0,0,0,0,0,0,0,0,0,0,0,0,0,0,0,0,0,0,0,0,0,0,0,0,0,0,0,0,0,0,0,0,0,0,0,0,0,0,0,0,0,0,0,0,0,0,0,0,0,0,0,0,0,0,0,0,0,0,0,0,0,0,0,0,0,0,0,0,0,0,0,0,0,0,0,0,0,0,0,0,0,0,0,0,0,0,0,0,0,0,0,0,0,0,0,0,0,0,0,0,0,0,0,0,0,0,0,0,0,0,0,0,0,0,0,0,0,0,0,0,0,0,0,0,0,0,0,0,0,0,0,0,0,0,0,0,0,0,0,0,0,0,0,0,0,0,0,0,0,0,0,0,0,0,0,0,0
STAT,(NULL),MeminfoPost,176,6336,36,36,36,36,36,36,36,36,36,36,36,36,36,36,36,36,36,36,36,36,36,36,36,36,36,36,36,36,36,36,36,36,36,36,36,36,36,36,36,36,36,36,36,36,36,36,36,36,36,36,36,36,36,36,36,36,36,36,36,36,36,36,36,36,36,36,36,36,36,36,36,36,36,36,36,36,36,36,36,36,36,36,36,36,36,36,36,36,36,36,36,36,36,36,36,36,36,36,36,36,36,36,36,36,36,36,36,36,36,36,36,36,36,36,36,36,36,36,36,36,36,36,36,36,36,36,36,36,36,36,36,36,36,36,36,36,36,36,36,36,36,36,36,36,36,36,36,36,36,36,36,36,36,36,36,36,36,36,36,36,36,36,36,36,36,36,36,36,36,36,36,36,36,36,36,36
STAT,(NULL),MeminfoPre,176,6336,36,36,36,36,36,36,36,36,36,36,36,36,36,36,36,36,36,36,36,36,36,36,36,36,36,36,36,36,36,36,36,36,36,36,36,36,36,36,36,36,36,36,36,36,36,36,36,36,36,36,36,36,36,36,36,36,36,36,36,36,36,36,36,36,36,36,36,36,36,36,36,36,36,36,36,36,36,36,36,36,36,36,36,36,36,36,36,36,36,36,36,36,36,36,36,36,36,36,36,36,36,36,36,36,36,36,36,36,36,36,36,36,36,36,36,36,36,36,36,36,36,36,36,36,36,36,36,36,36,36,36,36,36,36,36,36,36,36,36,36,36,36,36,36,36,36,36,36,36,36,36,36,36,36,36,36,36,36,36,36,36,36,36,36,36,36,36,36,36,36,36,36,36,36,36,36
STAT,(NULL),NumaPost,176,12512,4004,2517,3490,2501,0,0,0,0,0,0,0,0,0,0,0,0,0,0,0,0,0,0,0,0,0,0,0,0,0,0,0,0,0,0,0,0,0,0,0,0,0,0,0,0,0,0,0,0,0,0,0,0,0,0,0,0,0,0,0,0,0,0,0,0,0,0,0,0,0,0,0,0,0,0,0,0,0,0,0,0,0,0,0,0,0,0,0,0,0,0,0,0,0,0,0,0,0,0,0,0,0,0,0,0,0,0,0,0,0,0,0,0,0,0,0,0,0,0,0,0,0,0,0,0,0,0,0,0,0,0,0,0,0,0,0,0,0,0,0,0,0,0,0,0,0,0,0,0,0,0,0,0,0,0,0,0,0,0,0,0,0,0,0,0,0,0,0,0,0,0,0,0,0,0,0,0
STAT,(NULL),PopTime,176,168833984810,977354759,962698300,962735718,960913678,959311195,959435666,960265740,958197605,961319386,958407594,958613553,957096772,960359566,960292084,955224291,957403520,955192514,957839538,957819367,955178312,955100934,959589636,963361723,960822267,962948184,960772477,959263523,959166846,961625404,957616096,959868920,959645189,959486804,958994678,957296953,959041694,954753922,958209820,952354781,963043712,957976984,961316370,956712389,958820716,964703107,960775438,961220798,964330657,959293093,962735253,960110337,959007693,965489182,960551402,959513101,963505279,960158634,964433820,958688624,957355026,958174225,962188145,958923466,960673063,955419640,954246557,961359592,959487437,959534185,962761561,959652894,958078646,959507776,959818114,960472610,960955053,960711262,958988912,954733371,961624445,961865618,953980508,956344076,959158523,958610416,962661539,956569114,956554347,958341331,960621476,962324534,960830585,958238164,962858715,958354877,955201277,960025695,965202885,960274235,962001877,958253797,957405559,958858309,954918072,953046217,957432195,959212592,957796085,953802795,957729933,954907235,958283054,962668597,960786259,960139950,960962678,958938720,958540250,964976478,958622604,963006220,965165974,960021828,958955498,958611720,959693989,959247228,955753611,961914304,960479793,957117190,958763405,956241313,960373510,959455605,961118880,963031892,959076340,961439308,958771383,960648758,962658487,956577622,957960985,956974004,962531013,955843286,957513089,961897766,957622692,961262071,957151391,955369221,955560037,950855747,958437530,958906264,960031630,960722802,956846565,956292280,957941355,959895596,962833348,959116623,957966239,958221460,963522202,954587414,957492349,953627884,957267541,957482548,959300222,959051939,955843110
STAT,(NULL),PushTime,176,158630369214,907051793,912976413,903043625,901009803,904149467,903661144,901381099,900959357,901035329,904888370,900724110,900559021,902484258,899117240,898862783,902788777,898972013,900846331,902832555,901849078,899376696,899692037,890973705,901819180,907441419,905063122,903167146,901816435,901658165,905037397,903189024,901945075,898465125,898722173,900717542,900016265,903058199,905207925,903243718,905603092,904383631,900707349,899652285,900077862,891367720,903632924,902031048,903656058,902470253,899275810,902456514,900784390,903934238,900621888,904782525,903668235,903760109,900816599,905619647,904144988,901820649,906310231,900816957,901366331,901609811,901778930,890103647,910867602,901423159,901918652,901727219,902679465,903912451,901287391,904268574,908144494,907617796,902244356,902297379,909039167,902582477,897660398,903238042,907158616,901599216,902528631,900373795,897579018,897149588,901307652,899961468,902312730,901439832,900631573,900986833,900513579,898176977,897447653,902777479,899378573,898588568,900222211,897038986,906326789,900768075,905362535,900252087,897206722,898722994,896734654,892337333,901693658,901364838,902692948,900393608,899299743,902243937,898077098,901896411,897256932,903764484,900472866,901776645,899278726,896919882,898992204,899525866,902122663,900221726,902560667,900620296,896459569,894197031,903365262,904841589,899924731,903702115,899666226,900504394,897401445,901694755,896278280,898995163,902414547,901608399,906457724,897407676,898912455,897594592,899840676,899839474,900878332,903462235,905504366,893404434,898277080,899116770,900531581,905226052,900453888,902074256,902643477,902602085,903643462,904877524,899225877,899037388,900598359,899074692,901385830,901544458,901227689,901360721,900654627,902158059,896275247
STAT,(NULL),RusageSys,176,4000,4000,0,0,0,0,0,0,0,0,0,0,0,0,0,0,0,0,0,0,0,0,0,0,0,0,0,0,0,0,0,0,0,0,0,0,0,0,0,0,0,0,0,0,0,0,0,0,0,0,0,0,0,0,0,0,0,0,0,0,0,0,0,0,0,0,0,0,0,0,0,0,0,0,0,0,0,0,0,0,0,0,0,0,0,0,0,0,0,0,0,0,0,0,0,0,0,0,0,0,0,0,0,0,0,0,0,0,0,0,0,0,0,0,0,0,0,0,0,0,0,0,0,0,0,0,0,0,0,0,0,0,0,0,0,0,0,0,0,0,0,0,0,0,0,0,0,0,0,0,0,0,0,0,0,0,0,0,0,0,0,0,0,0,0,0,0,0,0,0,0,0,0,0,0,0,0
STAT,(NULL),RusageUser,176,370692000,370692000,0,0,0,0,0,0,0,0,0,0,0,0,0,0,0,0,0,0,0,0,0,0,0,0,0,0,0,0,0,0,0,0,0,0,0,0,0,0,0,0,0,0,0,0,0,0,0,0,0,0,0,0,0,0,0,0,0,0,0,0,0,0,0,0,0,0,0,0,0,0,0,0,0,0,0,0,0,0,0,0,0,0,0,0,0,0,0,0,0,0,0,0,0,0,0,0,0,0,0,0,0,0,0,0,0,0,0,0,0,0,0,0,0,0,0,0,0,0,0,0,0,0,0,0,0,0,0,0,0,0,0,0,0,0,0,0,0,0,0,0,0,0,0,0,0,0,0,0,0,0,0,0,0,0,0,0,0,0,0,0,0,0,0,0,0,0,0,0,0,0,0,0,0,0,0
STAT,(NULL),Threads,176,176,176,0,0,0,0,0,0,0,0,0,0,0,0,0,0,0,0,0,0,0,0,0,0,0,0,0,0,0,0,0,0,0,0,0,0,0,0,0,0,0,0,0,0,0,0,0,0,0,0,0,0,0,0,0,0,0,0,0,0,0,0,0,0,0,0,0,0,0,0,0,0,0,0,0,0,0,0,0,0,0,0,0,0,0,0,0,0,0,0,0,0,0,0,0,0,0,0,0,0,0,0,0,0,0,0,0,0,0,0,0,0,0,0,0,0,0,0,0,0,0,0,0,0,0,0,0,0,0,0,0,0,0,0,0,0,0,0,0,0,0,0,0,0,0,0,0,0,0,0,0,0,0,0,0,0,0,0,0,0,0,0,0,0,0,0,0,0,0,0,0,0,0,0,0,0,0
STAT,(NULL),Time,176,4757250497,4757250497,0,0,0,0,0,0,0,0,0,0,0,0,0,0,0,0,0,0,0,0,0,0,0,0,0,0,0,0,0,0,0,0,0,0,0,0,0,0,0,0,0,0,0,0,0,0,0,0,0,0,0,0,0,0,0,0,0,0,0,0,0,0,0,0,0,0,0,0,0,0,0,0,0,0,0,0,0,0,0,0,0,0,0,0,0,0,0,0,0,0,0,0,0,0,0,0,0,0,0,0,0,0,0,0,0,0,0,0,0,0,0,0,0,0,0,0,0,0,0,0,0,0,0,0,0,0,0,0,0,0,0,0,0,0,0,0,0,0,0,0,0,0,0,0,0,0,0,0,0,0,0,0,0,0,0,0,0,0,0,0,0,0,0,0,0,0,0,0,0,0,0,0,0,0,0
STAT,(NULL),TotalTime,176,27292394532,27292394532,0,0,0,0,0,0,0,0,0,0,0,0,0,0,0,0,0,0,0,0,0,0,0,0,0,0,0,0,0,0,0,0,0,0,0,0,0,0,0,0,0,0,0,0,0,0,0,0,0,0,0,0,0,0,0,0,0,0,0,0,0,0,0,0,0,0,0,0,0,0,0,0,0,0,0,0,0,0,0,0,0,0,0,0,0,0,0,0,0,0,0,0,0,0,0,0,0,0,0,0,0,0,0,0,0,0,0,0,0,0,0,0,0,0,0,0,0,0,0,0,0,0,0,0,0,0,0,0,0,0,0,0,0,0,0,0,0,0,0,0,0,0,0,0,0,0,0,0,0,0,0,0,0,0,0,0,0,0,0,0,0,0,0,0,0,0,0,0,0,0,0,0,0,0,0
STAT,(NULL),UserTime,176,365066569296,2082025901,2081309678,2068188263,2069019672,2068423373,2071111408,2070631682,2072500056,2070563089,2069042411,2073340025,2073588363,2073061055,2069683077,2081928387,2079236866,2078596003,2072090213,2073373821,2074915116,2080143228,2077686964,2066237415,2072718770,2073888938,2070880218,2067852350,2073171400,2069639920,2072249431,2068000514,2069196348,2073111300,2070399147,2074833806,2068783800,2076423403,2079614634,2080070818,2074656522,2068301706,2068122823,2077205322,2076672102,2065904365,2072512770,2068613451,2066985260,2067479733,2068770756,2072116988,2069613302,2071125323,2072278514,2067779514,2067618430,2071925037,2068088915,2076134455,2078489196,2077805626,2075701375,2072535893,2071592616,2078079834,2077044377,2067281929,2071964731,2070361954,2068476467,2069107026,2070741364,2071207538,2072202346,2068382540,2075489194,2072017941,2073962904,2074754016,2070369482,2080411672,2079935901,2074930264,2072143702,2073494781,2069884078,2077815254,2079320635,2082930483,2077901930,2072841962,2070228981,2075770711,2070513541,2073259854,2076188228,2071712647,2067598936,2073567297,2076709642,2077277892,2076191059,2078915592,2083826679,2083036669,2081766281,2075741179,2077269536,2081717807,2081861974,2070015471,2075082016,2069250852,2073269360,2073036678,2075833870,2073191914,2075415124,2073952416,2077164385,2074044500,2075591293,2071553513,2073151864,2076703478,2082276713,2081451797,2074507261,2075767691,2075709869,2077993748,2079612786,2076340050,2070904315,2070658586,2072363892,2072909285,2073216712,2074021823,2074925982,2072982455,2073530953,2076912378,2074182090,2072898269,2076471417,2082246722,2078229386,2076557307,2079789826,2077005097,2072842926,2076069812,2079567294,2071966734,2078202438,2072854769,2072865851,2075161569,2076058522,2072932649,2073100718,2071491122,2076272976,2068097426,2075393614,2075221026,2073086589,2081798826,2084238369,2084283382,2073845476,2074451671,2071123451,2081541950,2081607325
STAT,(NULL),Work,176,814517537863,4627983755,4627973568,4627961630,4627962598,4627955916,4627951021,4627956550,4627959994,4627961263,4627946063,4627964698,4627960914,4627950151,4627962850,4627945071,4627946664,4627959178,4627965435,4627970861,4627960276,4627952608,4627957613,4627975774,4627941584,4627942143,4627940668,4627940935,4627939433,4627939360,4627949896,4627941253,4627941797,4627939915,4627950275,4627939476,4627939251,4627954705,4627939834,4627947125,4627957261,4627939667,4627954939,4627939442,4627939381,4627921184,4627931686,4627917469,4627937779,4627919026,4627922388,4627917457,4627943612,4627925398,4627917642,4627917041,4627917803,4627937421,4627917457,4627944652,4627919475,4627925477,4627922813,4627919281,4627922379,4627934723,4627920992,4627927389,4627927711,4627927701,4627928342,4627939196,4627927862,4627927468,4627927104,4627938009,4627941560,4627934860,4627955919,4627939251,4627928217,4627946403,4627927368,4627938404,4627927298,4627928642,4627939451,4627928029,4627940746,4627965135,4627964085,4627961639,4627956350,4627959394,4627945975,4627955886,4627944740,4627961296,4627959988,4627948579,4627960917,4627950142,4627962838,4627944625,4627965390,4627968743,4627965869,4627954460,4627960304,4627945693,4627953567,4627939190,4627941596,4627941863,4627954411,4627940947,4627946555,4627948260,4627942267,4627941505,4627951149,4627947192,4627951161,4627940143,4627939254,4627954909,4627939834,4627942382,4627955573,4627950915,4627955218,4627939430,4627939390,4627921159,4627931907,4627917457,4627925356,4627916954,4627922127,4627917463,4627943627,4627930372,4627917648,4627917054,4627917384,4627916638,4627918337,4627944003,4627919456,4627925471,4627923830,4627924521,4627926242,4627934732,4627916513,4627934241,4627927464,4627927689,4627928330,4627928138,4627927632,4627927465,4627938389,4627939946,4627939676,4627934799,4627955952,4627939263,4627928223,4627946391,4627927383,4627938404,4627927104,4627928667,4627934040,4627928038,4627940743
STAT,(NULL),nBad,176,38212,142,290,200,191,186,205,287,203,206,221,201,225,158,194,215,218,267,245,252,268,164,205,225,256,226,227,216,263,242,228,252,233,241,247,226,248,267,215,265,195,205,222,169,275,216,217,224,231,239,249,225,183,200,226,232,122,223,181,213,161,218,201,175,186,178,154,281,290,196,252,171,205,251,204,204,192,205,252,257,204,188,185,199,221,207,155,214,242,244,259,214,215,193,253,305,182,241,281,233,215,309,236,221,198,205,249,201,162,196,166,268,203,186,266,299,288,198,235,266,282,248,197,214,217,228,213,200,233,171,226,225,236,160,159,182,206,274,206,241,219,204,157,201,215,306,161,226,127,174,179,198,280,216,144,222,257,174,202,243,230,207,163,233,198,184,136,210,151,242,200,186,249,217,225,237,219
STAT,(NULL),nEmpty,176,22702206,128720,129749,130261,130107,130207,129360,130090,129317,128994,129515,129192,128889,129418,128687,128599,129602,127941,129169,128751,129098,129399,129285,126962,128689,128886,129699,129222,128724,129545,129230,129507,129433,128944,129511,129455,129908,128942,127811,127817,129694,129229,129803,128646,129512,126329,128598,129207,128939,129070,129381,129407,129131,129344,129173,129060,129780,129878,129883,127997,128072,128818,129026,128838,129056,128382,128718,126850,128873,129591,129082,129911,129922,128628,129857,129722,128763,128877,129011,128720,130689,128770,128881,129020,129236,129429,128517,128939,129091,129494,128494,129569,129369,128875,129562,129299,129204,129081,129631,129047,128678,129893,128173,128662,129070,128631,128536,129022,128622,128433,129228,127289,129531,129521,128535,129706,129057,128525,128405,128795,128826,129118,129600,130070,129591,129125,129646,129018,128800,128878,129316,128419,129152,127109,129467,128444,129198,128710,129127,128361,129283,128951,129134,128365,128576,128825,128302,128046,128599,128739,128279,129246,128302,128918,128496,127117,129245,128744,129179,129220,128347,128308,129127,129558,129629,129478,129082,128722,129424,128277,129098,128932,128085,128969,128363,128536,128808
STAT,(NULL),nEmptyPop,176,96331,129,304,483,577,650,660,633,445,675,484,513,577,668,578,591,488,464,582,512,598,582,602,297,569,550,438,618,548,544,478,562,556,627,529,500,538,576,458,604,414,605,563,541,632,302,752,455,561,801,588,493,602,535,512,593,660,552,773,484,654,666,614,541,763,590,527,310,512,551,522,538,536,540,498,540,489,491,444,555,477,470,545,595,523,541,542,562,541,499,603,574,617,636,541,554,553,589,543,621,516,566,554,476,364,574,365,543,573,570,495,649,480,613,458,580,461,502,487,431,561,491,459,541,568,572,560,499,653,533,529,610,601,733,630,665,588,505,486,680,514,500,664,675,479,592,610,524,605,555,553,492,747,513,641,607,579,511,553,468,538,533,543,561,530,520,563,540,462,520,473,528,583,558,481,509,574
STAT,(NULL),nOverall,176,268473666,1536191,1532451,1528206,1529616,1526553,1528944,1526722,1526668,1529700,1527687,1529525,1529333,1527539,1529295,1525466,1523571,1526183,1529322,1527570,1523614,1524135,1524423,1498891,1529606,1532600,1530101,1529373,1531596,1527776,1528259,1529142,1529912,1529655,1528072,1529594,1526979,1525004,1526858,1523929,1530699,1528812,1529275,1525709,1523472,1493826,1525415,1524277,1524295,1525072,1524398,1523687,1522402,1528106,1525561,1524374,1523365,1521920,1523673,1522084,1521083,1520888,1527670,1522812,1525311,1518436,1518035,1496188,1529785,1528117,1530709,1526647,1527653,1526444,1525841,1528987,1530844,1530880,1527309,1528538,1529536,1527020,1522076,1522327,1529305,1528125,1529564,1522367,1523388,1539059,1528718,1525203,1528935,1528514,1527996,1526567,1526659,1526653,1527430,1527563,1529116,1524137,1529403,1522388,1524543,1523945,1529846,1526391,1524291,1524516,1522686,1500900,1526475,1528002,1532208,1528931,1530979,1527442,1529200,1532715,1531223,1530003,1529141,1526664,1528372,1523819,1522392,1526255,1528330,1529493,1530018,1524230,1523302,1495875,1519912,1524949,1523537,1526577,1524339,1522111,1522475,1525310,1524938,1524891,1523503,1522130,1524786,1519278,1515583,1518517,1523463,1523169,1524709,1516564,1518950,1499947,1527112,1527221,1528879,1529717,1528642,1526582,1526731,1528790,1528391,1526579,1527188,1526994,1527999,1524542,1523897,1522340,1525250,1526479,1527397,1524790,1521612
STAT,(NULL),nPop,176,89820604,513063,512852,512153,512275,511855,511637,511781,510923,511324,511373,511705,510975,511171,511456,509671,510615,509503,511382,511023,509876,510427,510556,501476,510972,511769,512246,511582,511760,511769,511461,511880,511800,511795,511892,511641,512025,510091,509666,509103,512381,511586,512746,510042,510088,499744,510057,510311,510298,510366,510597,510373,510036,511727,510697,510009,510443,510686,510897,508601,508004,508902,510801,510277,510447,507924,508257,501127,510792,511162,511762,511817,512056,510388,511576,512255,511299,511400,510693,510845,512792,510122,509579,509731,511257,511587,510643,509231,509641,514231,510703,510945,511649,510791,511329,510943,510325,510547,511596,511070,511260,511210,510305,509591,510109,509449,511246,510824,509811,509135,509707,502287,510914,511198,511557,511689,511610,510474,510438,511927,511413,512124,511652,511852,511452,510193,510366,510177,510886,511179,511656,509349,509921,501389,509739,509365,510122,510152,510060,509272,510062,510394,510490,509573,509443,509462,509691,507952,508308,508882,509269,509860,509474,507944,507991,501578,511051,510771,511105,511528,510724,509888,510328,511690,511940,511290,510753,510210,511525,509193,510064,509456,509643,510327,510647,509192,509141
STAT,(NULL),nPush,176,89820602,517286,515155,510553,511379,510511,510805,510181,510539,510620,510925,510425,510783,510787,510432,509671,511831,509119,510166,511855,509556,509083,509404,501604,511100,513625,512182,511070,511696,510105,510949,511304,511288,510707,510420,510809,510873,510155,511522,509935,513021,510626,509930,508826,509384,500640,509289,509159,510746,509662,509829,509541,509716,511791,510505,510841,509739,510046,509745,509753,509284,508966,511441,509445,509423,509140,507489,500935,512648,510522,510866,510345,510072,510708,510616,511167,513283,512680,512229,509949,512088,511722,509131,509347,511833,510051,511283,509231,509321,515575,511471,509985,511393,512007,510497,510367,511093,510419,511212,511518,510556,510186,511393,508823,511773,509513,513870,511272,508851,509007,509899,502031,511490,511134,511301,511945,511354,510794,510374,513015,510709,512316,512420,510636,509788,510001,511326,510945,509926,511883,511848,510309,509601,503565,509483,510069,509802,511432,510508,510296,509166,510394,508954,510661,509315,509270,512507,508336,508436,507730,510613,510628,510370,508840,509207,502666,508939,510003,510529,512872,510404,510592,510584,511434,512388,510650,510433,510658,511461,509065,510896,509328,511499,511479,511223,510856,508821
STAT,(NULL),nPushInit,176,2,1,1,0,0,0,0,0,0,0,0,0,0,0,0,0,0,0,0,0,0,0,0,0,0,0,0,0,0,0,0,0,0,0,0,0,0,0,0,0,0,0,0,0,0,0,0,0,0,0,0,0,0,0,0,0,0,0,0,0,0,0,0,0,0,0,0,0,0,0,0,0,0,0,0,0,0,0,0,0,0,0,0,0,0,0,0,0,0,0,0,0,0,0,0,0,0,0,0,0,0,0,0,0,0,0,0,0,0,0,0,0,0,0,0,0,0,0,0,0,0,0,0,0,0,0,0,0,0,0,0,0,0,0,0,0,0,0,0,0,0,0,0,0,0,0,0,0,0,0,0,0,0,0,0,0,0,0,0,0,0,0,0,0,0,0,0,0,0,0,0,0,0,0,0,0,0
STAT,(NULL),qPopEmpty,176,4622595,10045,9309,24957,25268,25983,26099,25350,26529,26093,26571,26466,25277,25598,25892,26131,20495,27081,26067,25610,26724,26251,23594,20710,25265,20427,24627,27875,26216,28104,25468,28011,27799,28753,27586,27850,28150,27809,22372,27705,20907,28856,27933,28954,28328,21256,26921,29691,27908,29886,27709,27531,30070,21673,26434,28070,27386,26501,28399,24515,25721,26099,21141,28963,29414,27753,28540,21856,23318,30253,28443,29778,29425,29004,28745,28141,22449,24378,26689,30129,22789,23390,29990,29372,25509,28847,28853,29826,29490,28029,22978,25696,24737,23824,25369,24528,24677,27004,25986,24581,22790,25765,25191,26941,18554,25636,17881,25223,25726,26469,25153,28751,26941,26975,25491,26240,25387,27236,27002,22064,27782,22778,22618,25437,28192,26922,21619,22355,28629,24426,24647,27029,27128,24125,27396,27712,28762,23468,27873,26522,28777,26915,28901,27469,28421,28919,21846,29344,28048,26654,25569,25474,28449,27207,24935,32264,30422,30148,29310,22381,29349,28533,29913,28827,23410,29557,29458,29182,25759,28223,22464,27095,29798,29197,28896,23973,29913
STAT,(NULL),qPopEmptyCyc,176,4687934669,11085656,10456083,27969446,28520508,29301312,29327204,28432992,29797194,29257807,29962383,29589667,28202998,28598724,29184838,29365425,22851154,30231731,28996037,28645759,30161894,29804733,26713378,21523246,26283584,21129838,25562695,28879879,27140838,29175061,26558873,28929704,28750501,29778674,28546102,28705555,29191499,29040248,23032042,28626710,21480870,29782543,28796280,29872383,29345650,20809846,26529169,29083181,27246230,29039330,27304214,27137022,29398514,21181229,25958309,27611216,26922030,26064365,27621412,24106447,25323644,25715246,20640603,28314512,29008827,27233103,28046854,20435374,21669607,28183049,26541933,27568215,27369208,27164870,26997732,26224225,20789068,22545126,24682792,28159388,21070267,21764617,27894725,27236735,23721133,27003655,26871315,27868364,27709438,29229479,25108683,28728944,27879710,26988419,28594681,27761264,27797367,30274776,29243129,27581859,25548799,28972875,28377925,30229955,20651056,28783575,19819202,28265970,29111284,29925992,28396357,28373910,28092427,27931987,26492119,27333771,26458182,28413809,28210790,22885015,28819706,23670208,23446340,26420226,29378710,28179562,22407871,23181368,29504210,25474980,25645958,28195085,28255874,22004077,26999346,27384310,28287261,23191097,27604151,26181304,28401400,26371972,28497196,27205270,27968014,28505316,21467905,28901365,27559173,26392252,25155697,25086574,28089780,26816151,24783390,28138531,28207061,28310084,27479581,20708193,27470289,26705542,28075267,26887345,21604220,27514063,27461893,27406459,23856433,26327172,20772109,25375986,27566377,27318648,26941301,22367158,28188710
STAT,(NULL),qPopFast,176,88387928,504793,504587,503982,504112,503696,503473,503601,502789,503173,503225,503571,502818,503032,503306,501548,502451,501388,503235,502899,501742,502287,502389,493444,502812,503568,504054,503433,503594,503609,503298,503736,503641,503630,503749,503476,503848,501958,501523,500995,504167,503428,504571,501961,501970,491757,501916,502209,502160,502235,502454,502241,501921,503543,502554,501884,502312,502536,502747,500478,499889,500791,502617,502148,502313,499829,500138,493179,502631,503021,503610,503661,503891,502269,503417,504081,503113,503244,502554,502705,504586,501982,501485,501629,503107,503418,502524,501108,501525,506037,502546,502811,503477,502630,503152,502790,502184,502411,503426,502911,503084,503071,502158,501499,501952,501347,503048,502669,501688,501006,501586,494269,502761,503050,503379,503519,503434,502332,502318,503737,503248,503928,503465,503688,503303,502058,502202,502007,502757,503018,503476,501202,501792,493371,501605,501271,501982,501986,501927,501172,501932,502258,502361,501437,501322,501361,501549,499853,500208,500756,501144,501717,501369,499836,499876,493585,502901,502645,502975,503359,502618,501766,502194,503529,503744,503156,502600,502099,503368,501077,501911,501362,501539,502186,502532,501060,501029
STAT,(NULL),qPopFastCyc,176,76961582149,437824814,439030654,440321913,438470040,438894782,439156102,439658520,437211148,441377010,438411732,438596685,437600104,439813133,440204992,436360294,436867044,435778681,437270236,436510665,435983723,437231173,438584645,428308242,438053859,440559840,437293583,437429568,438954927,439552526,436590924,437963434,437564609,438369275,438200952,437243520,437726379,435400058,436949425,435192327,438792852,438000906,439351560,438184435,438067116,428621906,439112979,437862914,441993703,438333674,441718216,437409387,439069193,440989430,438521173,438642878,440706115,438670115,440637059,438631153,437603336,436992427,440129974,438634701,439112597,437258651,435717254,428078980,438222947,438763011,437458049,438029757,437926524,439433759,438188229,438688079,437704874,436463958,437442502,436244845,437845962,436762670,435315076,438372735,436860484,437881117,442585367,437926893,437638652,435695961,437425908,438814127,437859569,435799639,438478934,435829665,435422229,436625937,438915294,438969813,437920435,437574663,436842991,437403684,435112359,434773137,435637511,436499169,435415247,434400687,437937085,429504231,437022807,438592592,437579750,437717440,436684583,438349710,436322340,439661473,437270989,438578850,440657642,436885731,436574291,437463167,434953456,436505227,435925919,438822394,436868933,437702633,436311176,427509041,437340775,438011588,437957174,437862855,438524228,436914090,437077583,438183773,438042974,435578829,436485114,435624184,437627615,436578178,436705309,438697871,437008027,438928815,436905308,434918651,435948411,426437888,436796695,437747425,437108712,437811242,436053924,436750586,438204449,438037357,437528752,435904187,435867114,436474275,437209080,435615900,434832264,434592228,435803406,435041933,437557249,436237628,435118372
STAT,(NULL),qPopLocal,176,1387064,7911,7900,7907,7911,7906,7903,7903,7889,7898,7898,7909,7894,7897,7901,7871,7879,7871,7902,7901,7881,7878,7888,7735,7884,7887,7907,7898,7901,7909,7896,7909,7899,7900,7917,7897,7912,7871,7857,7867,7900,7900,7917,7880,7892,7719,7878,7892,7880,7883,7878,7879,7884,7893,7876,7877,7883,7887,7897,7848,7846,7853,7873,7883,7887,7850,7854,7760,7888,7895,7905,7910,7916,7895,7896,7908,7889,7888,7881,7884,7912,7866,7883,7879,7891,7890,7889,7869,7875,7941,7885,7900,7903,7886,7901,7892,7887,7888,7901,7883,7881,7900,7881,7888,7875,7878,7881,7896,7869,7850,7874,7760,7889,7903,7897,7906,7893,7877,7888,7884,7891,7900,7888,7903,7899,7875,7883,7868,7893,7890,7899,7858,7875,7738,7870,7875,7877,7880,7879,7858,7877,7882,7885,7872,7867,7877,7861,7849,7854,7855,7866,7874,7875,7842,7844,7749,7898,7891,7897,7895,7902,7876,7877,7908,7905,7898,7886,7884,7903,7858,7866,7877,7878,7887,7885,7857,7869
STAT,(NULL),qPopLocalCyc,176,4583696512,25685021,26053826,26034364,26002181,26000992,26757937,25963757,26029781,25996426,25954410,25959963,25887156,25885242,25937929,25958833,26013678,25948154,25877811,25869546,25930696,25964137,26046332,25538682,25948720,25982075,25916998,25781610,25737673,26055997,26027682,25937054,25909845,25842293,25808792,25761359,25908120,25952517,25884853,25857100,25746826,25894583,25988563,26040197,25995825,25851501,26118934,26160157,26153644,26779990,25941727,26091233,26146595,26049012,26791102,26883347,26006610,25977508,26165894,26152922,26020152,26160250,26127042,26793269,25995166,26958181,26109919,25721367,26064170,26007666,25984957,26932985,25983689,26159935,26088135,25958741,25904954,25933552,25955235,25966556,26802163,26861357,26136571,26040407,25892332,25891915,25892655,26061772,26161678,25956285,26836463,26046823,25993097,25943216,25925254,25941503,26026378,26063255,26807392,25852487,26711070,25921155,25842849,26141132,25956451,25968901,25821159,25975876,25997670,25884007,25991907,25681990,26782008,26083758,25820325,25837290,25779109,25896163,26041594,25873855,25814560,25818717,25773225,25796531,26749752,26029863,25919602,25881507,25777908,25896099,25829796,25938909,26797204,25783569,26097643,27100806,26050250,25987959,25950151,26058683,26071832,26054478,26117380,25881001,25842166,26113098,25924890,26060247,26185348,26159429,25934479,25990657,25977646,26024720,26127225,25787146,26115753,26088840,26021840,25892330,25961392,25998889,26015740,26100158,25967124,25949645,25863862,26002878,25977402,26033904,26040374,26078044,25866478,25907245,25967249,25964773,26065211
STAT,(NULL),qPopRemote,176,45612,359,365,264,252,253,261,277,245,253,250,225,263,242,249,252,285,244,245,223,253,262,279,297,276,314,285,251,265,251,267,235,260,265,226,268,265,262,286,241,314,258,258,201,226,268,263,210,258,248,265,253,231,291,267,248,248,263,253,275,269,258,311,246,247,245,265,188,273,246,247,246,249,224,263,266,297,268,258,256,294,274,211,223,259,279,230,254,241,253,272,234,269,275,276,261,254,248,269,276,295,239,266,204,282,224,317,259,254,279,247,258,264,245,281,264,283,265,232,306,274,296,299,261,250,260,281,302,236,271,281,289,254,280,264,219,263,286,254,242,253,254,244,264,254,224,281,250,246,271,259,269,230,266,271,244,252,235,233,274,204,246,257,253,291,236,267,227,254,258,287,217,226,254,230,275,243
STAT,(NULL),qPopRemoteCyc,176,149733518,1100147,1101399,882866,841930,900131,858513,897784,849752,830272,846337,809174,887233,842887,845790,865764,921504,830946,836401,766521,906687,883133,936857,962767,880999,972876,897595,864720,853595,813072,908437,785517,850675,863610,776853,889701,866534,874285,968864,826445,982653,840584,851389,684933,786292,831816,845574,684357,860136,805611,849333,838237,787798,920989,888881,815038,811314,830721,790544,871911,867986,866834,963038,816465,795762,812932,836999,635083,893532,803615,837439,817953,777859,720328,901537,827093,913378,887302,840109,853608,927018,927438,682229,759280,828963,883197,757991,841516,811434,853429,911965,804129,891938,914016,905721,866210,870906,841743,860067,919529,946427,815143,903621,710437,937805,763236,1050969,850596,872009,939989,854596,834248,873622,806149,915236,836781,938415,887472,791216,1009789,897828,924435,951097,875615,863971,861802,900317,959365,829490,879256,888411,948465,864286,881140,857997,753703,823858,904427,788169,815329,803354,818835,820753,826813,821174,741960,891803,826025,779069,877183,840792,849876,779326,836594,872967,763117,805916,796266,763686,862942,664902,803067,816451,810889,884153,796504,839349,739743,856111,871033,916281,713833,773941,818096,764294,892373,783075
==== BENCHMARK TOOK 13.300
